19 0.5875000000000001 0.7625 0.4593750000000002 0.7625 0.4593750000000002 0.815625 0.5875000000000001 0.815625
38 0.44375 0.31250000000000006 0.315625 0.3125 0.31562500000000004 0.36718750000000006 0.44375 0.3671875000000001
1 0.2953125000000001 0.94375 0.16093750000000012 0.94375 0.16093750000000012 0.9984375 0.2953125000000001 0.9984375
46 0.7390625 0.08125000000000007 0.6078125 0.08125000000000007 0.6078125 0.25468750000000007 0.7390625 0.25468750000000007
14 0.8875 0.3781250000000001 0.75625 0.3781250000000001 0.75625 0.4500000000000002 0.8875 0.4500000000000002
21 0.4437500000000002 0.7765625 0.30937500000000007 0.7765625 0.30937500000000007 0.83125 0.4437500000000002 0.83125
37 0.590625 0.2968750000000001 0.4640625 0.2968750000000001 0.4640625 0.3500000000000001 0.590625 0.3500000000000001
13 0.8875 0.7968750000000002 0.7593750000000001 0.7968750000000002 0.7593750000000001 0.8515625 0.8875 0.8515625
8 0.2984375000000001 0.4765625 0.16718750000000004 0.4765625 0.16718750000000004 0.5296875 0.2984375000000001 0.5296875
40 0.7390625 0.3296875000000001 0.6109375 0.3296875000000001 0.6109375 0.3828125000000001 0.7390625 0.3828125000000001
39 0.446875 0.18125000000000005 0.3125 0.18125000000000005 0.3125 0.23437500000000006 0.446875 0.23437500000000008
51 0.440625 0.64375 0.3125000000000001 0.64375 0.3125000000000001 0.696875 0.440625 0.696875
36 0.44375 0.37812500000000004 0.3125000000000001 0.378125 0.3125000000000001 0.43125 0.44375 0.43125
18 0.7390625 0.3968750000000001 0.6078125 0.3968750000000001 0.6078125 0.45000000000000007 0.7390625 0.4500000000000002
7 0.2921875000000001 0.54375 0.16562500000000005 0.54375 0.16562500000000008 0.596875 0.2921875000000001 0.596875
43 0.5875000000000001 0.828125 0.4593750000000002 0.828125 0.4593750000000002 0.88125 0.5875000000000001 0.88125
47 0.890625 0.46093750000000017 0.759375 0.46093750000000017 0.7593750000000001 0.7859375000000002 0.890625 0.7859375000000002
52 0.43750000000000017 0.978125 0.3078125000000001 0.978125 0.3078125000000001 1 0.43750000000000017 1
53 0.44375 0.509375 0.3125000000000001 0.509375 0.3125000000000001 0.5625 0.44375 0.5625
16 0.7390625000000002 0.7281250000000001 0.6078125000000002 0.728125 0.6078125000000002 0.7828125000000001 0.7390625000000002 0.7828125000000001
10 0.5875000000000001 0.89375 0.4593750000000002 0.89375 0.4593750000000002 0.946875 0.5875000000000001 0.946875
45 0.5843750000000002 0.959375 0.45625000000000016 0.959375 0.45625000000000016 1 0.5843750000000002 1
15 0.7390625 0.5937500000000001 0.6078125 0.59375 0.6078125 0.6500000000000001 0.7390625 0.6500000000000001
17 0.2921875000000001 0.99375 0.16093750000000012 0.99375 0.16093750000000012 1 0.2921875000000001 1
33 0.7390625 0.4609375000000001 0.6078125 0.4609375 0.6078125 0.5156250000000001 0.7390625 0.5156250000000002
2 0.2953125000000001 0.875 0.1609375000000001 0.875 0.16093750000000012 0.9296875 0.2953125000000001 0.9296875
11 0.296875 0.2140625 0.16875000000000004 0.2140625 0.16875000000000004 0.2671875 0.296875 0.2671875
55 0.7390625 0.6625000000000001 0.6078125 0.6625 0.6078125 0.7156250000000001 0.7390625 0.7156250000000002
20 0.296875 0.08437500000000003 0.16875 0.08437500000000002 0.16875 0.2046875 0.296875 0.2046875
58 0.7390625000000002 0.8609375 0.6078125000000002 0.8609375 0.6078125000000002 0.915625 0.7390625000000002 0.915625
41 0.44062500000000016 0.909375 0.30937500000000007 0.909375 0.30937500000000007 0.9640625 0.44062500000000016 0.9640625
30 0.971875 0.0031250000000000626 0.0421875 0.0031250000000000054 0.04218750000000006 1 0.971875 1
6 0.2953125000000001 0.609375 0.16406250000000008 0.609375 0.16406250000000008 0.6640625 0.2953125000000001 0.6640625
26 0.5953125 0.16562500000000008 0.4640625 0.16562500000000005 0.4640625 0.21875000000000008 0.5953125 0.21875000000000008
31 0.5890625 0.3625000000000001 0.4609375 0.3625000000000001 0.4609375 0.415625 0.5890625 0.415625
12 0.5921875 0.2312500000000001 0.4640625 0.2312500000000001 0.4640625 0.2843750000000001 0.5921875 0.2843750000000001
22 0.5984375 0.07968750000000005 0.3109375 0.07968750000000005 0.3109375 0.17031250000000006 0.5984375 0.1703125000000001
50 0.8875 0.2140625000000001 0.75625 0.2140625000000001 0.75625 0.2875000000000001 0.8875 0.2875000000000001
28 0.584375 0.4953125 0.4578125 0.4953125 0.4578125 0.546875 0.584375 0.546875
29 0.5890625 0.4296875 0.4609375 0.4296875 0.4609375 0.48125 0.5890625 0.48125
27 0.440625 0.44375 0.3125000000000001 0.44375 0.3125000000000001 0.4984375 0.440625 0.4984375
42 0.4406250000000001 0.7109375 0.3125000000000001 0.7109375 0.3125000000000001 0.7640625 0.44062500000000016 0.7640625
25 0.5875 0.559375 0.4609375 0.559375 0.4609375 0.6140625 0.5875 0.6140625
44 0.7390625000000002 0.9859375 0.6078125000000002 0.9859375 0.6078125000000002 1 0.7390625000000002 1
34 0.7390625 0.2640625000000001 0.6109375 0.2640625000000001 0.6109375 0.31718750000000007 0.7390625 0.31718750000000007
4 0.2921875000000001 0.74375 0.16406250000000008 0.74375 0.16406250000000008 0.796875 0.2921875000000001 0.796875
35 0.7390625 0.5281250000000001 0.6078125 0.528125 0.6078125 0.58125 0.7390625 0.5812500000000002
48 0.296875 0.2796875 0.16875000000000004 0.2796875 0.16875000000000004 0.33125 0.296875 0.33125
56 0.44062500000000016 0.8421875 0.30937500000000007 0.8421875 0.30937500000000007 0.8984375 0.44062500000000016 0.8984375
9 0.2984375000000001 0.409375 0.16718750000000004 0.409375 0.16718750000000004 0.4625 0.2984375000000001 0.4625
3 0.2953125000000001 0.809375 0.1609375000000001 0.809375 0.1609375000000001 0.8640625 0.2953125000000001 0.8640625
5 0.2953125000000001 0.6765625 0.16406250000000008 0.6765625 0.16406250000000008 0.73125 0.2953125000000001 0.73125
23 0.5875000000000001 0.6953125 0.459375 0.6953125 0.4593750000000001 0.7484375 0.5875000000000001 0.7484375
49 0.8921875 0.984375 0.7578125000000002 0.984375 0.7578125000000002 1 0.8921875 1
32 0.7390625000000002 0.928125 0.6046875000000002 0.928125 0.6046875000000002 0.9828125 0.7390625000000002 0.9828125
0 0.2984375 0.34375 0.16718750000000004 0.34375 0.16718750000000004 0.3984375 0.2984375000000001 0.3984375
24 0.5875 0.628125 0.4609375 0.628125 0.4609375 0.68125 0.5875 0.68125
57 0.7390625000000002 0.7968750000000001 0.6078125000000002 0.796875 0.6078125000000002 0.85 0.7390625000000002 0.85
54 0.446875 0.24687500000000004 0.3125 0.246875 0.3125 0.30156250000000007 0.446875 0.30156250000000007
59 0.440625 0.5765625 0.3125000000000001 0.5765625 0.3125000000000001 0.6296875 0.440625 0.6296875