19 0.5359375 0.17187500000000006 0.4078125 0.17187500000000006 0.4078125 0.2250000000000001 0.5359375 0.2250000000000001
38 0.6796875 0.61875 0.5515625 0.61875 0.5515625 0.6734375 0.6796875 0.6734375
1 0.8328125 0.0015625000000000938 0.6984375 0.0015625000000000853 0.6984375 0.045312500000000096 0.8328125 0.0453125000000001
46 0.3890625000000001 0.73125 0.2578125000000001 0.73125 0.2578125000000001 0.903125 0.3890625000000001 0.903125
14 0.2406250000000001 0.534375 0.10937500000000004 0.534375 0.10937500000000007 0.60625 0.2406250000000001 0.60625
21 0.684375 0.15781250000000008 0.55 0.15781250000000008 0.55 0.21093750000000008 0.684375 0.21093750000000008
37 0.53125 0.6359375 0.40625 0.6359375 0.40625 0.6890625 0.53125 0.6890625
13 0.2375 0.1375 0.109375 0.1375 0.10937500000000003 0.19062500000000002 0.2375 0.19062500000000004
8 0.8265625 0.4562500000000001 0.6953125 0.45625 0.6953125 0.5093750000000001 0.8265625 0.5093750000000001
40 0.3859375000000001 0.603125 0.2578125000000001 0.603125 0.2578125000000001 0.65625 0.3859375000000001 0.65625
39 0.6828125000000002 0.75 0.5484375000000001 0.75 0.5484375000000001 0.803125 0.6828125000000002 0.803125
51 0.68125 0.2906250000000001 0.553125 0.2906250000000001 0.553125 0.3437500000000001 0.68125 0.3437500000000001
36 0.68125 0.5546875 0.55 0.5546875 0.55 0.6078125 0.68125 0.6078125
18 0.3890625000000001 0.5359375 0.2578125000000001 0.5359375 0.2578125000000001 0.5890625 0.3890625000000001 0.5890625
7 0.8265625 0.3890625000000001 0.7015625 0.3890625000000001 0.7015625 0.44218750000000007 0.8265625 0.4421875000000002
43 0.5359375 0.10625000000000004 0.4078125 0.10625000000000004 0.4078125 0.15937500000000004 0.5359375 0.15937500000000004
47 0.23750000000000004 0.2015625 0.10625000000000004 0.2015625 0.10625000000000004 0.525 0.2375000000000001 0.525
52 0.684375 7.596637175960925e-17 0.55625 6.812097820257152e-17 0.55625 0.018750000000000076 0.684375 0.018750000000000083
53 0.68125 0.4234375 0.55 0.4234375 0.55 0.4765625 0.68125 0.4765625
16 0.3890625 0.20468750000000005 0.2578125 0.2046875 0.2578125 0.259375 0.3890625 0.2593750000000001
10 0.5359375 0.04062500000000006 0.4078125 0.04062500000000004 0.4078125 0.09375000000000006 0.5359375 0.09375000000000007
45 0.5390625 5.817072295949927e-17 0.4109375 5.032532940246154e-17 0.4109375 0.02812500000000006 0.5390625 0.028125000000000067
15 0.38906250000000003 0.33593750000000006 0.2578125 0.3359375 0.25781250000000006 0.3921875 0.3890625000000001 0.3921875000000001
33 0.3890625000000001 0.4703125 0.2578125000000001 0.4703125 0.2578125000000001 0.525 0.3890625000000001 0.525
2 0.8328125 0.0578125000000001 0.6984375 0.057812500000000086 0.6984375 0.11250000000000009 0.8328125 0.11250000000000009
11 0.825 0.7171875000000001 0.696875 0.7171875 0.6968750000000001 0.7703125000000001 0.825 0.7703125000000002
55 0.3890625 0.27187500000000003 0.2578125 0.271875 0.2578125 0.32500000000000007 0.3890625 0.32500000000000007
20 0.825 0.7796875000000001 0.6968750000000001 0.7796875 0.6968750000000001 0.9 0.825 0.9
58 0.3890625 0.07343750000000003 0.2578125 0.07343750000000002 0.2578125 0.12656250000000005 0.3890625 0.12656250000000005
41 0.684375 0.023437500000000076 0.553125 0.023437500000000066 0.553125 0.07812500000000008 0.684375 0.07812500000000008
30 0.95 5.979720698961685e-17 0.0265625 3.2529680602351567e-18 0.026562500000000062 0.9796875 0.95 0.9796875
6 0.8296875 0.3218750000000001 0.6984375 0.3218750000000001 0.6984375 0.3765625000000001 0.8296875 0.3765625000000001
26 0.5312500000000002 0.765625 0.4000000000000002 0.765625 0.4000000000000002 0.81875 0.5312500000000002 0.81875
31 0.534375 0.5703125 0.40625 0.5703125 0.40625 0.6234375 0.534375 0.6234375
12 0.5312500000000001 0.7015625 0.403125 0.7015625 0.40312500000000007 0.7546875 0.5312500000000002 0.7546875
22 0.6812500000000001 0.8140625 0.3968750000000001 0.8140625 0.3968750000000001 0.9046875 0.6812500000000001 0.9046875
50 0.2406250000000001 0.696875 0.10937500000000008 0.696875 0.10937500000000008 0.7703125 0.2406250000000001 0.7703125
28 0.5359375 0.440625 0.4109375 0.440625 0.4109375 0.490625 0.5359375 0.490625
29 0.534375 0.50625 0.40625 0.50625 0.40625 0.55625 0.534375 0.55625
27 0.68125 0.4875 0.553125 0.4875 0.553125 0.5421875 0.68125 0.5421875
42 0.68125 0.2234375000000001 0.553125 0.2234375000000001 0.553125 0.2765625000000001 0.68125 0.2765625000000001
25 0.5328125 0.37187500000000007 0.4078125 0.37187500000000007 0.4078125 0.4265625 0.5328125 0.4265625
44 0.3890625 3.9609669909922206e-17 0.2578125 3.15729252905177e-17 0.2578125 0.00937500000000004 0.3890625 0.009375000000000046
34 0.3859375000000001 0.6671875 0.2578125000000001 0.6671875 0.2578125000000001 0.7203125 0.3859375000000001 0.7203125
4 0.8296875 0.18906250000000008 0.7015625 0.18906250000000008 0.7015625 0.24218750000000008 0.8296875 0.24218750000000008
35 0.3890625000000001 0.4046875 0.2578125000000001 0.4046875 0.2578125000000001 0.4578125 0.3890625000000001 0.4578125
48 0.825 0.6531250000000001 0.696875 0.653125 0.696875 0.7031250000000001 0.825 0.7031250000000002
56 0.684375 0.08906250000000007 0.553125 0.08906250000000007 0.553125 0.1453125000000001 0.684375 0.1453125000000001
9 0.8265625 0.5218750000000001 0.6953125 0.521875 0.6953125 0.5750000000000001 0.8265625 0.5750000000000002
3 0.8328125 0.12343750000000009 0.6984375 0.12343750000000009 0.6984375 0.1781250000000001 0.8328125 0.1781250000000001
5 0.8296875 0.25468750000000007 0.6984375 0.25468750000000007 0.6984375 0.30937500000000007 0.8296875 0.30937500000000007
23 0.5359375 0.2390625000000001 0.4078125 0.2390625000000001 0.4078125 0.2921875000000001 0.5359375 0.2921875000000001
49 0.2375 2.085726579797836e-17 0.103125 1.262917011620708e-17 0.103125 0.01250000000000002 0.2375 0.012500000000000028
32 0.3921875 0.004687500000000041 0.2578125 0.004687500000000032 0.2578125 0.05937500000000003 0.3921875 0.059375000000000046
0 0.8265625 0.5859375000000001 0.6953125 0.5859375 0.6953125 0.6406250000000001 0.8265625 0.6406250000000002
24 0.5328125 0.3062500000000001 0.4078125 0.3062500000000001 0.4078125 0.3593750000000001 0.5328125 0.3593750000000001
57 0.3890625 0.13750000000000004 0.2578125 0.13750000000000004 0.2578125 0.19062500000000004 0.3890625 0.19062500000000004
54 0.6828125 0.6828125 0.5484375 0.6828125 0.5484375000000001 0.7375 0.6828125000000002 0.7375
59 0.68125 0.35625000000000007 0.553125 0.35625000000000007 0.553125 0.409375 0.68125 0.409375