43 0.20312500000000008 0.7328125 0.1546875000000001 0.7328125 0.1546875000000001 0.803125 0.20312500000000008 0.803125
12 0.6859375000000002 0.73125 0.6375000000000002 0.73125 0.6375000000000002 0.8 0.6859375000000002 0.8
21 0.2468750000000001 0.653125 0.19687500000000008 0.653125 0.19687500000000008 0.7234375 0.2468750000000001 0.7234375
47 0.4984375000000002 0.89375 0.2328125000000001 0.89375 0.2328125000000001 0.9765625 0.4984375000000002 0.9765625
46 0.7968750000000002 0.8109375 0.6656250000000001 0.8109375 0.6656250000000001 0.8796875 0.7968750000000002 0.8796875
20 0.79375 0.5703125000000001 0.7046875 0.5703125 0.7046875 0.6359375 0.79375 0.6359375000000002
13 0.2250000000000001 0.89375 0.1781250000000001 0.89375 0.17812500000000012 0.9765625 0.2250000000000001 0.9765625
27 0.5109375 0.65 0.4625 0.65 0.4625 0.71875 0.5109375 0.71875
39 0.725 0.646875 0.6765625 0.646875 0.6765625 0.7203125 0.725 0.7203125
35 0.4437500000000002 0.8125 0.3937500000000001 0.8125 0.3937500000000001 0.8828125 0.4437500000000002 0.8828125
38 0.61875 0.65 0.56875 0.65 0.56875 0.7203125 0.61875 0.7203125
11 0.6984375 0.56875 0.6515625 0.56875 0.6515625 0.6390625 0.6984375 0.6390625
1 0.11250000000000009 0.575 0.06562500000000007 0.575 0.06562500000000007 0.6453125 0.11250000000000009 0.6453125
45 0.09531250000000009 0.734375 0.01875000000000009 0.734375 0.018750000000000093 0.8015625 0.09531250000000009 0.8015625
51 0.3531250000000001 0.6515625 0.3046875000000001 0.6515625 0.3046875000000001 0.7203125 0.3531250000000001 0.7203125
42 0.2984375000000001 0.6515625 0.2500000000000001 0.6515625 0.2500000000000001 0.721875 0.2984375000000001 0.721875
53 0.4578125 0.6515625 0.4109375 0.6515625 0.4109375 0.7203125 0.4578125 0.7203125
17 0.05937500000000008 0.575 0.026562500000000065 0.575 0.026562500000000072 0.64375 0.05937500000000009 0.64375
57 0.22812500000000008 0.8125 0.17968750000000008 0.8125 0.17968750000000008 0.8828125 0.22812500000000008 0.8828125
29 0.5234375000000002 0.7296875 0.47656250000000017 0.7296875 0.47656250000000017 0.8 0.5234375000000002 0.8
34 0.6609375000000002 0.8109375 0.6109375000000001 0.8109375 0.6109375000000001 0.88125 0.6609375000000002 0.88125
5 0.32500000000000007 0.575 0.2796875000000001 0.575 0.2796875000000001 0.640625 0.32500000000000007 0.640625
23 0.30937500000000007 0.73125 0.26250000000000007 0.73125 0.26250000000000007 0.8015625 0.30937500000000007 0.8015625
44 0.0734375000000001 0.815625 0.0171875000000001 0.815625 0.017187500000000105 0.884375 0.07343750000000011 0.884375
2 0.1671875000000001 0.575 0.11875000000000009 0.575 0.11875000000000009 0.6453125 0.1671875000000001 0.6453125
9 0.5359375 0.571875 0.490625 0.571875 0.490625 0.640625 0.5359375 0.640625
54 0.671875 0.6484375 0.6234375 0.6484375 0.6234375 0.7203125 0.671875 0.7203125
16 0.2828125000000001 0.8125 0.23437500000000008 0.8125 0.23437500000000008 0.8828125 0.2828125000000001 0.8828125
40 0.6046875000000002 0.8125 0.5578125000000002 0.8125 0.5578125000000002 0.88125 0.6046875000000002 0.88125
41 0.1390625000000001 0.6546875 0.0906250000000001 0.6546875 0.0906250000000001 0.725 0.1390625000000001 0.725
48 0.64375 0.571875 0.596875 0.571875 0.596875 0.640625 0.64375 0.640625
25 0.4156250000000002 0.73125 0.3703125000000001 0.73125 0.3703125000000001 0.8 0.4156250000000002 0.8
59 0.4046875 0.6515625 0.3578125000000001 0.6515625 0.3578125000000001 0.7203125 0.4046875 0.7203125
52 0.08593750000000008 0.6546875 0.023437500000000076 0.6546875 0.023437500000000083 0.7234375 0.08593750000000008 0.7234375
55 0.3359375000000001 0.8109375 0.2890625000000001 0.8109375 0.2890625000000001 0.88125 0.3359375000000001 0.88125
26 0.7468750000000002 0.7281250000000001 0.6921875000000002 0.728125 0.6921875000000002 0.8 0.7468750000000002 0.8
28 0.4703125000000002 0.7296875 0.4234375000000002 0.7296875 0.4234375000000002 0.8 0.4703125000000002 0.8
3 0.22031250000000008 0.5734375 0.17343750000000008 0.5734375 0.17343750000000008 0.6421875 0.22031250000000008 0.6421875
58 0.17343750000000008 0.8140625 0.12656250000000008 0.8140625 0.12656250000000008 0.884375 0.17343750000000008 0.884375
8 0.4828125 0.5734375 0.4375 0.5734375 0.4375 0.64375 0.4828125 0.64375
49 0.06250000000000011 0.896875 0.014062500000000111 0.896875 0.014062500000000117 0.978125 0.06250000000000011 0.978125
33 0.4968750000000002 0.8125 0.4500000000000002 0.8125 0.4500000000000002 0.8828125 0.4968750000000002 0.8828125
56 0.1921875000000001 0.653125 0.14218750000000008 0.653125 0.14218750000000008 0.7234375 0.1921875000000001 0.7234375
18 0.5515625000000002 0.8109375 0.5031250000000002 0.8109375 0.5031250000000002 0.88125 0.5515625000000002 0.88125
4 0.2718750000000001 0.5734375 0.2250000000000001 0.5734375 0.2250000000000001 0.6421875 0.2718750000000001 0.6421875
30 1 0.5015625000000001 0.004687500000000061 0.5015625 0.004687500000000092 0.9953125 1 0.9953125
31 0.5781250000000002 0.7296875 0.5296875000000002 0.7296875 0.5296875000000002 0.7984375 0.5781250000000002 0.7984375
7 0.43125 0.5734375 0.3843750000000001 0.5734375 0.3843750000000001 0.64375 0.43125 0.64375
19 0.2562500000000001 0.7328125 0.2093750000000001 0.7328125 0.2093750000000001 0.8015625 0.2562500000000001 0.8015625
50 0.6390625000000002 0.89375 0.5984375000000002 0.89375 0.5984375000000002 0.975 0.6390625000000002 0.975
37 0.6312500000000002 0.7296875 0.5843750000000002 0.7296875 0.5843750000000002 0.8 0.6312500000000002 0.8
14 0.5437500000000002 0.89375 0.5046875000000002 0.89375 0.5046875000000002 0.9734375 0.5437500000000002 0.9734375
6 0.3781250000000001 0.5734375 0.3312500000000001 0.5734375 0.3312500000000001 0.6421875 0.3781250000000001 0.6421875
0 0.590625 0.5703125 0.5421875 0.5703125 0.5421875 0.6421875 0.590625 0.6421875
32 0.12031250000000009 0.8140625 0.07343750000000009 0.8140625 0.0734375000000001 0.884375 0.12031250000000009 0.884375
10 0.14843750000000008 0.7328125 0.10156250000000008 0.7328125 0.10156250000000008 0.803125 0.14843750000000008 0.803125
15 0.3906250000000001 0.8125 0.3421875000000001 0.8125 0.3421875000000001 0.8828125 0.3906250000000001 0.8828125
36 0.5640625 0.65 0.5171875 0.65 0.5171875 0.7203125 0.5640625 0.7203125
24 0.3625000000000001 0.73125 0.3156250000000001 0.73125 0.3156250000000001 0.8 0.3625000000000001 0.8
22 0.7953125000000001 0.6500000000000001 0.7328125 0.6500000000000001 0.7328125000000001 0.8015625 0.7953125000000002 0.8015625