47 0.5234375 0.3468750000000001 0.4328125 0.3468750000000001 0.4328125 0.671875 0.5234375 0.671875
48 0.16562500000000008 0.7875 0.08125000000000009 0.7875 0.0812500000000001 0.8453125 0.16562500000000008 0.8453125
2 0.16718750000000004 0.20625 0.09218750000000002 0.20625 0.09218750000000002 0.2625 0.16718750000000004 0.2625
53 0.2531250000000001 0.5625 0.17187500000000008 0.5625 0.17187500000000008 0.61875 0.2531250000000001 0.61875
33 0.4234375 0.6109375 0.3453125000000001 0.6109375 0.3453125000000001 0.6671875 0.4234375 0.6671875
15 0.425 0.48125 0.3453125000000001 0.48125 0.3453125000000001 0.5375 0.425 0.5375
42 0.2531250000000001 0.3671875 0.17812500000000003 0.3671875 0.17812500000000003 0.4234375 0.2531250000000001 0.4234375
0 0.1625000000000001 0.721875 0.08437500000000009 0.721875 0.08437500000000009 0.7796875 0.1625000000000001 0.7796875
36 0.2515625000000001 0.6921875 0.1703125000000001 0.6921875 0.1703125000000001 0.7484375 0.2515625000000001 0.7484375
55 0.425 0.415625 0.3468750000000001 0.415625 0.3468750000000001 0.471875 0.425 0.471875
3 0.17343750000000005 0.26875 0.09218750000000002 0.26875 0.09218750000000003 0.325 0.17343750000000005 0.325
49 0.528125 0.08906250000000006 0.4375 0.08906250000000004 0.4375 0.14843750000000006 0.528125 0.14843750000000006
25 0.3375000000000001 0.5140625 0.2593750000000001 0.5140625 0.2593750000000001 0.5703125 0.3375000000000001 0.5703125
57 0.4265625 0.28593750000000007 0.346875 0.2859375 0.346875 0.34218750000000003 0.4265625 0.3421875000000001
12 0.33281250000000007 0.840625 0.25468750000000007 0.840625 0.25468750000000007 0.9 0.33281250000000007 0.9
17 0.1703125 0.09218750000000002 0.09687500000000002 0.09218750000000002 0.09687500000000002 0.13125 0.1703125 0.13125
28 0.3375000000000001 0.578125 0.2578125000000001 0.578125 0.2578125000000001 0.634375 0.3375000000000001 0.634375
18 0.4234375000000001 0.6765625 0.3437500000000001 0.6765625 0.3437500000000001 0.7328125 0.4234375000000002 0.7328125
54 0.2468750000000001 0.8234375 0.1671875000000001 0.8234375 0.1671875000000001 0.8796875 0.2468750000000001 0.8796875
58 0.43125 0.22187500000000004 0.35 0.221875 0.35 0.27812500000000007 0.43125 0.27812500000000007
9 0.1609375000000001 0.65625 0.08593750000000008 0.65625 0.08593750000000008 0.7140625 0.1609375000000001 0.7140625
32 0.428125 0.15625000000000006 0.35 0.15625000000000006 0.35 0.21250000000000005 0.428125 0.21250000000000008
30 0.5468750000000001 0.06250000000000003 0.0046875000000000085 0.0625 0.004687500000000065 1 0.5468750000000002 1
11 0.1593750000000001 0.8546875 0.08125000000000011 0.8546875 0.08125000000000011 0.9109375 0.15937500000000013 0.9109375
6 0.16562500000000005 0.465625 0.09062500000000007 0.465625 0.09062500000000007 0.51875 0.16562500000000005 0.51875
14 0.5171875000000001 0.678125 0.43125 0.678125 0.4312500000000001 0.734375 0.5171875000000001 0.734375
43 0.3421875 0.253125 0.2640625 0.253125 0.2640625 0.309375 0.3421875 0.309375
51 0.2515625000000001 0.43125 0.17656250000000004 0.43125 0.17656250000000004 0.4875 0.2515625000000001 0.4875
39 0.2453125000000001 0.8890625 0.1671875000000001 0.8890625 0.1671875000000001 0.9453125 0.2453125000000001 0.9453125
26 0.33281250000000007 0.90625 0.2531250000000001 0.90625 0.2531250000000001 0.965625 0.33281250000000007 0.965625
34 0.4203125000000002 0.8078125 0.34062500000000007 0.8078125 0.34062500000000007 0.8640625 0.4203125000000002 0.8640625
5 0.16562500000000005 0.3984375 0.09062500000000004 0.3984375 0.09062500000000005 0.4546875 0.16562500000000005 0.4546875
52 0.2578125 0.09062500000000002 0.178125 0.09062500000000002 0.178125 0.16406250000000003 0.2578125 0.16406250000000006
27 0.2500000000000001 0.6265625 0.17187500000000008 0.6265625 0.17187500000000008 0.6828125 0.2500000000000001 0.6828125
13 0.5234375 0.28593750000000007 0.4328125 0.28593750000000007 0.4328125 0.3421875000000001 0.5234375 0.3421875000000001
37 0.3359375000000001 0.775 0.2562500000000001 0.775 0.2562500000000001 0.8328125 0.3359375000000001 0.8328125
19 0.33906250000000004 0.3203125 0.2609375 0.3203125 0.26093750000000004 0.3734375 0.3390625000000001 0.3734375
21 0.25625 0.3015625 0.17812500000000003 0.3015625 0.17812500000000003 0.3578125 0.25625 0.3578125
44 0.4328125 0.09218750000000005 0.3515625 0.09218750000000005 0.3515625 0.15625000000000006 0.4328125 0.15625000000000006
40 0.4281250000000002 0.7421875 0.3437500000000001 0.7421875 0.3437500000000001 0.8015625 0.4281250000000002 0.8015625
35 0.4265625 0.5453125 0.3453125000000001 0.5453125 0.3453125000000001 0.6015625 0.4265625 0.6015625
20 0.15937500000000013 0.921875 0.0796875000000001 0.921875 0.07968750000000012 1 0.15937500000000013 1
24 0.3390625000000001 0.446875 0.2593750000000001 0.446875 0.2593750000000001 0.503125 0.3390625000000001 0.503125
7 0.16562500000000008 0.528125 0.08750000000000006 0.528125 0.08750000000000006 0.584375 0.16562500000000008 0.584375
45 0.346875 0.09062500000000004 0.265625 0.09062500000000002 0.265625 0.18125000000000005 0.346875 0.18125000000000005
4 0.16875000000000004 0.334375 0.09062500000000004 0.334375 0.09062500000000004 0.390625 0.16875000000000004 0.390625
8 0.16406250000000008 0.5921875 0.08906250000000007 0.5921875 0.08906250000000007 0.65 0.16406250000000008 0.65
41 0.2546875 0.17187500000000003 0.1796875 0.171875 0.17968750000000003 0.228125 0.2546875 0.228125
56 0.25625 0.2375 0.17812500000000003 0.2375 0.17812500000000003 0.29375 0.25625 0.29375
1 0.17187500000000003 0.140625 0.09375000000000003 0.140625 0.09375000000000003 0.196875 0.17187500000000006 0.196875
10 0.3421875 0.18906250000000005 0.2640625 0.18906250000000005 0.2640625 0.2453125 0.3421875 0.2453125
59 0.2515625000000001 0.4953125 0.17656250000000004 0.4953125 0.17656250000000007 0.5515625 0.2515625000000001 0.5515625
16 0.425 0.35000000000000003 0.346875 0.35 0.34687500000000004 0.40625 0.425 0.40625
38 0.2468750000000001 0.75625 0.1687500000000001 0.75625 0.1687500000000001 0.8125 0.2468750000000001 0.8125
29 0.3375000000000001 0.64375 0.2578125000000001 0.64375 0.2578125000000001 0.7 0.3375000000000001 0.7
31 0.3359375000000001 0.709375 0.2562500000000001 0.709375 0.2562500000000001 0.765625 0.3359375000000001 0.765625
50 0.5171875000000001 0.809375 0.42968750000000017 0.809375 0.42968750000000017 0.86875 0.5171875000000001 0.86875
23 0.3390625000000001 0.3828125 0.2609375000000001 0.3828125 0.2609375000000001 0.4390625 0.3390625000000001 0.4390625
22 0.3343750000000001 0.9546875 0.16718750000000013 0.9546875 0.16718750000000013 1 0.3343750000000001 1
46 0.4234375000000002 0.875 0.3421875000000001 0.875 0.3421875000000001 1 0.4234375000000002 1