24 0.496875 0.571875 0.4265625 0.571875 0.4265625 0.628125 0.496875 0.628125
58 0.5765625000000002 0.7953125 0.5031250000000002 0.7953125 0.5031250000000002 0.8546875 0.5765625000000002 0.8546875
6 0.3390625000000001 0.5546875 0.27031250000000007 0.5546875 0.27031250000000007 0.609375 0.3390625000000001 0.609375
59 0.41875 0.521875 0.3468750000000001 0.521875 0.3468750000000001 0.5796875 0.41875 0.5796875
46 0.58125 0.05468750000000007 0.50625 0.05468750000000007 0.50625 0.21093750000000008 0.58125 0.21093750000000008
56 0.4156250000000002 0.7765625 0.3453125000000001 0.7765625 0.3453125000000001 0.834375 0.4156250000000002 0.834375
26 0.4984375 0.12031250000000004 0.4265625 0.12031250000000004 0.4265625 0.17968750000000006 0.4984375 0.17968750000000006
53 0.4203125 0.4609375 0.34843750000000007 0.4609375 0.34843750000000007 0.5171875 0.4203125 0.5171875
16 0.5765625 0.6671875 0.5046875 0.6671875 0.5046875 0.725 0.5765625 0.725
57 0.5765625000000002 0.7328125 0.5015625000000001 0.7328125 0.5015625000000001 0.790625 0.5765625000000002 0.790625
4 0.3390625000000001 0.6796875 0.2671875000000001 0.6796875 0.2671875000000001 0.7359375 0.3390625000000001 0.7359375
21 0.4171875000000001 0.7109375 0.3453125000000001 0.7109375 0.3453125000000001 0.7703125 0.41718750000000016 0.7703125
41 0.41406250000000017 0.8390625 0.3421875000000001 0.8390625 0.3421875000000001 0.8984375 0.41406250000000017 0.8984375
20 0.340625 0.06250000000000003 0.271875 0.06250000000000003 0.271875 0.16718750000000004 0.340625 0.16718750000000004
39 0.4203125 0.13906250000000003 0.3484375 0.13906250000000003 0.3484375 0.19843750000000004 0.4203125 0.19843750000000004
49 0.6656250000000001 0.9265625 0.5812500000000002 0.9265625 0.5812500000000002 0.9875 0.6656250000000001 0.9875
27 0.4171875 0.39687500000000003 0.34843750000000007 0.396875 0.34843750000000007 0.453125 0.4171875 0.453125
34 0.5796875 0.2171875000000001 0.5078125 0.2171875000000001 0.5078125 0.2765625000000001 0.5796875 0.2765625000000001
17 0.3359375000000001 0.93125 0.2671875000000001 0.93125 0.2671875000000001 0.9734375 0.3359375000000001 0.9734375
38 0.41875 0.26875000000000004 0.346875 0.26875 0.346875 0.32656250000000003 0.41875 0.3265625000000001
10 0.49531250000000016 0.8265625 0.4234375000000002 0.8265625 0.4234375000000002 0.884375 0.49531250000000016 0.884375
22 0.5 0.05625000000000006 0.35 0.05625000000000004 0.35 0.13125000000000003 0.5 0.13125000000000003
19 0.49687500000000007 0.6984375 0.425 0.6984375 0.4250000000000001 0.75625 0.4968750000000002 0.75625
0 0.340625 0.3015625 0.2703125 0.3015625 0.2703125 0.3578125 0.340625 0.3578125
51 0.4171875 0.5859375 0.3468750000000001 0.5859375 0.3468750000000001 0.6421875 0.4171875 0.6421875
52 0.41406250000000017 0.9015625 0.3421875000000001 0.9015625 0.3421875000000001 0.9765625 0.41406250000000017 0.9765625
28 0.496875 0.4453125 0.4265625 0.4453125 0.4265625 0.5015625 0.496875 0.5015625
48 0.340625 0.2375 0.26875 0.2375 0.26875 0.2953125 0.340625 0.2953125
30 0.6875000000000001 0.046875000000000056 0.209375 0.04687500000000002 0.20937500000000003 0.9875 0.6875000000000002 0.9875
45 0.49531250000000016 0.890625 0.4234375000000002 0.890625 0.4234375000000002 0.9796875 0.49531250000000016 0.9796875
9 0.34062500000000007 0.365625 0.2718750000000001 0.365625 0.2718750000000001 0.421875 0.34062500000000007 0.421875
12 0.5 0.18437500000000004 0.428125 0.18437500000000004 0.428125 0.24375000000000008 0.5 0.24375000000000008
44 0.5734375000000002 0.921875 0.5015625000000001 0.921875 0.5015625000000001 0.984375 0.5734375000000002 0.984375
29 0.496875 0.3812500000000001 0.4265625 0.3812500000000001 0.4265625 0.4375 0.496875 0.4375
33 0.5765625 0.4125 0.50625 0.4125 0.50625 0.4703125 0.5765625 0.4703125
37 0.4984375 0.2500000000000001 0.4265625 0.2500000000000001 0.4265625 0.30937500000000007 0.4984375 0.30937500000000007
5 0.3390625000000001 0.6171875 0.27031250000000007 0.6171875 0.27031250000000007 0.6734375 0.3390625000000001 0.6734375
8 0.34062500000000007 0.428125 0.2718750000000001 0.428125 0.2718750000000001 0.484375 0.34062500000000007 0.484375
14 0.6703125 0.3453125000000001 0.5859375 0.3453125000000001 0.5859375 0.4046875 0.6703125 0.4046875
18 0.578125 0.34843750000000007 0.50625 0.34843750000000007 0.50625 0.40625 0.578125 0.40625
36 0.4203125 0.33125000000000004 0.3484375 0.33125 0.34843750000000007 0.39062500000000006 0.4203125 0.3906250000000001
11 0.3390625 0.17343750000000005 0.2703125 0.17343750000000005 0.2703125 0.2296875 0.3390625 0.2296875
42 0.415625 0.65 0.3468750000000001 0.65 0.3468750000000001 0.70625 0.415625 0.70625
54 0.4203125 0.20312500000000006 0.3484375 0.203125 0.3484375 0.26250000000000007 0.4203125 0.26250000000000007
13 0.6687500000000002 0.7328125 0.5843750000000002 0.7328125 0.5843750000000002 0.7921875 0.6687500000000002 0.7921875
31 0.4984375 0.3156250000000001 0.4265625 0.3156250000000001 0.4265625 0.3734375000000001 0.4984375 0.3734375000000001
47 0.6687500000000001 0.409375 0.584375 0.409375 0.5843750000000001 0.7296875 0.6687500000000002 0.7296875
3 0.3375000000000001 0.7421875 0.2687500000000001 0.7421875 0.2687500000000001 0.8 0.3375000000000001 0.8
32 0.5750000000000002 0.8609375 0.5000000000000002 0.8609375 0.5000000000000002 0.9203125 0.5750000000000002 0.9203125
23 0.496875 0.6359375 0.425 0.6359375 0.425 0.6921875 0.496875 0.6921875
35 0.578125 0.4765625 0.50625 0.4765625 0.50625 0.5328125 0.578125 0.5328125
7 0.34062500000000007 0.4921875 0.27031250000000007 0.4921875 0.27031250000000007 0.546875 0.34062500000000007 0.546875
15 0.5765625 0.5390625 0.5046875 0.5390625 0.5046875 0.596875 0.5765625 0.596875
25 0.496875 0.5078125 0.428125 0.5078125 0.428125 0.5640625 0.496875 0.5640625
40 0.578125 0.2812500000000001 0.50625 0.2812500000000001 0.50625 0.3421875000000001 0.578125 0.3421875000000001
43 0.49531250000000016 0.7625 0.4234375000000002 0.7625 0.4234375000000002 0.8203125 0.49531250000000016 0.8203125
1 0.3359375000000001 0.8703125 0.2656250000000001 0.8703125 0.2656250000000001 0.9265625 0.3359375000000001 0.9265625
55 0.5765625 0.603125 0.5046875 0.603125 0.5046875 0.6609375 0.5765625 0.6609375
2 0.3359375000000001 0.80625 0.2671875000000001 0.80625 0.2671875000000001 0.8640625 0.3359375000000001 0.8640625