27 0.55 0.14218750000000008 0.4875 0.14218750000000005 0.4875 0.22031250000000008 0.55 0.22031250000000008
34 0.33906250000000004 0.2859375 0.2671875 0.2859375 0.2671875 0.371875 0.3390625000000001 0.371875
43 0.9484375 0.2890625000000001 0.8796875 0.2890625000000001 0.8796875 0.37187500000000007 0.9484375 0.37187500000000007
11 0.3296875 0.02812500000000004 0.265625 0.028125000000000032 0.265625 0.10312500000000005 0.3296875 0.10312500000000005
24 0.734375 0.2562500000000001 0.665625 0.2562500000000001 0.665625 0.3390625000000001 0.734375 0.3390625000000001
33 0.5484375 0.3187500000000001 0.4796875 0.3187500000000001 0.4796875 0.403125 0.5484375 0.403125
13 0.9046875 0.46875000000000017 0.834375 0.46875000000000017 0.834375 0.5687500000000002 0.9046875 0.5687500000000002
38 0.415625 0.12343750000000005 0.35 0.12343750000000005 0.35 0.20156250000000003 0.415625 0.2015625000000001
12 0.3203125 0.19531250000000006 0.25 0.19531250000000006 0.25 0.2765625 0.3203125 0.2765625
6 0.7296875 0.0828125000000001 0.665625 0.0828125000000001 0.665625 0.1609375000000001 0.7296875 0.1609375000000001
23 0.8046875 0.2656250000000001 0.7390625 0.2656250000000001 0.7390625 0.3531250000000001 0.8046875 0.3531250000000001
9 0.5265625 0.05468750000000007 0.4640625 0.05468750000000007 0.4640625 0.13281250000000006 0.5265625 0.13281250000000006
31 0.453125 0.2156250000000001 0.3875 0.2156250000000001 0.3875 0.2968750000000001 0.453125 0.2968750000000001
35 0.61875 0.3296875000000001 0.55 0.3296875000000001 0.55 0.4171875 0.61875 0.4171875
36 0.4828125 0.13281250000000006 0.4171875 0.13281250000000006 0.4171875 0.21093750000000008 0.4828125 0.21093750000000008
55 0.7625 0.3515625000000001 0.69375 0.3515625000000001 0.69375 0.4390625000000001 0.7625 0.4390625000000002
1 1 0.13281250000000014 0.978125 0.13281250000000014 0.978125 0.21093750000000008 1 0.21093750000000008
4 0.8671875 0.10312500000000009 0.8046875 0.10312500000000009 0.8046875 0.18125000000000008 0.8671875 0.18125000000000008
8 0.5921875 0.06406250000000006 0.5296875 0.06406250000000006 0.5296875 0.14218750000000008 0.5921875 0.14218750000000008
15 0.6921875 0.34062500000000007 0.621875 0.34062500000000007 0.621875 0.4265625 0.6921875 0.4265625
56 0.96875 0.20312500000000008 0.903125 0.20312500000000008 0.903125 0.2843750000000001 0.96875 0.2843750000000001
2 1 0.12500000000000014 0.940625 0.12500000000000014 0.940625 0.2015625000000001 1 0.2015625000000001
39 0.284375 0.10000000000000005 0.215625 0.10000000000000005 0.215625 0.18125000000000005 0.284375 0.18125000000000005
51 0.7578125 0.17187500000000008 0.69375 0.17187500000000008 0.69375 0.2531250000000001 0.7578125 0.2531250000000001
59 0.6890625 0.1609375000000001 0.6234375 0.1609375000000001 0.6234375 0.24218750000000008 0.6890625 0.24218750000000008
54 0.35 0.11406250000000004 0.28125 0.11406250000000004 0.28125 0.19062500000000004 0.35 0.19062500000000004
22 0.2171875 0.09062500000000002 0.1140625 0.09062500000000002 0.11406250000000002 0.253125 0.2171875 0.253125
40 0.4078125 0.29687500000000006 0.3359375 0.296875 0.33593750000000006 0.38281250000000006 0.4078125 0.3828125000000001
48 0.3953125 0.035937500000000046 0.33125 0.035937500000000046 0.33125 0.11250000000000004 0.3953125 0.11250000000000004
53 0.6203125 0.1515625000000001 0.5546875 0.1515625000000001 0.5546875 0.2328125000000001 0.6203125 0.2328125000000001
0 0.459375 0.04531250000000005 0.396875 0.04531250000000005 0.396875 0.12187500000000004 0.459375 0.12187500000000004
5 0.7984375 0.09375000000000008 0.734375 0.09375000000000008 0.734375 0.1703125000000001 0.7984375 0.1703125000000001
26 0.2515625 0.18437500000000004 0.18281250000000004 0.18437500000000004 0.18281250000000004 0.265625 0.2515625 0.265625
25 0.6640625 0.2468750000000001 0.5953125 0.2468750000000001 0.5953125 0.3296875000000001 0.6640625 0.3296875000000001
16 0.8359375 0.3625000000000001 0.765625 0.3625000000000001 0.765625 0.44843750000000016 0.8359375 0.44843750000000016
45 1 0.30937500000000007 0.959375 0.30937500000000007 0.959375 0.3968750000000001 1 0.3968750000000001
47 0.8296875 0.4156250000000001 0.465625 0.415625 0.465625 0.5531250000000001 0.8296875 0.5531250000000002
32 1 0.3906250000000001 0.9765625 0.3906250000000001 0.9765625 0.4812500000000002 1 0.4812500000000002
10 1 0.2984375000000001 0.953125 0.2984375000000001 0.953125 0.3828125000000001 1 0.3828125000000001
57 0.909375 0.3734375000000001 0.840625 0.3734375000000001 0.840625 0.46093750000000017 0.909375 0.46093750000000017
14 0.465625 0.3968750000000001 0.3937500000000001 0.3968750000000001 0.3937500000000001 0.496875 0.465625 0.496875
17 1 0.14218750000000013 0.9859375 0.14218750000000013 0.9859375 0.21875000000000008 1 0.21875000000000008
28 0.5921875 0.23437500000000008 0.5265625 0.23437500000000008 0.5265625 0.3187500000000001 0.5921875 0.3187500000000001
29 0.5234375 0.2250000000000001 0.4546875 0.2250000000000001 0.4546875 0.3078125000000001 0.5234375 0.3078125000000001
20 0.2640625 0.015625000000000024 0.1515625 0.015625000000000017 0.1515625 0.09375000000000003 0.2640625 0.09375000000000003
44 1 0.4046875000000002 0.971875 0.4046875000000002 0.971875 0.49218750000000017 1 0.49218750000000017
7 0.6609375 0.07500000000000008 0.5984375 0.07500000000000007 0.5984375 0.1515625000000001 0.6609375 0.1515625000000001
30 1 6.410260589286927e-17 0.046875 5.7405318710032185e-18 0.04687500000000004 0.6343750000000001 1 0.6343750000000001
46 0.271875 0.2609375 0.09687500000000002 0.2609375 0.09687500000000003 0.35625 0.271875 0.35625
41 1 0.21250000000000008 0.9734375 0.21250000000000008 0.9734375 0.2953125000000001 1 0.2953125000000001
42 0.828125 0.1843750000000001 0.7625 0.1843750000000001 0.7625 0.26250000000000007 0.828125 0.26250000000000007
49 1 0.5000000000000002 0.975 0.5000000000000002 0.975 0.6046875000000002 1 0.6046875000000002
19 0.878125 0.27812500000000007 0.809375 0.27812500000000007 0.809375 0.3625000000000001 0.878125 0.3625000000000001
3 0.9375 0.11406250000000011 0.871875 0.1140625000000001 0.871875 0.19218750000000012 0.9375 0.19218750000000012
37 0.3859375 0.20468750000000005 0.3171875 0.2046875 0.3171875 0.28593750000000007 0.3859375 0.28593750000000007
52 1 0.2234375000000001 0.9671875 0.2234375000000001 0.9671875 0.3078125000000001 1 0.3078125000000001
58 0.98125 0.3843750000000001 0.9125 0.3843750000000001 0.9125 0.47187500000000016 0.98125 0.47187500000000016
18 0.478125 0.3078125000000001 0.409375 0.3078125000000001 0.409375 0.3937500000000001 0.478125 0.3937500000000001
21 0.8984375 0.1921875000000001 0.8328125 0.1921875000000001 0.8328125 0.2750000000000001 0.8984375 0.2750000000000001