40 0.6921875000000001 0.65625 0.4875 0.65625 0.4875000000000001 0.8875 0.6921875000000002 0.8875
12 0.4 0.4015625 0.19531250000000006 0.4015625 0.19531250000000006 0.6296875 0.4 0.6296875
54 0.46875 0.17968750000000006 0.271875 0.17968750000000006 0.27187500000000003 0.38906250000000003 0.46875 0.3890625000000001
18 0.9 0.6609375000000001 0.70625 0.6609375 0.70625 0.8890625 0.9 0.8890625
34 0.4828125000000001 0.653125 0.2671875000000001 0.653125 0.2671875000000001 0.8875 0.4828125000000002 0.8875
22 0.07968750000000005 0.1703125 2.085726579797836e-17 0.1703125 4.7837765591693485e-17 0.6109375 0.07968750000000006 0.6109375
26 0.19531250000000006 0.3984375 0.0015625000000000487 0.3984375 0.0015625000000000625 0.6234375 0.19531250000000008 0.6234375
48 0.5703125 5.903180274014976e-17 0.39375 4.8220467716427034e-17 0.39375 0.17343750000000008 0.5703125 0.17343750000000008
9 0.9359375 1.0428632898989181e-16 0.7671875 9.3953371622086e-17 0.7671875 0.1828125000000001 0.9359375 0.18281250000000013
37 0.603125 0.4140625 0.4 0.4140625 0.4 0.63125 0.603125 0.63125
39 0.27187500000000003 0.17500000000000002 0.07812500000000003 0.175 0.07812500000000003 0.38125 0.2718750000000001 0.38125
46 0.27031250000000007 0.6421875 7.864528663274409e-17 0.6421875 9.337931843498569e-17 0.8828125 0.27031250000000007 0.8828125
36 0.8484375 0.19531250000000008 0.6671875 0.19531250000000008 0.6671875 0.40312500000000007 0.8484375 0.4031250000000002
31 0.803125 0.4140625000000001 0.609375 0.4140625 0.609375 0.6406250000000001 0.803125 0.6406250000000002
38 0.6578125 0.18906250000000008 0.4703125 0.18906250000000005 0.4703125 0.3921875000000001 0.6578125 0.3921875000000001
27 1 0.2000000000000001 0.8640625 0.2000000000000001 0.8640625 0.3968750000000001 1 0.3968750000000001
29 0.9984375 0.41406250000000017 0.8140625 0.41406250000000017 0.8140625 0.6421875000000001 0.9984375 0.6421875000000001
0 0.7546875 8.170690363061247e-17 0.5796875 7.099124413807313e-17 0.5796875 0.18125000000000008 0.7546875 0.18125000000000008
11 0.3875 3.626102631850366e-17 0.2046875 2.5066989170047385e-17 0.2046875 0.16250000000000003 0.3875 0.16250000000000003
20 0.2046875 1.2533494585023693e-17 0 0 9.376202055971925e-18 0.153125 0.2046875 0.15312500000000004