24 0.571875 0.5015625 0.49375 0.5015625 0.49375 0.5640625 0.571875 0.5640625
58 0.48750000000000016 0.7484375 0.40625000000000017 0.7484375 0.40625000000000017 0.8140625 0.48750000000000016 0.8140625
6 0.7421875 0.4843750000000001 0.6671875 0.484375 0.6671875 0.5437500000000001 0.7421875 0.5437500000000002
59 0.6578125 0.4484375 0.5796875 0.4484375 0.5796875 0.5109375 0.6578125 0.5109375
46 0.4828125 5.415235064979703e-17 0.4015625 4.91772230282609e-17 0.4015625 0.10468750000000004 0.4828125 0.10468750000000004
56 0.6609375000000002 0.728125 0.5828125000000002 0.728125 0.5828125000000002 0.790625 0.6609375000000002 0.790625
26 0.5703125 0.004687500000000065 0.4921875 0.00468750000000006 0.4921875 0.07031250000000007 0.5703125 0.07031250000000007
53 0.65625 0.37968750000000007 0.578125 0.37968750000000007 0.578125 0.4421875 0.65625 0.4421875
16 0.4859375 0.6078125 0.40625 0.6078125 0.40625 0.671875 0.4859375 0.671875
57 0.4875000000000001 0.6796875 0.40625 0.6796875 0.4062500000000001 0.74375 0.48750000000000016 0.74375
4 0.7453125 0.6218750000000001 0.6671875 0.621875 0.6671875 0.6843750000000001 0.7453125 0.6843750000000002
21 0.659375 0.65625 0.58125 0.65625 0.58125 0.7203125 0.659375 0.7203125
41 0.6625000000000002 0.796875 0.5843750000000002 0.796875 0.5843750000000002 0.8625 0.6625000000000002 0.8625
20 0.7421875 8.629932912741505e-17 0.6671875 8.170690363061247e-17 0.6671875 0.057812500000000086 0.7421875 0.057812500000000086
39 0.65625 0.026562500000000072 0.578125 0.026562500000000065 0.578125 0.09062500000000008 0.65625 0.0906250000000001
49 0.4000000000000002 0.89375 0.3062500000000001 0.89375 0.3062500000000001 0.9609375 0.4000000000000002 0.9609375
27 0.65625 0.3109375000000001 0.58125 0.3109375000000001 0.58125 0.3734375000000001 0.65625 0.3734375000000001
34 0.4828125 0.11093750000000005 0.403125 0.11093750000000005 0.403125 0.17656250000000004 0.4828125 0.17656250000000004
17 0.7468750000000002 0.8984375 0.6703125000000002 0.8984375 0.6703125000000002 0.9453125 0.7468750000000002 0.9453125
38 0.6578125 0.1687500000000001 0.5796875 0.1687500000000001 0.5796875 0.2328125000000001 0.6578125 0.2328125000000001
10 0.5750000000000002 0.7828125 0.4968750000000002 0.7828125 0.4968750000000002 0.846875 0.5750000000000002 0.846875
22 0.65625 7.032151541978942e-17 0.4921875 6.027558464553379e-17 0.4921875 0.02031250000000007 0.65625 0.020312500000000077
19 0.5734375 0.6421875 0.4953125 0.6421875 0.4953125 0.7046875 0.5734375 0.7046875
0 0.74375 0.2062500000000001 0.665625 0.2062500000000001 0.665625 0.2687500000000001 0.74375 0.2687500000000001
51 0.659375 0.5171875 0.58125 0.5171875 0.58125 0.5796875 0.659375 0.5796875
52 0.6625000000000002 0.8671875 0.5843750000000002 0.8671875 0.5843750000000002 0.9484375 0.6625000000000002 0.9484375
28 0.571875 0.3625000000000001 0.49375 0.3625000000000001 0.49375 0.425 0.571875 0.425
48 0.74375 0.13437500000000008 0.665625 0.13437500000000008 0.665625 0.1984375000000001 0.74375 0.1984375000000001
30 0.8109375 6.706854735955427e-17 0.284375 3.482589335075286e-17 0.28437500000000004 0.959375 0.8109375 0.959375
45 0.5750000000000002 0.8546875 0.4968750000000002 0.8546875 0.4968750000000002 0.9515625 0.5750000000000002 0.9515625
9 0.7421875 0.2750000000000001 0.665625 0.2750000000000001 0.665625 0.3375000000000001 0.7421875 0.3375000000000001
12 0.56875 0.07656250000000006 0.490625 0.07656250000000006 0.490625 0.14062500000000006 0.56875 0.14062500000000008
44 0.48750000000000016 0.8875 0.40937500000000016 0.8875 0.40937500000000016 0.95625 0.48750000000000016 0.95625
29 0.5703125 0.2921875000000001 0.4921875 0.2921875000000001 0.4921875 0.3546875000000001 0.5703125 0.3546875000000001
33 0.4828125 0.3265625000000001 0.4046875 0.3265625000000001 0.4046875 0.3906250000000001 0.4828125 0.3906250000000001
37 0.5703125 0.14843750000000006 0.4921875 0.14843750000000006 0.4921875 0.2140625000000001 0.5703125 0.2140625000000001
5 0.74375 0.5515625000000001 0.6671875 0.5515625 0.6671875 0.6140625000000001 0.74375 0.6140625000000002
8 0.740625 0.3453125000000001 0.6640625 0.3453125000000001 0.6640625 0.4062500000000001 0.740625 0.40625000000000017
14 0.3953125 0.25312500000000004 0.303125 0.253125 0.303125 0.31875000000000003 0.3953125 0.3187500000000001
18 0.484375 0.2562500000000001 0.4046875 0.2562500000000001 0.4046875 0.3203125000000001 0.484375 0.3203125000000001
36 0.65625 0.2390625000000001 0.578125 0.2390625000000001 0.578125 0.3031250000000001 0.65625 0.3031250000000001
11 0.74375 0.06406250000000009 0.66875 0.06406250000000009 0.66875 0.12656250000000008 0.74375 0.12656250000000008
42 0.6578125 0.5875 0.5828125 0.5875 0.5828125 0.65 0.6578125 0.65
54 0.6578125 0.09687500000000007 0.5796875 0.09687500000000007 0.5796875 0.1609375000000001 0.6578125 0.1609375000000001
13 0.3968750000000001 0.6796875 0.3046875000000001 0.6796875 0.3046875000000001 0.7453125 0.3968750000000001 0.7453125
31 0.5703125 0.2218750000000001 0.4921875 0.2218750000000001 0.4921875 0.2843750000000001 0.5703125 0.2843750000000001
47 0.39687500000000003 0.32343750000000004 0.3046875 0.3234375 0.30468750000000006 0.6765625 0.3968750000000001 0.6765625
3 0.7453125 0.690625 0.66875 0.690625 0.6687500000000001 0.7546875000000001 0.7453125000000002 0.7546875000000002
32 0.4890625000000002 0.8203125 0.4078125000000002 0.8203125 0.4078125000000002 0.884375 0.4890625000000002 0.884375
23 0.571875 0.571875 0.4921875 0.571875 0.4921875 0.634375 0.571875 0.634375
35 0.484375 0.3984375000000001 0.4046875 0.3984375000000001 0.4046875 0.4609375 0.484375 0.4609375
7 0.74375 0.4156250000000001 0.665625 0.415625 0.665625 0.4750000000000001 0.74375 0.4750000000000002
15 0.484375 0.4671875 0.40625 0.4671875 0.40625 0.53125 0.484375 0.53125
25 0.5703125 0.43125 0.49375 0.43125 0.49375 0.49375 0.5703125 0.49375
40 0.484375 0.18437500000000004 0.4046875 0.18437500000000004 0.4046875 0.2500000000000001 0.484375 0.2500000000000001
43 0.5734375 0.7125 0.4953125 0.7125 0.4953125000000001 0.7765625 0.5734375000000002 0.7765625
1 0.7484375000000002 0.83125 0.6703125000000002 0.83125 0.6703125000000002 0.89375 0.7484375000000002 0.89375
55 0.4859375 0.5375 0.40625 0.5375 0.40625 0.6 0.4859375 0.6
2 0.7468750000000002 0.7593750000000001 0.6703125000000002 0.759375 0.6703125000000002 0.8234375 0.7468750000000002 0.8234375