47 0.7546875 0.5515625000000001 0.5234375 0.5515625 0.5234375 0.6156250000000001 0.7546875 0.6156250000000002
30 0.959375 0.23437500000000006 0.08593750000000003 0.234375 0.08593750000000006 0.6359375 0.959375 0.6359375000000002
22 0.3156250000000001 0.3640625 0.2656250000000001 0.3640625 0.2656250000000001 0.4828125 0.3156250000000001 0.4828125
46 0.37968750000000007 0.490625 0.2640625000000001 0.490625 0.2640625000000001 0.5453125 0.37968750000000007 0.5453125
17 0.94375 0.3031250000000001 0.9125 0.3031250000000001 0.9125 0.3593750000000001 0.94375 0.3593750000000001
1 0.9078125 0.3031250000000001 0.865625 0.3031250000000001 0.865625 0.3593750000000001 0.9078125 0.3593750000000001
2 0.8609375 0.3031250000000001 0.8171875 0.3031250000000001 0.8171875 0.3593750000000001 0.8609375 0.3593750000000001
3 0.8125 0.3046875000000001 0.7703125 0.3046875000000001 0.7703125 0.3609375000000001 0.8125 0.3609375000000001
4 0.765625 0.3031250000000001 0.721875 0.3031250000000001 0.721875 0.3609375000000001 0.765625 0.3609375000000001
5 0.7171875 0.3046875000000001 0.675 0.3046875000000001 0.675 0.3609375000000001 0.7171875 0.3609375000000001
6 0.6703125 0.3046875000000001 0.6296875 0.3046875000000001 0.6296875 0.3609375000000001 0.6703125 0.3609375000000001
7 0.6234375 0.3046875000000001 0.5828125 0.3046875000000001 0.5828125 0.3609375000000001 0.6234375 0.3609375000000001
8 0.5765625 0.3046875000000001 0.5359375 0.3046875000000001 0.5359375 0.3593750000000001 0.5765625 0.3593750000000001
9 0.53125 0.3046875000000001 0.4875 0.3046875000000001 0.4875 0.3609375000000001 0.53125 0.3609375000000001
0 0.4828125 0.3031250000000001 0.440625 0.3031250000000001 0.440625 0.3593750000000001 0.4828125 0.3593750000000001
48 0.4359375 0.3046875000000001 0.3953125 0.3046875000000001 0.3953125 0.3609375000000001 0.4359375 0.3609375000000001
11 0.3890625 0.30312500000000003 0.3484375 0.303125 0.3484375 0.35937500000000006 0.3890625 0.3593750000000001
20 0.3421875 0.303125 0.2640625 0.303125 0.2640625 0.359375 0.3421875 0.359375
52 0.9421875 0.3656250000000001 0.8890625 0.3656250000000001 0.8890625 0.42187500000000017 0.9421875 0.42187500000000017
41 0.8828125 0.3656250000000001 0.840625 0.3656250000000001 0.840625 0.42187500000000017 0.8828125 0.42187500000000017
56 0.8359375 0.3656250000000001 0.7921875 0.3656250000000001 0.7921875 0.42187500000000017 0.8359375 0.42187500000000017
21 0.7875 0.3656250000000001 0.7453125 0.3656250000000001 0.7453125 0.42187500000000017 0.7875 0.42187500000000017
42 0.7421875 0.3656250000000001 0.6984375 0.3656250000000001 0.6984375 0.4218750000000001 0.7421875 0.42187500000000017
51 0.6953125 0.36406250000000007 0.6515625 0.36406250000000007 0.6515625 0.4234375 0.6953125 0.4234375
59 0.646875 0.3656250000000001 0.60625 0.3656250000000001 0.60625 0.421875 0.646875 0.421875
53 0.6 0.3656250000000001 0.5578125 0.3656250000000001 0.5578125 0.421875 0.6 0.421875
27 0.5546875 0.3656250000000001 0.5109375 0.3656250000000001 0.5109375 0.421875 0.5546875 0.421875
36 0.5078125 0.3656250000000001 0.4640625 0.3656250000000001 0.4640625 0.4234375 0.5078125 0.4234375
38 0.4609375 0.3656250000000001 0.4171875 0.3656250000000001 0.4171875 0.4234375 0.4609375 0.4234375
54 0.4140625 0.3656250000000001 0.3703125000000001 0.3656250000000001 0.3703125000000001 0.421875 0.4140625 0.421875
39 0.3671875000000001 0.36562500000000003 0.3234375000000001 0.365625 0.3234375000000001 0.421875 0.3671875000000001 0.421875
45 0.9421875 0.4281250000000002 0.8765625 0.4281250000000002 0.8765625 0.48437500000000017 0.9421875 0.48437500000000017
10 0.8703125 0.4281250000000002 0.828125 0.4281250000000002 0.828125 0.48437500000000017 0.8703125 0.48437500000000017
43 0.825 0.4281250000000002 0.78125 0.4281250000000002 0.78125 0.48437500000000017 0.825 0.48437500000000017
19 0.7765625 0.4281250000000002 0.734375 0.4281250000000002 0.734375 0.4859375000000002 0.7765625 0.4859375000000002
23 0.7296875 0.4281250000000001 0.6859375 0.428125 0.6859375 0.4843750000000001 0.7296875 0.48437500000000017
24 0.6828125 0.428125 0.6390625 0.428125 0.6390625 0.484375 0.6828125 0.484375
25 0.6359375 0.428125 0.5921875 0.428125 0.5921875 0.484375 0.6359375 0.484375
28 0.5890625 0.4265625 0.5484375 0.4265625 0.5484375 0.484375 0.5890625 0.484375
29 0.54375 0.4265625 0.5 0.4265625 0.5 0.4859375 0.54375 0.4859375
31 0.4953125 0.4265625 0.4515625 0.4265625 0.4515625 0.4859375 0.4953125 0.4859375
37 0.45 0.4265625 0.40625 0.4265625 0.40625 0.4859375 0.45 0.4859375
12 0.403125 0.4265625 0.3593750000000001 0.4265625 0.3593750000000001 0.484375 0.403125 0.484375
26 0.3546875000000001 0.428125 0.3078125000000001 0.428125 0.3078125000000001 0.484375 0.3546875000000001 0.484375
44 0.9421875 0.49218750000000017 0.8953125 0.49218750000000017 0.8953125 0.5484375000000001 0.9421875 0.5484375000000001
32 0.89375 0.49218750000000017 0.853125 0.49218750000000017 0.853125 0.5484375000000001 0.89375 0.5484375000000001
58 0.8484375 0.49218750000000017 0.8046875 0.49218750000000017 0.8046875 0.5484375000000001 0.8484375 0.5484375000000001
57 0.8015625 0.49218750000000017 0.7578125 0.49218750000000017 0.7578125 0.5484375000000001 0.8015625 0.5484375000000001
16 0.7546875 0.4921875000000001 0.709375 0.4921875 0.709375 0.5484375000000001 0.7546875 0.5484375000000001
55 0.70625 0.4921875 0.6625 0.4921875 0.6625 0.5484375 0.70625 0.5484375
15 0.659375 0.4921875 0.615625 0.4921875 0.615625 0.5484375 0.659375 0.5484375
35 0.6125 0.4921875 0.56875 0.4921875 0.56875 0.5484375 0.6125 0.5484375
33 0.565625 0.4921875 0.521875 0.4921875 0.521875 0.5484375 0.565625 0.5484375
18 0.5203125 0.4921875 0.4765625 0.4921875 0.4765625 0.5484375 0.5203125 0.5484375
40 0.471875 0.490625 0.428125 0.490625 0.428125 0.546875 0.471875 0.546875
34 0.4265625 0.490625 0.3828125000000001 0.490625 0.3828125000000001 0.546875 0.4265625 0.546875
49 0.9421875 0.5546875000000002 0.8984375 0.5546875000000002 0.8984375 0.6187500000000001 0.9421875 0.6187500000000001
13 0.8 0.5531250000000002 0.75625 0.5531250000000002 0.75625 0.6187500000000001 0.8 0.6187500000000001
14 0.51875 0.553125 0.48125 0.553125 0.48125 0.61875 0.51875 0.61875
50 0.4375 0.553125 0.4 0.553125 0.4 0.61875 0.4375 0.61875