17 0.6578125 0.010937500000000076 0.59375 0.010937500000000072 0.59375 0.04843750000000008 0.6578125 0.04843750000000008
1 0.6609375 0.054687500000000076 0.5953125 0.05468750000000007 0.5953125 0.10781250000000009 0.6609375 0.10781250000000009
2 0.659375 0.1140625000000001 0.5953125 0.1140625000000001 0.5953125 0.1671875000000001 0.659375 0.1671875000000001
3 0.6625 0.1765625000000001 0.596875 0.1765625000000001 0.596875 0.22812500000000008 0.6625 0.22812500000000008
4 0.6640625 0.2375000000000001 0.596875 0.2375000000000001 0.596875 0.2875000000000001 0.6640625 0.2875000000000001
5 0.6640625 0.3000000000000001 0.5984375 0.3000000000000001 0.5984375 0.3500000000000001 0.6640625 0.3500000000000001
6 0.665625 0.3609375000000001 0.5984375 0.3609375000000001 0.5984375 0.4109375 0.665625 0.4109375
7 0.665625 0.421875 0.6015625 0.421875 0.6015625 0.471875 0.665625 0.471875
8 0.665625 0.4828125 0.6 0.4828125 0.6 0.5328125 0.665625 0.5328125
9 0.665625 0.540625 0.6015625 0.540625 0.6015625 0.5921875 0.665625 0.5921875
0 0.6671875 0.6015625 0.6015625 0.6015625 0.6015625 0.6515625 0.6671875 0.6515625
48 0.66875 0.659375 0.603125 0.659375 0.603125 0.7125 0.66875 0.7125
11 0.6671875 0.71875 0.603125 0.71875 0.6031250000000001 0.76875 0.6671875000000002 0.76875
20 0.6671875000000002 0.7765625 0.6046875000000002 0.7765625 0.6046875000000002 0.8953125 0.6671875000000002 0.8953125
52 0.58125 0.007812500000000068 0.5140625 0.007812500000000064 0.5140625 0.07343750000000007 0.58125 0.07343750000000007
41 0.58125 0.08281250000000007 0.5171875 0.08281250000000007 0.5171875 0.13437500000000008 0.58125 0.13437500000000008
56 0.584375 0.14531250000000007 0.515625 0.14531250000000004 0.515625 0.19531250000000006 0.584375 0.19531250000000008
21 0.5859375 0.20468750000000008 0.5171875 0.20468750000000008 0.5171875 0.2578125000000001 0.5859375 0.2578125000000001
42 0.584375 0.2671875000000001 0.5171875 0.2671875000000001 0.5171875 0.31718750000000007 0.584375 0.31718750000000007
51 0.5875 0.3296875000000001 0.51875 0.3296875000000001 0.51875 0.37968750000000007 0.5875 0.37968750000000007
59 0.5875 0.3906250000000001 0.5203125 0.3906250000000001 0.5203125 0.440625 0.5875 0.440625
53 0.5875 0.4515625 0.521875 0.4515625 0.521875 0.503125 0.5875 0.503125
27 0.5890625 0.5125 0.5234375 0.5125 0.5234375 0.565625 0.5890625 0.565625
36 0.5890625 0.575 0.5234375 0.575 0.5234375 0.625 0.5890625 0.625
38 0.590625 0.6359375 0.525 0.6359375 0.525 0.6859375 0.590625 0.6859375
54 0.5921875000000001 0.69375 0.525 0.69375 0.5250000000000001 0.7453125 0.5921875000000002 0.7453125
39 0.5921875000000002 0.753125 0.5250000000000001 0.753125 0.5250000000000001 0.80625 0.5921875000000002 0.80625
22 0.5921875000000002 0.8109375 0.4515625000000002 0.8109375 0.4515625000000002 0.90625 0.5921875000000002 0.90625
45 0.503125 0.003125000000000057 0.434375 0.0031250000000000526 0.434375 0.08437500000000006 0.503125 0.08437500000000006
10 0.503125 0.09531250000000005 0.434375 0.09531250000000005 0.434375 0.14531250000000004 0.503125 0.14531250000000004
43 0.5046875 0.15625000000000006 0.4359375 0.15625000000000006 0.4359375 0.2062500000000001 0.5046875 0.2062500000000001
19 0.5046875 0.2171875000000001 0.4359375 0.2171875000000001 0.4359375 0.27031250000000007 0.5046875 0.27031250000000007
23 0.5046875 0.2812500000000001 0.4375 0.2812500000000001 0.4375 0.3312500000000001 0.5046875 0.3312500000000001
24 0.50625 0.3437500000000001 0.4390625 0.3437500000000001 0.4390625 0.3937500000000001 0.50625 0.3937500000000001
25 0.5078125 0.4078125 0.440625 0.4078125 0.440625 0.4578125 0.5078125 0.4578125
28 0.509375 0.46875 0.440625 0.46875 0.440625 0.5203125 0.509375 0.5203125
29 0.5109375 0.53125 0.4421875 0.53125 0.4421875 0.58125 0.5109375 0.58125
31 0.5109375 0.590625 0.4421875 0.590625 0.4421875 0.6421875 0.5109375 0.6421875
37 0.5125 0.653125 0.44375 0.653125 0.44375 0.7046875 0.5125 0.7046875
12 0.5125000000000001 0.7125 0.446875 0.7125 0.4468750000000001 0.7640625 0.5125000000000002 0.7640625
26 0.5140625000000002 0.771875 0.44843750000000016 0.771875 0.44843750000000016 0.83125 0.5140625000000002 0.83125
44 0.41875 4.716803687340977e-17 0.3515625 4.305398903252414e-17 0.3515625 0.05625000000000004 0.41875 0.05625000000000004
32 0.4203125 0.059375000000000046 0.35 0.059375000000000046 0.35 0.11406250000000004 0.4203125 0.11406250000000004
58 0.41875 0.12187500000000004 0.3515625 0.12187500000000004 0.3515625 0.17343750000000005 0.41875 0.17343750000000005
57 0.4203125 0.18593750000000003 0.3515625 0.18593750000000003 0.3515625 0.23593750000000005 0.4203125 0.23593750000000008
16 0.4234375 0.24843750000000003 0.353125 0.2484375 0.353125 0.30156250000000007 0.4234375 0.30156250000000007
55 0.425 0.31093750000000003 0.35625 0.3109375 0.35625000000000007 0.36406250000000007 0.425 0.36406250000000007
15 0.425 0.37500000000000006 0.35625000000000007 0.375 0.35625000000000007 0.4265625 0.425 0.4265625
35 0.4265625 0.4375 0.3578125000000001 0.4375 0.3578125000000001 0.4890625 0.4265625 0.4890625
33 0.428125 0.5 0.3578125000000001 0.5 0.3578125000000001 0.5515625 0.428125 0.5515625
18 0.428125 0.5609375 0.3593750000000001 0.5609375 0.3593750000000001 0.615625 0.428125 0.615625
40 0.4296875 0.625 0.3609375000000001 0.625 0.3609375000000001 0.678125 0.4296875 0.678125
34 0.4312500000000001 0.6859375 0.3609375000000001 0.6859375 0.3609375000000001 0.740625 0.4312500000000002 0.740625
46 0.4359375000000002 0.7453125 0.3625000000000001 0.7453125 0.3625000000000001 0.9140625 0.4359375000000002 0.9140625
49 0.3359375 3.59739997249535e-17 0.2515625 3.080752104105061e-17 0.2515625 0.04687500000000004 0.3359375 0.04687500000000004
13 0.3375 0.18281250000000004 0.253125 0.18281250000000004 0.253125 0.2375 0.3375 0.2375
47 0.34687500000000004 0.246875 0.25625 0.246875 0.25625000000000003 0.6125 0.3468750000000001 0.6125
14 0.34843750000000007 0.6203125 0.26250000000000007 0.6203125 0.26250000000000007 0.6765625 0.34843750000000007 0.6765625
50 0.3515625000000001 0.74375 0.2671875000000001 0.74375 0.2671875000000001 0.8015625 0.3515625000000001 0.8015625
30 0.7296875 5.941450486488332e-17 0.240625 2.9468063604483184e-17 0.24062500000000003 0.98125 0.7296875000000002 0.98125