1 0.7859375 9.146580781131793e-17 0.7078125 8.668203125214859e-17 0.7078125 0.05312500000000009 0.7859375 0.05312500000000009
2 0.7828125 0.06250000000000008 0.7078125 0.06250000000000008 0.7078125 0.12500000000000008 0.7828125 0.12500000000000008
3 0.7875 0.1359375000000001 0.709375 0.1359375000000001 0.709375 0.1984375000000001 0.7875 0.1984375000000001
4 0.790625 0.2093750000000001 0.7109375 0.2093750000000001 0.7109375 0.2687500000000001 0.790625 0.2687500000000001
5 0.7890625 0.2828125000000001 0.7109375 0.2828125000000001 0.7109375 0.3421875000000001 0.7890625 0.3421875000000001
6 0.7921875 0.35625000000000007 0.7125 0.35625000000000007 0.7125 0.4156250000000001 0.7921875 0.4156250000000002
7 0.790625 0.4281250000000001 0.715625 0.428125 0.715625 0.48906250000000007 0.790625 0.4890625000000002
8 0.7921875 0.5015625000000001 0.7140625 0.5015625 0.7140625 0.5609375000000001 0.7921875 0.5609375000000002
9 0.790625 0.5703125000000001 0.715625 0.5703125 0.715625 0.6328125000000001 0.790625 0.6328125000000002
0 0.79375 0.64375 0.715625 0.64375 0.715625 0.7046875000000001 0.79375 0.7046875000000001
48 0.7953125000000001 0.7125000000000001 0.7171875 0.7125 0.7171875000000001 0.7750000000000001 0.7953125000000002 0.7750000000000001
11 0.7937500000000002 0.784375 0.7187500000000002 0.784375 0.7187500000000002 0.8453125 0.7937500000000002 0.8453125
20 0.7937500000000002 0.853125 0.7187500000000002 0.853125 0.7187500000000002 0.99375 0.7937500000000002 0.99375
41 0.690625 0.02343750000000008 0.615625 0.023437500000000076 0.615625 0.08593750000000008 0.690625 0.08593750000000008
56 0.6953125 0.09843750000000008 0.6140625 0.09843750000000007 0.6140625 0.15781250000000008 0.6953125 0.15781250000000008
21 0.696875 0.1703125000000001 0.6140625 0.1703125000000001 0.6140625 0.2328125000000001 0.696875 0.2328125000000001
42 0.6953125 0.2453125000000001 0.615625 0.2453125000000001 0.615625 0.3046875000000001 0.6953125 0.3046875000000001
51 0.6984375 0.3187500000000001 0.615625 0.3187500000000001 0.615625 0.3781250000000001 0.6984375 0.3781250000000001
59 0.6984375 0.3921875000000001 0.61875 0.3921875000000001 0.61875 0.4515625 0.6984375 0.4515625
53 0.6984375 0.4640625 0.6203125 0.4640625 0.6203125 0.5265625 0.6984375 0.5265625
27 0.7 0.5375 0.621875 0.5375 0.621875 0.6 0.7 0.6
36 0.7 0.6125 0.621875 0.6125 0.621875 0.671875 0.7 0.671875
38 0.7015625000000001 0.6828125 0.6234375 0.6828125 0.6234375000000001 0.74375 0.7015625000000002 0.74375
54 0.7031250000000002 0.753125 0.6234375000000002 0.753125 0.6234375000000002 0.815625 0.7031250000000002 0.815625
39 0.7046875000000001 0.825 0.6250000000000002 0.825 0.6250000000000002 0.8890625 0.7046875000000001 0.8890625
22 0.7062500000000002 0.89375 0.5359375000000002 0.89375 0.5359375000000002 1 0.7062500000000002 1
45 0.5984375 6.821665373375491e-17 0.515625 6.31458505810354e-17 0.515625 0.02500000000000007 0.5984375 0.025000000000000078
10 0.5984375 0.037500000000000075 0.515625 0.03750000000000007 0.515625 0.09843750000000007 0.5984375 0.09843750000000007
43 0.6 0.11093750000000006 0.5171875 0.11093750000000005 0.5171875 0.17187500000000006 0.6 0.17187500000000008
19 0.6 0.18593750000000006 0.51875 0.18593750000000003 0.51875 0.2484375000000001 0.6 0.2484375000000001
23 0.6 0.2609375000000001 0.5203125 0.2609375000000001 0.5203125 0.3218750000000001 0.6 0.3218750000000001
24 0.6015625 0.3359375000000001 0.521875 0.3359375000000001 0.521875 0.39531250000000007 0.6015625 0.39531250000000007
25 0.603125 0.4125 0.5234375 0.4125 0.5234375 0.4734375 0.603125 0.4734375
28 0.6046875 0.484375 0.5234375 0.484375 0.5234375 0.546875 0.6046875 0.546875
29 0.60625 0.5578125 0.525 0.5578125 0.525 0.61875 0.60625 0.61875
31 0.6078125 0.63125 0.5265625 0.63125 0.5265625 0.69375 0.6078125 0.69375
37 0.6093750000000001 0.7046875 0.528125 0.7046875 0.5281250000000001 0.7671875 0.6093750000000002 0.7671875
12 0.6078125000000002 0.775 0.5296875000000002 0.775 0.5296875000000002 0.8375 0.6078125000000002 0.8375
26 0.6109375000000001 0.846875 0.5328125000000001 0.846875 0.5328125000000001 0.91875 0.6109375000000001 0.91875
32 0.5 5.606586127346476e-17 0.415625 5.089938258956187e-17 0.415625 0.060937500000000054 0.5 0.06093750000000007
58 0.496875 0.07031250000000006 0.4171875 0.07031250000000004 0.4171875 0.13281250000000006 0.496875 0.13281250000000006
57 0.5 0.14687500000000003 0.4171875 0.14687500000000003 0.4171875 0.2078125000000001 0.5 0.2078125000000001
16 0.503125 0.2218750000000001 0.41875 0.2218750000000001 0.41875 0.28593750000000007 0.503125 0.28593750000000007
55 0.5046875 0.2968750000000001 0.421875 0.2968750000000001 0.421875 0.3593750000000001 0.5046875 0.3593750000000001
15 0.5046875 0.37187500000000007 0.421875 0.37187500000000007 0.421875 0.434375 0.5046875 0.434375
35 0.50625 0.4484375 0.4234375 0.4484375 0.4234375 0.5109375 0.50625 0.5109375
33 0.5078125 0.521875 0.4234375 0.521875 0.4234375 0.584375 0.5078125 0.584375
18 0.5078125 0.5953125 0.425 0.5953125 0.425 0.6609375 0.5078125 0.6609375
40 0.5109375 0.671875 0.428125 0.671875 0.4281250000000001 0.734375 0.5109375000000002 0.734375
34 0.5125000000000002 0.74375 0.4281250000000002 0.74375 0.4281250000000002 0.809375 0.5125000000000002 0.809375
46 0.5187500000000002 0.815625 0.4312500000000002 0.815625 0.4312500000000002 1 0.5187500000000002 1
13 0.4015625 0.14375000000000004 0.3015625 0.14375000000000004 0.3015625 0.20937500000000003 0.4015625 0.2093750000000001
47 0.4109375 0.22031250000000005 0.3015625 0.2203125 0.30156250000000007 0.6578125 0.4109375 0.6578125
14 0.4140625000000001 0.6671875 0.3109375000000001 0.6671875 0.3109375000000001 0.7328125 0.41406250000000017 0.7328125
50 0.41718750000000016 0.8140625 0.31718750000000007 0.8140625 0.31718750000000007 0.8828125 0.41718750000000016 0.8828125
30 0.86875 7.060854201333958e-17 0.284375 3.482589335075286e-17 0.28437500000000004 1 0.86875 1