47 0.540625 0.18437500000000004 0.44375 0.18437500000000004 0.44375 0.4859375 0.540625 0.4859375
1 0.15625 1.4159978615141272e-17 0.075 9.184850993605149e-18 0.075 0.048437500000000015 0.15625 0.04843750000000002
11 0.15000000000000008 0.6578125 0.06875000000000009 0.6578125 0.06875000000000009 0.7125 0.15000000000000008 0.7125
33 0.4328125 0.4296875 0.34843750000000007 0.4296875 0.34843750000000007 0.4859375 0.4328125 0.4859375
55 0.4328125 0.24687500000000004 0.3484375 0.246875 0.3484375 0.30312500000000003 0.4328125 0.3031250000000001
52 0.2484375 2.5449691294780937e-17 0.1671875 2.0474563673244812e-17 0.1671875 0.021875000000000026 0.2484375 0.021875000000000026
31 0.3375000000000001 0.5203125 0.2531250000000001 0.5203125 0.2531250000000001 0.5765625 0.3375000000000001 0.5765625
16 0.4328125 0.18593750000000003 0.3484375 0.18593750000000003 0.3484375 0.24218750000000006 0.4328125 0.24218750000000008
9 0.15156250000000004 0.475 0.07031250000000007 0.475 0.07031250000000007 0.53125 0.15156250000000004 0.53125
23 0.340625 0.21875 0.25625 0.21875 0.25625 0.271875 0.340625 0.271875
18 0.43125 0.490625 0.3468750000000001 0.490625 0.3468750000000001 0.546875 0.43125 0.546875
50 0.540625 0.6140625 0.440625 0.6140625 0.440625 0.6703125 0.540625 0.6703125
21 0.25 0.14375000000000002 0.165625 0.14375 0.16562500000000002 0.19687500000000002 0.25 0.19687500000000005
5 0.15312500000000004 0.234375 0.07187500000000002 0.234375 0.07187500000000004 0.2875 0.15312500000000004 0.2875
34 0.43125 0.6125 0.3468750000000001 0.6125 0.3468750000000001 0.6703125 0.43125 0.6703125
19 0.340625 0.15625000000000006 0.25625 0.15625000000000006 0.25625 0.2125 0.340625 0.2125
6 0.15312500000000004 0.29375 0.07187500000000005 0.29375 0.07187500000000005 0.346875 0.15312500000000004 0.346875
10 0.3421875 0.03906250000000004 0.2578125 0.039062500000000035 0.2578125 0.09218750000000003 0.3421875 0.09218750000000005
42 0.2484375 0.203125 0.16406250000000006 0.203125 0.16406250000000006 0.25625 0.2484375 0.25625
28 0.3390625000000001 0.3984375 0.25468750000000007 0.3984375 0.25468750000000007 0.4546875 0.3390625000000001 0.4546875
36 0.24218750000000008 0.5046875 0.16093750000000004 0.5046875 0.16093750000000007 0.5609375 0.24218750000000008 0.5609375
17 0.15625 1.4255654146324658e-17 0.0765625 9.376202055971923e-18 0.0765625 0.007812500000000014 0.15625 0.007812500000000019
51 0.246875 0.2640625 0.16250000000000003 0.2640625 0.16250000000000003 0.3171875 0.246875 0.3171875
7 0.15156250000000004 0.3546875 0.07031250000000004 0.3546875 0.07031250000000004 0.4078125 0.15156250000000004 0.4078125
30 0.5734375 3.5208595475486407e-17 0.0015625 1.9135106236677395e-19 0.001562500000000061 1 0.5734375000000002 1
29 0.3375000000000001 0.459375 0.2531250000000001 0.459375 0.2531250000000001 0.515625 0.3375000000000001 0.515625
4 0.15468750000000003 0.1734375 0.07343750000000002 0.1734375 0.07343750000000002 0.2265625 0.15468750000000003 0.2265625
38 0.2453125000000001 0.5671875 0.1609375000000001 0.5671875 0.1609375000000001 0.6234375 0.2453125000000001 0.6234375
12 0.3343750000000001 0.64375 0.2531250000000001 0.64375 0.2531250000000001 0.7 0.3343750000000001 0.7
37 0.3375000000000001 0.5828125 0.2531250000000001 0.5828125 0.2531250000000001 0.6390625 0.3375000000000001 0.6390625
57 0.4328125 0.12656250000000005 0.3484375 0.12656250000000005 0.3484375 0.17968750000000006 0.4328125 0.17968750000000006
3 0.1546875 0.1140625 0.07500000000000002 0.1140625 0.07500000000000002 0.1671875 0.1546875 0.1671875
0 0.15000000000000008 0.534375 0.06875000000000006 0.534375 0.06875000000000006 0.590625 0.15000000000000008 0.590625
54 0.2468750000000001 0.628125 0.1593750000000001 0.628125 0.1593750000000001 0.684375 0.2468750000000001 0.684375
53 0.24375000000000008 0.3859375 0.16250000000000003 0.3859375 0.16250000000000003 0.4390625 0.24375000000000008 0.4390625
44 0.4328125 4.802911665406026e-17 0.3515625 4.305398903252414e-17 0.3515625 0.01718750000000005 0.4328125 0.017187500000000057
39 0.24375000000000008 0.6890625 0.1593750000000001 0.6890625 0.1593750000000001 0.7453125 0.24375000000000008 0.7453125
2 0.15625 0.054687500000000014 0.075 0.0546875 0.07500000000000001 0.1078125 0.15625 0.1078125
26 0.3343750000000001 0.70625 0.2531250000000001 0.70625 0.2531250000000001 0.7671875 0.3343750000000001 0.7671875
25 0.34062500000000007 0.3375 0.25625 0.3375 0.25625000000000003 0.39375 0.34062500000000007 0.39375
15 0.4328125 0.30625 0.3484375 0.30625 0.3484375 0.36250000000000004 0.4328125 0.3625000000000001
45 0.340625 3.6739403974420595e-17 0.259375 3.1764276352884476e-17 0.259375 0.032812500000000036 0.340625 0.03281250000000004
14 0.540625 0.490625 0.440625 0.490625 0.440625 0.546875 0.540625 0.546875
59 0.24687500000000004 0.325 0.16250000000000003 0.325 0.16250000000000003 0.378125 0.2468750000000001 0.378125
32 0.4328125 0.007812500000000047 0.3484375 0.007812500000000042 0.3484375 0.06093750000000005 0.4328125 0.06093750000000005
24 0.3390625 0.2765625 0.2578125 0.2765625 0.2578125 0.3328125 0.3390625 0.3328125
8 0.15156250000000004 0.415625 0.07031250000000004 0.415625 0.07031250000000006 0.46875 0.15156250000000004 0.46875
13 0.540625 0.12656250000000005 0.44375 0.12656250000000005 0.44375 0.17968750000000006 0.540625 0.17968750000000006
40 0.43125 0.5515625 0.3468750000000001 0.5515625 0.3468750000000001 0.6078125 0.43125 0.6078125
35 0.4328125 0.36875 0.34843750000000007 0.36875 0.34843750000000007 0.425 0.4328125 0.425
48 0.14843750000000008 0.5984375 0.06718750000000007 0.5984375 0.06718750000000008 0.6515625 0.14843750000000008 0.6515625
41 0.2484375 0.021875000000000026 0.1671875 0.021875000000000023 0.1671875 0.07812500000000003 0.2484375 0.07812500000000003
58 0.4328125 0.06718750000000004 0.3515625 0.06718750000000004 0.3515625 0.12031250000000004 0.4328125 0.12031250000000004
27 0.2468750000000001 0.4453125 0.16250000000000003 0.4453125 0.16250000000000003 0.4984375 0.2468750000000001 0.4984375
49 0.540625 6.027558464553378e-17 0.44375 5.43437017121638e-17 0.44375 0.015625000000000062 0.540625 0.015625000000000066
43 0.340625 0.09687500000000003 0.25625 0.09687500000000002 0.25625 0.15000000000000005 0.340625 0.15000000000000005
20 0.15000000000000008 0.71875 0.06875000000000009 0.71875 0.0687500000000001 0.8421875 0.15000000000000008 0.8421875
56 0.246875 0.08437500000000002 0.165625 0.08437500000000002 0.165625 0.1375 0.246875 0.13750000000000004
22 0.3312500000000001 0.7578125 0.1609375000000001 0.7578125 0.1609375000000001 0.84375 0.3312500000000001 0.84375
46 0.4312500000000001 0.6765625 0.3468750000000001 0.6765625 0.3468750000000001 0.8453125 0.4312500000000002 0.8453125