54 0.328125 0.25625 0.284375 0.25625 0.284375 0.31875 0.328125 0.31875
45 0.8875 0.31718750000000007 0.81875 0.31718750000000007 0.81875 0.37968750000000007 0.8875 0.37968750000000007
55 0.6390625 0.39531250000000007 0.5953125 0.39531250000000007 0.5953125 0.4625 0.6390625 0.4625
24 0.6125 0.3234375000000001 0.56875 0.3234375000000001 0.56875 0.3890625000000001 0.6125 0.3890625000000001
8 0.5 0.18593750000000003 0.45625 0.18593750000000003 0.45625 0.2453125000000001 0.5 0.2453125000000001
33 0.4875 0.3984375000000001 0.4421875 0.3984375000000001 0.4421875 0.465625 0.4875 0.465625
46 0.28593750000000007 0.4015625 0.14218750000000005 0.4015625 0.14218750000000005 0.4703125 0.28593750000000007 0.4703125
2 0.790625 0.17968750000000008 0.746875 0.17968750000000008 0.746875 0.24218750000000008 0.790625 0.24218750000000008
39 0.278125 0.2609375 0.2328125 0.2609375 0.2328125 0.321875 0.278125 0.321875
43 0.7625 0.3218750000000001 0.71875 0.3218750000000001 0.71875 0.3828125000000001 0.7625 0.3828125000000001
51 0.6234375 0.2515625000000001 0.5796875 0.2515625000000001 0.5796875 0.3109375000000001 0.6234375 0.3109375000000001
27 0.4765625 0.2515625000000001 0.43125 0.2515625000000001 0.43125 0.31718750000000007 0.4765625 0.31718750000000007
34 0.3359375000000001 0.403125 0.2890625000000001 0.403125 0.2890625000000001 0.4703125 0.3359375000000001 0.4703125
40 0.3859375000000001 0.4015625 0.34062500000000007 0.4015625 0.34062500000000007 0.4671875 0.3859375000000001 0.4671875
19 0.7125 0.3203125000000001 0.66875 0.3203125000000001 0.66875 0.3859375000000001 0.7125 0.3859375000000001
1 0.840625 0.1750000000000001 0.796875 0.1750000000000001 0.796875 0.2406250000000001 0.840625 0.2406250000000001
15 0.590625 0.39531250000000007 0.54375 0.39531250000000007 0.54375 0.4625 0.590625 0.4625
13 0.7453125 0.4671875000000001 0.696875 0.4671875 0.696875 0.55 0.7453125 0.5500000000000002
25 0.5625 0.32500000000000007 0.5171875 0.32500000000000007 0.5171875 0.38750000000000007 0.5625 0.38750000000000007
14 0.3906250000000001 0.4734375 0.3437500000000001 0.4734375 0.3437500000000001 0.5578125 0.3906250000000001 0.5578125
26 0.26250000000000007 0.328125 0.2140625 0.328125 0.21406250000000004 0.39375 0.26250000000000007 0.39375
7 0.5484375 0.18281250000000007 0.5046875 0.18281250000000004 0.5046875 0.24375000000000008 0.5484375 0.24375000000000008
4 0.69375 0.17968750000000008 0.6515625 0.17968750000000008 0.6515625 0.24218750000000008 0.69375 0.24218750000000008
59 0.5734375 0.2531250000000001 0.5296875 0.2531250000000001 0.5296875 0.3140625000000001 0.5734375 0.3140625000000001
23 0.6625 0.3203125000000001 0.61875 0.3203125000000001 0.61875 0.3859375000000001 0.6625 0.3859375000000001
5 0.6453125 0.1828125000000001 0.603125 0.1828125000000001 0.603125 0.24218750000000008 0.6453125 0.24218750000000008
28 0.5125 0.32500000000000007 0.46875 0.32500000000000007 0.46875 0.3906250000000001 0.5125 0.3906250000000001
20 0.2578125 0.19062500000000002 0.15781250000000005 0.190625 0.15781250000000005 0.25 0.2578125 0.25
53 0.525 0.2515625000000001 0.48125 0.2515625000000001 0.48125 0.31718750000000007 0.525 0.31718750000000007
47 0.6953125 0.471875 0.3921875000000001 0.471875 0.3921875000000001 0.55 0.6953125 0.55
48 0.3546875 0.18750000000000006 0.3109375 0.18750000000000006 0.3109375 0.2484375 0.3546875 0.2484375
42 0.671875 0.2484375000000001 0.628125 0.2484375000000001 0.628125 0.3109375000000001 0.671875 0.3109375000000001
18 0.4359375 0.3984375000000001 0.3921875000000001 0.3984375000000001 0.3921875000000001 0.4671875 0.4359375 0.4671875
12 0.3140625 0.328125 0.26875 0.328125 0.26875000000000004 0.39375 0.3140625000000001 0.39375
9 0.4515625 0.18593750000000003 0.4078125 0.18593750000000003 0.4078125 0.2468750000000001 0.4515625 0.2468750000000001
11 0.30625 0.18750000000000006 0.2625 0.18750000000000006 0.2625 0.25 0.30625 0.25
30 0.915625 0.11093750000000006 0.07031250000000003 0.1109375 0.07031250000000004 0.5921875000000001 0.915625 0.5921875000000002
22 0.22187500000000004 0.2625 0.15000000000000005 0.2625 0.15000000000000005 0.39375 0.2218750000000001 0.39375
16 0.690625 0.3937500000000001 0.6453125 0.3937500000000001 0.6453125 0.4625 0.690625 0.4625
41 0.8203125 0.2484375000000001 0.775 0.2484375000000001 0.775 0.3078125000000001 0.8203125 0.3078125000000001
35 0.5390625 0.3984375000000001 0.4921875 0.3984375000000001 0.4921875 0.465625 0.5390625 0.465625
52 0.88125 0.2468750000000001 0.825 0.2468750000000001 0.825 0.3078125000000001 0.88125 0.3078125000000001
6 0.596875 0.1828125000000001 0.5546875 0.1828125000000001 0.5546875 0.24218750000000008 0.596875 0.24218750000000008
58 0.7921875 0.3906250000000001 0.746875 0.3906250000000001 0.746875 0.4578125000000002 0.7921875 0.4578125000000002
44 0.89375 0.3890625000000001 0.840625 0.3890625000000001 0.840625 0.4546875000000002 0.89375 0.4546875000000002
38 0.3765625 0.25625000000000003 0.3328125 0.25625 0.3328125 0.31875000000000003 0.3765625 0.3187500000000001
36 0.425 0.2562500000000001 0.38125 0.2562500000000001 0.38125 0.31718750000000007 0.425 0.31718750000000007
0 0.4015625 0.18906250000000005 0.3578125 0.18906250000000005 0.3578125 0.24843750000000003 0.4015625 0.2484375000000001
10 0.8125 0.3203125000000001 0.76875 0.3203125000000001 0.76875 0.3828125000000001 0.8125 0.3828125000000001
29 0.4625 0.32500000000000007 0.41875 0.32500000000000007 0.41875 0.3906250000000001 0.4625 0.3906250000000001
56 0.7703125 0.2468750000000001 0.7265625 0.2468750000000001 0.7265625 0.30937500000000007 0.7703125 0.30937500000000007
49 0.9015625 0.46406250000000016 0.853125 0.46406250000000016 0.853125 0.5453125000000002 0.9015625 0.5453125000000002
57 0.7421875 0.3937500000000001 0.696875 0.3937500000000001 0.696875 0.4609375000000001 0.7421875 0.46093750000000017
37 0.36250000000000004 0.3296875 0.31875 0.3296875 0.31875000000000003 0.3921875 0.3625000000000001 0.3921875
21 0.7203125 0.2468750000000001 0.6765625 0.2468750000000001 0.6765625 0.3125000000000001 0.7203125 0.3125000000000001
17 0.8765625 0.1781250000000001 0.8453125 0.1781250000000001 0.8453125 0.2375000000000001 0.8765625 0.2375000000000001
32 0.840625 0.3906250000000001 0.796875 0.3906250000000001 0.796875 0.4578125000000002 0.840625 0.4578125000000002
3 0.7421875 0.1781250000000001 0.6984375 0.1781250000000001 0.6984375 0.2406250000000001 0.7421875 0.2406250000000001
31 0.4125 0.3265625000000001 0.36875 0.3265625000000001 0.36875 0.3921875000000001 0.4125 0.3921875000000001
50 0.2875000000000001 0.4765625 0.2390625000000001 0.4765625 0.2390625000000001 0.5640625 0.2875000000000001 0.5640625