17 0.7859375 0.2593750000000001 0.7046875 0.2593750000000001 0.7046875 0.3500000000000001 0.7859375 0.3500000000000001
1 0.7296875 0.2234375000000001 0.6234375 0.2234375000000001 0.6234375 0.3203125000000001 0.7296875 0.3203125000000001
2 0.646875 0.1843750000000001 0.5453125 0.1843750000000001 0.5453125 0.2812500000000001 0.646875 0.2812500000000001
3 0.5703125 0.15156250000000007 0.4703125 0.15156250000000004 0.4703125 0.2468750000000001 0.5703125 0.2468750000000001
4 0.4984375 0.11562500000000005 0.396875 0.11562500000000005 0.396875 0.21093750000000008 0.4984375 0.21093750000000008
5 0.425 0.07968750000000005 0.328125 0.07968750000000005 0.328125 0.17031250000000003 0.425 0.17031250000000003
6 0.359375 0.048437500000000036 0.2625 0.048437500000000036 0.2625 0.13750000000000004 0.359375 0.13750000000000004
7 0.290625 0.01718750000000003 0.19375 0.017187500000000022 0.19375 0.10000000000000005 0.290625 0.10000000000000005
8 0.2296875 2.2196723234545774e-17 0.1328125 1.6264840301175783e-17 0.1328125 0.06406250000000002 0.2296875 0.06406250000000002
52 0.7359375 0.3125000000000001 0.6046875 0.3125000000000001 0.6046875 0.4281250000000001 0.7359375 0.4281250000000002
41 0.63125 0.2734375000000001 0.528125 0.2734375000000001 0.528125 0.3750000000000001 0.63125 0.3750000000000001
56 0.55 0.24375000000000008 0.45 0.24375000000000008 0.45 0.3375000000000001 0.55 0.3375000000000001
21 0.4796875 0.19687500000000005 0.3765625 0.19687500000000005 0.3765625 0.29375000000000007 0.4796875 0.29375000000000007
42 0.40625 0.16562500000000005 0.3078125 0.16562500000000005 0.3078125 0.25625000000000003 0.40625 0.2562500000000001
51 0.33125 0.12500000000000006 0.2375 0.12500000000000006 0.2375 0.2234375 0.33125 0.2234375
59 0.265625 0.09218750000000002 0.171875 0.09218750000000002 0.171875 0.18125000000000002 0.265625 0.18125000000000005
53 0.1984375 0.05625000000000002 0.1078125 0.05625000000000002 0.1078125 0.1453125 0.1984375 0.14531250000000004
27 0.1375 0.025000000000000015 0.046875 0.025000000000000012 0.04687500000000001 0.1125 0.1375 0.1125
36 0.075 0.0015625000000000044 1.9135106236677395e-19 0.0015625 4.975127621536122e-18 0.0796875 0.075 0.0796875
45 0.6796875 0.3765625000000001 0.5265625 0.3765625000000001 0.5265625 0.5125 0.6796875 0.5125
10 0.553125 0.34843750000000007 0.45625 0.34843750000000007 0.45625 0.4375 0.553125 0.4375
43 0.478125 0.2984375000000001 0.375 0.2984375000000001 0.37500000000000006 0.4015625 0.478125 0.4015625
19 0.4015625 0.26250000000000007 0.3015625 0.2625 0.3015625 0.35937500000000006 0.4015625 0.3593750000000001
23 0.3296875 0.2203125 0.2296875 0.2203125 0.2296875 0.315625 0.3296875 0.315625
24 0.2625 0.18125000000000002 0.1625 0.18125 0.16250000000000003 0.278125 0.2625 0.278125
25 0.19062500000000002 0.1453125 0.09531250000000002 0.1453125 0.09531250000000002 0.2390625 0.19062500000000004 0.2390625
28 0.12656250000000002 0.109375 0.031250000000000014 0.109375 0.031250000000000014 0.203125 0.12656250000000005 0.203125
29 0.06875 0.06875 8.419446744138053e-18 0.06875 1.4351329677508044e-17 0.165625 0.06875000000000002 0.165625
44 0.6265625 0.4765625 0.496875 0.4765625 0.496875 0.5890625 0.6265625 0.5890625
32 0.5375 0.4375 0.428125 0.4375 0.428125 0.546875 0.5375 0.546875
58 0.459375 0.39062500000000006 0.3500000000000001 0.390625 0.3500000000000001 0.5 0.459375 0.5
57 0.384375 0.34843750000000007 0.271875 0.3484375 0.27187500000000003 0.4578125 0.3843750000000001 0.4578125
16 0.30625 0.3078125 0.203125 0.3078125 0.20312500000000006 0.4140625 0.3062500000000001 0.4140625
55 0.23593750000000005 0.2671875 0.13281250000000006 0.2671875 0.13281250000000006 0.3734375 0.23593750000000008 0.3734375
15 0.16875000000000004 0.2296875 0.06250000000000003 0.2296875 0.06250000000000003 0.3359375 0.16875000000000004 0.3359375
35 0.09843750000000004 0.190625 2.3344829608746423e-17 0.190625 2.9468063604483184e-17 0.290625 0.09843750000000004 0.290625
49 0.571875 0.559375 0.4375 0.559375 0.4375 0.69375 0.571875 0.69375
13 0.3234375000000001 0.4203125 0.2015625000000001 0.4203125 0.2015625000000001 0.546875 0.3234375000000001 0.546875
30 0.825 5.051668046482832e-17 0 0 4.2288584783057046e-17 0.690625 0.825 0.6906250000000002
47 0.24218750000000006 0.253125 0.0015625000000000313 0.253125 0.001562500000000046 0.5 0.24218750000000008 0.5