42 0.24843750000000003 0.2234375 0.2 0.2234375 0.20000000000000004 0.365625 0.2484375000000001 0.365625
36 0.54375 0.23437500000000008 0.4890625 0.23437500000000008 0.4890625 0.3890625000000001 0.54375 0.3890625000000001
18 0.525 0.5609375 0.4734375 0.5609375 0.4734375 0.715625 0.525 0.715625
24 0.31718750000000007 0.3890625 0.27031250000000007 0.3890625 0.27031250000000007 0.5296875 0.31718750000000007 0.5296875
52 0.031250000000000035 0.2125 2.6023744481881253e-17 0.2125 3.473021781956947e-17 0.3546875 0.03125000000000004 0.3546875
55 0.2843750000000001 0.55 0.2390625000000001 0.55 0.2390625000000001 0.6921875 0.2843750000000001 0.6921875
20 0.8125 0.07968750000000009 0.6984375 0.07968750000000009 0.6984375 0.22656250000000008 0.8125 0.22656250000000008
25 0.3781250000000001 0.3921875 0.3281250000000001 0.3921875 0.3281250000000001 0.53125 0.3781250000000001 0.53125
30 1 6.123233995736766e-17 0 0 6.075396230145073e-17 0.9921875 1 0.9921875
3 0.16250000000000003 0.06093750000000002 0.115625 0.06093750000000002 0.11562500000000002 0.196875 0.16250000000000003 0.196875
22 0.8171875 0.24218750000000008 0.73125 0.24218750000000008 0.73125 0.5687500000000002 0.8171875 0.5687500000000002
7 0.39375 0.07031250000000004 0.346875 0.07031250000000004 0.346875 0.20937500000000003 0.39375 0.2093750000000001
10 0.08281250000000005 0.3796875 0.035937500000000046 0.3796875 0.03593750000000005 0.51875 0.08281250000000007 0.51875
57 0.1687500000000001 0.546875 0.12031250000000009 0.546875 0.12031250000000009 0.6875 0.1687500000000001 0.6875
47 0.4515625000000001 0.7171875 0.1750000000000001 0.7171875 0.1750000000000001 0.8875 0.4515625000000002 0.8875
21 0.19062500000000004 0.221875 0.14062500000000006 0.221875 0.14062500000000006 0.3703125 0.19062500000000004 0.3703125
17 0.018750000000000013 0.05625 6.888638245203862e-18 0.05625 1.521240945815853e-17 0.1921875 0.018750000000000024 0.1921875
46 0.8203125 0.5671875000000001 0.653125 0.5671875 0.6531250000000001 0.7375 0.8203125 0.7375000000000002
41 0.07500000000000004 0.21875 0.023437500000000028 0.21875 0.023437500000000035 0.3640625 0.07500000000000004 0.3640625
51 0.30625 0.2265625 0.2578125 0.2265625 0.25781250000000006 0.365625 0.3062500000000001 0.365625
44 0.023437500000000076 0.5375 6.582476545417023e-17 0.5375 7.443556326067506e-17 0.678125 0.023437500000000083 0.678125
58 0.10937500000000008 0.546875 0.06093750000000007 0.546875 0.060937500000000075 0.6875 0.10937500000000008 0.6875
54 0.6625 0.23437500000000008 0.60625 0.23437500000000008 0.60625 0.39531250000000007 0.6625 0.39531250000000007
8 0.453125 0.07500000000000004 0.403125 0.07500000000000004 0.403125 0.2218750000000001 0.453125 0.2218750000000001
6 0.3375 0.07031250000000004 0.2875 0.07031250000000004 0.2875 0.209375 0.3375 0.209375
23 0.2609375000000001 0.3859375 0.21093750000000008 0.3859375 0.21093750000000008 0.5328125 0.2609375000000001 0.5328125
19 0.19843750000000004 0.3828125 0.15312500000000004 0.3828125 0.15312500000000004 0.521875 0.19843750000000004 0.521875
56 0.12968750000000004 0.21875 0.08281250000000002 0.21875 0.08281250000000004 0.3578125 0.12968750000000004 0.3578125
5 0.278125 0.07031250000000003 0.23125 0.07031250000000003 0.23125 0.203125 0.278125 0.203125
37 0.615625 0.3968750000000001 0.5640625 0.3968750000000001 0.5640625 0.5546875 0.615625 0.5546875
16 0.22656250000000008 0.546875 0.1781250000000001 0.546875 0.1781250000000001 0.6921875 0.22656250000000008 0.6921875
2 0.10625000000000002 0.06093750000000001 0.059375 0.0609375 0.05937500000000001 0.19375 0.10625000000000004 0.19375
26 0.7390625 0.4015625000000001 0.6859375 0.4015625 0.6859375 0.5640625000000001 0.7390625 0.5640625000000001
32 0.053125000000000075 0.5390625 6.6016116516537e-17 0.5390625 7.539231857250893e-17 0.6921875 0.05312500000000009 0.6921875
50 0.6343750000000001 0.7328125 0.5781250000000002 0.7328125 0.5781250000000002 0.89375 0.6343750000000001 0.89375
28 0.4375 0.3937500000000001 0.3859375000000001 0.3937500000000001 0.3859375000000001 0.546875 0.4375 0.546875
35 0.403125 0.55625 0.35625000000000007 0.55625 0.35625000000000007 0.6984375 0.403125 0.6984375
48 0.63125 0.07656250000000006 0.5796875 0.07656250000000006 0.5796875 0.2312500000000001 0.63125 0.2312500000000001
4 0.2203125 0.06406250000000002 0.1734375 0.06406250000000002 0.17343750000000002 0.2 0.2203125 0.2
31 0.55625 0.39531250000000007 0.5046875 0.39531250000000007 0.5046875 0.55 0.55625 0.55
40 0.5828125 0.5640625 0.534375 0.5640625 0.534375 0.7140625 0.5828125 0.7140625
1 0.048437500000000015 0.059375 7.271340369937409e-18 0.059375 1.578646264525885e-17 0.1984375 0.04843750000000002 0.1984375
43 0.14375000000000004 0.3796875 0.09218750000000005 0.3796875 0.09218750000000006 0.525 0.14375000000000004 0.525
0 0.571875 0.07656250000000006 0.51875 0.07656250000000006 0.51875 0.2234375000000001 0.571875 0.2234375000000001
9 0.5140625 0.07656250000000006 0.4609375 0.07656250000000006 0.4609375 0.22812500000000008 0.5140625 0.22812500000000008
13 0.16562500000000008 0.7109375 0.1140625000000001 0.7109375 0.1140625000000001 0.8609375 0.16562500000000008 0.8609375
29 0.4953125 0.39531250000000007 0.446875 0.39531250000000007 0.446875 0.54375 0.4953125 0.54375
11 0.6921875 0.07812500000000008 0.6390625 0.07812500000000008 0.6390625 0.2296875000000001 0.6921875 0.2296875000000001
14 0.5078125000000002 0.728125 0.4593750000000002 0.728125 0.4593750000000002 0.875 0.5078125000000002 0.875
27 0.4828125 0.23437500000000008 0.43125 0.23437500000000008 0.43125 0.3750000000000001 0.4828125 0.3750000000000001
45 0.04062500000000006 0.375 4.592425496802575e-17 0.375 5.43437017121638e-17 0.5125 0.040625000000000064 0.5125
39 0.721875 0.2375000000000001 0.66875 0.2375000000000001 0.66875 0.3968750000000001 0.721875 0.3968750000000001
38 0.6015625 0.2375000000000001 0.5484375 0.2375000000000001 0.5484375 0.3828125000000001 0.6015625 0.3828125000000001
15 0.3453125000000001 0.553125 0.2953125000000001 0.553125 0.2953125000000001 0.6984375 0.3453125000000001 0.6984375
33 0.46875 0.55625 0.4140625 0.55625 0.4140625 0.7203125 0.46875 0.7203125
49 0.0281250000000001 0.7046875 8.629932912741505e-17 0.7046875 9.61539088393039e-17 0.865625 0.02812500000000011 0.865625
59 0.36406250000000007 0.22968750000000004 0.315625 0.2296875 0.31562500000000004 0.36875 0.36406250000000007 0.3687500000000001
12 0.678125 0.403125 0.6234375 0.403125 0.6234375 0.5546875 0.678125 0.5546875
34 0.6453125 0.5671875 0.59375 0.5671875 0.59375 0.7203125 0.6453125 0.7203125
53 0.4234375 0.2328125000000001 0.375 0.2328125000000001 0.37500000000000006 0.37187500000000007 0.4234375 0.37187500000000007