17 0.809375 0.890625 0.7500000000000002 0.890625 0.7500000000000002 0.921875 0.809375 0.921875
1 0.809375 0.8421875 0.7468750000000002 0.8421875 0.7468750000000002 0.884375 0.809375 0.884375
2 0.8078125 0.7937500000000002 0.7484375000000002 0.7937500000000002 0.7484375000000002 0.8359375 0.8078125 0.8359375
3 0.8078125 0.7437500000000001 0.7484375000000002 0.7437500000000001 0.7484375000000002 0.7859375000000002 0.8078125 0.7859375000000002
4 0.8078125 0.6953125000000002 0.7484375 0.6953125000000002 0.7484375000000001 0.7375000000000002 0.8078125 0.7375000000000002
5 0.8078125 0.6468750000000002 0.7453125 0.6468750000000002 0.7453125 0.6875000000000002 0.8078125 0.6875000000000002
6 0.80625 0.5984375000000002 0.7453125 0.5984375000000002 0.7453125 0.6390625000000002 0.80625 0.6390625000000002
7 0.80625 0.5500000000000002 0.746875 0.5500000000000002 0.746875 0.5906250000000002 0.80625 0.5906250000000002
8 0.80625 0.5015625000000001 0.746875 0.5015625000000001 0.746875 0.5421875000000002 0.80625 0.5421875000000002
9 0.8046875 0.45312500000000017 0.7453125 0.45312500000000017 0.7453125 0.4937500000000002 0.8046875 0.4937500000000002
0 0.80625 0.4046875000000002 0.746875 0.4046875000000002 0.746875 0.4468750000000002 0.80625 0.4468750000000002
48 0.8046875 0.3578125000000001 0.746875 0.3578125000000001 0.746875 0.3984375000000001 0.8046875 0.3984375000000001
11 0.80625 0.30937500000000007 0.7453125 0.30937500000000007 0.7453125 0.3500000000000001 0.80625 0.3500000000000001
20 0.80625 0.2062500000000001 0.7453125 0.2062500000000001 0.7453125 0.3031250000000001 0.80625 0.3031250000000001
52 0.7406250000000002 0.86875 0.6796875000000002 0.86875 0.6796875000000002 0.9234375 0.7406250000000002 0.9234375
41 0.7390625000000002 0.81875 0.6781250000000002 0.81875 0.6781250000000002 0.8625 0.7390625000000002 0.8625
56 0.7375000000000002 0.76875 0.6781250000000002 0.76875 0.6781250000000002 0.8125 0.7375000000000002 0.8125
21 0.7375 0.721875 0.6765625 0.721875 0.6765625000000001 0.7625000000000001 0.7375000000000002 0.7625000000000002
42 0.7359375 0.6703125000000001 0.6765625 0.6703125 0.6765625 0.7125000000000001 0.7359375 0.7125000000000001
51 0.7359375 0.6218750000000001 0.678125 0.621875 0.678125 0.6640625000000001 0.7359375 0.6640625000000002
59 0.7359375 0.5734375 0.6765625 0.5734375 0.6765625 0.6140625000000001 0.7359375 0.6140625000000002
53 0.7359375 0.5250000000000001 0.678125 0.525 0.678125 0.565625 0.7359375 0.5656250000000002
27 0.7359375 0.4765625000000001 0.6765625 0.4765625 0.6765625 0.5171875000000001 0.7359375 0.5171875000000001
36 0.7359375 0.4296875000000001 0.6765625 0.4296875 0.6765625 0.4703125000000001 0.7359375 0.4703125000000002
38 0.734375 0.3812500000000001 0.6765625 0.3812500000000001 0.6765625 0.4218750000000001 0.734375 0.42187500000000017
54 0.7359375 0.33281250000000007 0.6765625 0.33281250000000007 0.6765625 0.3734375000000001 0.7359375 0.3734375000000001
39 0.734375 0.2843750000000001 0.678125 0.2843750000000001 0.678125 0.32500000000000007 0.734375 0.32500000000000007
22 0.7390625 0.20468750000000008 0.6078125 0.20468750000000008 0.6078125 0.27812500000000007 0.7390625 0.27812500000000007
45 0.6671875000000002 0.8578125 0.6078125000000002 0.8578125 0.6078125000000002 0.9265625 0.6671875000000002 0.9265625
10 0.6671875000000002 0.8078125 0.6078125000000002 0.8078125 0.6078125000000002 0.8484375 0.6671875000000002 0.8484375
43 0.6671875000000002 0.759375 0.6078125000000002 0.759375 0.6078125000000002 0.8 0.6671875000000002 0.8
19 0.6671875 0.709375 0.6078125 0.709375 0.6078125000000001 0.75 0.6671875000000002 0.75
23 0.6671875 0.659375 0.60625 0.659375 0.60625 0.7 0.6671875 0.7
24 0.665625 0.6109375 0.60625 0.6109375 0.60625 0.6515625 0.665625 0.6515625
25 0.6671875 0.5625 0.60625 0.5625 0.60625 0.603125 0.6671875 0.603125
28 0.6671875 0.5125 0.6078125 0.5125 0.6078125 0.553125 0.6671875 0.553125
29 0.6671875 0.4640625 0.60625 0.4640625 0.60625 0.5046875 0.6671875 0.5046875
31 0.665625 0.415625 0.60625 0.415625 0.60625 0.4578125 0.665625 0.4578125
37 0.665625 0.3687500000000001 0.60625 0.3687500000000001 0.60625 0.409375 0.665625 0.409375
12 0.665625 0.3187500000000001 0.60625 0.3187500000000001 0.60625 0.3609375000000001 0.665625 0.3609375000000001
26 0.665625 0.26250000000000007 0.6078125 0.26250000000000007 0.6078125 0.3125000000000001 0.665625 0.3125000000000001
44 0.5953125000000001 0.8796875 0.5359375000000002 0.8796875 0.5359375000000002 0.928125 0.5953125000000001 0.928125
32 0.5968750000000002 0.8328125 0.5343750000000002 0.8328125 0.5343750000000002 0.875 0.5968750000000002 0.875
58 0.5953125000000001 0.784375 0.5343750000000002 0.784375 0.5343750000000002 0.828125 0.5953125000000001 0.828125
57 0.5953125000000001 0.7328125 0.5359375000000002 0.7328125 0.5359375000000002 0.7765625 0.5953125000000001 0.7765625
16 0.5953125000000001 0.684375 0.534375 0.684375 0.534375 0.7265625 0.5953125000000001 0.7265625
55 0.5953125 0.634375 0.534375 0.634375 0.534375 0.6765625 0.5953125 0.6765625
15 0.5953125 0.5859375 0.534375 0.5859375 0.534375 0.628125 0.5953125 0.628125
35 0.5953125 0.5359375 0.534375 0.5359375 0.534375 0.578125 0.5953125 0.578125
33 0.5953125 0.4890625 0.534375 0.4890625 0.534375 0.5296875 0.5953125 0.5296875
18 0.5953125 0.440625 0.5359375 0.440625 0.5359375 0.48125 0.5953125 0.48125
40 0.5953125 0.3906250000000001 0.5359375 0.3906250000000001 0.5359375 0.434375 0.5953125 0.434375
34 0.596875 0.3421875000000001 0.5375 0.3421875000000001 0.5375 0.3843750000000001 0.596875 0.3843750000000001
46 0.596875 0.2015625000000001 0.5359375 0.2015625000000001 0.5359375 0.3359375000000001 0.596875 0.3359375000000001
49 0.5234375000000002 0.8859375 0.44531250000000017 0.8859375 0.44531250000000017 0.9296875 0.5234375000000002 0.9296875
13 0.5234375000000002 0.7359375 0.4468750000000002 0.7359375 0.4468750000000002 0.778125 0.5234375000000002 0.778125
47 0.5234375000000001 0.4890625 0.4484375 0.4890625 0.4484375000000001 0.7265625 0.5234375000000002 0.7265625
14 0.525 0.440625 0.45 0.440625 0.45 0.48125 0.525 0.48125
50 0.525 0.3421875000000001 0.45 0.3421875000000001 0.45 0.3843750000000001 0.525 0.3843750000000001
30 0.915625 0.010937500000000083 0.43125 0.010937500000000053 0.4312500000000001 0.9515625 0.915625 0.9515625