46 0.4078125000000001 0.709375 0.2734375000000001 0.709375 0.2734375000000001 0.8625 0.4078125000000002 0.8625
30 1 6.505936120470315e-17 0.0625 7.654042494670958e-18 0.06250000000000007 1 1 1
22 0.7343750000000002 0.7890625000000001 0.4437500000000002 0.7890625 0.4437500000000002 0.8578125 0.7343750000000002 0.8578125
45 0.5703125 6.180639314446799e-17 0.4390625 5.376964852506348e-17 0.4390625 0.07812500000000006 0.5703125 0.07812500000000007
47 0.24687500000000004 0.25 0.09062500000000002 0.25 0.09062500000000004 0.54375 0.2468750000000001 0.54375
20 0.9 0.7531250000000002 0.7687500000000002 0.7531250000000002 0.7687500000000002 0.8578125 0.9 0.8578125
17 0.9 0.001562500000000101 0.75 0.0015625000000000916 0.75 0.0390625000000001 0.9 0.03906250000000011
1 0.8953125 0.0453125000000001 0.75625 0.04531250000000009 0.75625 0.0984375000000001 0.8953125 0.09843750000000011
2 0.896875 0.1062500000000001 0.75625 0.1062500000000001 0.75625 0.1593750000000001 0.896875 0.1593750000000001
3 0.9 0.16562500000000008 0.75625 0.16562500000000008 0.75625 0.2171875000000001 0.9 0.2171875000000001
4 0.9 0.2234375000000001 0.75625 0.2234375000000001 0.75625 0.2765625000000001 0.9 0.2765625000000001
5 0.8953125 0.2843750000000001 0.7609375 0.2843750000000001 0.7609375 0.3343750000000001 0.8953125 0.3343750000000001
6 0.9046875 0.3390625000000001 0.7609375 0.3390625000000001 0.7609375 0.3937500000000001 0.9046875 0.3937500000000001
7 0.9015625 0.4000000000000002 0.7578125 0.4000000000000002 0.7578125 0.45312500000000017 0.9015625 0.45312500000000017
8 0.896875 0.4593750000000002 0.753125 0.4593750000000002 0.753125 0.5093750000000001 0.896875 0.5093750000000001
9 0.9046875 0.5171875000000001 0.7546875 0.5171875000000001 0.7546875 0.5703125000000002 0.9046875 0.5703125000000002
0 0.9 0.5734375000000002 0.753125 0.5734375000000002 0.753125 0.6296875000000002 0.9 0.6296875000000002
48 0.896875 0.6343750000000001 0.75625 0.6343750000000001 0.75625 0.6875000000000002 0.896875 0.6875000000000002
11 0.9 0.6953125000000002 0.759375 0.6953125000000002 0.7593750000000001 0.7500000000000002 0.9 0.7500000000000002
52 0.734375 0.0015625000000000816 0.5953125 0.001562500000000073 0.5953125 0.06718750000000008 0.734375 0.0671875000000001
41 0.734375 0.07343750000000007 0.590625 0.07343750000000007 0.590625 0.12656250000000008 0.734375 0.12656250000000008
56 0.7375 0.13281250000000008 0.59375 0.13281250000000008 0.59375 0.1859375000000001 0.7375 0.1859375000000001
21 0.7375 0.1921875000000001 0.59375 0.1921875000000001 0.59375 0.2453125000000001 0.7375 0.2453125000000001
42 0.7390625 0.2500000000000001 0.5953125 0.2500000000000001 0.5953125 0.3031250000000001 0.7390625 0.3031250000000001
51 0.740625 0.3109375000000001 0.6015625 0.3109375000000001 0.6015625 0.3625000000000001 0.740625 0.3625000000000001
59 0.7375 0.3703125000000001 0.6 0.3703125000000001 0.6 0.4203125000000001 0.7375 0.4203125000000002
53 0.7375 0.4281250000000001 0.6 0.428125 0.6 0.4796875000000001 0.7375 0.47968750000000016
27 0.7375 0.4859375000000001 0.596875 0.4859375 0.596875 0.5390625000000001 0.7375 0.5390625000000002
36 0.734375 0.5453125000000001 0.6 0.5453125 0.6 0.5984375000000001 0.734375 0.5984375000000002
38 0.740625 0.6046875 0.59375 0.6046875 0.59375 0.6578125000000001 0.740625 0.6578125000000001
54 0.7421875 0.6625000000000001 0.5875 0.6625 0.5875 0.7187500000000001 0.7421875 0.7187500000000002
39 0.7406250000000001 0.7234375000000001 0.590625 0.7234375 0.5906250000000001 0.7765625 0.7406250000000002 0.7765625000000002
10 0.571875 0.08750000000000005 0.4328125 0.08750000000000005 0.4328125 0.14062500000000006 0.571875 0.14062500000000008
43 0.575 0.14531250000000007 0.43125 0.14531250000000004 0.43125 0.19843750000000007 0.575 0.1984375000000001
19 0.575 0.2078125000000001 0.434375 0.2078125000000001 0.434375 0.2578125000000001 0.575 0.2578125000000001
23 0.578125 0.2656250000000001 0.434375 0.2656250000000001 0.434375 0.31718750000000007 0.578125 0.31718750000000007
24 0.578125 0.32500000000000007 0.434375 0.32500000000000007 0.434375 0.3750000000000001 0.578125 0.3750000000000001
25 0.5765625 0.3828125000000001 0.4359375 0.3828125000000001 0.4359375 0.4359375 0.5765625 0.4359375
28 0.578125 0.44375 0.434375 0.44375 0.434375 0.49375 0.578125 0.49375
29 0.575 0.5015625 0.434375 0.5015625 0.434375 0.5546875 0.575 0.5546875
31 0.578125 0.5609375 0.434375 0.5609375 0.434375 0.6140625 0.578125 0.6140625
37 0.575 0.621875 0.434375 0.621875 0.434375 0.6734375 0.575 0.6734375
12 0.5781250000000001 0.6796875 0.43125 0.6796875 0.4312500000000001 0.7328125 0.5781250000000002 0.7328125
26 0.5781250000000002 0.7390625 0.4343750000000002 0.7390625 0.4343750000000002 0.7953125 0.5781250000000002 0.7953125
32 0.4046875 0.06093750000000003 0.2703125 0.06093750000000002 0.2703125 0.10781250000000005 0.4046875 0.10781250000000005
44 0.40625 4.133182947122317e-17 0.26875 3.2912382727085115e-17 0.26875 0.05781250000000003 0.40625 0.057812500000000044
58 0.4046875 0.11718750000000004 0.2734375 0.11718750000000004 0.2734375 0.16718750000000004 0.4046875 0.16718750000000004
57 0.4109375 0.17656250000000004 0.2734375 0.17656250000000004 0.2734375 0.22812500000000005 0.4109375 0.22812500000000008
16 0.409375 0.23593750000000005 0.2703125 0.2359375 0.2703125 0.28593750000000007 0.409375 0.28593750000000007
55 0.4109375 0.29687500000000006 0.2734375 0.296875 0.2734375 0.34687500000000004 0.4109375 0.3468750000000001
15 0.4109375 0.35468750000000004 0.2734375 0.3546875 0.27343750000000006 0.40625 0.4109375 0.40625
35 0.409375 0.4140625 0.27031250000000007 0.4140625 0.27031250000000007 0.4640625 0.409375 0.4640625
33 0.4078125 0.4734375 0.2671875000000001 0.4734375 0.2671875000000001 0.525 0.4078125 0.525
18 0.409375 0.5328125 0.27031250000000007 0.5328125 0.27031250000000007 0.584375 0.409375 0.584375
40 0.409375 0.5921875 0.2687500000000001 0.5921875 0.2687500000000001 0.64375 0.409375 0.64375
34 0.409375 0.6515625 0.2687500000000001 0.6515625 0.2687500000000001 0.7046875 0.409375 0.7046875
49 0.24375 0.0015625000000000198 0.078125 0.0015625000000000096 0.078125 0.05156250000000001 0.24375 0.051562500000000025
13 0.246875 0.18750000000000003 0.07968750000000002 0.1875 0.07968750000000002 0.24375 0.246875 0.24375
14 0.2453125000000001 0.5484375 0.07968750000000006 0.5484375 0.07968750000000006 0.5921875 0.2453125000000001 0.5921875
50 0.2453125000000001 0.65 0.0750000000000001 0.65 0.0750000000000001 0.6921875 0.2453125000000001 0.6921875