4 0.340625 0.09062500000000004 0.275 0.09062500000000004 0.275 0.15468750000000003 0.340625 0.15468750000000003
16 0.3625 0.2890625 0.2921875 0.2890625 0.2921875 0.3546875 0.3625 0.3546875
37 0.7984375 0.2250000000000001 0.7328125 0.2250000000000001 0.7328125 0.2890625000000001 0.7984375 0.2890625000000001
31 0.73125 0.2250000000000001 0.665625 0.2250000000000001 0.665625 0.2890625000000001 0.73125 0.2890625000000001
49 0.07500000000000004 0.359375 0.017187500000000043 0.359375 0.01718750000000005 0.434375 0.07500000000000004 0.434375
18 0.7 0.2906250000000001 0.6328125 0.2906250000000001 0.6328125 0.3546875000000001 0.7 0.3546875000000001
13 0.26250000000000007 0.359375 0.203125 0.359375 0.20312500000000006 0.43125 0.26250000000000007 0.43125
3 0.2734375 0.09062500000000004 0.2046875 0.09062500000000002 0.2046875 0.15468750000000003 0.2734375 0.15468750000000003
30 0.9859375 0.03906250000000006 0.015625000000000007 0.0390625 0.01562500000000003 0.4375000000000001 0.9859375 0.43750000000000017
8 0.6125 0.09062500000000007 0.5484375 0.09062500000000007 0.5484375 0.15625000000000008 0.6125 0.15625000000000008
20 0.98125 0.09062500000000011 0.8890625 0.09062500000000011 0.8890625 0.15312500000000012 0.98125 0.15312500000000012
23 0.3921875 0.22187500000000004 0.3234375 0.221875 0.3234375 0.28750000000000003 0.3921875 0.2875000000000001
36 0.7125 0.15781250000000008 0.646875 0.15781250000000008 0.646875 0.2218750000000001 0.7125 0.2218750000000001
10 0.18437500000000004 0.2234375 0.11875000000000005 0.2234375 0.11875000000000005 0.2875 0.18437500000000004 0.2875
0 0.7484375 0.0906250000000001 0.6828125 0.0906250000000001 0.6828125 0.15625000000000008 0.7484375 0.15625000000000008
6 0.478125 0.09062500000000005 0.4125 0.09062500000000004 0.4125 0.15625000000000006 0.478125 0.15625000000000006
54 0.846875 0.15625000000000008 0.78125 0.15625000000000008 0.78125 0.2218750000000001 0.846875 0.2218750000000001
5 0.409375 0.09218750000000005 0.3421875 0.09218750000000005 0.3421875 0.15468750000000003 0.409375 0.15468750000000003
55 0.4296875 0.28906250000000006 0.3625 0.2890625 0.3625 0.35625000000000007 0.4296875 0.35625000000000007
26 0.915625 0.2218750000000001 0.86875 0.2218750000000001 0.86875 0.28593750000000007 0.915625 0.28593750000000007
1 0.134375 0.0921875 0.06875000000000002 0.0921875 0.06875000000000002 0.15625 0.134375 0.15625
46 0.98125 0.2906250000000001 0.8390625 0.2906250000000001 0.8390625 0.3546875000000001 0.98125 0.3546875000000001
9 0.68125 0.09062500000000008 0.6171875 0.09062500000000007 0.6171875 0.15625000000000008 0.68125 0.15625000000000008
59 0.5078125 0.15625000000000006 0.4421875 0.15625000000000006 0.4421875 0.2234375000000001 0.5078125 0.2234375000000001
56 0.234375 0.15625000000000003 0.1671875 0.15625 0.16718750000000002 0.2234375 0.234375 0.2234375
53 0.5765625 0.15625000000000006 0.5078125 0.15625000000000006 0.5078125 0.2234375000000001 0.5765625 0.2234375000000001
58 0.2234375 0.290625 0.15468750000000003 0.290625 0.15468750000000003 0.3546875 0.2234375 0.3546875
12 0.8671875 0.2234375000000001 0.8015625 0.2234375000000001 0.8015625 0.2875000000000001 0.8671875 0.2875000000000001
47 0.609375 0.35781250000000003 0.2671875 0.3578125 0.2671875 0.4328125 0.609375 0.4328125
27 0.6453125 0.15625000000000008 0.578125 0.15625000000000008 0.578125 0.2218750000000001 0.6453125 0.2218750000000001
38 0.7796875 0.15625000000000008 0.7140625 0.15625000000000008 0.7140625 0.2218750000000001 0.7796875 0.2218750000000001
15 0.496875 0.2890625000000001 0.4296875 0.2890625000000001 0.4296875 0.3546875000000001 0.496875 0.3546875000000001
41 0.16718750000000002 0.1578125 0.09843750000000002 0.1578125 0.09843750000000002 0.221875 0.16718750000000004 0.221875
32 0.15312500000000004 0.290625 0.08750000000000005 0.290625 0.08750000000000005 0.3546875 0.15312500000000004 0.3546875
24 0.459375 0.2218750000000001 0.3921875 0.2218750000000001 0.3921875 0.2875000000000001 0.459375 0.2875000000000001
39 0.896875 0.15625000000000008 0.85 0.15625000000000008 0.85 0.22031250000000008 0.896875 0.22031250000000008
50 0.79375 0.35625000000000007 0.734375 0.35625000000000007 0.734375 0.42968750000000017 0.79375 0.42968750000000017
43 0.253125 0.225 0.18750000000000006 0.225 0.18750000000000006 0.2890625 0.253125 0.2890625
45 0.11562500000000005 0.225 0.018750000000000027 0.225 0.01875000000000003 0.2859375 0.11562500000000005 0.2859375
34 0.8359375 0.2906250000000001 0.7703125 0.2906250000000001 0.7703125 0.3531250000000001 0.8359375 0.3531250000000001
33 0.63125 0.2906250000000001 0.5671875 0.2906250000000001 0.5671875 0.3546875000000001 0.63125 0.3546875000000001
21 0.3046875 0.15625000000000006 0.2375 0.15625000000000006 0.2375 0.2234375 0.3046875 0.2234375
44 0.08281250000000004 0.2921875 0.015625000000000035 0.2921875 0.015625000000000038 0.353125 0.08281250000000004 0.353125
57 0.2921875 0.290625 0.2234375 0.290625 0.2234375 0.3546875 0.2921875 0.3546875
29 0.6625 0.2250000000000001 0.596875 0.2250000000000001 0.596875 0.2890625000000001 0.6625 0.2890625000000001
17 0.06562500000000002 0.090625 0.01875000000000001 0.090625 0.018750000000000013 0.15625 0.06562500000000002 0.15625
42 0.3734375 0.15781250000000005 0.3046875 0.15781250000000005 0.3046875 0.22187500000000004 0.3734375 0.2218750000000001
40 0.76875 0.2921875000000001 0.703125 0.2921875000000001 0.703125 0.3531250000000001 0.76875 0.3531250000000001
35 0.565625 0.2890625000000001 0.4984375 0.2890625000000001 0.4984375 0.3546875000000001 0.565625 0.3546875000000001
7 0.5453125 0.09062500000000007 0.4796875 0.09062500000000007 0.4796875 0.15625000000000006 0.5453125 0.15625000000000008
48 0.8171875 0.0906250000000001 0.7515625 0.0906250000000001 0.7515625 0.1546875000000001 0.8171875 0.1546875000000001
2 0.2046875 0.09062500000000002 0.1375 0.09062500000000002 0.1375 0.15625000000000003 0.2046875 0.15625000000000006
25 0.528125 0.2234375000000001 0.4609375 0.2234375000000001 0.4609375 0.2875000000000001 0.528125 0.2875000000000001
28 0.596875 0.2234375000000001 0.528125 0.2234375000000001 0.528125 0.2875000000000001 0.596875 0.2875000000000001
52 0.09687500000000002 0.15625 0.018750000000000017 0.15625 0.018750000000000024 0.221875 0.09687500000000002 0.221875
14 0.671875 0.35625000000000007 0.6109375 0.35625000000000007 0.6109375 0.4296875 0.671875 0.4296875
11 0.884375 0.09062500000000011 0.8203125 0.09062500000000011 0.8203125 0.1531250000000001 0.884375 0.1531250000000001
19 0.3234375 0.2234375 0.25625 0.2234375 0.25625 0.2875 0.3234375 0.2875
51 0.4421875 0.15625000000000006 0.3734375 0.15625000000000006 0.3734375 0.2218750000000001 0.4421875 0.2218750000000001
22 0.9796875 0.1593750000000001 0.9 0.1593750000000001 0.9 0.2890625000000001 0.9796875 0.2890625000000001