42 0.7578125 0.3203125000000001 0.7109375 0.3203125000000001 0.7109375 0.4515625000000001 0.7578125 0.4515625000000002
36 0.4859375 0.3281250000000001 0.4359375 0.3281250000000001 0.4359375 0.4734375 0.4859375 0.4734375
18 0.5015625000000001 0.634375 0.453125 0.634375 0.4531250000000001 0.7796875 0.5015625000000001 0.7796875
24 0.6921875 0.475 0.6484375 0.475 0.6484375 0.60625 0.6921875 0.60625
52 0.990625 0.3109375000000001 0.93125 0.3109375000000001 0.93125 0.4421875000000002 0.990625 0.4421875000000002
55 0.721875 0.625 0.678125 0.625 0.6781250000000001 0.75625 0.7218750000000002 0.75625
20 0.290625 0.18281250000000004 0.18281250000000004 0.18281250000000004 0.18281250000000004 0.3203125 0.290625 0.3203125
25 0.6375 0.475 0.590625 0.475 0.590625 0.60625 0.6375 0.60625
30 1 0.05468750000000007 6.6972871828370884e-18 0.0546875 6.458098354878621e-17 1 1 1
3 0.8359375 0.1671875000000001 0.7921875 0.1671875000000001 0.7921875 0.2953125000000001 0.8359375 0.2953125000000001
22 0.259375 0.3359375 0.17812500000000003 0.3359375 0.17812500000000006 0.6421875 0.2593750000000001 0.6421875
7 0.61875 0.1750000000000001 0.575 0.1750000000000001 0.575 0.3062500000000001 0.61875 0.3062500000000001
10 0.9109375 0.46406250000000016 0.8671875 0.46406250000000016 0.8671875 0.5953125000000001 0.9109375 0.5953125000000001
57 0.83125 0.6218750000000002 0.7875 0.6218750000000002 0.7875000000000001 0.7531250000000002 0.83125 0.7531250000000002
47 0.7812500000000002 0.7812500000000001 0.5218750000000002 0.78125 0.5218750000000002 0.940625 0.7812500000000002 0.940625
21 0.8125 0.31718750000000007 0.765625 0.31718750000000007 0.765625 0.4578125000000002 0.8125 0.4578125000000002
17 0.9890625 0.16250000000000014 0.953125 0.16250000000000014 0.953125 0.2890625000000001 0.9890625 0.2890625000000001
46 0.33281250000000007 0.640625 0.1750000000000001 0.640625 0.1750000000000001 0.8 0.33281250000000007 0.8
41 0.9234375 0.3140625000000001 0.875 0.3140625000000001 0.875 0.4500000000000002 0.9234375 0.4500000000000002
51 0.703125 0.3203125000000001 0.6578125 0.3203125000000001 0.6578125 0.4515625 0.703125 0.4515625
44 1 0.6140625000000002 0.95625 0.6140625000000002 0.95625 0.7453125000000002 1 0.7453125000000002
58 0.8890625 0.6218750000000002 0.8421875 0.6218750000000002 0.8421875 0.7531250000000002 0.8890625 0.7531250000000002
54 0.3765625 0.3296875 0.3234375 0.3296875 0.32343750000000004 0.4796875 0.3765625000000001 0.4796875
8 0.5671875 0.17968750000000006 0.5203125 0.17968750000000006 0.5203125 0.31718750000000007 0.5671875 0.31718750000000007
6 0.675 0.1750000000000001 0.628125 0.1750000000000001 0.628125 0.3062500000000001 0.675 0.3062500000000001
23 0.7484375 0.4703125000000001 0.7015625 0.4703125 0.7015625 0.6078125000000001 0.7484375 0.6078125000000002
19 0.8015625 0.4671875000000002 0.7578125 0.4671875000000002 0.7578125 0.5984375000000002 0.8015625 0.5984375000000002
56 0.8671875 0.3125000000000001 0.8234375 0.3125000000000001 0.8234375 0.4437500000000002 0.8671875 0.4437500000000002
5 0.728125 0.1750000000000001 0.684375 0.1750000000000001 0.684375 0.3000000000000001 0.728125 0.3000000000000001
37 0.415625 0.48125 0.3687500000000001 0.48125 0.3687500000000001 0.628125 0.415625 0.628125
16 0.7781250000000001 0.6218750000000002 0.7328125 0.6218750000000002 0.7328125000000001 0.7578125000000002 0.7781250000000002 0.7578125000000002
2 0.8890625 0.16562500000000008 0.8453125 0.16562500000000008 0.8453125 0.2906250000000001 0.8890625 0.2906250000000001
26 0.3031250000000001 0.484375 0.2531250000000001 0.484375 0.2531250000000001 0.6375 0.3031250000000001 0.6375
32 0.9453125 0.6140625000000002 0.8953125 0.6140625000000002 0.8953125 0.7578125000000002 0.9453125 0.7578125000000002
50 0.4031250000000002 0.7953125 0.3500000000000001 0.7953125 0.3500000000000001 0.9453125 0.4031250000000002 0.9453125
28 0.5828125 0.478125 0.534375 0.478125 0.534375 0.621875 0.5828125 0.621875
35 0.6109375000000001 0.63125 0.5671875 0.63125 0.5671875000000001 0.7625 0.6109375000000001 0.7625
48 0.4015625 0.18125000000000005 0.353125 0.18125000000000005 0.353125 0.32656250000000003 0.4015625 0.3265625000000001
4 0.78125 0.1703125000000001 0.7375 0.1703125000000001 0.7375 0.2968750000000001 0.78125 0.2968750000000001
31 0.471875 0.4796875 0.4234375 0.4796875 0.4234375 0.625 0.471875 0.625
40 0.4453125000000001 0.6375 0.3984375000000001 0.6375 0.3984375000000001 0.778125 0.44531250000000017 0.778125
1 0.9453125 0.1656250000000001 0.8984375 0.16562500000000008 0.8984375 0.2968750000000001 0.9453125 0.2968750000000001
43 0.8578125 0.46406250000000016 0.809375 0.46406250000000016 0.809375 0.6000000000000002 0.8578125 0.6000000000000002
0 0.459375 0.18125000000000005 0.409375 0.18125000000000005 0.409375 0.3187500000000001 0.459375 0.3187500000000001
9 0.5125 0.18125000000000005 0.4625 0.18125000000000005 0.4625 0.3218750000000001 0.5125 0.3218750000000001
13 0.8375 0.7750000000000001 0.7890625000000002 0.7750000000000001 0.7890625000000002 0.915625 0.8375 0.915625
29 0.5265625 0.4796875 0.4796875 0.4796875 0.4796875 0.6203125 0.5265625 0.6203125
11 0.346875 0.18437500000000004 0.296875 0.18437500000000004 0.296875 0.325 0.346875 0.325
14 0.5140625000000002 0.790625 0.46875000000000017 0.790625 0.46875000000000017 0.928125 0.5140625000000002 0.928125
27 0.540625 0.3296875000000001 0.4921875 0.3296875000000001 0.4921875 0.4609375 0.540625 0.4609375
45 0.9953125 0.46093750000000017 0.91875 0.46093750000000017 0.91875 0.5890625000000002 0.9953125 0.5890625000000002
39 0.31875000000000003 0.33125 0.26875 0.33125 0.26875000000000004 0.48125 0.3187500000000001 0.48125
38 0.43125 0.33281250000000007 0.38125 0.33281250000000007 0.38125000000000003 0.46875 0.43125 0.46875
15 0.6687500000000001 0.6265625 0.621875 0.6265625 0.6218750000000001 0.7625 0.6687500000000002 0.7625
33 0.5578125 0.6296875 0.50625 0.6296875 0.5062500000000001 0.7828125 0.5578125000000002 0.7828125
49 1 0.7671875000000001 0.9546875 0.7671875000000001 0.9546875 0.91875 1 0.91875
59 0.6484375 0.32500000000000007 0.603125 0.32500000000000007 0.603125 0.45625 0.6484375 0.45625
12 0.3593750000000001 0.4875 0.30937500000000007 0.4875 0.30937500000000007 0.628125 0.3593750000000001 0.628125
34 0.38750000000000007 0.6390625 0.3390625000000001 0.6390625 0.3390625000000001 0.7828125 0.38750000000000007 0.7828125
53 0.59375 0.3265625000000001 0.5484375 0.3265625000000001 0.5484375 0.4578125 0.59375 0.4578125