47 0.7703125 0.5484375000000001 0.4203125 0.5484375 0.4203125 0.6453125000000001 0.7703125 0.6453125000000002
48 0.29375 0.16718750000000004 0.23125 0.16718750000000004 0.23125 0.2578125 0.29375 0.2578125
2 0.9234375 0.1796875000000001 0.8640625 0.17968750000000008 0.8640625 0.2609375000000001 0.9234375 0.2609375000000001
53 0.5390625 0.2656250000000001 0.4765625 0.2656250000000001 0.4765625 0.3531250000000001 0.5390625 0.3531250000000001
33 0.4859375 0.453125 0.4234375 0.453125 0.4234375 0.5375 0.4859375 0.5375
15 0.6265625 0.453125 0.5640625 0.453125 0.5640625 0.5390625 0.6265625 0.5390625
42 0.75 0.2718750000000001 0.690625 0.2718750000000001 0.690625 0.3531250000000001 0.75 0.3531250000000001
0 0.365625 0.17031250000000003 0.303125 0.17031250000000003 0.303125 0.25468750000000007 0.365625 0.25468750000000007
36 0.3984375 0.26250000000000007 0.3359375 0.2625 0.3359375 0.35000000000000003 0.3984375 0.3500000000000001
55 0.6953125 0.4546875 0.6359375 0.4546875 0.6359375 0.5390625 0.6953125 0.5390625
3 0.85625 0.17968750000000008 0.79375 0.17968750000000008 0.79375 0.2671875000000001 0.85625 0.2671875000000001
49 1 0.5531250000000002 0.971875 0.5531250000000002 0.971875 0.6500000000000001 1 0.6500000000000001
25 0.590625 0.3593750000000001 0.53125 0.3593750000000001 0.53125 0.44375 0.590625 0.44375
57 0.8359375 0.4546875000000002 0.7765625 0.4546875000000002 0.7765625 0.5406250000000001 0.8359375 0.5406250000000001
12 0.23593750000000005 0.3546875 0.17343750000000005 0.3546875 0.17343750000000005 0.4390625 0.23593750000000008 0.4390625
17 1 0.18281250000000013 0.98125 0.18281250000000013 0.98125 0.2609375000000001 1 0.2609375000000001
28 0.521875 0.3578125000000001 0.4625 0.3578125000000001 0.4625 0.44375 0.521875 0.44375
18 0.415625 0.45 0.3531250000000001 0.45 0.3531250000000001 0.5359375 0.415625 0.5359375
54 0.25625 0.2609375 0.19375000000000003 0.2609375 0.19375000000000003 0.346875 0.25625 0.346875
58 0.909375 0.4578125000000002 0.846875 0.4578125000000002 0.846875 0.5453125000000002 0.909375 0.5453125000000002
9 0.4359375 0.17187500000000006 0.3734375 0.17187500000000006 0.3734375 0.2531250000000001 0.4359375 0.2531250000000001
32 0.978125 0.4578125000000002 0.91875 0.4578125000000002 0.91875 0.5421875000000002 0.978125 0.5421875000000002
30 1 0.08437500000000006 0.00781250000000001 0.084375 0.007812500000000047 0.6703125000000001 1 0.6703125000000002
11 0.221875 0.16718750000000002 0.159375 0.1671875 0.15937500000000002 0.2515625 0.221875 0.2515625
6 0.6453125 0.1765625000000001 0.5859375 0.1765625000000001 0.5859375 0.2578125000000001 0.6453125 0.2578125000000001
14 0.4140625 0.5453125 0.3515625000000001 0.5453125 0.3515625000000001 0.6390625 0.4140625 0.6390625
43 0.871875 0.36406250000000007 0.8125 0.36406250000000007 0.8125 0.44843750000000016 0.871875 0.44843750000000016
51 0.6796875 0.27031250000000007 0.6203125 0.27031250000000007 0.6203125 0.3515625000000001 0.6796875 0.3515625000000001
39 0.18593750000000003 0.2609375 0.12343750000000005 0.2609375 0.12343750000000005 0.3453125 0.18593750000000003 0.3453125
26 0.16562500000000005 0.353125 0.10312500000000005 0.353125 0.10312500000000005 0.4390625 0.16562500000000005 0.4390625
34 0.2734375000000001 0.4484375 0.21093750000000008 0.4484375 0.21093750000000008 0.534375 0.2734375000000001 0.534375
5 0.715625 0.1765625000000001 0.65625 0.1765625000000001 0.65625 0.2578125000000001 0.715625 0.2578125000000001
52 1 0.2718750000000001 0.9625 0.2718750000000001 0.9625 0.3578125000000001 1 0.3578125000000001
27 0.4703125 0.2640625000000001 0.4078125 0.2640625000000001 0.4078125 0.34843750000000007 0.4703125 0.34843750000000007
13 0.8359375 0.5484375000000001 0.7765625 0.5484375000000001 0.7765625 0.6453125000000002 0.8359375 0.6453125000000002
37 0.30781250000000004 0.35625 0.2453125 0.35625 0.24531250000000004 0.4421875 0.3078125000000001 0.4421875
19 0.8015625 0.3625000000000001 0.7421875 0.3625000000000001 0.7421875 0.4468750000000002 0.8015625 0.4468750000000002
21 0.8203125 0.2718750000000001 0.7609375 0.2718750000000001 0.7609375 0.35625000000000007 0.8203125 0.35625000000000007
44 1 0.4593750000000002 0.96875 0.4593750000000002 0.96875 0.5468750000000002 1 0.5468750000000002
40 0.3437500000000001 0.45 0.27812500000000007 0.45 0.27812500000000007 0.540625 0.3437500000000001 0.540625
35 0.5578125 0.453125 0.4953125 0.453125 0.4953125 0.540625 0.5578125 0.540625
20 0.14843750000000003 0.165625 0.04843750000000002 0.165625 0.04843750000000003 0.2515625 0.14843750000000006 0.2515625
24 0.6625 0.3593750000000001 0.603125 0.3593750000000001 0.603125 0.4453125 0.6625 0.4453125
7 0.575 0.17500000000000007 0.515625 0.17500000000000004 0.515625 0.2593750000000001 0.575 0.2593750000000001
45 1 0.3671875000000001 0.9515625 0.3671875000000001 0.9515625 0.4546875000000002 1 0.4546875000000002
4 0.784375 0.1765625000000001 0.725 0.1765625000000001 0.725 0.2609375000000001 0.784375 0.2609375000000001
8 0.50625 0.17500000000000004 0.44375 0.17500000000000004 0.44375 0.2562500000000001 0.50625 0.2562500000000001
41 0.9625 0.2750000000000001 0.9 0.2750000000000001 0.9 0.35625000000000007 0.9625 0.35625000000000007
56 0.890625 0.2718750000000001 0.828125 0.2718750000000001 0.828125 0.35625000000000007 0.890625 0.35625000000000007
1 0.9953125 0.18125000000000013 0.9359375 0.18125000000000013 0.9359375 0.2656250000000001 0.9953125 0.2656250000000001
10 0.9421875 0.36406250000000007 0.8828125 0.36406250000000007 0.8828125 0.44843750000000016 0.9421875 0.44843750000000016
59 0.6109375 0.27031250000000007 0.5515625 0.27031250000000007 0.5515625 0.3515625000000001 0.6109375 0.3515625000000001
16 0.7671875 0.4546875000000001 0.7078125 0.4546875 0.7078125 0.5390625000000001 0.7671875 0.5390625000000002
38 0.3265625 0.2625 0.2671875 0.2625 0.2671875 0.346875 0.3265625 0.346875
29 0.45 0.3578125000000001 0.3875 0.3578125000000001 0.38750000000000007 0.44375 0.45 0.44375
31 0.37812500000000004 0.35625000000000007 0.31875 0.35625 0.31875000000000003 0.4421875 0.3781250000000001 0.4421875
50 0.27031250000000007 0.54375 0.2078125000000001 0.54375 0.2078125000000001 0.6390625 0.27031250000000007 0.6390625
23 0.73125 0.3625000000000001 0.671875 0.3625000000000001 0.671875 0.4468750000000001 0.73125 0.4468750000000002
22 0.11250000000000004 0.2609375 0.04375000000000003 0.2609375 0.043750000000000046 0.4421875 0.11250000000000004 0.4421875
46 0.2000000000000001 0.4484375 0.04375000000000005 0.4484375 0.04375000000000006 0.5359375 0.2000000000000001 0.5359375