59 0.3515625 0.2359375 0.3078125 0.2359375 0.3078125 0.2859375 0.3515625 0.2859375
11 0.6203125 0.17968750000000008 0.578125 0.17968750000000008 0.578125 0.2296875000000001 0.6203125 0.2296875000000001
55 0.28593750000000007 0.353125 0.240625 0.353125 0.24062500000000003 0.40625 0.28593750000000007 0.40625
1 0.08906250000000002 0.18125 0.04843750000000002 0.18125 0.04843750000000003 0.23125 0.08906250000000002 0.23125
5 0.28125 0.17968750000000006 0.2375 0.17968750000000006 0.2375 0.228125 0.28125 0.228125
22 0.7296875 0.2390625000000001 0.6546875 0.2390625000000001 0.6546875 0.34843750000000007 0.7296875 0.34843750000000007
13 0.17968750000000006 0.415625 0.13593750000000004 0.415625 0.13593750000000004 0.48125 0.17968750000000006 0.48125
4 0.2328125 0.17968750000000006 0.1890625 0.17968750000000006 0.18906250000000002 0.228125 0.2328125 0.228125
40 0.540625 0.3546875000000001 0.49375 0.3546875000000001 0.49375 0.4078125 0.540625 0.4078125
12 0.6140625 0.2968750000000001 0.56875 0.2968750000000001 0.56875 0.3500000000000001 0.6140625 0.3500000000000001
32 0.08750000000000005 0.3546875 0.04531250000000005 0.3546875 0.04531250000000005 0.40625 0.08750000000000005 0.40625
0 0.5234375 0.17968750000000006 0.4796875 0.17968750000000006 0.4796875 0.2296875000000001 0.5234375 0.2296875000000001
48 0.571875 0.18125000000000008 0.5296875 0.18125000000000005 0.5296875 0.2296875000000001 0.571875 0.2296875000000001
50 0.5921875 0.4171875 0.5453125 0.4171875 0.5453125 0.4859375 0.5921875 0.4859375
39 0.646875 0.2390625000000001 0.603125 0.2390625000000001 0.603125 0.2890625000000001 0.646875 0.2890625000000001
54 0.5984375 0.2375000000000001 0.5546875 0.2375000000000001 0.5546875 0.2890625000000001 0.5984375 0.2890625000000001
9 0.475 0.17812500000000003 0.43125 0.17812500000000003 0.43125 0.22812500000000008 0.475 0.22812500000000008
23 0.2625 0.29375 0.21875 0.29375 0.21875 0.346875 0.2625 0.346875
6 0.3296875 0.17812500000000003 0.2859375 0.17812500000000003 0.2859375 0.228125 0.3296875 0.228125
3 0.184375 0.17968750000000003 0.1421875 0.1796875 0.14218750000000002 0.228125 0.18437500000000004 0.228125
21 0.20625 0.234375 0.16250000000000003 0.234375 0.16250000000000003 0.2859375 0.20625 0.2859375
24 0.3125 0.2921875 0.26875 0.2921875 0.26875 0.3453125 0.3125 0.3453125
38 0.55 0.2375000000000001 0.50625 0.2375000000000001 0.50625 0.2875000000000001 0.55 0.2875000000000001
30 0.9390625 0.09531250000000005 1.1672414804373211e-17 0.0953125 3.6452377380870444e-17 0.5000000000000001 0.9390625 0.5000000000000002
8 0.4265625 0.17968750000000006 0.384375 0.17968750000000006 0.384375 0.22656250000000008 0.4265625 0.22656250000000008
18 0.4875 0.3546875000000001 0.44375 0.3546875000000001 0.44375 0.4078125 0.4875 0.4078125
46 0.734375 0.35625000000000007 0.5953125 0.35625000000000007 0.5953125 0.4093750000000001 0.734375 0.40937500000000016
2 0.13750000000000004 0.1828125 0.09687500000000002 0.1828125 0.09687500000000002 0.2296875 0.13750000000000004 0.2296875
45 0.06718750000000004 0.2953125 3.6165350787320275e-17 0.2953125 3.9322643316372043e-17 0.346875 0.06718750000000004 0.346875
29 0.4625 0.29375000000000007 0.41875 0.29375000000000007 0.41875 0.3468750000000001 0.4625 0.3468750000000001
14 0.4890625 0.4171875 0.44375 0.4171875 0.44375 0.4828125 0.4890625 0.4828125
41 0.10937500000000004 0.2375 0.06718750000000002 0.2375 0.06718750000000004 0.2875 0.10937500000000004 0.2875
17 0.043750000000000025 0.18125 0.012500000000000022 0.18125 0.012500000000000025 0.2296875 0.04375000000000003 0.2296875
56 0.15781250000000005 0.2359375 0.11406250000000004 0.2359375 0.11406250000000004 0.2859375 0.15781250000000005 0.2859375
49 0.031250000000000056 0.415625 5.089938258956187e-17 0.415625 5.4917754899264124e-17 0.48125 0.031250000000000056 0.48125
37 0.5625 0.2953125000000001 0.51875 0.2953125000000001 0.51875 0.3468750000000001 0.5625 0.3468750000000001
25 0.3625 0.29375 0.31875 0.29375 0.31875 0.346875 0.3625 0.346875
19 0.2140625 0.29375 0.17031250000000003 0.29375 0.17031250000000003 0.346875 0.2140625 0.346875
58 0.13593750000000004 0.3546875 0.09218750000000005 0.3546875 0.09218750000000005 0.4078125 0.13593750000000004 0.4078125
47 0.4359375 0.415625 0.18593750000000003 0.415625 0.18593750000000003 0.4828125 0.4359375 0.4828125
34 0.590625 0.35625000000000007 0.54375 0.35625000000000007 0.54375 0.409375 0.590625 0.409375
52 0.06250000000000003 0.2375 0.006250000000000028 0.2375 0.006250000000000032 0.2875 0.06250000000000004 0.2875
20 0.7234375 0.18125000000000008 0.625 0.18125000000000008 0.625 0.2312500000000001 0.7234375 0.2312500000000001
33 0.4375 0.3546875000000001 0.3921875 0.3546875000000001 0.3921875 0.4078125 0.4375 0.4078125
42 0.2546875 0.234375 0.2109375 0.234375 0.2109375 0.284375 0.2546875 0.284375
31 0.5125 0.29375000000000007 0.46875 0.29375000000000007 0.46875 0.3468750000000001 0.5125 0.3468750000000001
27 0.45 0.23593750000000008 0.40625 0.23593750000000008 0.40625 0.28593750000000007 0.45 0.28593750000000007
53 0.4015625 0.23593750000000005 0.3578125 0.2359375 0.3578125 0.28593750000000007 0.4015625 0.28593750000000007
26 0.6703125 0.2968750000000001 0.61875 0.2968750000000001 0.61875 0.34843750000000007 0.6703125 0.34843750000000007
57 0.18593750000000003 0.353125 0.14218750000000005 0.353125 0.14218750000000005 0.40625 0.18593750000000003 0.40625
35 0.38750000000000007 0.35468750000000004 0.3421875 0.3546875 0.34218750000000003 0.4078125 0.38750000000000007 0.4078125
43 0.16406250000000006 0.29375 0.12031250000000004 0.29375 0.12031250000000004 0.3453125 0.16406250000000006 0.3453125
10 0.11562500000000005 0.29375 0.07187500000000005 0.29375 0.07187500000000005 0.3453125 0.11562500000000005 0.3453125
51 0.303125 0.2359375 0.259375 0.2359375 0.259375 0.2859375 0.303125 0.2859375
16 0.23593750000000005 0.353125 0.19062500000000004 0.353125 0.19062500000000004 0.40625 0.23593750000000008 0.40625
28 0.4125 0.29375000000000007 0.36875 0.29375000000000007 0.36875 0.3468750000000001 0.4125 0.3468750000000001
7 0.378125 0.17968750000000006 0.3359375 0.17968750000000006 0.3359375 0.22812500000000005 0.378125 0.22812500000000008
44 0.042187500000000044 0.3546875 4.343669115725768e-17 0.3546875 4.6402632623942676e-17 0.403125 0.042187500000000044 0.403125
36 0.5 0.23437500000000008 0.45625 0.23437500000000008 0.45625 0.28593750000000007 0.5 0.28593750000000007
15 0.33593750000000006 0.353125 0.290625 0.353125 0.290625 0.40625 0.3359375000000001 0.40625