29 0.2843750000000001 0.5046875 0.18125000000000005 0.5046875 0.18125000000000008 0.6484375 0.2843750000000001 0.6484375
13 0.8609375 0.8265625 0.7093750000000002 0.8265625 0.7093750000000002 1 0.8609375 1
56 0.9015625 0.3906250000000001 0.7953125 0.3906250000000001 0.7953125 0.5156250000000002 0.9015625 0.5156250000000002
24 0.584375 0.509375 0.48125 0.509375 0.48125 0.653125 0.584375 0.653125
2 0.9265625 0.2828125000000001 0.8296875 0.2828125000000001 0.8296875 0.3921875000000001 0.9265625 0.3921875000000001
18 0.2218750000000001 0.6421875 0.0906250000000001 0.6421875 0.0906250000000001 0.803125 0.2218750000000001 0.803125
55 0.6375000000000001 0.6546875 0.534375 0.6546875 0.534375 0.8203125 0.6375000000000002 0.8203125
33 0.3218750000000001 0.6484375 0.2062500000000001 0.6484375 0.2062500000000001 0.8140625 0.3218750000000001 0.8140625
15 0.5296875000000001 0.6484375 0.4265625 0.6484375 0.42656250000000007 0.8140625 0.5296875000000002 0.8140625
4 0.7375 0.27812500000000007 0.653125 0.27812500000000007 0.653125 0.38750000000000007 0.7375 0.38750000000000007
43 0.896875 0.5203125000000002 0.7828125 0.5203125000000002 0.7828125 0.6578125000000001 0.896875 0.6578125000000001
8 0.37968750000000007 0.27187500000000003 0.29375 0.271875 0.29375000000000007 0.38125000000000003 0.37968750000000007 0.3812500000000001
16 0.753125 0.6562500000000001 0.6375 0.65625 0.6375000000000001 0.825 0.7531250000000002 0.825
1 1 0.2812500000000001 0.91875 0.2812500000000001 0.91875 0.3937500000000001 1 0.3937500000000001
40 0.11875000000000009 0.6359375 7.787988238327699e-17 0.6359375 8.773446209516585e-17 0.796875 0.11875000000000009 0.796875
25 0.484375 0.50625 0.3812500000000001 0.50625 0.3812500000000001 0.65 0.484375 0.65
51 0.6015625 0.3843750000000001 0.5171875 0.3843750000000001 0.5171875 0.5125 0.6015625 0.5125
14 0.1406250000000001 0.8015625 0.007812500000000097 0.8015625 0.00781250000000011 1 0.14062500000000014 1
47 0.7046875000000001 0.8203125 0.10468750000000009 0.8203125 0.10468750000000011 1 0.7046875000000001 1
23 0.6890625 0.515625 0.5796875 0.515625 0.5796875 0.6578125 0.6890625 0.6578125
48 0.12656250000000005 0.26875 0.026562500000000034 0.26875 0.026562500000000037 0.38125 0.12656250000000005 0.38125
59 0.509375 0.3843750000000001 0.41875 0.3843750000000001 0.41875 0.5125 0.509375 0.5125
53 0.41875 0.37968750000000007 0.3187500000000001 0.3796875 0.3187500000000001 0.5078125 0.41875 0.5078125
37 0.09375000000000008 0.4984375 6.104098889500089e-17 0.4984375 6.984313776387249e-17 0.6421875 0.09375000000000008 0.6421875
31 0.18750000000000006 0.4984375 0.08437500000000006 0.4984375 0.08437500000000007 0.6421875 0.18750000000000008 0.6421875
6 0.5578125 0.2734375000000001 0.4703125 0.2734375000000001 0.4703125 0.38750000000000007 0.5578125 0.38750000000000007
54 0.060937500000000054 0.384375 4.7072361342226394e-17 0.384375 5.4535052774530576e-17 0.50625 0.06093750000000007 0.50625
5 0.6484375 0.2750000000000001 0.5625 0.2750000000000001 0.5625 0.38750000000000007 0.6484375 0.38750000000000007
28 0.3843750000000001 0.5046875 0.2812500000000001 0.5046875 0.2812500000000001 0.6484375 0.3843750000000001 0.6484375
58 0.984375 0.6593750000000002 0.8546875 0.6593750000000002 0.8546875 0.828125 0.984375 0.828125
10 1 0.5281250000000002 0.8859375 0.5281250000000002 0.8859375 0.6656250000000001 1 0.6656250000000001
7 0.4640625 0.2750000000000001 0.378125 0.2750000000000001 0.37812500000000004 0.3843750000000001 0.4640625 0.3843750000000001
57 0.8609375 0.6578125000000001 0.7453125 0.6578125000000001 0.7453125 0.8265625 0.8609375 0.8265625
9 0.2984375 0.2703125 0.19531250000000006 0.2703125 0.19531250000000006 0.3828125 0.2984375000000001 0.3828125
36 0.2390625000000001 0.3796875 0.12343750000000005 0.3796875 0.12343750000000005 0.5015625 0.2390625000000001 0.5015625
3 0.8359375 0.27812500000000007 0.7390625 0.27812500000000007 0.7390625 0.3906250000000001 0.8359375 0.3906250000000001
35 0.42656250000000007 0.6484375 0.3109375000000001 0.6484375 0.3109375000000001 0.8140625 0.4265625000000002 0.8140625
38 0.13906250000000003 0.378125 0.03906250000000004 0.378125 0.039062500000000056 0.5109375 0.13906250000000003 0.5109375
41 1 0.3890625000000001 0.8859375 0.3890625000000001 0.8859375 0.5218750000000002 1 0.5218750000000002
19 0.79375 0.5140625000000001 0.684375 0.5140625 0.684375 0.6562500000000001 0.79375 0.6562500000000002
0 0.20000000000000004 0.275 0.11406250000000004 0.275 0.11406250000000004 0.384375 0.2000000000000001 0.384375
21 0.803125 0.3859375000000001 0.703125 0.3859375000000001 0.703125 0.51875 0.803125 0.5187500000000002
42 0.7015625 0.3859375000000001 0.6015625 0.3859375000000001 0.6015625 0.51875 0.7015625 0.51875
27 0.3218750000000001 0.378125 0.2218750000000001 0.378125 0.2218750000000001 0.5109375 0.3218750000000001 0.5109375