20 0.765625 0.12031250000000009 0.6890625 0.12031250000000009 0.6890625 0.1828125000000001 0.765625 0.1828125000000001
50 0.65 0.4078125 0.603125 0.4078125 0.603125 0.478125 0.65 0.478125
48 0.6453125 0.11562500000000009 0.609375 0.11562500000000009 0.609375 0.1843750000000001 0.6453125 0.1843750000000001
47 0.5578125 0.4078125 0.3578125000000001 0.4078125 0.3578125000000001 0.471875 0.5578125 0.471875
54 0.66875 0.18906250000000008 0.63125 0.18906250000000008 0.63125 0.2562500000000001 0.66875 0.2562500000000001
23 0.3921875 0.25781250000000006 0.3546875 0.2578125 0.3546875 0.32812500000000006 0.3921875 0.3281250000000001
14 0.6 0.4078125 0.5625 0.4078125 0.5625 0.4765625 0.6 0.4765625
27 0.5453125 0.18750000000000006 0.5078125 0.18750000000000006 0.5078125 0.25468750000000007 0.5453125 0.25468750000000007
26 0.71875 0.2609375000000001 0.68125 0.2609375000000001 0.68125 0.3296875000000001 0.71875 0.3296875000000001
17 0.1921875 0.11406250000000002 0.1546875 0.1140625 0.1546875 0.18125000000000002 0.1921875 0.18125000000000005
5 0.4015625 0.11406250000000004 0.3640625 0.11406250000000004 0.3640625 0.18281250000000004 0.4015625 0.18281250000000004
11 0.6859375 0.11718750000000008 0.6484375 0.11718750000000008 0.6484375 0.18750000000000008 0.6859375 0.18750000000000008
53 0.5046875 0.18750000000000006 0.4671875 0.18750000000000006 0.4671875 0.2562500000000001 0.5046875 0.2562500000000001
37 0.6390625 0.2609375000000001 0.6015625 0.2609375000000001 0.6015625 0.3296875000000001 0.6390625 0.3296875000000001
16 0.37031250000000004 0.33437500000000003 0.33125 0.334375 0.33125000000000004 0.403125 0.3703125000000001 0.403125
43 0.3078125 0.2578125 0.26875 0.2578125 0.26875 0.3296875 0.3078125 0.3296875
39 0.7078125 0.18906250000000008 0.6703125 0.18906250000000008 0.6703125 0.2562500000000001 0.7078125 0.2562500000000001
41 0.25625 0.18437500000000004 0.215625 0.18437500000000004 0.215625 0.25625 0.25625 0.25625
35 0.4953125 0.3343750000000001 0.4578125 0.3343750000000001 0.4578125 0.403125 0.4953125 0.403125
8 0.525 0.11406250000000004 0.4875 0.11406250000000004 0.4875 0.18125000000000005 0.525 0.18125000000000005
57 0.32812500000000006 0.334375 0.290625 0.334375 0.290625 0.403125 0.3281250000000001 0.403125
38 0.628125 0.18906250000000008 0.5890625 0.18906250000000008 0.5890625 0.2578125000000001 0.628125 0.2578125000000001
15 0.4546875 0.33281250000000007 0.415625 0.33281250000000007 0.415625 0.403125 0.4546875 0.403125
12 0.6796875 0.26250000000000007 0.64375 0.26250000000000007 0.64375 0.3296875000000001 0.6796875 0.3296875000000001
28 0.515625 0.2578125000000001 0.478125 0.2578125000000001 0.478125 0.3281250000000001 0.515625 0.3281250000000001
40 0.61875 0.3343750000000001 0.58125 0.3343750000000001 0.58125 0.403125 0.61875 0.403125
55 0.4109375 0.3343750000000001 0.375 0.3343750000000001 0.37500000000000006 0.4015625 0.4109375 0.4015625
29 0.5578125 0.2578125000000001 0.5203125 0.2578125000000001 0.5203125 0.3281250000000001 0.5578125 0.3281250000000001
46 0.7703125 0.3359375000000001 0.6640625 0.3359375000000001 0.6640625 0.4000000000000001 0.7703125 0.4000000000000002
36 0.5859375 0.18750000000000008 0.546875 0.18750000000000008 0.546875 0.2562500000000001 0.5859375 0.2562500000000001
34 0.659375 0.3343750000000001 0.621875 0.3343750000000001 0.621875 0.4015625 0.659375 0.4015625
9 0.5671875 0.11562500000000006 0.5296875 0.11562500000000005 0.5296875 0.18281250000000007 0.5671875 0.1828125000000001
10 0.265625 0.2578125 0.2265625 0.2578125 0.2265625 0.3296875 0.265625 0.3296875
6 0.44375 0.11406250000000004 0.40625 0.11406250000000004 0.40625 0.18281250000000004 0.44375 0.18281250000000004
49 0.2156250000000001 0.4109375 0.15000000000000005 0.4109375 0.15000000000000005 0.48125 0.2156250000000001 0.48125
7 0.4828125 0.11406250000000004 0.446875 0.11406250000000004 0.446875 0.18125000000000005 0.4828125 0.18125000000000005
18 0.578125 0.3343750000000001 0.540625 0.3343750000000001 0.540625 0.4015625 0.578125 0.4015625
59 0.4640625 0.18750000000000006 0.4265625 0.18750000000000006 0.4265625 0.25468750000000007 0.4640625 0.25468750000000007
4 0.3609375 0.11093750000000005 0.321875 0.11093750000000005 0.321875 0.18125000000000005 0.3609375 0.18125000000000005
58 0.28437500000000004 0.3359375 0.2484375 0.3359375 0.24843750000000003 0.40625 0.2843750000000001 0.40625
22 0.76875 0.18906250000000008 0.7125 0.18906250000000008 0.7125 0.3296875000000001 0.76875 0.3296875000000001
1 0.2375 0.11250000000000004 0.1953125 0.11250000000000004 0.19531250000000003 0.18593750000000003 0.2375 0.18593750000000003
32 0.24375000000000005 0.334375 0.2046875 0.334375 0.20468750000000005 0.403125 0.24375000000000008 0.403125
19 0.35 0.2578125 0.3125 0.2578125 0.3125 0.328125 0.35 0.328125
25 0.475 0.2609375000000001 0.4359375 0.2609375000000001 0.4359375 0.3281250000000001 0.475 0.3281250000000001
24 0.4328125 0.2578125000000001 0.3953125 0.2578125000000001 0.3953125 0.3281250000000001 0.4328125 0.3281250000000001
31 0.5984375 0.2609375000000001 0.5609375 0.2609375000000001 0.5609375 0.3296875000000001 0.5984375 0.3296875000000001
51 0.421875 0.18750000000000006 0.384375 0.18750000000000006 0.384375 0.25468750000000007 0.421875 0.25468750000000007
3 0.3203125 0.11093750000000005 0.2796875 0.11093750000000005 0.2796875 0.18125000000000005 0.3203125 0.18125000000000005
21 0.340625 0.18281250000000004 0.2984375 0.18281250000000004 0.2984375 0.2578125 0.340625 0.2578125
2 0.278125 0.11093750000000005 0.2375 0.11093750000000005 0.2375 0.18281250000000004 0.278125 0.18281250000000004
30 0.94375 0.040625000000000064 0.0921875 0.04062500000000001 0.09218750000000003 0.5375000000000001 0.94375 0.5375000000000002
33 0.5375 0.3343750000000001 0.5015625 0.3343750000000001 0.5015625 0.403125 0.5375 0.403125
52 0.2109375 0.184375 0.15312500000000004 0.184375 0.15312500000000004 0.25625 0.2109375 0.25625
42 0.3828125 0.18437500000000004 0.34375 0.18437500000000004 0.34375 0.25625000000000003 0.3828125 0.2562500000000001
0 0.6078125 0.11562500000000009 0.5703125 0.11562500000000009 0.5703125 0.1828125000000001 0.6078125 0.1828125000000001
45 0.221875 0.2609375 0.15312500000000004 0.2609375 0.15312500000000004 0.33125 0.221875 0.33125
56 0.296875 0.18437500000000004 0.259375 0.18437500000000004 0.259375 0.25625 0.296875 0.25625
13 0.3531250000000001 0.4078125 0.3000000000000001 0.4078125 0.3000000000000001 0.478125 0.3531250000000001 0.478125
44 0.20156250000000003 0.334375 0.15000000000000005 0.334375 0.15000000000000005 0.4046875 0.2015625000000001 0.4046875