11 0.6640625 0.2890625000000001 0.6265625 0.2890625000000001 0.6265625 0.3359375000000001 0.6640625 0.3359375000000001
38 0.60625 0.3390625000000001 0.571875 0.3390625000000001 0.571875 0.3859375000000001 0.60625 0.3859375000000001
31 0.578125 0.38750000000000007 0.540625 0.38750000000000007 0.540625 0.4375 0.578125 0.4375
44 0.19218750000000004 0.4375 0.13125000000000003 0.4375 0.13125000000000003 0.4875 0.19218750000000004 0.4875
40 0.5984375 0.440625 0.5609375 0.440625 0.5609375 0.490625 0.5984375 0.490625
36 0.56875 0.3390625000000001 0.53125 0.3390625000000001 0.53125 0.3859375000000001 0.56875 0.3859375000000001
32 0.23437500000000008 0.4375 0.19375000000000003 0.4375 0.19375000000000003 0.4875 0.23437500000000008 0.4875
29 0.5375 0.38750000000000007 0.5 0.38750000000000007 0.5 0.4375 0.5375 0.4375
59 0.453125 0.3375000000000001 0.415625 0.3375000000000001 0.415625 0.3843750000000001 0.453125 0.3843750000000001
2 0.2796875 0.284375 0.2421875 0.284375 0.2421875 0.33125 0.2796875 0.33125
47 0.5203125 0.4921875 0.3140625000000001 0.4921875 0.3140625000000001 0.5453125 0.5203125 0.5453125
30 0.921875 0.24843750000000003 0.11875000000000005 0.2484375 0.11875000000000006 0.5937500000000001 0.921875 0.5937500000000002
43 0.2984375000000001 0.384375 0.2609375000000001 0.384375 0.2609375000000001 0.434375 0.2984375000000001 0.434375
8 0.5109375 0.2875000000000001 0.4734375 0.2875000000000001 0.4734375 0.3343750000000001 0.5109375 0.3343750000000001
58 0.2750000000000001 0.4375 0.23437500000000008 0.4375 0.23437500000000008 0.4875 0.2750000000000001 0.4875
21 0.33437500000000003 0.3328125 0.296875 0.3328125 0.29687500000000006 0.3828125 0.3343750000000001 0.3828125
55 0.3968750000000001 0.4375 0.3593750000000001 0.4375 0.3593750000000001 0.4875 0.3968750000000001 0.4875
16 0.35625000000000007 0.4375 0.31718750000000007 0.4375 0.31718750000000007 0.4875 0.35625000000000007 0.4875
9 0.5484375 0.2875000000000001 0.5109375 0.2875000000000001 0.5109375 0.3343750000000001 0.5484375 0.3343750000000001
52 0.21562500000000004 0.3328125 0.14687500000000003 0.3328125 0.14687500000000003 0.3796875 0.2156250000000001 0.3796875
56 0.29531250000000003 0.3328125 0.2578125 0.3328125 0.25781250000000006 0.3828125 0.2953125000000001 0.3828125
37 0.6171875 0.38750000000000007 0.5796875 0.38750000000000007 0.5796875 0.4375 0.6171875 0.4375
53 0.490625 0.3375000000000001 0.453125 0.3375000000000001 0.453125 0.3843750000000001 0.490625 0.3843750000000001
26 0.696875 0.3890625000000001 0.659375 0.3890625000000001 0.659375 0.4390625 0.696875 0.4390625
41 0.25468750000000007 0.3328125 0.2171875 0.3328125 0.21718750000000003 0.3796875 0.25468750000000007 0.3796875
51 0.4125 0.3359375000000001 0.378125 0.3359375000000001 0.37812500000000004 0.3828125000000001 0.4125 0.3828125000000001
22 0.7390625 0.3359375000000001 0.6875 0.3359375000000001 0.6875 0.4390625000000001 0.7390625 0.4390625000000002
1 0.240625 0.284375 0.2015625 0.284375 0.2015625 0.33125 0.240625 0.33125
57 0.31718750000000007 0.4375 0.2765625000000001 0.4375 0.2765625000000001 0.4875 0.31718750000000007 0.4875
4 0.35625 0.2859375 0.321875 0.2859375 0.321875 0.3328125 0.35625 0.3328125
35 0.478125 0.4390625 0.440625 0.4390625 0.440625 0.4890625 0.478125 0.4890625
7 0.4734375 0.28593750000000007 0.4359375 0.28593750000000007 0.4359375 0.3359375000000001 0.4734375 0.3359375000000001
54 0.646875 0.3390625000000001 0.609375 0.3390625000000001 0.609375 0.3859375000000001 0.646875 0.3859375000000001
3 0.31875 0.284375 0.28125 0.284375 0.28125 0.33125 0.31875 0.33125
24 0.4203125 0.3859375000000001 0.3812500000000001 0.3859375000000001 0.3812500000000001 0.4359375 0.4203125 0.4359375
15 0.4390625 0.4390625 0.4 0.4390625 0.4 0.4890625 0.4390625 0.4890625
14 0.5609375 0.49375 0.5203125 0.49375 0.5203125 0.546875 0.5609375 0.546875
46 0.7421875 0.4406250000000001 0.6421875 0.440625 0.6421875 0.4906250000000001 0.7421875 0.4906250000000002
6 0.4328125 0.2875000000000001 0.3984375 0.2875000000000001 0.3984375 0.3343750000000001 0.4328125 0.3343750000000001
28 0.4984375 0.3859375000000001 0.4609375 0.3859375000000001 0.4609375 0.4359375 0.4984375 0.4359375
50 0.625 0.49375 0.5625 0.49375 0.5625 0.546875 0.625 0.546875
25 0.459375 0.3859375000000001 0.421875 0.3859375000000001 0.421875 0.4359375 0.459375 0.4359375
45 0.22031250000000008 0.384375 0.14062500000000006 0.384375 0.14062500000000006 0.434375 0.22031250000000008 0.434375
42 0.37343750000000003 0.33593750000000006 0.3359375 0.3359375 0.33593750000000006 0.38281250000000006 0.3734375000000001 0.3828125000000001
13 0.3125000000000001 0.4921875 0.2718750000000001 0.4921875 0.2718750000000001 0.5453125 0.3125000000000001 0.5453125
10 0.2593750000000001 0.384375 0.22031250000000008 0.384375 0.22031250000000008 0.434375 0.2593750000000001 0.434375
19 0.3390625000000001 0.384375 0.30156250000000007 0.384375 0.30156250000000007 0.434375 0.3390625000000001 0.434375
39 0.6859375 0.3390625000000001 0.6484375 0.3390625000000001 0.6484375 0.3859375000000001 0.6859375 0.3859375000000001
23 0.3781250000000001 0.38593750000000004 0.34062500000000007 0.3859375 0.34062500000000007 0.4359375 0.3781250000000001 0.4359375
27 0.5296875 0.3375000000000001 0.4921875 0.3375000000000001 0.4921875 0.3843750000000001 0.5296875 0.3843750000000001
12 0.6578125 0.3890625000000001 0.6203125 0.3890625000000001 0.6203125 0.4390625 0.6578125 0.4390625
5 0.39375 0.28750000000000003 0.359375 0.2875 0.359375 0.33437500000000003 0.39375 0.3343750000000001
18 0.559375 0.4390625 0.521875 0.4390625 0.521875 0.4890625 0.559375 0.4890625
48 0.625 0.2890625000000001 0.590625 0.2890625000000001 0.590625 0.3359375000000001 0.625 0.3359375000000001
0 0.5875 0.2890625000000001 0.55 0.2890625000000001 0.55 0.3359375000000001 0.5875 0.3359375000000001
34 0.640625 0.440625 0.6015625 0.440625 0.6015625 0.490625 0.640625 0.490625
49 0.18750000000000006 0.4890625 0.12500000000000006 0.4890625 0.12500000000000006 0.54375 0.18750000000000006 0.54375
20 0.73125 0.2906250000000001 0.665625 0.2906250000000001 0.665625 0.3375000000000001 0.73125 0.3375000000000001
17 0.2015625 0.2828125 0.15312500000000004 0.2828125 0.15312500000000004 0.3296875 0.2015625 0.3296875
33 0.51875 0.4390625 0.48125 0.4390625 0.48125 0.4890625 0.51875 0.4890625