15 0.5171875 0.475 0.4609375 0.475 0.4609375 0.5453125 0.5171875 0.5453125
13 0.3859375000000001 0.6078125 0.32500000000000007 0.6078125 0.32500000000000007 0.690625 0.3859375000000001 0.690625
10 0.2609375000000001 0.534375 0.2062500000000001 0.534375 0.2062500000000001 0.6046875 0.2609375000000001 0.6046875
0 0.634375 0.22812500000000008 0.58125 0.22812500000000008 0.58125 0.2968750000000001 0.634375 0.2968750000000001
40 0.7140625 0.3734375000000001 0.659375 0.3734375000000001 0.659375 0.44375 0.7140625 0.44375
45 0.21093750000000008 0.565625 0.11562500000000009 0.565625 0.11562500000000009 0.6515625 0.21093750000000008 0.6515625
14 0.69375 0.4546875 0.6328125 0.4546875 0.6328125 0.525 0.69375 0.525
19 0.3671875000000001 0.48125 0.3109375000000001 0.48125 0.3109375000000001 0.5515625 0.3671875000000001 0.5515625
59 0.4890625 0.3609375000000001 0.4328125 0.3609375000000001 0.4328125 0.43125 0.4890625 0.43125
57 0.3609375000000001 0.5515625 0.3046875000000001 0.5515625 0.3046875000000001 0.621875 0.3609375000000001 0.621875
4 0.3453125000000001 0.3671875 0.2890625000000001 0.3671875 0.2890625000000001 0.4359375 0.3453125000000001 0.4359375
7 0.4890625 0.2921875000000001 0.4375 0.2921875000000001 0.4375 0.3625000000000001 0.4890625 0.3625000000000001
12 0.7609375 0.2843750000000001 0.70625 0.2843750000000001 0.70625 0.3546875000000001 0.7609375 0.3546875000000001
50 0.7421875 0.42656250000000007 0.68125 0.4265625 0.68125 0.5000000000000001 0.7421875 0.5000000000000002
35 0.565625 0.4484375 0.5109375 0.4484375 0.5109375 0.51875 0.565625 0.51875
47 0.64375 0.48125 0.3781250000000001 0.48125 0.3781250000000001 0.6640625 0.64375 0.6640625
24 0.4703125 0.43125 0.4140625 0.43125 0.4140625 0.5015625 0.4703125 0.5015625
38 0.6828125 0.26250000000000007 0.6265625 0.26250000000000007 0.6265625 0.33281250000000007 0.6828125 0.33281250000000007
25 0.5203125 0.4078125 0.4640625 0.4078125 0.4640625 0.478125 0.5203125 0.478125
44 0.2062500000000001 0.6296875 0.13281250000000008 0.6296875 0.13281250000000008 0.7078125 0.2062500000000001 0.7078125
41 0.23437500000000008 0.4859375 0.17812500000000003 0.4859375 0.17812500000000006 0.55625 0.23437500000000008 0.55625
42 0.3890625000000001 0.40625 0.33281250000000007 0.40625 0.33281250000000007 0.4765625 0.3890625000000001 0.4765625
53 0.5390625 0.3359375000000001 0.4828125 0.3359375000000001 0.4828125 0.40625 0.5390625 0.40625
23 0.41875 0.4578125 0.36406250000000007 0.4578125 0.36406250000000007 0.528125 0.41875 0.528125
6 0.4453125 0.3203125000000001 0.3890625 0.3203125000000001 0.38906250000000003 0.3890625000000001 0.4453125 0.3890625000000001
21 0.3375000000000001 0.4328125 0.2828125000000001 0.4328125 0.2828125000000001 0.503125 0.3375000000000001 0.503125
43 0.3140625000000001 0.509375 0.2578125000000001 0.509375 0.2578125000000001 0.5796875 0.3140625000000001 0.5796875
16 0.4140625 0.525 0.3593750000000001 0.525 0.3593750000000001 0.5953125 0.4140625 0.5953125
31 0.6671875 0.3312500000000001 0.6109375 0.3312500000000001 0.6109375 0.4015625 0.6671875 0.4015625
54 0.7296875 0.23593750000000008 0.6734375 0.23593750000000008 0.6734375 0.3062500000000001 0.7296875 0.3062500000000001
9 0.5875 0.2515625000000001 0.5359375 0.2515625000000001 0.5359375 0.3187500000000001 0.5875 0.3187500000000001
46 0.8703125 0.2968750000000001 0.753125 0.2968750000000001 0.753125 0.3890625000000001 0.8703125 0.3890625000000001
52 0.18125000000000008 0.5125 0.09843750000000007 0.5125 0.09843750000000007 0.596875 0.18125000000000008 0.596875
51 0.440625 0.3843750000000001 0.3843750000000001 0.3843750000000001 0.3843750000000001 0.4546875 0.440625 0.4546875
22 0.8453125 0.19687500000000008 0.765625 0.19687500000000008 0.765625 0.3078125000000001 0.8453125 0.3078125000000001
29 0.6171875 0.35625000000000007 0.5625 0.35625000000000007 0.5625 0.4265625 0.6171875 0.4265625
32 0.2562500000000001 0.60625 0.2000000000000001 0.60625 0.2000000000000001 0.6765625 0.2562500000000001 0.6765625
37 0.7140625 0.30937500000000007 0.6578125 0.30937500000000007 0.6578125 0.37968750000000007 0.7140625 0.37968750000000007
56 0.28593750000000007 0.4578125 0.2312500000000001 0.4578125 0.2312500000000001 0.528125 0.28593750000000007 0.528125
39 0.775 0.2171875000000001 0.7203125 0.2171875000000001 0.7203125 0.2875000000000001 0.775 0.2875000000000001
36 0.6359375 0.2890625000000001 0.5796875 0.2890625000000001 0.5796875 0.3593750000000001 0.6359375 0.3593750000000001
49 0.2218750000000001 0.696875 0.1531250000000001 0.696875 0.1531250000000001 0.7796875 0.2218750000000001 0.7796875
34 0.7609375 0.3515625000000001 0.70625 0.3515625000000001 0.70625 0.4140625000000001 0.7609375 0.41406250000000017
27 0.5859375 0.3109375000000001 0.53125 0.3109375000000001 0.53125 0.3812500000000001 0.5859375 0.3812500000000001
11 0.7296875 0.18125000000000008 0.678125 0.18125000000000008 0.678125 0.2484375000000001 0.7296875 0.2484375000000001
20 0.796875 0.1531250000000001 0.721875 0.1531250000000001 0.721875 0.2234375000000001 0.796875 0.2234375000000001
17 0.13437500000000005 0.4703125 0.07812500000000007 0.4703125 0.07812500000000007 0.5390625 0.13437500000000005 0.5390625
5 0.39531250000000007 0.34687500000000004 0.3390625 0.346875 0.33906250000000004 0.415625 0.39531250000000007 0.415625
48 0.6828125 0.2062500000000001 0.6296875 0.2062500000000001 0.6296875 0.2734375000000001 0.6828125 0.2734375000000001
58 0.3078125000000001 0.5765625 0.2515625000000001 0.5765625 0.2515625000000001 0.646875 0.3078125000000001 0.646875
2 0.24375000000000008 0.41875 0.18750000000000006 0.41875 0.18750000000000006 0.4875 0.24375000000000008 0.4875
8 0.540625 0.2718750000000001 0.4875 0.2718750000000001 0.4875 0.3390625000000001 0.540625 0.3390625000000001
30 1 0.032812500000000064 4.018372309702252e-18 0.0328125 5.128208471429541e-17 0.8046875 1 0.8046875
3 0.29375000000000007 0.3921875 0.2375000000000001 0.3921875 0.2375000000000001 0.4609375 0.29375000000000007 0.4609375
55 0.465625 0.4984375 0.409375 0.4984375 0.409375 0.56875 0.465625 0.56875
33 0.615625 0.421875 0.559375 0.421875 0.559375 0.4921875 0.615625 0.4921875
18 0.665625 0.3984375000000001 0.6109375 0.3984375000000001 0.6109375 0.46875 0.665625 0.46875
26 0.8078125 0.26250000000000007 0.7546875 0.26250000000000007 0.7546875 0.3296875000000001 0.8078125 0.3296875000000001
28 0.56875 0.3828125000000001 0.5140625 0.3828125000000001 0.5140625 0.453125 0.56875 0.453125
1 0.18906250000000005 0.4453125 0.13281250000000006 0.4453125 0.13281250000000006 0.5140625 0.18906250000000005 0.5140625