33 0.9984375 0.7515625000000001 0.9015625 0.7515625000000001 0.9015625 0.909375 0.9984375 0.909375
13 0.5453125000000001 0.6984375 0.4109375 0.6984375 0.41093750000000007 0.8671875 0.5453125000000002 0.8671875
32 0.3421875000000001 0.4796875 0.22656250000000008 0.4796875 0.22656250000000008 0.621875 0.3421875000000001 0.621875
3 0.5828125 0.19375000000000006 0.4796875 0.19375000000000003 0.4796875 0.3281250000000001 0.5828125 0.3281250000000001
53 0.978125 0.4671875000000002 0.871875 0.4671875000000002 0.871875 0.6093750000000002 0.978125 0.6093750000000002
16 0.6203125 0.5984375 0.5078125 0.5984375 0.5078125000000001 0.74375 0.6203125000000002 0.74375
24 0.7875 0.5296875000000001 0.678125 0.5296875 0.678125 0.6734375000000001 0.7875 0.6734375000000001
45 0.30937500000000007 0.3171875 0.15312500000000004 0.3171875 0.15312500000000004 0.478125 0.30937500000000007 0.478125
51 0.7875 0.3968750000000001 0.684375 0.3968750000000001 0.684375 0.5312500000000001 0.7875 0.5312500000000002
47 0.996875 0.7421875000000001 0.5234375000000002 0.7421875 0.5234375000000002 0.9953125 0.996875 0.9953125
23 0.69375 0.4890625 0.584375 0.4890625 0.584375 0.634375 0.69375 0.634375
7 0.946875 0.3312500000000001 0.846875 0.3312500000000001 0.846875 0.4703125000000002 0.946875 0.4703125000000002
55 0.7171875000000001 0.6375 0.6046875 0.6375 0.6046875 0.78125 0.7171875000000002 0.78125
59 0.884375 0.4359375000000002 0.778125 0.4359375000000002 0.778125 0.5687500000000002 0.884375 0.5687500000000002
57 0.5296875 0.5609375 0.4140625 0.5609375 0.4140625 0.703125 0.5296875 0.703125
28 0.9828125 0.6062500000000002 0.8734375 0.6062500000000002 0.8734375 0.7515625000000001 0.9828125 0.7515625000000001
19 0.6 0.4546875 0.4890625 0.4546875 0.4890625 0.596875 0.6 0.596875
17 0.3171875 0.09687500000000003 0.2140625 0.09687500000000002 0.2140625 0.2203125 0.3171875 0.2203125
4 0.671875 0.2328125000000001 0.5671875 0.2328125000000001 0.5671875 0.3593750000000001 0.671875 0.3593750000000001
15 0.8140625 0.6718750000000001 0.7046875 0.671875 0.7046875000000001 0.821875 0.8140625 0.821875
43 0.503125 0.421875 0.4 0.421875 0.4 0.55625 0.503125 0.55625
58 0.4359375 0.5234375 0.3203125000000001 0.5234375 0.3203125000000001 0.665625 0.4359375 0.665625
56 0.5125 0.2921875000000001 0.40625 0.2921875000000001 0.40625 0.425 0.5125 0.425
6 0.85625 0.30156250000000007 0.7515625 0.30156250000000007 0.7515625 0.4281250000000002 0.85625 0.4281250000000002
42 0.6921875 0.3625000000000001 0.5859375 0.3625000000000001 0.5859375 0.496875 0.6921875 0.496875
52 0.334375 0.209375 0.18437500000000004 0.209375 0.18437500000000004 0.3578125 0.334375 0.3578125
5 0.7609375 0.2656250000000001 0.65625 0.2656250000000001 0.65625 0.3921875000000001 0.7609375 0.3921875000000001
44 0.2531250000000001 0.4421875 0.11875000000000005 0.4421875 0.11875000000000006 0.59375 0.2531250000000001 0.59375
35 0.9125 0.7140625000000002 0.803125 0.7140625000000002 0.803125 0.8640625 0.9125 0.8640625
10 0.4140625 0.38593750000000004 0.3109375000000001 0.3859375 0.3109375000000001 0.5203125 0.4140625 0.5203125
25 0.884375 0.5656250000000002 0.775 0.5656250000000002 0.775 0.7093750000000002 0.884375 0.7093750000000002
49 0.2453125000000001 0.5578125 0.07968750000000006 0.5578125 0.07968750000000008 0.7359375 0.2453125000000001 0.7359375
2 0.4953125 0.16875000000000004 0.3921875 0.16875000000000004 0.3921875 0.2921875000000001 0.4953125 0.2921875000000001
21 0.6046875 0.33281250000000007 0.4984375 0.33281250000000007 0.4984375 0.4671875 0.6046875 0.4671875
41 0.4234375 0.259375 0.3171875 0.259375 0.31718750000000007 0.39375000000000004 0.4234375 0.3937500000000001
8 0.996875 0.3593750000000001 0.9421875 0.3593750000000001 0.9421875 0.4890625000000002 0.996875 0.4890625000000002
1 0.409375 0.13125000000000003 0.30625 0.13125000000000003 0.30625 0.25468750000000007 0.409375 0.25468750000000007