2 0.6937500000000002 0.8140625 0.6468750000000002 0.8140625 0.6468750000000002 0.8515625 0.6937500000000002 0.8515625
3 0.6937500000000002 0.7734375 0.6468750000000002 0.7734375 0.6468750000000002 0.8109375 0.6937500000000002 0.8109375
11 0.6921875 0.4171875 0.6453125 0.4171875 0.6453125 0.4515625 0.6921875 0.4515625
6 0.3468750000000001 0.6453125 0.2953125000000001 0.6453125 0.2953125000000001 0.6828125 0.3468750000000001 0.6828125
49 0.12343750000000012 0.8796875 0.06093750000000011 0.8796875 0.06093750000000011 0.9421875 0.12343750000000013 0.9421875
13 0.48437500000000017 0.8234375 0.4281250000000002 0.8234375 0.4281250000000002 0.8734375 0.48437500000000017 0.8734375
46 0.540625 0.35625000000000007 0.4953125 0.35625000000000007 0.4953125 0.440625 0.540625 0.440625
41 0.6421875000000001 0.834375 0.5968750000000002 0.834375 0.5968750000000002 0.871875 0.6421875000000001 0.871875
9 0.6890625 0.534375 0.64375 0.534375 0.64375 0.56875 0.6890625 0.56875
53 0.29375000000000007 0.5828125 0.24375000000000008 0.5828125 0.24375000000000008 0.6203125 0.29375000000000007 0.6203125
10 0.5921875000000002 0.825 0.5437500000000002 0.825 0.5437500000000002 0.8625 0.5921875000000002 0.8625
0 0.3453125000000001 0.478125 0.2968750000000001 0.478125 0.2968750000000001 0.515625 0.3453125000000001 0.515625
58 0.1781250000000001 0.803125 0.1296875000000001 0.803125 0.1296875000000001 0.84375 0.1781250000000001 0.84375
15 0.540625 0.6421875 0.49375 0.6421875 0.49375 0.6796875 0.540625 0.6796875
45 0.2328125000000001 0.86875 0.1828125000000001 0.86875 0.1828125000000001 0.9375 0.2328125000000001 0.9375
43 0.23593750000000008 0.7828125 0.1843750000000001 0.7828125 0.1843750000000001 0.8203125 0.23593750000000008 0.8203125
5 0.3437500000000001 0.6875 0.29375000000000007 0.6875 0.29375000000000007 0.725 0.3437500000000001 0.725
17 0.3421875000000001 0.896875 0.29375000000000007 0.896875 0.29375000000000007 0.934375 0.3421875000000001 0.934375
1 0.3437500000000001 0.8546875 0.29375000000000007 0.8546875 0.29375000000000007 0.89375 0.3437500000000001 0.89375
56 0.6421875000000001 0.79375 0.5953125000000001 0.79375 0.5953125000000001 0.83125 0.6421875000000001 0.83125
26 0.24218750000000008 0.3671875 0.19375000000000003 0.3671875 0.19375000000000003 0.4046875 0.24218750000000008 0.4046875
38 0.2953125000000001 0.4609375 0.2468750000000001 0.4609375 0.2468750000000001 0.4953125 0.2953125000000001 0.4953125
28 0.5890625 0.58125 0.5421875 0.58125 0.5421875 0.61875 0.5890625 0.61875
55 0.540625 0.6828125 0.49375 0.6828125 0.49375 0.7203125 0.540625 0.7203125
50 0.13125000000000003 0.3296875 0.07187500000000005 0.3296875 0.07187500000000005 0.3921875 0.13125000000000003 0.3921875
20 0.35000000000000003 0.3375 0.3015625 0.3375 0.30156250000000007 0.39375 0.3500000000000001 0.39375
42 0.2921875000000001 0.7078125 0.24218750000000008 0.7078125 0.24218750000000008 0.7453125 0.2921875000000001 0.7453125
47 0.12968750000000007 0.5125 0.06718750000000007 0.5125 0.06718750000000008 0.759375 0.1296875000000001 0.759375
52 0.6421875000000001 0.875 0.5953125000000001 0.875 0.5953125000000001 0.9328125 0.6421875000000001 0.9328125
5 0.6937500000000001 0.6921875 0.646875 0.6921875 0.6468750000000001 0.7296875 0.6937500000000002 0.7296875
54 0.640625 0.434375 0.59375 0.434375 0.59375 0.471875 0.640625 0.471875
35 0.540625 0.603125 0.49375 0.603125 0.49375 0.640625 0.540625 0.640625
35 0.1843750000000001 0.59375 0.13437500000000008 0.59375 0.13437500000000008 0.63125 0.1843750000000001 0.63125
41 0.2906250000000001 0.834375 0.2406250000000001 0.834375 0.2406250000000001 0.875 0.2906250000000001 0.875
33 0.540625 0.5625 0.49375 0.5625 0.49375 0.6 0.540625 0.6
10 0.23437500000000008 0.825 0.1843750000000001 0.825 0.1843750000000001 0.865625 0.23437500000000008 0.865625
34 0.18437500000000004 0.428125 0.13750000000000004 0.428125 0.13750000000000004 0.465625 0.18437500000000004 0.465625
16 0.18125000000000008 0.71875 0.1312500000000001 0.71875 0.1312500000000001 0.75625 0.18125000000000008 0.75625
47 0.4859375000000001 0.5234375 0.4296875 0.5234375 0.4296875000000001 0.7625 0.4859375000000002 0.7625
30 0.4046875000000001 2.7745904043182225e-17 0.0484375 5.931882933369992e-18 0.04843750000000006 0.9515625 0.4046875000000002 0.9515625
4 0.6921875000000002 0.7328125 0.6453125000000002 0.7328125 0.6453125000000002 0.7703125 0.6921875000000002 0.7703125
21 0.6421875000000001 0.753125 0.5953125000000001 0.753125 0.5953125000000001 0.790625 0.6421875000000001 0.790625
59 0.6421875 0.6328125 0.5953125 0.6328125 0.5953125 0.6703125 0.6421875 0.6703125
23 0.5921875000000001 0.7046875 0.5453125 0.7046875 0.5453125000000001 0.7390625 0.5921875000000002 0.7390625
57 0.17968750000000008 0.7625 0.1296875000000001 0.7625 0.1296875000000001 0.8 0.17968750000000008 0.8
20 0.6921875 0.3593750000000001 0.646875 0.3593750000000001 0.646875 0.4125 0.6921875 0.4125
50 0.4890625 0.35625000000000007 0.4328125 0.35625000000000007 0.4328125 0.4125 0.4890625 0.4125
26 0.5921875 0.3859375000000001 0.5453125 0.3859375000000001 0.5453125 0.4234375 0.5921875 0.4234375
3 0.3437500000000001 0.771875 0.29375000000000007 0.771875 0.29375000000000007 0.809375 0.3437500000000001 0.809375
39 0.6390625 0.39531250000000007 0.5921875 0.39531250000000007 0.5921875 0.4328125 0.6390625 0.4328125
0 0.690625 0.49375 0.6453125 0.49375 0.6453125 0.528125 0.690625 0.528125
1 0.6921875000000002 0.853125 0.6453125000000002 0.853125 0.6453125000000002 0.890625 0.6921875000000002 0.890625
58 0.5390625000000002 0.8046875 0.49218750000000017 0.8046875 0.49218750000000017 0.8421875 0.5390625000000002 0.8421875
2 0.3421875000000001 0.8125 0.2953125000000001 0.8125 0.2953125000000001 0.85 0.3421875000000001 0.85
6 0.69375 0.653125 0.6453125 0.653125 0.6453125 0.690625 0.69375 0.690625
54 0.2953125000000001 0.41875 0.2468750000000001 0.41875 0.2468750000000001 0.45625 0.2953125000000001 0.45625
53 0.6421875 0.5921875 0.5953125 0.5921875 0.5953125 0.6296875 0.6421875 0.6296875
37 0.24218750000000008 0.45 0.19218750000000004 0.45 0.19218750000000004 0.484375 0.24218750000000008 0.484375
48 0.3437500000000001 0.4375 0.2984375000000001 0.4375 0.2984375000000001 0.475 0.3437500000000001 0.475
36 0.2953125000000001 0.5015625 0.2453125000000001 0.5015625 0.2453125000000001 0.5359375 0.2953125000000001 0.5359375
31 0.24218750000000008 0.490625 0.19218750000000004 0.490625 0.19218750000000004 0.528125 0.24218750000000008 0.528125
32 0.1781250000000001 0.8453125 0.1281250000000001 0.8453125 0.1281250000000001 0.8859375 0.1781250000000001 0.8859375
52 0.2875000000000001 0.878125 0.2375000000000001 0.878125 0.2375000000000001 0.9375 0.2875000000000001 0.9375
8 0.6890625 0.5734375 0.64375 0.5734375 0.64375 0.6078125 0.6890625 0.6078125
45 0.5921875000000002 0.8671875 0.5453125000000002 0.8671875 0.5453125000000002 0.934375 0.5921875000000002 0.934375
18 0.18437500000000007 0.5109375 0.13593750000000004 0.5109375 0.13593750000000007 0.5484375 0.1843750000000001 0.5484375
22 0.6421875 0.35625000000000007 0.5453125 0.35625000000000007 0.5453125 0.3937500000000001 0.6421875 0.3937500000000001
59 0.29375000000000007 0.625 0.24375000000000008 0.625 0.24375000000000008 0.6625 0.29375000000000007 0.6625
29 0.5890625 0.5421875 0.5421875 0.5421875 0.5421875 0.5796875 0.5890625 0.5796875
14 0.13125000000000003 0.39375 0.07187500000000005 0.39375 0.07187500000000005 0.4453125 0.13125000000000003 0.4453125
11 0.34843750000000007 0.3984375 0.30156250000000007 0.3984375 0.30156250000000007 0.4359375 0.34843750000000007 0.4359375
51 0.29375000000000007 0.6671875 0.24375000000000008 0.6671875 0.24375000000000008 0.7046875 0.29375000000000007 0.7046875
9 0.3468750000000001 0.5203125 0.2984375000000001 0.5203125 0.2984375000000001 0.5578125 0.3468750000000001 0.5578125
14 0.4859375 0.4140625 0.43125 0.4140625 0.43125 0.4609375 0.4859375 0.4609375
51 0.6421875 0.675 0.5953125 0.675 0.5953125 0.709375 0.6421875 0.709375
46 0.18750000000000006 0.334375 0.13906250000000003 0.334375 0.13906250000000003 0.4234375 0.18750000000000006 0.4234375
18 0.540625 0.525 0.49375 0.525 0.49375 0.559375 0.540625 0.559375
27 0.2953125000000001 0.5421875 0.2453125000000001 0.5421875 0.2453125000000001 0.5796875 0.2953125000000001 0.5796875
12 0.5921875 0.4265625 0.5453125 0.4265625 0.5453125 0.4640625 0.5921875 0.4640625
36 0.640625 0.5125 0.59375 0.5125 0.59375 0.55 0.640625 0.55
23 0.23593750000000008 0.6984375 0.1859375000000001 0.6984375 0.1859375000000001 0.7359375 0.23593750000000008 0.7359375
25 0.5921875 0.6234375 0.5453125 0.6234375 0.5453125 0.6609375 0.5921875 0.6609375
31 0.5890625 0.503125 0.5421875 0.503125 0.5421875 0.540625 0.5890625 0.540625
8 0.3468750000000001 0.5625 0.3000000000000001 0.5625 0.3000000000000001 0.6 0.3468750000000001 0.6
33 0.1859375000000001 0.553125 0.1359375000000001 0.553125 0.1359375000000001 0.590625 0.1859375000000001 0.590625
13 0.12343750000000009 0.8265625 0.0640625000000001 0.8265625 0.0640625000000001 0.8765625 0.12343750000000009 0.8765625
30 0.7437500000000001 0.03437500000000007 0.4140625 0.03437500000000006 0.4140625000000001 0.94375 0.7437500000000001 0.94375
55 0.1828125000000001 0.678125 0.13281250000000008 0.678125 0.13281250000000008 0.715625 0.1828125000000001 0.715625
40 0.540625 0.484375 0.49375 0.484375 0.49375 0.521875 0.540625 0.521875
40 0.18437500000000004 0.4703125 0.13750000000000004 0.4703125 0.13750000000000004 0.5046875 0.18437500000000004 0.5046875
7 0.3468750000000001 0.603125 0.2984375000000001 0.603125 0.2984375000000001 0.640625 0.3468750000000001 0.640625
4 0.3437500000000001 0.7296875 0.29375000000000007 0.7296875 0.29375000000000007 0.7671875 0.3437500000000001 0.7671875
16 0.5406250000000001 0.7234375 0.49375 0.7234375 0.4937500000000001 0.7609375 0.5406250000000001 0.7609375
42 0.6421875000000001 0.7140625 0.5953125 0.7140625 0.5953125000000001 0.7484375 0.6421875000000001 0.7484375
19 0.5921875000000002 0.7453125 0.5437500000000002 0.7453125 0.5437500000000002 0.7796875 0.5921875000000002 0.7796875
44 0.5390625000000002 0.8875 0.4906250000000002 0.8875 0.4906250000000002 0.934375 0.5390625000000002 0.934375
17 0.6937500000000002 0.896875 0.6484375000000002 0.896875 0.6484375000000002 0.9328125 0.6937500000000002 0.9328125
39 0.2953125000000001 0.378125 0.2484375000000001 0.378125 0.2484375000000001 0.4125 0.2953125000000001 0.4125
25 0.2375000000000001 0.6140625 0.18906250000000008 0.6140625 0.18906250000000008 0.6515625 0.2375000000000001 0.6515625
32 0.5390625000000002 0.8453125 0.49218750000000017 0.8453125 0.49218750000000017 0.8828125 0.5390625000000002 0.8828125
21 0.2921875000000001 0.7515625 0.24218750000000008 0.7515625 0.24218750000000008 0.7890625 0.2921875000000001 0.7890625
19 0.23593750000000008 0.740625 0.1859375000000001 0.740625 0.1859375000000001 0.778125 0.23593750000000008 0.778125
24 0.5921875 0.6625 0.5453125 0.6625 0.5453125 0.7 0.5921875 0.7
12 0.24218750000000008 0.4078125 0.19218750000000004 0.4078125 0.19218750000000004 0.4453125 0.24218750000000008 0.4453125
29 0.2406250000000001 0.53125 0.19062500000000004 0.53125 0.19062500000000007 0.56875 0.2406250000000001 0.56875
48 0.690625 0.45625 0.6453125 0.45625 0.6453125 0.490625 0.690625 0.490625
24 0.2375000000000001 0.65625 0.18906250000000008 0.65625 0.18906250000000008 0.69375 0.2375000000000001 0.69375
22 0.2984375 0.3359375 0.19375000000000003 0.3359375 0.19375000000000003 0.3734375 0.2984375000000001 0.3734375
27 0.6390625 0.5515625 0.5921875 0.5515625 0.5921875 0.5890625 0.6390625 0.5890625
56 0.2906250000000001 0.7921875 0.2406250000000001 0.7921875 0.2406250000000001 0.83125 0.2906250000000001 0.83125
49 0.48750000000000016 0.8765625 0.4281250000000002 0.8765625 0.4281250000000002 0.9359375 0.48750000000000016 0.9359375
43 0.5921875000000002 0.7859375 0.5437500000000002 0.7859375 0.5437500000000002 0.8203125 0.5921875000000002 0.8203125
44 0.1750000000000001 0.890625 0.1281250000000001 0.890625 0.1281250000000001 0.9390625 0.17500000000000013 0.9390625
15 0.1828125000000001 0.6359375 0.13437500000000008 0.6359375 0.13437500000000008 0.6734375 0.1828125000000001 0.6734375
7 0.690625 0.6125 0.6453125 0.6125 0.6453125 0.646875 0.690625 0.646875
28 0.2406250000000001 0.571875 0.1906250000000001 0.571875 0.1906250000000001 0.609375 0.2406250000000001 0.609375
57 0.5390625000000002 0.7640625 0.49218750000000017 0.7640625 0.49218750000000017 0.8015625 0.5390625000000002 0.8015625