47 0.8265625 0.7234375000000001 0.17187500000000008 0.7234375 0.17187500000000008 0.88125 0.8265625 0.88125
8 0.6921875 0.1312500000000001 0.5875 0.1312500000000001 0.5875 0.27031250000000007 0.6921875 0.27031250000000007
19 0.21875000000000008 0.43125 0.11562500000000005 0.43125 0.11562500000000006 0.565625 0.21875000000000008 0.565625
29 0.771875 0.4328125000000001 0.6703125 0.4328125 0.6703125 0.565625 0.771875 0.5656250000000002
56 0.07656250000000005 0.278125 0.001562500000000034 0.278125 0.0015625000000000424 0.4125 0.07656250000000005 0.4125
38 0.9703125 0.2828125000000001 0.865625 0.2828125000000001 0.865625 0.4187500000000002 0.9703125 0.4187500000000002
36 0.8578125 0.2828125000000001 0.753125 0.2828125000000001 0.753125 0.4203125000000002 0.8578125 0.4203125000000002
23 0.3296875000000001 0.4328125 0.22656250000000008 0.4328125 0.22656250000000008 0.565625 0.3296875000000001 0.565625
21 0.19218750000000004 0.28125 0.08750000000000005 0.28125 0.08750000000000005 0.4171875 0.19218750000000004 0.4171875
25 0.5515625 0.4328125 0.4484375 0.4328125 0.4484375 0.565625 0.5515625 0.565625
53 0.6328125 0.27812500000000007 0.5296875 0.27812500000000007 0.5296875 0.4171875 0.6328125 0.4171875
18 0.825 0.5781250000000001 0.7234375 0.578125 0.7234375 0.7109375000000001 0.825 0.7109375000000002
37 0.9921875 0.4312500000000002 0.890625 0.4312500000000002 0.890625 0.5656250000000002 0.9921875 0.5656250000000002
33 0.715625 0.5765625 0.6140625 0.5765625 0.6140625 0.7125 0.715625 0.7125
5 0.35625 0.13125000000000003 0.2515625 0.13125000000000003 0.2515625 0.2703125 0.35625 0.2703125
27 0.746875 0.2828125000000001 0.6421875 0.2828125000000001 0.6421875 0.41875000000000007 0.746875 0.4187500000000002
24 0.4421875 0.43125 0.3390625000000001 0.43125 0.3390625000000001 0.565625 0.4421875 0.565625
35 0.6046875 0.5765625 0.503125 0.5765625 0.503125 0.7125 0.6046875 0.7125
55 0.3843750000000001 0.578125 0.2812500000000001 0.578125 0.2812500000000001 0.7109375 0.3843750000000001 0.7109375
6 0.4703125 0.13437500000000005 0.3640625 0.13437500000000005 0.3640625 0.2734375000000001 0.4703125 0.2734375000000001
16 0.2765625000000001 0.5765625 0.17343750000000008 0.5765625 0.17343750000000008 0.7109375 0.2765625000000001 0.7109375
40 0.9359375 0.5796875000000001 0.834375 0.5796875000000001 0.834375 0.7125000000000001 0.9359375 0.7125000000000001
7 0.5796875 0.13125000000000006 0.475 0.13125000000000003 0.475 0.27031250000000007 0.5796875 0.27031250000000007
59 0.521875 0.2796875000000001 0.4203125 0.2796875000000001 0.4203125 0.4171875 0.521875 0.4171875
15 0.49375 0.578125 0.3906250000000001 0.578125 0.3906250000000001 0.7109375 0.49375 0.7109375
31 0.88125 0.4312500000000002 0.7796875 0.4312500000000002 0.7796875 0.5656250000000002 0.88125 0.5656250000000002
9 0.8015625 0.1312500000000001 0.696875 0.1312500000000001 0.696875 0.2671875000000001 0.8015625 0.2671875000000001
43 0.10937500000000007 0.43125 0.006250000000000052 0.43125 0.006250000000000061 0.5640625 0.10937500000000008 0.5640625
51 0.4125 0.2828125 0.309375 0.2828125 0.30937500000000007 0.41875 0.4125 0.41875
42 0.30156250000000007 0.2828125 0.2 0.2828125 0.20000000000000004 0.41875 0.30156250000000007 0.41875
48 0.9984375 0.13125000000000014 0.921875 0.13125000000000014 0.921875 0.2640625000000001 0.9984375 0.2640625000000001
0 0.915625 0.12968750000000012 0.8109375 0.1296875000000001 0.8109375 0.2656250000000001 0.915625 0.2656250000000001
28 0.659375 0.43125 0.5578125 0.43125 0.5578125 0.5640625 0.659375 0.5640625
57 0.16562500000000008 0.5765625 0.06250000000000007 0.5765625 0.06250000000000008 0.7109375 0.16562500000000008 0.7109375
4 0.246875 0.13125000000000003 0.140625 0.13125 0.14062500000000003 0.2703125 0.246875 0.2703125
3 0.13593750000000002 0.13125 0.031250000000000014 0.13125 0.03125000000000002 0.2703125 0.13593750000000004 0.2703125