15 0.446875 0.6 0.3828125000000001 0.6 0.3828125000000001 0.68125 0.446875 0.68125
55 0.3765625000000001 0.6015625 0.3125000000000001 0.6015625 0.3125000000000001 0.68125 0.3765625000000001 0.68125
39 0.878125 0.4187500000000002 0.815625 0.4187500000000002 0.815625 0.4984375000000002 0.878125 0.4984375000000002
21 0.25468750000000007 0.41875 0.19062500000000004 0.41875 0.19062500000000004 0.5015625 0.25468750000000007 0.5015625
51 0.3937500000000001 0.4203125 0.33281250000000007 0.4203125 0.33281250000000007 0.5 0.3937500000000001 0.5
1 0.08281250000000004 0.3328125 0.018750000000000037 0.3328125 0.018750000000000044 0.4125 0.08281250000000004 0.4125
2 0.15156250000000004 0.334375 0.08750000000000005 0.334375 0.08750000000000005 0.4140625 0.15156250000000004 0.4140625
45 0.06093750000000007 0.5125 6.276314845630185e-17 0.5125 6.773827607783798e-17 0.59375 0.06093750000000007 0.59375
32 0.09375000000000008 0.603125 0.02968750000000008 0.603125 0.029687500000000082 0.6828125 0.09375000000000008 0.6828125
40 0.7265625 0.6015625000000001 0.6609375 0.6015625 0.6609375 0.6796875000000001 0.7265625 0.6796875000000002
10 0.12968750000000007 0.5125 0.06718750000000007 0.5125 0.06718750000000007 0.5921875 0.1296875000000001 0.5921875
47 0.5859375000000001 0.6953125 0.2406250000000001 0.6953125 0.2406250000000001 0.790625 0.5859375000000002 0.790625
3 0.22343750000000004 0.334375 0.15937500000000004 0.334375 0.15937500000000004 0.415625 0.2234375000000001 0.415625
23 0.34062500000000007 0.5109375 0.27812500000000007 0.5109375 0.27812500000000007 0.590625 0.34062500000000007 0.590625
26 0.8984375 0.5093750000000001 0.8359375 0.5093750000000001 0.8359375 0.5890625000000002 0.8984375 0.5890625000000002
59 0.4625 0.41875 0.4 0.41875 0.4 0.5 0.4625 0.5
9 0.6375 0.33281250000000007 0.5734375 0.33281250000000007 0.5734375 0.4125 0.6375 0.4125
25 0.48125 0.509375 0.41875 0.509375 0.41875 0.5890625 0.48125 0.5890625
41 0.11406250000000004 0.41875 0.046875000000000056 0.41875 0.04687500000000006 0.5 0.11406250000000004 0.5
49 0.07656250000000009 0.6953125 0.012500000000000084 0.6953125 0.01250000000000009 0.7921875 0.07656250000000009 0.7921875
0 0.70625 0.33281250000000007 0.6421875 0.33281250000000007 0.6421875 0.4125 0.70625 0.4125
48 0.7765625 0.3312500000000001 0.7140625 0.3312500000000001 0.7140625 0.4125000000000001 0.7765625 0.4125000000000002
58 0.1625000000000001 0.603125 0.09843750000000007 0.603125 0.09843750000000008 0.6828125 0.1625000000000001 0.6828125
38 0.7421875 0.41875000000000007 0.6765625 0.41875 0.6765625 0.5000000000000001 0.7421875 0.5000000000000002
36 0.671875 0.4171875 0.60625 0.4171875 0.60625 0.5 0.671875 0.5
44 0.03906250000000008 0.6 7.347880794884119e-17 0.6 7.85496111015607e-17 0.6828125 0.03906250000000009 0.6828125
17 0.03125000000000005 0.334375 4.0949127346489623e-17 0.334375 4.5732903905658965e-17 0.4125 0.031250000000000056 0.4125
56 0.18281250000000004 0.41875 0.12031250000000004 0.41875 0.12031250000000004 0.5015625 0.18281250000000004 0.5015625
37 0.7609375 0.5109375 0.6953125 0.5109375 0.6953125 0.5906250000000001 0.7609375 0.5906250000000002
33 0.5859375 0.5984375 0.5203125 0.5984375 0.5203125 0.68125 0.5859375 0.68125
34 0.796875 0.6031250000000001 0.7328125 0.6031250000000001 0.7328125 0.6796875000000002 0.796875 0.6796875000000002
5 0.36250000000000004 0.3359375 0.2984375 0.3359375 0.2984375 0.4140625 0.3625000000000001 0.4140625
16 0.3062500000000001 0.6015625 0.2406250000000001 0.6015625 0.2406250000000001 0.6828125 0.3062500000000001 0.6828125
54 0.8109375 0.41718750000000016 0.746875 0.41718750000000016 0.746875 0.5000000000000002 0.8109375 0.5000000000000002
18 0.65625 0.6 0.5921875 0.6 0.5921875 0.6796875 0.65625 0.6796875
13 0.1453125000000001 0.696875 0.0828125000000001 0.696875 0.0828125000000001 0.7921875 0.1453125000000001 0.7921875
24 0.4125 0.509375 0.34843750000000007 0.509375 0.34843750000000007 0.590625 0.4125 0.590625
4 0.29218750000000004 0.3359375 0.2296875 0.3359375 0.22968750000000004 0.4140625 0.2921875000000001 0.4140625
42 0.32500000000000007 0.4203125 0.26250000000000007 0.4203125 0.26250000000000007 0.5 0.32500000000000007 0.5
14 0.7468750000000001 0.6921875000000001 0.68125 0.6921875 0.6812500000000001 0.7890625000000001 0.7468750000000002 0.7890625000000002
6 0.4296875 0.3343750000000001 0.3671875 0.3343750000000001 0.36718750000000006 0.415625 0.4296875 0.415625
35 0.5171875 0.6 0.453125 0.6 0.453125 0.68125 0.5171875 0.68125
11 0.84375 0.3312500000000001 0.7828125 0.3312500000000001 0.7828125 0.4109375000000002 0.84375 0.4109375000000002
27 0.6015625 0.41875 0.5390625 0.41875 0.5390625 0.4984375 0.6015625 0.4984375
30 0.9734375 0.17500000000000007 2.143131898507868e-17 0.175 6.104098889500088e-17 0.821875 0.9734375 0.821875
53 0.53125 0.41875 0.4703125 0.41875 0.4703125 0.5 0.53125 0.5
12 0.8296875 0.5093750000000001 0.765625 0.5093750000000001 0.765625 0.5890625000000002 0.8296875 0.5890625000000002
52 0.04687500000000006 0.4203125 5.147343577666219e-17 0.4203125 5.635288786701493e-17 0.5 0.04687500000000007 0.5
29 0.6203125 0.5078125 0.55625 0.5078125 0.55625 0.5890625 0.6203125 0.5890625
20 0.946875 0.3296875000000001 0.85 0.3296875000000001 0.85 0.40937500000000016 0.946875 0.40937500000000016
8 0.5671875 0.3343750000000001 0.5046875 0.3343750000000001 0.5046875 0.4140625 0.5671875 0.4140625
31 0.6890625 0.509375 0.625 0.509375 0.625 0.590625 0.6890625 0.590625
28 0.5484375 0.509375 0.4875 0.509375 0.4875 0.5890625 0.5484375 0.5890625
19 0.2718750000000001 0.5109375 0.2062500000000001 0.5109375 0.2062500000000001 0.5921875 0.2718750000000001 0.5921875
46 0.9546875 0.6015625000000002 0.8015625 0.6015625000000002 0.8015625 0.6796875000000002 0.9546875 0.6796875000000002
7 0.4984375 0.3343750000000001 0.4375 0.3343750000000001 0.4375 0.4125 0.4984375 0.4125
57 0.23593750000000008 0.6015625 0.1703125000000001 0.6015625 0.1703125000000001 0.6828125 0.23593750000000008 0.6828125
22 0.953125 0.4187500000000002 0.884375 0.4187500000000002 0.884375 0.5953125000000001 0.953125 0.5953125000000001
43 0.2000000000000001 0.5125 0.13593750000000004 0.5125 0.13593750000000007 0.5921875 0.2000000000000001 0.5921875