56 0.6609375 0.11875000000000009 0.5671875 0.11875000000000009 0.5671875 0.1937500000000001 0.6609375 0.1937500000000001
19 0.5609375 0.2234375000000001 0.4640625 0.2234375000000001 0.4640625 0.2984375000000001 0.5609375 0.2984375000000001
5 0.7671875 0.3234375000000001 0.6765625 0.3234375000000001 0.6765625 0.3968750000000001 0.7671875 0.3968750000000001
6 0.771875 0.4015625000000001 0.68125 0.4015625 0.68125 0.47343750000000007 0.771875 0.4734375000000002
1 0.759375 8.725608443924893e-17 0.665625 8.15155525682457e-17 0.665625 0.0671875000000001 0.759375 0.0671875000000001
15 0.465625 0.43125 0.37187500000000007 0.43125 0.37187500000000007 0.5046875 0.465625 0.5046875
54 0.6843750000000002 0.8265625 0.5937500000000002 0.8265625 0.5937500000000002 0.89375 0.6843750000000002 0.89375
57 0.45 0.18593750000000003 0.353125 0.18593750000000003 0.353125 0.26093750000000004 0.45 0.2609375000000001
21 0.665625 0.2015625000000001 0.56875 0.2015625000000001 0.56875 0.2765625000000001 0.665625 0.2765625000000001
53 0.6734375 0.5234375 0.5828125 0.5234375 0.5828125 0.5921875 0.6734375 0.5921875
27 0.678125 0.6 0.5875 0.6 0.5875 0.66875 0.678125 0.66875
14 0.3843750000000001 0.7640625 0.2718750000000001 0.7640625 0.2718750000000001 0.8359375 0.3843750000000001 0.8359375
42 0.6640625 0.2843750000000001 0.5734375 0.2843750000000001 0.5734375 0.35625000000000007 0.6640625 0.35625000000000007
13 0.3375 0.03750000000000003 0.2203125 0.03750000000000002 0.2203125 0.13906250000000003 0.3375 0.13906250000000003
39 0.6906250000000002 0.8984375 0.6000000000000002 0.8984375 0.6000000000000002 0.9640625 0.6906250000000002 0.9640625
35 0.46875 0.509375 0.3750000000000001 0.509375 0.3750000000000001 0.5828125 0.46875 0.5828125
55 0.465625 0.3500000000000001 0.36875 0.3500000000000001 0.36875 0.425 0.465625 0.425
38 0.6828125000000002 0.7515625 0.5921875000000002 0.7515625 0.5921875000000002 0.8203125 0.6828125000000002 0.8203125
22 0.6921875000000002 0.9671875 0.5046875000000002 0.9671875 0.5046875000000002 1 0.6921875000000002 1
49 0.33125 3.262535613353496e-17 0.2015625 2.4684287045313837e-17 0.2015625 0.031250000000000035 0.33125 0.03125000000000004
45 0.5484375 6.113666442618428e-17 0.45 5.5109105961630896e-17 0.45 0.04687500000000006 0.5484375 0.04687500000000007
31 0.58125 0.6984375 0.490625 0.6984375 0.4906250000000001 0.7671875 0.5812500000000002 0.7671875
9 0.778125 0.6343750000000001 0.6875 0.634375 0.6875 0.7031250000000001 0.778125 0.7031250000000002
28 0.575 0.546875 0.484375 0.546875 0.484375 0.6140625 0.575 0.6140625
25 0.5734375 0.465625 0.4796875 0.465625 0.4796875 0.5375 0.5734375 0.5375
26 0.5937500000000002 0.921875 0.5031250000000002 0.921875 0.5031250000000002 0.9875 0.5937500000000002 0.9875
40 0.48437500000000017 0.740625 0.3937500000000001 0.740625 0.3937500000000001 0.809375 0.48437500000000017 0.809375
11 0.7859375000000002 0.859375 0.6984375000000002 0.859375 0.6984375000000002 0.925 0.7859375000000002 0.925
59 0.671875 0.4453125 0.58125 0.4453125 0.58125 0.5140625 0.671875 0.5140625
29 0.5796875 0.621875 0.4890625 0.621875 0.4890625 0.690625 0.5796875 0.690625
48 0.7828125000000001 0.784375 0.6953125000000002 0.784375 0.6953125000000002 0.8515625 0.7828125000000001 0.8515625
34 0.48750000000000016 0.815625 0.3968750000000001 0.815625 0.3968750000000001 0.884375 0.48750000000000016 0.884375
2 0.7640625 0.0750000000000001 0.6703125 0.0750000000000001 0.6703125 0.15000000000000008 0.7640625 0.15000000000000008
4 0.7671875 0.24375000000000008 0.6765625 0.24375000000000008 0.6765625 0.3156250000000001 0.7671875 0.3156250000000001
51 0.6703125 0.3671875000000001 0.5765625 0.3671875000000001 0.5765625 0.4359375 0.6703125 0.4359375
41 0.659375 0.03281250000000007 0.5609375 0.032812500000000064 0.5609375 0.11093750000000009 0.659375 0.11093750000000009
47 0.37031250000000004 0.26875000000000004 0.2421875 0.26875 0.24218750000000006 0.6625 0.3703125000000001 0.6625
33 0.475 0.5875 0.3781250000000001 0.5875 0.3781250000000001 0.659375 0.475 0.659375
32 0.4421875 0.01562500000000005 0.3453125 0.015625000000000045 0.3453125 0.09375000000000004 0.4421875 0.09375000000000004
8 0.7734375 0.5593750000000001 0.6828125 0.559375 0.6828125 0.628125 0.7734375 0.6281250000000002
20 0.7859375000000002 0.9296875 0.6984375000000002 0.9296875 0.6984375000000002 1 0.7859375000000002 1
58 0.4453125 0.10156250000000004 0.3484375 0.10156250000000004 0.3484375 0.17656250000000004 0.4453125 0.17656250000000004
24 0.56875 0.3890625000000001 0.475 0.3890625000000001 0.475 0.4609375 0.56875 0.4609375
18 0.4796875000000001 0.6640625 0.3859375000000001 0.6640625 0.3859375000000001 0.7328125 0.47968750000000016 0.7328125
37 0.5843750000000002 0.775 0.4937500000000002 0.775 0.4937500000000002 0.84375 0.5843750000000002 0.84375
12 0.5890625000000002 0.85 0.4984375000000002 0.85 0.4984375000000002 0.915625 0.5890625000000002 0.915625
52 0.653125 7.424421219830829e-17 0.559375 6.850368032730508e-17 0.559375 0.02500000000000007 0.653125 0.025000000000000078
36 0.6796875000000001 0.675 0.5890625 0.675 0.5890625 0.74375 0.6796875000000002 0.74375
10 0.553125 0.05468750000000007 0.45625 0.05468750000000007 0.45625 0.13281250000000006 0.553125 0.13281250000000008
43 0.55625 0.14062500000000006 0.4625 0.14062500000000006 0.4625 0.2156250000000001 0.55625 0.2156250000000001
30 0.875 6.419828142405267e-17 0.1734375 2.1239967922711906e-17 0.17343750000000008 1 0.875 1
46 0.4968750000000002 0.8875 0.4000000000000002 0.8875 0.4000000000000002 1 0.4968750000000002 1
7 0.7734375 0.4828125000000001 0.6828125 0.4828125 0.6828125 0.5515625000000001 0.7734375 0.5515625000000002
16 0.4578125 0.26875000000000004 0.3609375 0.26875 0.3609375 0.34375000000000006 0.4578125 0.3437500000000001
3 0.765625 0.1593750000000001 0.671875 0.1593750000000001 0.671875 0.23437500000000008 0.765625 0.23437500000000008
23 0.565625 0.3078125000000001 0.471875 0.3078125000000001 0.471875 0.3812500000000001 0.565625 0.3812500000000001
0 0.7828125000000001 0.7093750000000001 0.6921875 0.709375 0.6921875000000001 0.7781250000000001 0.7828125000000001 0.7781250000000002