32 0.21250000000000008 0.5640625 0.1625000000000001 0.5640625 0.1625000000000001 0.628125 0.21250000000000008 0.628125
13 0.2562500000000001 0.634375 0.20468750000000008 0.634375 0.20468750000000008 0.709375 0.2562500000000001 0.709375
44 0.15625000000000008 0.5640625 0.08906250000000007 0.5640625 0.08906250000000007 0.6296875 0.15625000000000008 0.6296875
47 0.603125 0.63125 0.33281250000000007 0.63125 0.33281250000000007 0.7078125 0.603125 0.7078125
51 0.45 0.415625 0.4 0.415625 0.4 0.4828125 0.45 0.4828125
36 0.6734375 0.4171875 0.6234375 0.4171875 0.6234375 0.48125 0.6734375 0.48125
12 0.796875 0.4890625000000002 0.746875 0.4890625000000002 0.746875 0.5531250000000002 0.796875 0.5531250000000002
56 0.2812500000000001 0.4171875 0.2312500000000001 0.4171875 0.2312500000000001 0.484375 0.2812500000000001 0.484375
49 0.2015625000000001 0.634375 0.15000000000000008 0.634375 0.15000000000000008 0.7125 0.2015625000000001 0.7125
58 0.27031250000000007 0.5640625 0.22031250000000008 0.5640625 0.22031250000000008 0.628125 0.27031250000000007 0.628125
42 0.3937500000000001 0.41875 0.3437500000000001 0.41875 0.3437500000000001 0.484375 0.3937500000000001 0.484375
20 0.8984375 0.3421875000000001 0.81875 0.3421875000000001 0.81875 0.4078125000000002 0.8984375 0.4078125000000002
46 0.8921875 0.5593750000000002 0.7734375 0.5593750000000002 0.7734375 0.6234375000000002 0.8921875 0.6234375000000002
17 0.13593750000000004 0.3453125 0.08593750000000004 0.3453125 0.08593750000000004 0.4109375 0.13593750000000004 0.4109375
18 0.6578125 0.5609375 0.6078125 0.5609375 0.6078125 0.625 0.6578125 0.625
21 0.3375000000000001 0.4171875 0.2875000000000001 0.4171875 0.2875000000000001 0.484375 0.3375000000000001 0.484375
7 0.534375 0.3437500000000001 0.484375 0.3437500000000001 0.484375 0.409375 0.534375 0.409375
57 0.3265625000000001 0.5640625 0.2750000000000001 0.5640625 0.2750000000000001 0.6265625 0.3265625000000001 0.6265625
8 0.590625 0.3453125000000001 0.5390625 0.3453125000000001 0.5390625 0.409375 0.590625 0.409375
9 0.646875 0.3437500000000001 0.5953125 0.3437500000000001 0.5953125 0.409375 0.646875 0.409375
3 0.30937500000000007 0.3453125 0.2578125 0.3453125 0.25781250000000006 0.409375 0.30937500000000007 0.409375
25 0.5203125 0.4890625 0.4703125 0.4890625 0.4703125 0.5546875 0.5203125 0.5546875
0 0.7015625 0.3437500000000001 0.6515625 0.3437500000000001 0.6515625 0.409375 0.7015625 0.409375
31 0.6859375 0.4890625 0.6359375 0.4890625 0.6359375 0.5546875 0.6859375 0.5546875
23 0.409375 0.490625 0.3593750000000001 0.490625 0.3593750000000001 0.5546875 0.409375 0.5546875
1 0.19375000000000003 0.3453125 0.14375000000000004 0.3453125 0.14375000000000004 0.409375 0.19375000000000003 0.409375
45 0.18281250000000007 0.490625 0.08906250000000007 0.490625 0.08906250000000007 0.55625 0.1828125000000001 0.55625
28 0.575 0.4890625 0.5265625 0.4890625 0.5265625 0.5546875 0.575 0.5546875
19 0.3531250000000001 0.490625 0.3031250000000001 0.490625 0.3031250000000001 0.55625 0.3531250000000001 0.55625
22 0.896875 0.4156250000000002 0.8453125 0.4156250000000002 0.8453125 0.5531250000000002 0.896875 0.5531250000000002
38 0.7296875 0.4171875000000001 0.6796875 0.4171875 0.6796875 0.4828125000000001 0.7296875 0.4828125000000002
24 0.465625 0.4890625 0.4140625 0.4890625 0.4140625 0.5546875 0.465625 0.5546875
43 0.2968750000000001 0.490625 0.2468750000000001 0.490625 0.2468750000000001 0.55625 0.2968750000000001 0.55625
54 0.784375 0.41718750000000016 0.734375 0.41718750000000016 0.734375 0.4828125000000002 0.784375 0.4828125000000002
5 0.4234375 0.3437500000000001 0.371875 0.3437500000000001 0.37187500000000007 0.409375 0.4234375 0.409375
33 0.603125 0.5625 0.5515625 0.5625 0.5515625 0.625 0.603125 0.625
10 0.2406250000000001 0.490625 0.18906250000000005 0.490625 0.18906250000000008 0.5578125 0.2406250000000001 0.5578125
27 0.6171875 0.4171875 0.56875 0.4171875 0.56875 0.4828125 0.6171875 0.4828125
34 0.76875 0.5609375000000001 0.7171875 0.5609375 0.7171875 0.6234375000000001 0.76875 0.6234375000000002
2 0.2515625 0.3453125 0.2015625 0.3453125 0.20156250000000003 0.409375 0.2515625000000001 0.409375
35 0.5484375 0.5625 0.4984375 0.5625 0.4984375 0.625 0.5484375 0.625
4 0.36562500000000003 0.34375000000000006 0.315625 0.34375 0.31562500000000004 0.409375 0.3656250000000001 0.409375
48 0.7578125 0.3437500000000001 0.70625 0.3437500000000001 0.70625 0.4078125000000001 0.7578125 0.4078125000000002
40 0.7125 0.5609375 0.6640625 0.5609375 0.6640625 0.6234375 0.7125 0.6234375
59 0.50625 0.4171875 0.45625 0.4171875 0.45625 0.4828125 0.50625 0.4828125
26 0.853125 0.48750000000000016 0.803125 0.48750000000000016 0.803125 0.5515625000000002 0.853125 0.5515625000000002
39 0.840625 0.4156250000000002 0.790625 0.4156250000000002 0.790625 0.4812500000000002 0.840625 0.4812500000000002
14 0.728125 0.6312500000000001 0.6765625 0.63125 0.6765625 0.70625 0.728125 0.7062500000000002
16 0.3828125000000001 0.5625 0.3312500000000001 0.5625 0.3312500000000001 0.6265625 0.3828125000000001 0.6265625
11 0.8140625 0.3437500000000001 0.7640625 0.3437500000000001 0.7640625 0.4078125000000002 0.8140625 0.4078125000000002
41 0.22656250000000008 0.41875 0.17343750000000005 0.41875 0.17343750000000005 0.484375 0.22656250000000008 0.484375
6 0.478125 0.3437500000000001 0.428125 0.3437500000000001 0.428125 0.409375 0.478125 0.409375
37 0.7421875 0.48906250000000007 0.6921875 0.4890625 0.6921875 0.5546875000000001 0.7421875 0.5546875000000002
52 0.16718750000000004 0.41875 0.08750000000000005 0.41875 0.08750000000000005 0.484375 0.16718750000000004 0.484375
55 0.4375 0.5609375 0.38750000000000007 0.5609375 0.38750000000000007 0.6265625 0.4375 0.6265625
30 0.915625 0.21093750000000006 0.06875000000000002 0.2109375 0.06875000000000006 0.7328125000000001 0.915625 0.7328125000000002
15 0.4921875 0.5625 0.4421875 0.5625 0.4421875 0.625 0.4921875 0.625
53 0.5625 0.415625 0.5109375 0.415625 0.5109375 0.4828125 0.5625 0.4828125
29 0.63125 0.4890625 0.58125 0.4890625 0.58125 0.553125 0.63125 0.553125