53 0.571875 0.596875 0.525 0.596875 0.525 0.634375 0.571875 0.634375
6 0.51875 0.659375 0.471875 0.659375 0.471875 0.696875 0.51875 0.696875
48 0.51875 0.453125 0.471875 0.453125 0.471875 0.490625 0.51875 0.490625
38 0.571875 0.4734375 0.5234375 0.4734375 0.5234375 0.5109375 0.571875 0.5109375
2 0.5203125000000002 0.825 0.4703125000000002 0.825 0.4703125000000002 0.865625 0.5203125000000002 0.865625
12 0.6265625 0.4203125 0.5765625 0.4203125 0.5765625 0.459375 0.6265625 0.459375
29 0.6265625 0.5453125 0.575 0.5453125 0.575 0.584375 0.6265625 0.584375
36 0.5734375 0.515625 0.5234375 0.515625 0.5234375 0.553125 0.5734375 0.553125
5 0.5203125000000001 0.7 0.4734375 0.7 0.47343750000000007 0.7375 0.5203125000000002 0.7375
30 0.7578125000000001 0.020312500000000074 0.4109375 0.02031250000000005 0.41093750000000007 0.9765625 0.7578125000000002 0.9765625
37 0.6265625 0.4625 0.5765625 0.4625 0.5765625 0.5 0.6265625 0.5
31 0.6265625 0.5046875 0.575 0.5046875 0.575 0.5421875 0.6265625 0.5421875
46 0.684375 0.3453125000000001 0.63125 0.3453125000000001 0.63125 0.4375 0.684375 0.4375
9 0.51875 0.534375 0.471875 0.534375 0.471875 0.571875 0.51875 0.571875
43 0.6281250000000002 0.8015625 0.5750000000000002 0.8015625 0.5750000000000002 0.8390625 0.6281250000000002 0.8390625
35 0.684375 0.609375 0.63125 0.609375 0.63125 0.65 0.684375 0.65
59 0.5734375 0.640625 0.5234375 0.640625 0.5234375 0.678125 0.5734375 0.678125
16 0.6843750000000002 0.7390625 0.6312500000000002 0.7390625 0.6312500000000002 0.7796875 0.6843750000000002 0.7796875
14 0.7421875 0.4078125000000001 0.6890625 0.4078125 0.6890625 0.45781250000000007 0.7421875 0.4578125000000002
19 0.6281250000000002 0.7578125 0.5750000000000002 0.7578125 0.5750000000000002 0.796875 0.6281250000000002 0.796875
34 0.6828125 0.440625 0.6328125 0.440625 0.6328125 0.4796875 0.6828125 0.4796875
1 0.5187500000000002 0.865625 0.4703125000000002 0.865625 0.4703125000000002 0.90625 0.5187500000000002 0.90625
15 0.684375 0.6515625 0.63125 0.6515625 0.63125 0.6921875 0.684375 0.6921875
10 0.6281250000000002 0.8421875 0.5750000000000002 0.8421875 0.5750000000000002 0.8828125 0.6281250000000002 0.8828125
17 0.5171875000000001 0.909375 0.4703125000000002 0.909375 0.4703125000000002 0.95 0.5171875000000001 0.95
4 0.5187500000000002 0.7421875 0.47187500000000016 0.7421875 0.47187500000000016 0.7796875 0.5187500000000002 0.7796875
44 0.6859375000000002 0.9125 0.6328125000000002 0.9125 0.6328125000000002 0.96875 0.6859375000000002 0.96875
50 0.740625 0.34062500000000007 0.6875 0.34062500000000007 0.6875 0.4062500000000001 0.740625 0.40625000000000017
58 0.6843750000000002 0.825 0.6312500000000002 0.825 0.6312500000000002 0.865625 0.6843750000000002 0.865625
23 0.628125 0.715625 0.5765625 0.715625 0.5765625000000001 0.7546875 0.6281250000000002 0.7546875
28 0.6265625 0.5890625 0.575 0.5890625 0.575 0.6265625 0.6265625 0.6265625
57 0.6843750000000002 0.78125 0.6312500000000002 0.78125 0.6312500000000002 0.821875 0.6843750000000002 0.821875
18 0.6828125 0.525 0.63125 0.525 0.63125 0.5625 0.6828125 0.5625
20 0.51875 0.3515625000000001 0.471875 0.3515625000000001 0.471875 0.4109375 0.51875 0.4109375
32 0.6843750000000002 0.8671875 0.6328125000000002 0.8671875 0.6328125000000002 0.9109375 0.6843750000000002 0.9109375
7 0.5203125 0.6171875 0.471875 0.6171875 0.471875 0.6546875 0.5203125 0.6546875
42 0.5734375 0.7234375 0.5234375 0.7234375 0.5234375000000001 0.7609375 0.5734375000000002 0.7609375
49 0.7453125000000002 0.9046875 0.6890625000000001 0.9046875 0.6890625000000001 0.9703125 0.7453125000000002 0.9703125
13 0.7437500000000001 0.8484375 0.6906250000000002 0.8484375 0.6906250000000002 0.9015625 0.7437500000000001 0.9015625
51 0.5734375 0.68125 0.5234375 0.68125 0.5234375 0.7203125 0.5734375 0.7203125
47 0.7437500000000001 0.5234375000000001 0.6875 0.5234375 0.6875000000000001 0.7812500000000001 0.7437500000000001 0.7812500000000002
27 0.5734375 0.5546875 0.5265625 0.5546875 0.5265625 0.5921875 0.5734375 0.5921875
55 0.6843750000000001 0.6953125 0.63125 0.6953125 0.6312500000000001 0.7359375 0.6843750000000002 0.7359375
3 0.5187500000000002 0.7828125 0.47187500000000016 0.7828125 0.47187500000000016 0.821875 0.5187500000000002 0.821875
33 0.684375 0.5671875 0.63125 0.5671875 0.63125 0.6078125 0.684375 0.6078125
8 0.521875 0.5765625 0.4734375 0.5765625 0.4734375 0.6140625 0.521875 0.6140625
24 0.628125 0.6734375 0.5765625 0.6734375 0.5765625 0.7125 0.628125 0.7125
52 0.5718750000000001 0.8921875 0.5234375000000002 0.8921875 0.5234375000000002 0.95625 0.5718750000000001 0.95625
54 0.571875 0.4328125 0.525 0.4328125 0.525 0.4703125 0.571875 0.4703125
25 0.628125 0.6296875 0.575 0.6296875 0.575 0.66875 0.628125 0.66875
26 0.6265625 0.37968750000000007 0.5765625 0.37968750000000007 0.5765625 0.4171875 0.6265625 0.4171875
39 0.571875 0.3906250000000001 0.525 0.3906250000000001 0.525 0.428125 0.571875 0.428125
45 0.6281250000000002 0.8859375 0.5750000000000002 0.8859375 0.5750000000000002 0.9609375 0.6281250000000002 0.9609375
41 0.5718750000000001 0.85 0.5218750000000002 0.85 0.5218750000000002 0.890625 0.5718750000000001 0.890625
22 0.6265625 0.34843750000000007 0.521875 0.34843750000000007 0.521875 0.38750000000000007 0.6265625 0.38750000000000007
56 0.5718750000000001 0.80625 0.5218750000000002 0.80625 0.5218750000000002 0.846875 0.5718750000000001 0.846875
40 0.6828125 0.4828125 0.6328125 0.4828125 0.6328125 0.5203125 0.6828125 0.5203125
0 0.5203125 0.4953125 0.471875 0.4953125 0.471875 0.5328125 0.5203125 0.5328125
11 0.51875 0.4125 0.471875 0.4125 0.471875 0.45 0.51875 0.45
21 0.5734375000000002 0.7640625 0.5234375000000002 0.7640625 0.5234375000000002 0.8046875 0.5734375000000002 0.8046875