43 0.1468750000000001 0.6921875 0.10468750000000009 0.6921875 0.10468750000000009 0.79375 0.1468750000000001 0.79375
51 0.2796875000000001 0.578125 0.2375000000000001 0.578125 0.2375000000000001 0.6796875 0.2796875000000001 0.6796875
28 0.38750000000000007 0.6921875 0.3453125000000001 0.6921875 0.3453125000000001 0.790625 0.38750000000000007 0.790625
53 0.3750000000000001 0.578125 0.33281250000000007 0.578125 0.33281250000000007 0.6796875 0.3750000000000001 0.6796875
35 0.36406250000000007 0.803125 0.3203125000000001 0.803125 0.3203125000000001 0.9046875 0.36406250000000007 0.9046875
30 1 0.35937500000000006 4.4010744344358005e-17 0.359375 8.323771212954667e-17 1 1 1
58 0.12343750000000009 0.80625 0.08125000000000009 0.80625 0.0812500000000001 0.9046875 0.12343750000000009 0.9046875
39 0.615625 0.578125 0.5734375 0.578125 0.5734375 0.6796875 0.615625 0.6796875
37 0.5312500000000001 0.6890625 0.4890625 0.6890625 0.48906250000000007 0.79375 0.5312500000000002 0.79375
31 0.4828125000000001 0.6890625 0.440625 0.6890625 0.4406250000000001 0.79375 0.4828125000000002 0.79375
32 0.0765625000000001 0.803125 0.0328125000000001 0.803125 0.032812500000000105 0.9046875 0.07656250000000012 0.9046875
48 0.5421875 0.4671875 0.5 0.4671875 0.5 0.565625 0.5421875 0.565625
16 0.22031250000000008 0.803125 0.1781250000000001 0.803125 0.1781250000000001 0.9046875 0.22031250000000008 0.9046875
13 0.13750000000000012 0.91875 0.09375000000000011 0.91875 0.09375000000000012 1 0.13750000000000012 1
55 0.2687500000000001 0.803125 0.2250000000000001 0.803125 0.2250000000000001 0.9046875 0.2687500000000001 0.9046875
59 0.3265625000000001 0.578125 0.2843750000000001 0.578125 0.2843750000000001 0.6796875 0.3265625000000001 0.6796875
15 0.3156250000000001 0.803125 0.2718750000000001 0.803125 0.2718750000000001 0.9046875 0.3156250000000001 0.9046875
0 0.4953125 0.4671875 0.453125 0.4671875 0.453125 0.56875 0.4953125 0.56875
8 0.4 0.4671875 0.3578125000000001 0.4671875 0.3578125000000001 0.56875 0.4 0.56875
24 0.2921875000000001 0.6921875 0.2484375000000001 0.6921875 0.2484375000000001 0.79375 0.2921875000000001 0.79375
22 0.6640625000000001 0.5765625 0.6203125 0.5765625 0.6203125 0.796875 0.6640625000000002 0.796875
52 0.03906250000000007 0.578125 7.079989307570636e-17 0.578125 7.701880260262651e-17 0.6796875 0.039062500000000076 0.6796875
11 0.590625 0.4671875 0.5484375 0.4671875 0.5484375 0.565625 0.590625 0.565625
57 0.17187500000000008 0.803125 0.1281250000000001 0.803125 0.1281250000000001 0.9046875 0.17187500000000008 0.9046875
27 0.4234375 0.578125 0.3812500000000001 0.578125 0.3812500000000001 0.6796875 0.4234375 0.6796875
42 0.2312500000000001 0.578125 0.18906250000000008 0.578125 0.18906250000000008 0.6796875 0.2312500000000001 0.6796875
21 0.1843750000000001 0.578125 0.14062500000000008 0.578125 0.14062500000000008 0.6796875 0.1843750000000001 0.6796875
3 0.16093750000000007 0.4671875 0.11718750000000004 0.4671875 0.11718750000000007 0.56875 0.1609375000000001 0.56875
6 0.3031250000000001 0.4703125 0.2609375000000001 0.4703125 0.2609375000000001 0.5671875 0.3031250000000001 0.5671875
47 0.42500000000000016 0.9140625 0.18593750000000014 0.9140625 0.18593750000000014 1 0.42500000000000016 1
1 0.06406250000000006 0.4671875 0.020312500000000056 0.4671875 0.02031250000000006 0.565625 0.06406250000000006 0.565625
56 0.1375000000000001 0.578125 0.09375000000000007 0.578125 0.09375000000000008 0.6796875 0.1375000000000001 0.6796875
33 0.4125000000000002 0.803125 0.3671875000000001 0.803125 0.3671875000000001 0.9046875 0.4125000000000002 0.9046875
34 0.5562500000000001 0.80625 0.5125000000000002 0.80625 0.5125000000000002 0.903125 0.5562500000000001 0.903125
49 0.08906250000000013 0.921875 0.04531250000000011 0.921875 0.04531250000000012 1 0.08906250000000013 1
46 0.6625000000000002 0.8015625 0.5593750000000002 0.8015625 0.5593750000000002 0.9046875 0.6625000000000002 0.9046875
10 0.10000000000000009 0.6921875 0.057812500000000086 0.6921875 0.057812500000000086 0.790625 0.10000000000000009 0.790625
7 0.3515625000000001 0.4671875 0.3078125000000001 0.4671875 0.3078125000000001 0.565625 0.3515625000000001 0.565625
20 0.6625 0.4671875 0.5953125 0.4671875 0.5953125 0.56875 0.6625 0.56875
12 0.5796875000000001 0.6890625 0.5359375 0.6890625 0.5359375000000001 0.79375 0.5796875000000001 0.79375
45 0.05312500000000009 0.6890625 8.438581850374731e-17 0.6890625 9.079607909303425e-17 0.79375 0.05312500000000009 0.79375
5 0.2562500000000001 0.4671875 0.21250000000000008 0.4671875 0.21250000000000008 0.565625 0.2562500000000001 0.565625
41 0.08906250000000007 0.578125 0.04375000000000007 0.578125 0.043750000000000074 0.6796875 0.08906250000000009 0.6796875
19 0.19531250000000008 0.6921875 0.1531250000000001 0.6921875 0.1531250000000001 0.79375 0.19531250000000008 0.79375
26 0.6265625000000001 0.6921875 0.584375 0.6921875 0.5843750000000001 0.79375 0.6265625000000001 0.79375
29 0.4359375000000001 0.6890625 0.3921875000000001 0.6890625 0.3921875000000001 0.79375 0.4359375000000002 0.79375
23 0.24375000000000008 0.6921875 0.2015625000000001 0.6921875 0.2015625000000001 0.79375 0.24375000000000008 0.79375
18 0.4593750000000002 0.80625 0.4156250000000002 0.80625 0.4156250000000002 0.9046875 0.4593750000000002 0.9046875
40 0.5078125000000002 0.80625 0.46406250000000016 0.80625 0.46406250000000016 0.9046875 0.5078125000000002 0.9046875
4 0.2078125000000001 0.4671875 0.16562500000000005 0.4671875 0.16562500000000008 0.565625 0.2078125000000001 0.565625
36 0.4703125 0.58125 0.428125 0.58125 0.428125 0.6796875 0.4703125 0.6796875
54 0.5671875 0.578125 0.525 0.578125 0.525 0.6796875 0.5671875 0.6796875
2 0.11250000000000007 0.4671875 0.06875000000000006 0.4671875 0.06875000000000006 0.56875 0.11250000000000009 0.56875
9 0.4484375 0.4671875 0.4046875 0.4671875 0.4046875 0.56875 0.4484375 0.56875
25 0.3390625000000001 0.6890625 0.2953125000000001 0.6890625 0.2953125000000001 0.79375 0.3390625000000001 0.79375
38 0.51875 0.58125 0.4765625 0.58125 0.4765625 0.6796875 0.51875 0.6796875
44 0.028125000000000105 0.803125 9.83544460565218e-17 0.803125 1.0457335558344195e-16 0.9046875 0.02812500000000011 0.9046875
14 0.5218750000000002 0.9171875 0.4781250000000002 0.9171875 0.4781250000000002 1 0.5218750000000002 1
17 0.02031250000000006 0.465625 5.702261658529863e-17 0.465625 6.31458505810354e-17 0.565625 0.020312500000000067 0.565625
50 0.6656250000000001 0.9171875 0.5703125000000002 0.9171875 0.5703125000000002 1 0.6656250000000001 1