32 0.6984375 0.16406250000000008 0.634375 0.16406250000000008 0.634375 0.2156250000000001 0.6984375 0.2156250000000001
13 0.78125 0.2078125000000001 0.7046875 0.2078125000000001 0.7046875 0.2593750000000001 0.78125 0.2593750000000001
44 0.6984375 0.09062500000000008 0.6328125 0.09062500000000007 0.6328125 0.15781250000000008 0.6984375 0.15781250000000008
47 0.7796875 0.3359375000000001 0.7015625 0.3359375000000001 0.7015625 0.6093750000000001 0.7796875 0.6093750000000002
51 0.55 0.4046875 0.4828125 0.4046875 0.4828125 0.4546875 0.55 0.4546875
36 0.55 0.63125 0.484375 0.63125 0.484375 0.68125 0.55 0.68125
12 0.6218750000000002 0.75625 0.5578125000000002 0.75625 0.5578125000000002 0.80625 0.6218750000000002 0.80625
56 0.553125 0.2328125000000001 0.484375 0.2328125000000001 0.484375 0.2843750000000001 0.553125 0.2843750000000001
49 0.7828125 0.1515625000000001 0.7046875 0.1515625000000001 0.7046875 0.20312500000000008 0.7828125 0.20312500000000008
58 0.6984375 0.2218750000000001 0.6328125 0.2218750000000001 0.6328125 0.2718750000000001 0.6984375 0.2718750000000001
42 0.5515625 0.34843750000000007 0.4859375 0.34843750000000007 0.4859375 0.3984375000000001 0.5515625 0.3984375000000001
20 0.4750000000000002 0.828125 0.40937500000000016 0.828125 0.40937500000000016 0.909375 0.4750000000000002 0.909375
46 0.6937500000000002 0.78125 0.6281250000000002 0.78125 0.6281250000000002 0.903125 0.6937500000000002 0.903125
17 0.4765625 0.08750000000000005 0.4109375 0.08750000000000005 0.4109375 0.13750000000000004 0.4765625 0.13750000000000004
18 0.6953125 0.615625 0.6296875 0.615625 0.6296875 0.665625 0.6953125 0.665625
21 0.553125 0.2906250000000001 0.484375 0.2906250000000001 0.484375 0.3421875000000001 0.553125 0.3421875000000001
7 0.4765625 0.490625 0.4109375 0.490625 0.4109375 0.540625 0.4765625 0.540625
57 0.696875 0.2796875000000001 0.6328125 0.2796875000000001 0.6328125 0.3296875000000001 0.696875 0.3296875000000001
8 0.4765625 0.546875 0.4109375 0.546875 0.4109375 0.596875 0.4765625 0.596875
9 0.4765625 0.6015625 0.4109375 0.6015625 0.4109375 0.6546875 0.4765625 0.6546875
3 0.4765625 0.2609375000000001 0.4109375 0.2609375000000001 0.4109375 0.3140625000000001 0.4765625 0.3140625000000001
25 0.6234375 0.4765625 0.5578125 0.4765625 0.5578125 0.5265625 0.6234375 0.5265625
0 0.4765625 0.659375 0.4109375 0.659375 0.4109375 0.709375 0.4765625 0.709375
31 0.6234375 0.64375 0.5578125 0.64375 0.5578125 0.69375 0.6234375 0.69375
23 0.625 0.36406250000000007 0.559375 0.36406250000000007 0.559375 0.4140625 0.625 0.4140625
1 0.4765625 0.14531250000000004 0.4109375 0.14531250000000004 0.4109375 0.19531250000000006 0.4765625 0.19531250000000006
45 0.625 0.09062500000000007 0.559375 0.09062500000000007 0.559375 0.1843750000000001 0.625 0.1843750000000001
28 0.6234375 0.5328125 0.5578125 0.5328125 0.5578125 0.5828125 0.6234375 0.5828125
19 0.625 0.3062500000000001 0.559375 0.3062500000000001 0.559375 0.35625000000000007 0.625 0.35625000000000007
22 0.6218750000000002 0.8546875 0.4828125000000002 0.8546875 0.4828125000000002 0.9078125 0.6218750000000002 0.9078125
38 0.55 0.6875 0.484375 0.6875 0.4843750000000001 0.7375 0.5500000000000002 0.7375
24 0.6234375 0.4203125 0.5578125 0.4203125 0.5578125 0.4703125 0.6234375 0.4703125
43 0.625 0.2500000000000001 0.559375 0.2500000000000001 0.559375 0.3000000000000001 0.625 0.3000000000000001
54 0.5500000000000002 0.74375 0.48437500000000017 0.74375 0.48437500000000017 0.79375 0.5500000000000002 0.79375
5 0.4765625 0.3750000000000001 0.4109375 0.3750000000000001 0.4109375 0.428125 0.4765625 0.428125
33 0.6953125 0.5578125 0.63125 0.5578125 0.63125 0.609375 0.6953125 0.609375
10 0.6265625 0.1906250000000001 0.559375 0.1906250000000001 0.559375 0.24218750000000008 0.6265625 0.24218750000000008
27 0.55 0.575 0.484375 0.575 0.484375 0.625 0.55 0.625
34 0.6937500000000002 0.7265625 0.6312500000000002 0.7265625 0.6312500000000002 0.7765625 0.6937500000000002 0.7765625
2 0.4765625 0.20312500000000008 0.4109375 0.20312500000000008 0.4109375 0.25468750000000007 0.4765625 0.25468750000000007
35 0.6953125 0.5046875 0.63125 0.5046875 0.63125 0.5546875 0.6953125 0.5546875
4 0.4765625 0.3187500000000001 0.4109375 0.3187500000000001 0.4109375 0.3687500000000001 0.4765625 0.3687500000000001
48 0.4750000000000001 0.715625 0.4109375 0.715625 0.41093750000000007 0.765625 0.4750000000000002 0.765625
40 0.69375 0.671875 0.63125 0.671875 0.63125 0.721875 0.69375 0.721875
59 0.55 0.4625 0.484375 0.4625 0.484375 0.5125 0.55 0.5125
26 0.6203125000000002 0.8125 0.5562500000000001 0.8125 0.5562500000000001 0.8625 0.6203125000000002 0.8625
39 0.5484375000000001 0.8 0.4828125000000002 0.8 0.4828125000000002 0.85 0.5484375000000001 0.85
14 0.7765625 0.6859375000000001 0.7015625 0.6859375 0.7015625000000001 0.7359375000000001 0.7765625000000002 0.7359375000000001
16 0.696875 0.3359375000000001 0.6328125 0.3359375000000001 0.6328125 0.3859375000000001 0.696875 0.3859375000000001
11 0.4750000000000002 0.7734375 0.40937500000000016 0.7734375 0.40937500000000016 0.8234375 0.4750000000000002 0.8234375
41 0.553125 0.17500000000000007 0.4859375 0.17500000000000004 0.4859375 0.22812500000000008 0.553125 0.22812500000000008
6 0.4765625 0.4328125 0.4109375 0.4328125 0.4109375 0.484375 0.4765625 0.484375
37 0.6234375000000001 0.7 0.5578125 0.7 0.5578125 0.75 0.6234375000000002 0.75
52 0.5515625 0.08906250000000007 0.4859375 0.08906250000000007 0.4859375 0.16875000000000007 0.5515625 0.1687500000000001
55 0.696875 0.3921875000000001 0.63125 0.3921875000000001 0.63125 0.4421875 0.696875 0.4421875
30 0.803125 0.07031250000000007 0.275 0.07031250000000004 0.275 0.9265625 0.803125 0.9265625
15 0.6953125 0.4484375 0.63125 0.4484375 0.63125 0.4984375 0.6953125 0.4984375
53 0.55 0.51875 0.4828125 0.51875 0.4828125 0.56875 0.55 0.56875
29 0.6234375 0.5890625 0.5578125 0.5890625 0.5578125 0.6390625 0.6234375 0.6390625