42 0.7078125 0.2734375000000001 0.5296875 0.2734375000000001 0.5296875 0.3468750000000001 0.7078125 0.3468750000000001
49 0.125 7.654042494670958e-18 0 0 3.922696778518867e-18 0.06406250000000001 0.125 0.06406250000000002
30 1 6.123233995736766e-17 0 0 6.123233995736766e-17 1 1 1
6 0.8984375 0.39531250000000007 0.7203125 0.39531250000000007 0.7203125 0.4703125000000001 0.8984375 0.4703125000000002
5 0.9015625 0.3140625000000001 0.7203125 0.3140625000000001 0.7203125 0.3890625000000001 0.9015625 0.3890625000000001
19 0.5140625 0.21093750000000006 0.3359375 0.2109375 0.3359375 0.28593750000000007 0.5140625 0.28593750000000007
48 0.896875 0.803125 0.7156250000000002 0.803125 0.7156250000000002 0.8796875 0.896875 0.8796875
8 0.896875 0.5578125 0.71875 0.5578125 0.71875 0.6328125000000001 0.896875 0.6328125000000002
14 0.12656250000000008 0.7609375 9.318796737261892e-17 0.7609375 9.787606840060487e-17 0.8375 0.12656250000000008 0.8375
0 0.9 0.721875 0.721875 0.721875 0.721875 0.7968750000000001 0.9 0.7968750000000002
9 0.8953125 0.6375000000000001 0.7171875 0.6375 0.7171875 0.7171875000000001 0.8953125 0.7171875000000002
7 0.896875 0.4765625000000001 0.715625 0.4765625 0.715625 0.5546875000000001 0.896875 0.5546875000000002
45 0.5140625 0.0015625000000000521 0.3359375 0.0015625000000000409 0.3359375 0.04218750000000006 0.5140625 0.042187500000000065
43 0.5125 0.12968750000000004 0.3375 0.12968750000000004 0.3375 0.20468750000000005 0.5125 0.20468750000000008
57 0.321875 0.17031250000000003 0.14375 0.1703125 0.14375000000000002 0.2453125 0.321875 0.2453125
40 0.3218750000000001 0.7421875 0.1468750000000001 0.7421875 0.1468750000000001 0.8171875 0.3218750000000001 0.8171875
2 0.9 0.0687500000000001 0.721875 0.06875000000000009 0.721875 0.1437500000000001 0.9 0.1437500000000001
12 0.5140625000000002 0.8640625 0.3359375000000001 0.8640625 0.3359375000000001 0.9390625 0.5140625000000002 0.9390625
3 0.9015625 0.15000000000000008 0.7203125 0.15000000000000008 0.7203125 0.2250000000000001 0.9015625 0.2250000000000001
13 0.1265625 0.06875 8.419446744138053e-18 0.06875 1.3107547772124015e-17 0.1453125 0.1265625 0.1453125
56 0.709375 0.10937500000000007 0.53125 0.10937500000000004 0.53125 0.18437500000000007 0.709375 0.1843750000000001
26 0.5156250000000002 0.94375 0.3375000000000001 0.94375 0.3375000000000001 1 0.5156250000000002 1
59 0.7078125 0.4359375 0.5296875 0.4359375 0.5296875 0.5109375 0.7078125 0.5109375
20 0.89375 0.9671875 0.7156250000000002 0.9671875 0.7156250000000002 1 0.89375 1
54 0.7078125000000002 0.8421875 0.5296875000000002 0.8421875 0.5296875000000002 0.91875 0.7078125000000002 0.91875
46 0.3218750000000001 0.9046875 0.14062500000000008 0.9046875 0.1406250000000001 1 0.3218750000000001 1
32 0.321875 0.007812500000000028 0.146875 0.007812500000000017 0.146875 0.08281250000000004 0.321875 0.08281250000000004
29 0.515625 0.61875 0.3375000000000001 0.61875 0.3375000000000001 0.69375 0.515625 0.69375
58 0.321875 0.08906250000000003 0.14375 0.08906250000000002 0.14375 0.16406250000000003 0.321875 0.16406250000000006
33 0.3234375000000001 0.578125 0.1453125000000001 0.578125 0.1453125000000001 0.653125 0.3234375000000001 0.653125
21 0.7078125 0.19062500000000007 0.5296875 0.19062500000000004 0.5296875 0.2656250000000001 0.7078125 0.2656250000000001
53 0.7078125 0.5171875 0.5296875 0.5171875 0.5296875 0.59375 0.7078125 0.59375
31 0.5140625000000001 0.7015625 0.3359375000000001 0.7015625 0.3359375000000001 0.7765625 0.5140625000000002 0.7765625
39 0.7062500000000002 0.925 0.5328125000000001 0.925 0.5328125000000001 1 0.7062500000000002 1
4 0.9015625 0.2328125000000001 0.7234375 0.2328125000000001 0.7234375 0.3078125000000001 0.9015625 0.3078125000000001
51 0.70625 0.35625000000000007 0.53125 0.35625000000000007 0.53125 0.428125 0.70625 0.428125
28 0.5140625 0.5390625 0.3359375000000001 0.5390625 0.3359375000000001 0.6125 0.5140625 0.6125
23 0.5140625 0.29375000000000007 0.3359375 0.29375 0.33593750000000006 0.36718750000000006 0.5140625 0.3671875000000001
27 0.7078125 0.5984375 0.5328125 0.5984375 0.5328125 0.6734375 0.7078125 0.6734375
24 0.5140625 0.37500000000000006 0.3359375000000001 0.375 0.3359375000000001 0.45 0.5140625 0.45
36 0.7078125000000001 0.6796875 0.5296875 0.6796875 0.5296875000000001 0.7546875 0.7078125000000002 0.7546875
1 0.8984375 9.931120136835567e-17 0.7234375 8.859554187581634e-17 0.7234375 0.0609375000000001 0.8984375 0.06093750000000011
25 0.5125 0.45625 0.3375000000000001 0.45625 0.3375000000000001 0.53125 0.5125 0.53125
35 0.3203125000000001 0.496875 0.14218750000000005 0.496875 0.14218750000000008 0.571875 0.3203125000000001 0.571875
15 0.3218750000000001 0.415625 0.14375000000000004 0.415625 0.14375000000000004 0.490625 0.3218750000000001 0.490625
10 0.5140625 0.04843750000000006 0.3359375 0.04843750000000004 0.3359375 0.12343750000000005 0.5140625 0.12343750000000005
16 0.321875 0.2515625 0.14375000000000004 0.2515625 0.14375000000000004 0.3265625 0.321875 0.3265625
38 0.7062500000000002 0.7609375 0.5312500000000002 0.7609375 0.5312500000000002 0.8359375 0.7062500000000002 0.8359375
41 0.7078125 0.02656250000000008 0.5296875 0.026562500000000065 0.5296875 0.10156250000000007 0.7078125 0.10156250000000008
11 0.9 0.8859375 0.7265625000000002 0.8859375 0.7265625000000002 0.9578125 0.9 0.9578125
37 0.5140625000000002 0.7828125 0.3359375000000001 0.7828125 0.3359375000000001 0.8578125 0.5140625000000002 0.8578125
34 0.3203125000000001 0.8234375 0.1468750000000001 0.8234375 0.1468750000000001 0.8984375 0.3203125000000001 0.8984375
18 0.3218750000000001 0.659375 0.1468750000000001 0.659375 0.1468750000000001 0.7359375 0.3218750000000001 0.7359375
55 0.321875 0.334375 0.14375000000000004 0.334375 0.14375000000000004 0.409375 0.3218750000000001 0.409375
47 0.12812500000000007 0.2515625 3.080752104105061e-17 0.2515625 5.558748361754783e-17 0.65625 0.1281250000000001 0.65625