11 0.6687500000000002 0.753125 0.5718750000000001 0.753125 0.5718750000000001 0.8125 0.6687500000000002 0.8125
13 0.2546875 0.12656250000000002 0.1328125 0.1265625 0.13281250000000003 0.18281250000000002 0.2546875 0.18281250000000004
37 0.4515625 0.665625 0.3546875000000001 0.665625 0.3546875000000001 0.725 0.4515625 0.725
5 0.6671875 0.2953125000000001 0.5734375 0.2953125000000001 0.5734375 0.3515625000000001 0.6671875 0.3515625000000001
2 0.665625 0.11093750000000009 0.575 0.11093750000000009 0.575 0.16406250000000008 0.665625 0.16406250000000008
21 0.5640625 0.19375000000000006 0.46875 0.19375000000000003 0.46875 0.2500000000000001 0.5640625 0.2500000000000001
16 0.353125 0.2453125 0.2609375 0.2453125 0.2609375 0.3015625 0.353125 0.3015625
54 0.5625000000000001 0.7109375 0.4625 0.7109375 0.4625000000000001 0.7703125 0.5625000000000002 0.7703125
29 0.45625 0.5328125 0.3578125000000001 0.5328125 0.3578125000000001 0.5890625 0.45625 0.5890625
12 0.4515625000000002 0.734375 0.3531250000000001 0.734375 0.3531250000000001 0.79375 0.4515625000000002 0.79375
52 0.565625 0.007812500000000064 0.4734375 0.007812500000000059 0.4734375 0.06875000000000006 0.565625 0.06875000000000006
47 0.24687500000000004 0.2484375 0.11250000000000004 0.2484375 0.11250000000000007 0.5609375 0.2468750000000001 0.5609375
23 0.4578125 0.2765625000000001 0.3640625 0.2765625000000001 0.3640625 0.3296875000000001 0.4578125 0.3296875000000001
42 0.5609375 0.2578125000000001 0.46875 0.2578125000000001 0.46875 0.3125000000000001 0.5609375 0.3125000000000001
38 0.5609375 0.64375 0.4625 0.64375 0.4625 0.703125 0.5609375 0.703125
44 0.3625 0.00937500000000004 0.26875 0.009375000000000033 0.26875 0.11562500000000005 0.3625 0.11562500000000005
4 0.665625 0.2328125000000001 0.5734375 0.2328125000000001 0.5734375 0.2875000000000001 0.665625 0.2875000000000001
51 0.5625 0.3203125000000001 0.46875 0.3203125000000001 0.46875 0.3765625000000001 0.5625 0.3765625000000001
6 0.6671875 0.3578125000000001 0.571875 0.3578125000000001 0.571875 0.4140625 0.6671875 0.4140625
8 0.6671875 0.4859375 0.5703125 0.4859375 0.5703125 0.54375 0.6671875 0.54375
41 0.5625 0.07187500000000006 0.471875 0.07187500000000006 0.471875 0.12812500000000007 0.5625 0.1281250000000001
10 0.4625 0.09218750000000006 0.36875 0.09218750000000005 0.36875 0.14531250000000004 0.4625 0.14531250000000004
43 0.459375 0.15312500000000004 0.3671875 0.15312500000000004 0.3671875 0.2062500000000001 0.459375 0.2062500000000001
59 0.5625 0.3828125000000001 0.4671875 0.3828125000000001 0.4671875 0.4390625 0.5625 0.4390625
9 0.66875 0.553125 0.571875 0.553125 0.571875 0.6109375 0.66875 0.6109375
57 0.35625 0.18437500000000004 0.2640625 0.18437500000000004 0.2640625 0.2375 0.35625 0.2375
3 0.665625 0.17187500000000008 0.575 0.17187500000000008 0.575 0.22656250000000008 0.665625 0.22656250000000008
40 0.3437500000000001 0.6328125 0.2468750000000001 0.6328125 0.2468750000000001 0.6921875 0.3437500000000001 0.6921875
27 0.5625 0.5109375 0.465625 0.5109375 0.465625 0.56875 0.5625 0.56875
18 0.3468750000000001 0.565625 0.2500000000000001 0.565625 0.2500000000000001 0.625 0.3468750000000001 0.625
15 0.3515625000000001 0.3703125 0.2578125000000001 0.3703125 0.2578125000000001 0.4265625 0.3515625000000001 0.4265625
34 0.3421875000000001 0.6984375 0.2453125000000001 0.6984375 0.2453125000000001 0.7609375 0.3421875000000001 0.7609375
33 0.34843750000000007 0.5 0.2515625000000001 0.5 0.2515625000000001 0.559375 0.34843750000000007 0.559375
35 0.3500000000000001 0.434375 0.2531250000000001 0.434375 0.2531250000000001 0.4921875 0.3500000000000001 0.4921875
14 0.23437500000000008 0.634375 0.10468750000000009 0.634375 0.10468750000000009 0.6953125 0.23437500000000008 0.6953125
45 0.4625 0.00937500000000005 0.3703125 0.009375000000000045 0.3703125 0.08437500000000006 0.4625 0.08437500000000006
26 0.5578125000000002 0.8484375 0.4593750000000002 0.8484375 0.4593750000000002 0.890625 0.5578125000000002 0.890625
0 0.6671875 0.61875 0.5703125 0.61875 0.5703125 0.678125 0.6671875 0.678125
55 0.353125 0.3078125 0.259375 0.3078125 0.259375 0.3640625 0.3531250000000001 0.3640625
22 0.4500000000000002 0.8046875 0.3500000000000001 0.8046875 0.3500000000000001 0.8921875 0.4500000000000002 0.8921875
20 0.6671875000000002 0.821875 0.5640625000000001 0.821875 0.5640625000000001 0.890625 0.6671875000000002 0.890625
58 0.3578125 0.12343750000000005 0.265625 0.12343750000000005 0.265625 0.17812500000000003 0.3578125 0.17812500000000003
25 0.4546875 0.403125 0.3609375000000001 0.403125 0.3609375000000001 0.4578125 0.4546875 0.4578125
49 0.2609375 0.009375000000000026 0.140625 0.009375000000000017 0.140625 0.06250000000000003 0.2609375 0.06250000000000003
17 0.665625 0.009375000000000074 0.5765625 0.009375000000000069 0.5765625 0.04687500000000007 0.665625 0.046875000000000076
56 0.5640625 0.13437500000000008 0.471875 0.13437500000000005 0.471875 0.18906250000000008 0.5640625 0.18906250000000008
1 0.665625 0.05156250000000008 0.5734375 0.05156250000000007 0.5734375 0.10468750000000009 0.665625 0.10468750000000009
53 0.5625 0.446875 0.465625 0.446875 0.465625 0.503125 0.5625 0.503125
31 0.453125 0.5984375 0.35625000000000007 0.5984375 0.35625000000000007 0.6578125 0.453125 0.6578125
30 0.7640625000000001 5.07080315271951e-17 0.0640625 7.845393557037732e-18 0.06406250000000005 0.9046875 0.7640625000000002 0.9046875
28 0.45625 0.4671875 0.3593750000000001 0.4671875 0.3593750000000001 0.5234375 0.45625 0.5234375
19 0.459375 0.2140625000000001 0.3640625 0.2140625000000001 0.3640625 0.2671875000000001 0.459375 0.2671875000000001
24 0.4578125 0.33906250000000004 0.3625 0.3390625 0.36250000000000004 0.39531250000000007 0.4578125 0.39531250000000007
36 0.5625 0.5765625 0.4640625 0.5765625 0.4640625 0.6359375 0.5625 0.6359375
46 0.3421875000000001 0.7703125 0.2390625000000001 0.7703125 0.2390625000000001 0.89375 0.3421875000000001 0.89375
48 0.6687500000000001 0.684375 0.571875 0.684375 0.5718750000000001 0.74375 0.6687500000000002 0.74375
7 0.6671875 0.4234375 0.5703125 0.4234375 0.5703125 0.4796875 0.6671875 0.4796875
39 0.5625000000000002 0.7796875 0.4593750000000002 0.7796875 0.4593750000000002 0.840625 0.5625000000000002 0.840625