30 0.80625 0.3296875 0.018750000000000037 0.3296875 0.018750000000000065 0.7296875 0.80625 0.7296875000000002
27 0.528125 0.4515625 0.4796875 0.4515625 0.4796875 0.5078125 0.528125 0.5078125
21 0.2515625000000001 0.4515625 0.2000000000000001 0.4515625 0.2000000000000001 0.509375 0.2515625000000001 0.509375
25 0.434375 0.515625 0.3843750000000001 0.515625 0.3843750000000001 0.571875 0.434375 0.571875
5 0.34062500000000007 0.390625 0.2906250000000001 0.390625 0.2906250000000001 0.446875 0.34062500000000007 0.446875
7 0.453125 0.3890625000000001 0.403125 0.3890625000000001 0.403125 0.446875 0.453125 0.446875
47 0.521875 0.6390625 0.2484375000000001 0.6390625 0.2484375000000001 0.715625 0.521875 0.715625
43 0.21250000000000008 0.515625 0.16250000000000003 0.515625 0.16250000000000006 0.571875 0.21250000000000008 0.571875
20 0.79375 0.3921875000000001 0.7375 0.3921875000000001 0.7375 0.4500000000000002 0.79375 0.4500000000000002
39 0.753125 0.4546875000000001 0.7046875 0.4546875 0.7046875 0.5125000000000001 0.753125 0.5125000000000002
56 0.19687500000000005 0.4515625 0.14531250000000004 0.4515625 0.14531250000000004 0.509375 0.19687500000000005 0.509375
13 0.18906250000000008 0.6390625 0.1390625000000001 0.6390625 0.1390625000000001 0.715625 0.18906250000000008 0.715625
0 0.6203125 0.3906250000000001 0.5703125 0.3906250000000001 0.5703125 0.446875 0.6203125 0.446875
6 0.3968750000000001 0.39062500000000006 0.3468750000000001 0.390625 0.3468750000000001 0.446875 0.3968750000000001 0.446875
10 0.15625000000000006 0.515625 0.10625000000000004 0.515625 0.10625000000000007 0.571875 0.15625000000000008 0.571875
18 0.5734375 0.578125 0.5234375 0.578125 0.5234375 0.6328125 0.5734375 0.6328125
59 0.41875 0.4515625 0.3687500000000001 0.4515625 0.3687500000000001 0.509375 0.41875 0.509375
12 0.7140625 0.515625 0.6640625 0.515625 0.6640625 0.571875 0.7140625 0.571875
1 0.11875000000000005 0.390625 0.06875000000000005 0.390625 0.06875000000000005 0.446875 0.11875000000000005 0.446875
15 0.4078125 0.578125 0.35625000000000007 0.578125 0.35625000000000007 0.6328125 0.4078125 0.6328125
36 0.584375 0.4515625 0.534375 0.4515625 0.534375 0.509375 0.584375 0.509375
58 0.1843750000000001 0.578125 0.13437500000000008 0.578125 0.13437500000000008 0.634375 0.1843750000000001 0.634375
40 0.6296875 0.578125 0.5796875 0.578125 0.5796875 0.6328125 0.6296875 0.6328125
29 0.546875 0.5140625 0.496875 0.5140625 0.496875 0.571875 0.546875 0.571875
48 0.6765625 0.3921875000000001 0.6265625 0.3921875000000001 0.6265625 0.4484375 0.6765625 0.4484375
28 0.4890625 0.515625 0.440625 0.515625 0.440625 0.571875 0.4890625 0.571875
26 0.79375 0.45312500000000017 0.75625 0.45312500000000017 0.75625 0.5109375000000002 0.79375 0.5109375000000002
11 0.73125 0.3906250000000001 0.6828125 0.3906250000000001 0.6828125 0.4453125000000001 0.73125 0.44531250000000017
22 0.7921875 0.5140625000000001 0.721875 0.5140625 0.721875 0.5718750000000001 0.7921875 0.5718750000000001
19 0.2687500000000001 0.515625 0.21875000000000008 0.515625 0.21875000000000008 0.571875 0.2687500000000001 0.571875
51 0.3609375000000001 0.4515625 0.3125000000000001 0.4515625 0.3125000000000001 0.5078125 0.3609375000000001 0.5078125
46 0.7921875 0.5765625000000001 0.69375 0.5765625 0.69375 0.6343750000000001 0.7921875 0.6343750000000001
14 0.63125 0.640625 0.58125 0.640625 0.58125 0.715625 0.63125 0.715625
37 0.6578125 0.515625 0.6078125 0.515625 0.6078125 0.571875 0.6578125 0.571875
17 0.06406250000000005 0.390625 0.03125000000000004 0.390625 0.03125000000000005 0.446875 0.06406250000000005 0.446875
23 0.3234375000000001 0.515625 0.2734375000000001 0.515625 0.2734375000000001 0.571875 0.3234375000000001 0.571875
49 0.07968750000000009 0.640625 0.031250000000000076 0.640625 0.03125000000000008 0.7140625 0.07968750000000009 0.7140625
55 0.3515625000000001 0.578125 0.30156250000000007 0.578125 0.30156250000000007 0.6328125 0.3515625000000001 0.6328125
53 0.4734375 0.4515625 0.4234375 0.4515625 0.4234375 0.509375 0.4734375 0.509375
4 0.28593750000000007 0.390625 0.23593750000000008 0.390625 0.23593750000000008 0.446875 0.28593750000000007 0.446875
8 0.5078125 0.3906250000000001 0.4578125 0.3906250000000001 0.4578125 0.446875 0.5078125 0.446875
33 0.5203125 0.5765625 0.46875 0.5765625 0.46875 0.634375 0.5203125 0.634375
9 0.5640625 0.3890625000000001 0.5140625 0.3890625000000001 0.5140625 0.446875 0.5640625 0.446875
3 0.2312500000000001 0.390625 0.18125000000000005 0.390625 0.18125000000000005 0.4484375 0.2312500000000001 0.4484375
52 0.08281250000000005 0.4515625 0.029687500000000054 0.4515625 0.02968750000000006 0.509375 0.08281250000000007 0.509375
45 0.10156250000000007 0.5140625 0.029687500000000068 0.5140625 0.029687500000000068 0.571875 0.10156250000000008 0.571875
57 0.2406250000000001 0.578125 0.18906250000000008 0.578125 0.18906250000000008 0.634375 0.2406250000000001 0.634375
42 0.3062500000000001 0.4515625 0.2562500000000001 0.4515625 0.2562500000000001 0.509375 0.3062500000000001 0.509375
44 0.1296875000000001 0.5765625 0.03125000000000007 0.5765625 0.03125000000000007 0.6359375 0.1296875000000001 0.6359375
38 0.640625 0.4515625 0.590625 0.4515625 0.590625 0.5078125 0.640625 0.5078125
41 0.13906250000000003 0.4515625 0.08906250000000004 0.4515625 0.08906250000000006 0.509375 0.13906250000000003 0.509375
16 0.2968750000000001 0.578125 0.2453125000000001 0.578125 0.2453125000000001 0.634375 0.2968750000000001 0.634375
54 0.696875 0.4515625 0.6453125 0.4515625 0.6453125 0.509375 0.696875 0.509375
34 0.6875 0.578125 0.6359375 0.578125 0.6359375 0.634375 0.6875 0.634375
35 0.4625 0.578125 0.4125 0.578125 0.4125 0.634375 0.4625 0.634375
2 0.17500000000000004 0.390625 0.12343750000000005 0.390625 0.12343750000000005 0.4453125 0.17500000000000004 0.4453125
31 0.6015625 0.5140625 0.553125 0.5140625 0.553125 0.571875 0.6015625 0.571875
24 0.3781250000000001 0.515625 0.3296875000000001 0.515625 0.3296875000000001 0.571875 0.3781250000000001 0.571875