39 0.5109375000000002 0.7734375 0.43281250000000016 0.7734375 0.43281250000000016 0.8296875 0.5109375000000002 0.8296875
0 0.425 0.61875 0.3500000000000001 0.61875 0.3500000000000001 0.6765625 0.425 0.6765625
54 0.5125000000000001 0.7078125 0.4328125 0.7078125 0.4328125000000001 0.7671875 0.5125000000000002 0.7671875
16 0.69375 0.24218750000000008 0.6125 0.24218750000000008 0.6125 0.3046875000000001 0.69375 0.3046875000000001
5 0.425 0.30156250000000007 0.35 0.3015625 0.35 0.3609375 0.425 0.3609375000000001
37 0.6000000000000001 0.6671875 0.5203125 0.6671875 0.5203125000000001 0.7265625 0.6000000000000002 0.7265625
45 0.603125 6.898205798322201e-17 0.5234375 6.410260589286927e-17 0.5234375 0.07343750000000007 0.603125 0.07343750000000007
31 0.6 0.603125 0.5203125 0.603125 0.5203125 0.659375 0.6 0.659375
36 0.5109375 0.5796875 0.434375 0.5796875 0.434375 0.6390625 0.5109375 0.6390625
28 0.6 0.475 0.521875 0.475 0.521875 0.53125 0.6 0.53125
46 0.6906250000000002 0.7703125 0.6093750000000002 0.7703125 0.6093750000000002 0.8828125 0.6906250000000002 0.8828125
53 0.5125 0.453125 0.4359375 0.453125 0.4359375 0.5125 0.5125 0.5125
26 0.5156250000000002 0.834375 0.43750000000000017 0.834375 0.43750000000000017 0.875 0.5156250000000002 0.875
15 0.690625 0.3765625000000001 0.6109375 0.3765625000000001 0.6109375 0.4359375 0.690625 0.4359375
25 0.6 0.409375 0.521875 0.409375 0.521875 0.4671875 0.6 0.4671875
51 0.5125 0.3265625000000001 0.4359375 0.3265625000000001 0.4359375 0.3843750000000001 0.5125 0.3843750000000001
23 0.6015625 0.27812500000000007 0.5234375 0.27812500000000007 0.5234375 0.3375000000000001 0.6015625 0.3375000000000001
48 0.4234375000000001 0.684375 0.34843750000000007 0.684375 0.34843750000000007 0.740625 0.4234375000000002 0.740625
13 0.8171875 0.11093750000000009 0.70625 0.11093750000000009 0.70625 0.17343750000000008 0.8171875 0.17343750000000008
33 0.690625 0.50625 0.609375 0.50625 0.609375 0.565625 0.690625 0.565625
44 0.69375 7.988906853812813e-17 0.6109375 7.481826538540861e-17 0.6109375 0.10156250000000008 0.69375 0.10156250000000008
19 0.603125 0.21250000000000008 0.5234375 0.21250000000000008 0.5234375 0.2718750000000001 0.603125 0.2718750000000001
20 0.4234375000000002 0.8125 0.34843750000000007 0.8125 0.34843750000000007 0.871875 0.4234375000000002 0.871875
14 0.8125 0.6390625000000001 0.703125 0.6390625 0.703125 0.6984375 0.8125 0.6984375000000002
38 0.5109375 0.6453125 0.434375 0.6453125 0.434375 0.703125 0.5109375 0.703125
55 0.6921875 0.3109375000000001 0.6109375 0.3109375000000001 0.6109375 0.3703125000000001 0.6921875 0.3703125000000001
4 0.425 0.23750000000000004 0.3484375 0.2375 0.3484375 0.29687500000000006 0.425 0.2968750000000001
11 0.4234375000000002 0.746875 0.34843750000000007 0.746875 0.34843750000000007 0.803125 0.4234375000000002 0.803125
12 0.6000000000000002 0.7328125 0.5203125000000002 0.7328125 0.5203125000000002 0.7921875 0.6000000000000002 0.7921875
29 0.6 0.5390625 0.5203125 0.5390625 0.5203125 0.596875 0.6 0.596875
3 0.425 0.17187500000000006 0.3484375 0.17187500000000006 0.3484375 0.23125000000000004 0.425 0.2312500000000001
17 0.4234375 4.745506346695993e-17 0.3515625 4.305398903252414e-17 0.3515625 0.03750000000000005 0.4234375 0.037500000000000054
43 0.603125 0.14531250000000007 0.5234375 0.14531250000000004 0.5234375 0.20468750000000008 0.603125 0.20468750000000008
40 0.690625 0.6359375 0.6109375 0.6359375 0.6109375 0.6953125 0.690625 0.6953125
59 0.5125 0.3906250000000001 0.4359375 0.3906250000000001 0.4359375 0.4484375 0.5125 0.4484375
42 0.5140625 0.2593750000000001 0.434375 0.2593750000000001 0.434375 0.3187500000000001 0.5140625 0.3187500000000001
49 0.815625 0.001562500000000093 0.7046875 0.001562500000000086 0.7046875 0.04218750000000009 0.815625 0.0421875000000001
58 0.6953125 0.11093750000000009 0.6140625 0.11093750000000009 0.6140625 0.1703125000000001 0.6953125 0.1703125000000001
52 0.5125 5.807504742831589e-17 0.4359375 5.338694640032993e-17 0.4359375 0.05625000000000006 0.5125 0.056250000000000064
57 0.6953125 0.1765625000000001 0.6140625 0.1765625000000001 0.6140625 0.23593750000000008 0.6953125 0.23593750000000008
41 0.5125 0.06250000000000006 0.434375 0.06250000000000004 0.434375 0.12187500000000004 0.5125 0.12187500000000004
24 0.6015625 0.3437500000000001 0.5234375 0.3437500000000001 0.5234375 0.403125 0.6015625 0.403125
30 0.840625 0.001562500000000068 0.2734375 0.0015625000000000333 0.27343750000000006 0.9015625 0.840625 0.9015625
1 0.425 0.04375000000000005 0.3484375 0.043750000000000046 0.3484375 0.10312500000000005 0.425 0.10312500000000005
27 0.5109375 0.51875 0.434375 0.51875 0.434375 0.575 0.5109375 0.575
8 0.425 0.49375 0.3531250000000001 0.49375 0.3531250000000001 0.55 0.425 0.55
9 0.425 0.55625 0.3500000000000001 0.55625 0.3500000000000001 0.6140625 0.425 0.6140625
47 0.8140625 0.24218750000000008 0.7 0.24218750000000008 0.7 0.565625 0.8140625 0.5656250000000002
21 0.5125 0.19375000000000003 0.434375 0.19375000000000003 0.434375 0.2531250000000001 0.5125 0.2531250000000001
56 0.5125 0.12968750000000004 0.4328125 0.12968750000000004 0.4328125 0.18906250000000005 0.5125 0.18906250000000005
6 0.425 0.36718750000000006 0.3500000000000001 0.3671875 0.3500000000000001 0.4234375 0.425 0.4234375
34 0.690625 0.7 0.6125 0.7 0.6125 0.7625 0.6906250000000002 0.7625
22 0.6000000000000002 0.7984375 0.5203125000000002 0.7984375 0.5203125000000002 0.8796875 0.6000000000000002 0.8796875
2 0.425 0.10781250000000005 0.3484375 0.10781250000000005 0.3484375 0.16718750000000004 0.425 0.16718750000000004
18 0.690625 0.571875 0.6109375 0.571875 0.6109375 0.63125 0.690625 0.63125
35 0.6921875 0.4421875 0.6109375 0.4421875 0.6109375 0.5015625 0.6921875 0.5015625
7 0.425 0.43125 0.3531250000000001 0.43125 0.3531250000000001 0.4859375 0.425 0.4859375
10 0.603125 0.07968750000000006 0.5234375 0.07968750000000006 0.5234375 0.13906250000000006 0.603125 0.1390625000000001