33 0.3312500000000001 0.615625 0.1984375000000001 0.615625 0.1984375000000001 0.65625 0.3312500000000001 0.65625
11 0.753125 0.4359375000000001 0.6265625 0.4359375 0.6265625 0.4765625000000001 0.753125 0.47656250000000017
51 0.6156250000000002 0.740625 0.4828125000000002 0.740625 0.4828125000000002 0.7796875 0.6156250000000002 0.7796875
8 0.759375 0.6156250000000001 0.6265625 0.615625 0.6265625 0.6562500000000001 0.759375 0.6562500000000002
34 0.3265625000000001 0.4796875 0.19375000000000003 0.4796875 0.19375000000000003 0.5234375 0.3265625000000001 0.5234375
53 0.615625 0.646875 0.4828125 0.646875 0.4828125 0.690625 0.615625 0.690625
30 0.9765625 5.989288252080025e-17 0.0015625 1.9135106236677395e-19 0.001562500000000061 1 0.9765625 1
43 0.4703125000000002 0.8640625 0.3375000000000001 0.8640625 0.3375000000000001 0.9046875 0.4703125000000002 0.9046875
5 0.7593750000000001 0.753125 0.6265625000000001 0.753125 0.6265625000000001 0.7921875 0.7593750000000001 0.7921875000000002
15 0.3312500000000001 0.7046875 0.1984375000000001 0.7046875 0.1984375000000001 0.7484375 0.3312500000000001 0.7484375
46 0.33125000000000004 0.3609375 0.19375000000000003 0.3609375 0.19375000000000003 0.4765625 0.3312500000000001 0.4765625
41 0.6156250000000002 0.91875 0.4828125000000002 0.91875 0.4828125000000002 0.9625 0.6156250000000002 0.9625
48 0.759375 0.48125000000000007 0.6265625 0.48125 0.6265625 0.5218750000000001 0.759375 0.5218750000000002
6 0.7593750000000001 0.70625 0.6265625 0.70625 0.6265625000000001 0.7468750000000001 0.7593750000000001 0.7468750000000002
59 0.6156250000000001 0.69375 0.4828125 0.69375 0.4828125000000001 0.734375 0.6156250000000002 0.734375
7 0.759375 0.659375 0.6265625 0.659375 0.6265625 0.7031250000000001 0.759375 0.7031250000000002
16 0.3312500000000001 0.7953125 0.1984375000000001 0.7953125 0.1984375000000001 0.8359375 0.3312500000000001 0.8359375
19 0.4750000000000002 0.81875 0.3375000000000001 0.81875 0.3375000000000001 0.8578125 0.4750000000000002 0.8578125
57 0.3312500000000001 0.840625 0.1984375000000001 0.840625 0.1984375000000001 0.88125 0.3312500000000001 0.88125
22 0.4703125 0.35937500000000006 0.3375 0.359375 0.3375 0.453125 0.4703125 0.453125
36 0.615625 0.559375 0.4828125 0.559375 0.4828125 0.6 0.615625 0.6
21 0.6156250000000002 0.8296875 0.4828125000000002 0.8296875 0.4828125000000002 0.8703125 0.6156250000000002 0.8703125
45 0.4703125000000002 0.953125 0.3375000000000001 0.953125 0.3375000000000001 1 0.4703125000000002 1
37 0.4703125 0.5046875 0.3375000000000001 0.5046875 0.3375000000000001 0.54375 0.4703125 0.54375
25 0.475 0.684375 0.3375000000000001 0.684375 0.3375000000000001 0.7234375 0.475 0.7234375
54 0.6203125 0.46875 0.4828125 0.46875 0.4828125 0.509375 0.6203125 0.509375
1 0.7531250000000002 0.9328125 0.6265625000000001 0.9328125 0.6265625000000001 0.971875 0.7531250000000002 0.971875
2 0.7531250000000002 0.8859375 0.6265625000000001 0.8859375 0.6265625000000001 0.9265625 0.7531250000000002 0.9265625
0 0.759375 0.5250000000000001 0.6265625 0.525 0.6265625 0.5687500000000001 0.759375 0.5687500000000002
44 0.3312500000000001 0.9328125 0.19843750000000013 0.9328125 0.19843750000000013 1 0.3312500000000001 1
13 0.1859375000000001 0.828125 0.0484375000000001 0.828125 0.048437500000000105 0.86875 0.1859375000000001 0.86875
27 0.615625 0.603125 0.4890625 0.603125 0.4890625 0.64375 0.615625 0.64375
9 0.759375 0.5718750000000001 0.6265625 0.571875 0.6265625 0.6125 0.759375 0.6125000000000002
18 0.3265625000000001 0.571875 0.1937500000000001 0.571875 0.1937500000000001 0.6125 0.3265625000000001 0.6125
10 0.4703125000000002 0.9078125 0.3375000000000001 0.9078125 0.3375000000000001 0.9484375 0.4703125000000002 0.9484375
28 0.475 0.6390625 0.3375000000000001 0.6390625 0.3375000000000001 0.678125 0.475 0.678125
35 0.3312500000000001 0.659375 0.1937500000000001 0.659375 0.1937500000000001 0.703125 0.3312500000000001 0.703125
20 0.759375 0.3625000000000001 0.6265625 0.3625000000000001 0.6265625 0.4312500000000001 0.759375 0.4312500000000002
3 0.7593750000000001 0.8421875 0.6265625000000001 0.8421875 0.6265625000000001 0.8828125 0.7593750000000001 0.8828125
4 0.7593750000000001 0.7968750000000001 0.6265625000000001 0.796875 0.6265625000000001 0.8359375 0.7593750000000001 0.8359375
24 0.4703125000000002 0.728125 0.3437500000000001 0.728125 0.3437500000000001 0.76875 0.4703125000000002 0.76875
14 0.18593750000000006 0.540625 0.048437500000000064 0.540625 0.048437500000000064 0.584375 0.1859375000000001 0.584375
47 0.1750000000000001 0.5859375 0.03750000000000007 0.5859375 0.03750000000000008 0.8203125 0.1750000000000001 0.8203125
17 0.7531250000000002 0.9765625 0.6265625000000001 0.9765625 0.6265625000000001 1 0.7531250000000002 1
58 0.32500000000000007 0.884375 0.1984375000000001 0.884375 0.1984375000000001 0.928125 0.32500000000000007 0.928125
42 0.6156250000000002 0.7828125 0.4828125000000002 0.7828125 0.4828125000000002 0.8265625 0.6156250000000002 0.8265625
50 0.18125000000000005 0.3578125 0.04843750000000004 0.3578125 0.04843750000000005 0.45 0.18125000000000005 0.45
55 0.3312500000000001 0.7515625 0.1984375000000001 0.7515625 0.1984375000000001 0.790625 0.3312500000000001 0.790625
40 0.32500000000000007 0.5265625 0.19843750000000004 0.5265625 0.19843750000000007 0.5671875 0.32500000000000007 0.5671875
56 0.6203125000000002 0.8734375 0.4828125000000002 0.8734375 0.4828125000000002 0.9140625 0.6203125000000002 0.9140625
52 0.6156250000000002 0.965625 0.4828125000000002 0.965625 0.4828125000000002 1 0.6156250000000002 1
49 0.18125000000000013 0.9625 0.04843750000000012 0.9625 0.04843750000000012 1 0.18125000000000013 1
39 0.615625 0.425 0.4890625 0.425 0.4890625 0.4640625 0.615625 0.4640625
12 0.4703125 0.4578125 0.3375000000000001 0.4578125 0.3375000000000001 0.4984375 0.4703125 0.4984375
38 0.615625 0.5140625 0.4890625 0.5140625 0.4890625 0.553125 0.615625 0.553125
29 0.4703125 0.59375 0.3375000000000001 0.59375 0.3375000000000001 0.634375 0.4703125 0.634375
31 0.4703125 0.5484375 0.3375000000000001 0.5484375 0.3375000000000001 0.5890625 0.4703125 0.5890625
26 0.603125 0.3593750000000001 0.4765625 0.3593750000000001 0.4765625 0.41875 0.603125 0.41875
23 0.4703125000000002 0.7734375 0.3375000000000001 0.7734375 0.3375000000000001 0.8140625 0.4703125000000002 0.8140625