25 0.33593750000000006 0.334375 0.2953125 0.334375 0.29531250000000003 0.4625 0.3359375000000001 0.4625
52 0.07343750000000003 0.2109375 0.009375000000000026 0.2109375 0.009375000000000033 0.3328125 0.07343750000000004 0.3328125
29 0.4234375 0.33281250000000007 0.38125 0.33281250000000007 0.38125000000000003 0.4609375 0.4234375 0.4609375
39 0.584375 0.1984375000000001 0.55 0.1984375000000001 0.55 0.3281250000000001 0.584375 0.3281250000000001
16 0.22656250000000008 0.465625 0.18437500000000004 0.465625 0.18437500000000007 0.590625 0.22656250000000008 0.590625
19 0.20625000000000004 0.334375 0.16718750000000004 0.334375 0.16718750000000004 0.4625 0.2062500000000001 0.4625
47 0.39531250000000007 0.6 0.1828125000000001 0.6 0.1828125000000001 0.73125 0.39531250000000007 0.73125
3 0.17812500000000003 0.08125000000000002 0.1375 0.08125000000000002 0.1375 0.203125 0.17812500000000003 0.203125
32 0.09843750000000007 0.4671875 0.057812500000000065 0.4671875 0.057812500000000065 0.5890625 0.09843750000000007 0.5890625
0 0.48125 0.07187500000000005 0.4390625 0.07187500000000005 0.4390625 0.19375000000000003 0.48125 0.19375000000000003
6 0.30625 0.07656250000000003 0.2625 0.07656250000000002 0.2625 0.2015625 0.30625 0.2015625
45 0.07968750000000005 0.3375 0.007812500000000042 0.3375 0.007812500000000049 0.459375 0.07968750000000006 0.459375
42 0.2421875 0.2078125 0.2015625 0.2078125 0.2015625 0.3296875 0.2421875 0.3296875
28 0.37812500000000004 0.33281250000000007 0.3375 0.3328125 0.3375 0.4609375 0.3781250000000001 0.4609375
57 0.18281250000000007 0.4671875 0.14218750000000005 0.4671875 0.14218750000000008 0.5890625 0.1828125000000001 0.5890625
14 0.4984375000000001 0.5953125 0.4546875 0.5953125 0.4546875000000001 0.7296875 0.4984375000000002 0.7296875
13 0.1296875000000001 0.5953125 0.08593750000000007 0.5953125 0.08593750000000008 0.725 0.1296875000000001 0.725
30 1 0.001562500000000061 1.9135106236677395e-19 0.0015625 4.8220467716427034e-17 0.7859375000000001 1 0.7859375000000002
37 0.5109375 0.3312500000000001 0.46875 0.3312500000000001 0.46875 0.4609375 0.5109375 0.4609375
7 0.3484375 0.07656250000000005 0.309375 0.07656250000000005 0.309375 0.19843750000000004 0.3484375 0.19843750000000004
27 0.415625 0.20312500000000008 0.3734375 0.20312500000000008 0.3734375 0.32500000000000007 0.415625 0.32500000000000007
44 0.056250000000000064 0.4671875 0.003125000000000057 0.4671875 0.0031250000000000644 0.5875 0.056250000000000064 0.5875
35 0.35625000000000007 0.465625 0.3125000000000001 0.465625 0.3125000000000001 0.590625 0.35625000000000007 0.590625
12 0.55625 0.3312500000000001 0.5125 0.3312500000000001 0.5125 0.4609375 0.55625 0.4609375
34 0.5328125 0.465625 0.4890625 0.465625 0.4890625 0.590625 0.5328125 0.590625
53 0.3734375 0.20156250000000003 0.3296875 0.2015625 0.3296875 0.33125000000000004 0.3734375 0.3312500000000001
36 0.4609375 0.2015625000000001 0.4171875 0.2015625000000001 0.4171875 0.3265625000000001 0.4609375 0.3265625000000001
4 0.2203125 0.08125000000000002 0.18125 0.08125000000000002 0.18125000000000002 0.2015625 0.2203125 0.2015625
26 0.5921875 0.3296875000000001 0.559375 0.3296875000000001 0.559375 0.4578125 0.5921875 0.4578125
48 0.525 0.07187500000000006 0.4828125 0.07187500000000006 0.4828125 0.19375000000000003 0.525 0.19375000000000003
24 0.29218750000000004 0.3359375 0.2515625 0.3359375 0.2515625 0.4609375 0.2921875000000001 0.4609375
38 0.503125 0.2015625000000001 0.4625 0.2015625000000001 0.4625 0.3265625000000001 0.503125 0.3265625000000001
5 0.2625 0.07812500000000003 0.221875 0.07812500000000003 0.221875 0.2 0.2625 0.2
10 0.12187500000000004 0.3375 0.08125000000000004 0.3375 0.08125000000000006 0.4625 0.12187500000000004 0.4625
59 0.328125 0.203125 0.2859375 0.203125 0.2859375 0.33125 0.328125 0.33125
33 0.4 0.465625 0.35625000000000007 0.465625 0.35625000000000007 0.590625 0.4 0.590625
46 0.634375 0.465625 0.534375 0.465625 0.534375 0.590625 0.634375 0.590625
11 0.56875 0.06875000000000006 0.528125 0.06875000000000006 0.528125 0.19062500000000007 0.56875 0.1906250000000001
54 0.5484375 0.19843750000000007 0.5046875 0.19843750000000004 0.5046875 0.3281250000000001 0.5484375 0.3281250000000001
41 0.11562500000000005 0.2078125 0.07500000000000002 0.2078125 0.07500000000000004 0.3328125 0.11562500000000005 0.3328125
58 0.14062500000000006 0.4671875 0.10000000000000005 0.4671875 0.10000000000000006 0.5890625 0.14062500000000008 0.5890625
20 0.640625 0.06406250000000008 0.571875 0.06406250000000006 0.571875 0.1921875000000001 0.640625 0.1921875000000001
18 0.4421875 0.465625 0.4015625 0.465625 0.4015625 0.590625 0.4421875 0.590625
21 0.2 0.2078125 0.15781250000000005 0.2078125 0.15781250000000005 0.3328125 0.2 0.3328125
43 0.16250000000000003 0.3375 0.12343750000000005 0.3375 0.12343750000000005 0.4625 0.16250000000000003 0.4625
23 0.25000000000000006 0.3375 0.209375 0.3375 0.20937500000000003 0.4625 0.2500000000000001 0.4625
2 0.13593750000000002 0.08281250000000002 0.0953125 0.08281250000000002 0.09531250000000001 0.203125 0.13593750000000004 0.203125
50 0.6390625000000001 0.6 0.5421875 0.6 0.5421875 0.73125 0.6390625000000002 0.73125
8 0.3921875 0.07343750000000004 0.3515625 0.07343750000000004 0.3515625 0.19843750000000004 0.3921875 0.19843750000000004
51 0.284375 0.20625 0.24375 0.20625 0.24375 0.33125 0.284375 0.33125
31 0.4671875 0.3312500000000001 0.425 0.3312500000000001 0.425 0.4609375 0.4671875 0.4609375
17 0.05156250000000001 0.0859375 0.012500000000000011 0.0859375 0.01250000000000002 0.20625 0.051562500000000025 0.20625
22 0.6375 0.1937500000000001 0.5859375 0.1937500000000001 0.5859375 0.4578125 0.6375 0.4578125
40 0.4875 0.465625 0.44375 0.465625 0.44375 0.590625 0.4875 0.590625
55 0.2687500000000001 0.465625 0.22812500000000008 0.465625 0.22812500000000008 0.590625 0.2687500000000001 0.590625
9 0.4359375 0.07343750000000004 0.39375 0.07343750000000004 0.39375 0.19531250000000006 0.4359375 0.19531250000000006
1 0.0921875 0.08281250000000001 0.053125 0.0828125 0.05312500000000001 0.2046875 0.09218750000000002 0.2046875
49 0.08593750000000008 0.5953125 0.04375000000000008 0.5953125 0.04375000000000008 0.725 0.08593750000000008 0.725
15 0.3125000000000001 0.465625 0.27031250000000007 0.465625 0.27031250000000007 0.590625 0.3125000000000001 0.590625
56 0.15625000000000006 0.2078125 0.11562500000000005 0.2078125 0.11562500000000005 0.3328125 0.15625000000000006 0.3328125