25 0.3203125000000001 0.3671875 0.2812500000000001 0.3671875 0.2812500000000001 0.4875 0.3203125000000001 0.4875
52 0.07343750000000003 0.25 0.012500000000000034 0.25 0.012500000000000039 0.365625 0.07343750000000004 0.365625
29 0.403125 0.36406250000000007 0.3625000000000001 0.3640625 0.3625000000000001 0.484375 0.403125 0.484375
39 0.553125 0.2390625000000001 0.521875 0.2390625000000001 0.521875 0.3609375000000001 0.553125 0.3609375000000001
16 0.2171875000000001 0.4890625 0.17812500000000003 0.4890625 0.17812500000000006 0.60625 0.2171875000000001 0.60625
19 0.19843750000000004 0.3671875 0.16093750000000004 0.3671875 0.16093750000000004 0.4875 0.19843750000000004 0.4875
47 0.3765625000000001 0.615625 0.1765625000000001 0.615625 0.1765625000000001 0.740625 0.3765625000000001 0.740625
3 0.17187500000000003 0.1265625 0.1328125 0.1265625 0.13281250000000003 0.2421875 0.17187500000000006 0.2421875
32 0.09687500000000007 0.4921875 0.05937500000000007 0.4921875 0.05937500000000007 0.6078125 0.09687500000000007 0.6078125
0 0.45625 0.11875000000000005 0.4171875 0.11875000000000005 0.4171875 0.23437500000000008 0.45625 0.23437500000000008
6 0.2921875 0.12187500000000004 0.2515625 0.12187500000000004 0.2515625 0.240625 0.2921875 0.240625
45 0.07812500000000006 0.36875 0.010937500000000044 0.36875 0.010937500000000051 0.484375 0.07812500000000007 0.484375
42 0.23125 0.246875 0.19218750000000004 0.246875 0.19218750000000004 0.3625 0.23125 0.3625
28 0.3609375000000001 0.3640625 0.3218750000000001 0.3640625 0.3218750000000001 0.484375 0.3609375000000001 0.484375
57 0.17656250000000007 0.4921875 0.13750000000000004 0.4921875 0.13750000000000007 0.6078125 0.1765625000000001 0.6078125
14 0.47343750000000007 0.6109375 0.43125 0.6109375 0.4312500000000001 0.7375 0.4734375000000002 0.7375
13 0.12500000000000008 0.6109375 0.08437500000000006 0.6109375 0.08437500000000007 0.7328125 0.12500000000000008 0.7328125
30 0.9625 5.893612720896637e-17 0 0 4.8411818778793805e-17 0.7906250000000001 0.9625 0.7906250000000001
37 0.4859375 0.3625000000000001 0.4453125 0.3625000000000001 0.4453125 0.484375 0.4859375 0.484375
7 0.3328125 0.12187500000000004 0.2953125 0.12187500000000004 0.2953125 0.2375 0.3328125 0.2375
27 0.3953125 0.24218750000000006 0.3546875 0.2421875 0.3546875 0.35781250000000003 0.3953125 0.3578125000000001
44 0.057812500000000065 0.490625 0.006250000000000061 0.490625 0.006250000000000068 0.6046875 0.057812500000000065 0.6046875
35 0.3390625000000001 0.4890625 0.2984375000000001 0.4890625 0.2984375000000001 0.60625 0.3390625000000001 0.60625
12 0.528125 0.3625000000000001 0.4875 0.3625000000000001 0.4875 0.484375 0.528125 0.484375
34 0.5046875 0.4890625 0.4640625 0.4890625 0.4640625 0.60625 0.5046875 0.60625
53 0.3546875 0.240625 0.3140625 0.240625 0.3140625 0.3625 0.3546875 0.3625
36 0.4375 0.2406250000000001 0.396875 0.2406250000000001 0.396875 0.3578125000000001 0.4375 0.3578125000000001
4 0.2109375 0.12656250000000002 0.1734375 0.1265625 0.17343750000000002 0.240625 0.2109375 0.240625
26 0.5609375 0.3625000000000001 0.5296875 0.3625000000000001 0.5296875 0.4828125 0.5609375 0.4828125
48 0.4984375 0.11875000000000005 0.4578125 0.11875000000000005 0.4578125 0.23437500000000008 0.4984375 0.23437500000000008
24 0.2796875000000001 0.3671875 0.2406250000000001 0.3671875 0.2406250000000001 0.484375 0.2796875000000001 0.484375
38 0.478125 0.2406250000000001 0.4390625 0.2406250000000001 0.4390625 0.3578125000000001 0.478125 0.3578125000000001
5 0.2515625 0.12500000000000006 0.2125 0.12500000000000006 0.2125 0.240625 0.2515625 0.240625
10 0.11875000000000005 0.36875 0.08125000000000004 0.36875 0.08125000000000006 0.4875 0.11875000000000005 0.4875
59 0.3125 0.2421875 0.2734375 0.2421875 0.2734375 0.3625 0.3125 0.3625
33 0.3812500000000001 0.4890625 0.34062500000000007 0.4890625 0.34062500000000007 0.60625 0.3812500000000001 0.60625
46 0.6015625 0.4890625 0.50625 0.4890625 0.50625 0.60625 0.6015625 0.60625
11 0.540625 0.11562500000000005 0.5015625 0.11562500000000005 0.5015625 0.2312500000000001 0.540625 0.2312500000000001
54 0.5203125 0.2390625000000001 0.4796875 0.2390625000000001 0.4796875 0.3609375000000001 0.5203125 0.3609375000000001
41 0.11250000000000004 0.246875 0.07343750000000002 0.246875 0.07343750000000003 0.3640625 0.11250000000000004 0.3640625
58 0.13593750000000007 0.4921875 0.09843750000000007 0.4921875 0.09843750000000007 0.6078125 0.1359375000000001 0.6078125
20 0.6078125 0.11093750000000006 0.5421875 0.11093750000000005 0.5421875 0.2312500000000001 0.6078125 0.2312500000000001
18 0.4203125 0.4890625 0.3812500000000001 0.4890625 0.3812500000000001 0.60625 0.4203125 0.60625
21 0.19218750000000004 0.246875 0.15312500000000004 0.246875 0.15312500000000004 0.3640625 0.19218750000000004 0.3640625
43 0.15781250000000005 0.36875 0.12031250000000004 0.36875 0.12031250000000004 0.4875 0.15781250000000005 0.4875
23 0.2390625000000001 0.36875 0.2000000000000001 0.36875 0.2000000000000001 0.4875 0.2390625000000001 0.4875
2 0.13125000000000003 0.1296875 0.09218750000000002 0.1296875 0.09218750000000002 0.2421875 0.13125000000000003 0.2421875
50 0.6062500000000001 0.615625 0.515625 0.615625 0.5156250000000001 0.740625 0.6062500000000002 0.740625
8 0.371875 0.12031250000000004 0.334375 0.12031250000000004 0.334375 0.23750000000000004 0.371875 0.2375000000000001
51 0.271875 0.24375 0.2328125 0.24375 0.2328125 0.3625 0.271875 0.3625
31 0.44375 0.3625000000000001 0.403125 0.3625000000000001 0.403125 0.484375 0.44375 0.484375
17 0.051562500000000025 0.13125 0.014062500000000016 0.13125 0.014062500000000023 0.24375 0.051562500000000025 0.24375
22 0.6046875 0.2328125000000001 0.55625 0.2328125000000001 0.55625 0.4828125 0.6046875 0.4828125
40 0.4625 0.4890625 0.421875 0.4890625 0.421875 0.60625 0.4625 0.60625
55 0.2578125000000001 0.4890625 0.21875000000000008 0.4890625 0.21875000000000008 0.60625 0.2578125000000001 0.60625
9 0.4140625 0.12031250000000004 0.375 0.12031250000000004 0.375 0.23593750000000008 0.4140625 0.23593750000000008
1 0.09218750000000002 0.1296875 0.05468750000000002 0.1296875 0.05468750000000002 0.2453125 0.09218750000000002 0.2453125
49 0.08437500000000007 0.6109375 0.045312500000000075 0.6109375 0.04531250000000008 0.7328125 0.08437500000000009 0.7328125
15 0.2984375000000001 0.4890625 0.2578125000000001 0.4890625 0.2578125000000001 0.60625 0.2984375000000001 0.60625
56 0.15156250000000004 0.246875 0.11250000000000004 0.246875 0.11250000000000004 0.3640625 0.15156250000000004 0.3640625