9 0.771875 0.5593750000000001 0.7203125 0.559375 0.7203125 0.6031250000000001 0.771875 0.6031250000000001
14 0.534375 0.5765625 0.46875 0.5765625 0.46875 0.6203125 0.534375 0.6203125
56 0.7140625 0.2531250000000001 0.6625 0.2531250000000001 0.6625 0.2968750000000001 0.7140625 0.2968750000000001
55 0.5953125 0.3828125000000001 0.5421875 0.3828125000000001 0.5421875 0.4265625 0.5953125 0.4265625
6 0.7703125 0.41875000000000007 0.7203125 0.41875 0.7203125 0.4625000000000001 0.7703125 0.4625000000000002
33 0.5953125 0.5265625 0.540625 0.5265625 0.540625 0.5703125 0.5953125 0.5703125
24 0.6546875 0.40625 0.6015625 0.40625 0.6015625 0.45 0.6546875 0.45
2 0.76875 0.2312500000000001 0.71875 0.2312500000000001 0.71875 0.2750000000000001 0.76875 0.2750000000000001
23 0.6546875 0.3593750000000001 0.6015625 0.3593750000000001 0.6015625 0.403125 0.6546875 0.403125
18 0.5953125 0.5734375 0.5421875 0.5734375 0.5421875 0.6171875 0.5953125 0.6171875
40 0.5953125 0.621875 0.5421875 0.621875 0.5421875 0.665625 0.5953125 0.665625
48 0.7703125 0.6546875000000001 0.7203125 0.6546875 0.7203125 0.6953125000000001 0.7703125 0.6953125000000002
11 0.76875 0.7000000000000001 0.71875 0.7 0.7187500000000001 0.7421875000000001 0.7687500000000002 0.7421875000000002
54 0.7109375 0.6796875 0.6609375 0.6796875 0.6609375 0.7203125 0.7109375 0.7203125
4 0.7703125 0.32500000000000007 0.7203125 0.32500000000000007 0.7203125 0.3671875000000001 0.7703125 0.3671875000000001
22 0.7125000000000001 0.771875 0.6000000000000002 0.771875 0.6000000000000002 0.8390625 0.7125000000000001 0.8390625
20 0.7687500000000002 0.7453125 0.7187500000000002 0.7453125 0.7187500000000002 0.834375 0.7687500000000002 0.834375
50 0.5359375 0.621875 0.4671875 0.621875 0.4671875 0.68125 0.5359375 0.68125
52 0.7109375 0.1359375000000001 0.6578125 0.1359375000000001 0.6578125 0.20312500000000008 0.7109375 0.20312500000000008
3 0.771875 0.2765625000000001 0.71875 0.2765625000000001 0.71875 0.3203125000000001 0.771875 0.3203125000000001
46 0.5937500000000001 0.7171875 0.540625 0.7171875 0.5406250000000001 0.8421875 0.5937500000000002 0.8421875
7 0.771875 0.4671875000000001 0.7203125 0.4671875 0.7203125 0.5093750000000001 0.771875 0.5093750000000001
10 0.6546875 0.2171875000000001 0.6015625 0.2171875000000001 0.6015625 0.2609375000000001 0.6546875 0.2609375000000001
36 0.7140625 0.584375 0.6625 0.584375 0.6625 0.628125 0.7140625 0.628125
28 0.6546875 0.503125 0.6015625 0.503125 0.6015625 0.546875 0.6546875 0.546875
44 0.59375 0.13125000000000006 0.540625 0.13125000000000003 0.540625 0.18750000000000006 0.59375 0.18750000000000008
16 0.5953125 0.3343750000000001 0.5421875 0.3343750000000001 0.5421875 0.3781250000000001 0.5953125 0.3781250000000001
41 0.7125 0.2062500000000001 0.659375 0.2062500000000001 0.659375 0.2500000000000001 0.7125 0.2500000000000001
27 0.7140625 0.5375 0.6640625 0.5375 0.6640625 0.58125 0.7140625 0.58125
26 0.6531250000000002 0.7390625 0.6000000000000002 0.7390625 0.6000000000000002 0.7828125 0.6531250000000002 0.7828125
1 0.76875 0.18750000000000008 0.71875 0.18750000000000008 0.71875 0.22812500000000008 0.76875 0.22812500000000008
35 0.5953125 0.478125 0.5421875 0.478125 0.5421875 0.5234375 0.5953125 0.5234375
43 0.6546875 0.2640625000000001 0.6015625 0.2640625000000001 0.6015625 0.3078125000000001 0.6546875 0.3078125000000001
45 0.653125 0.13437500000000008 0.6 0.13437500000000008 0.6 0.2140625000000001 0.653125 0.2140625000000001
32 0.5953125 0.19218750000000007 0.5421875 0.19218750000000004 0.5421875 0.23593750000000008 0.5953125 0.23593750000000008
25 0.6546875 0.4546875 0.6015625 0.4546875 0.6015625 0.4984375 0.6546875 0.4984375
8 0.771875 0.5125000000000001 0.7203125 0.5125 0.7203125 0.5562500000000001 0.771875 0.5562500000000001
59 0.715625 0.4421875 0.6625 0.4421875 0.6625 0.4859375 0.715625 0.4859375
0 0.771875 0.6078125000000001 0.7203125 0.6078125 0.7203125 0.6500000000000001 0.771875 0.6500000000000001
29 0.65625 0.55 0.603125 0.55 0.603125 0.59375 0.65625 0.59375
47 0.5359375 0.3343750000000001 0.4671875 0.3343750000000001 0.4671875 0.5703125 0.5359375 0.5703125
39 0.7125000000000001 0.725 0.659375 0.725 0.659375 0.7671875 0.7125000000000001 0.7671875
5 0.771875 0.37187500000000007 0.7203125 0.37187500000000007 0.7203125 0.4156250000000001 0.771875 0.4156250000000002
17 0.7671875 0.14062500000000008 0.7171875 0.14062500000000008 0.7171875 0.18125000000000008 0.7671875 0.18125000000000008
12 0.6546875000000001 0.6921875 0.6 0.6921875 0.6000000000000001 0.7359375 0.6546875000000002 0.7359375
13 0.5359375 0.28593750000000007 0.46875 0.28593750000000007 0.46875 0.3296875000000001 0.5359375 0.3296875000000001
38 0.7125 0.6328125 0.6625 0.6328125 0.6625 0.675 0.7125 0.675
51 0.7140625 0.39531250000000007 0.6625 0.39531250000000007 0.6625 0.4390625 0.7140625 0.4390625
31 0.6546875 0.5984375 0.6015625 0.5984375 0.6015625 0.640625 0.6546875 0.640625
53 0.7140625 0.490625 0.6609375 0.490625 0.6609375 0.534375 0.7140625 0.534375
49 0.534375 0.12812500000000004 0.46875 0.12812500000000004 0.46875 0.18593750000000003 0.534375 0.18593750000000003
34 0.59375 0.6703125 0.540625 0.6703125 0.540625 0.7140625 0.59375 0.7140625
37 0.6546875 0.6453125 0.6015625 0.6453125 0.6015625 0.6890625 0.6546875 0.6890625
15 0.5953125 0.4296875 0.5421875 0.4296875 0.5421875 0.475 0.5953125 0.475
58 0.5953125 0.2390625000000001 0.5421875 0.2390625000000001 0.5421875 0.2828125000000001 0.5953125 0.2828125000000001
21 0.7140625 0.30156250000000007 0.6609375 0.30156250000000007 0.6609375 0.3453125000000001 0.7140625 0.3453125000000001
57 0.5953125 0.28593750000000007 0.5421875 0.28593750000000007 0.5421875 0.3296875000000001 0.5953125 0.3296875000000001
42 0.7140625 0.34843750000000007 0.6625 0.34843750000000007 0.6625 0.3921875000000001 0.7140625 0.3921875000000001
30 0.8265625 0.11875000000000006 0.4484375 0.11875000000000005 0.4484375000000001 0.875 0.8265625 0.875
19 0.6546875 0.3109375000000001 0.6015625 0.3109375000000001 0.6015625 0.3546875000000001 0.6546875 0.3546875000000001