24 0.384375 0.33593750000000006 0.340625 0.3359375 0.34062500000000007 0.3921875 0.3843750000000001 0.3921875000000001
21 0.278125 0.271875 0.2328125 0.271875 0.2328125 0.328125 0.278125 0.328125
9 0.5359375 0.2140625000000001 0.4921875 0.2140625000000001 0.4921875 0.27031250000000007 0.5359375 0.27031250000000007
22 0.7546875 0.2765625000000001 0.7015625 0.2765625000000001 0.7015625 0.3921875000000001 0.7546875 0.3921875000000001
0 0.58125 0.2140625000000001 0.540625 0.2140625000000001 0.540625 0.27031250000000007 0.58125 0.27031250000000007
6 0.396875 0.21093750000000006 0.353125 0.2109375 0.353125 0.26875000000000004 0.396875 0.2687500000000001
29 0.5234375 0.3359375000000001 0.48125 0.3359375000000001 0.48125 0.3937500000000001 0.5234375 0.3937500000000001
2 0.2046875 0.209375 0.16093750000000004 0.209375 0.16093750000000004 0.2640625 0.2046875 0.2640625
36 0.5578125 0.2765625000000001 0.5171875 0.2765625000000001 0.5171875 0.3312500000000001 0.5578125 0.3312500000000001
58 0.2171875000000001 0.396875 0.17343750000000005 0.396875 0.17343750000000005 0.453125 0.2171875000000001 0.453125
46 0.715625 0.3984375000000001 0.64375 0.3984375000000001 0.64375 0.4546875 0.715625 0.4546875
48 0.628125 0.2140625000000001 0.5859375 0.2140625000000001 0.5859375 0.27031250000000007 0.628125 0.27031250000000007
51 0.371875 0.27343750000000006 0.3296875 0.2734375 0.3296875 0.33125000000000004 0.371875 0.3312500000000001
14 0.546875 0.4609375 0.5046875 0.4609375 0.5046875 0.515625 0.546875 0.515625
41 0.18281250000000004 0.2703125 0.13750000000000004 0.2703125 0.13750000000000004 0.328125 0.18281250000000004 0.328125
52 0.13281250000000006 0.2703125 0.06406250000000002 0.2703125 0.06406250000000004 0.328125 0.13281250000000006 0.328125
53 0.465625 0.2750000000000001 0.4234375 0.2750000000000001 0.4234375 0.3312500000000001 0.465625 0.3312500000000001
30 0.925 0.15156250000000007 0.05468750000000002 0.1515625 0.05468750000000004 0.534375 0.925 0.5343750000000002
13 0.2656250000000001 0.459375 0.2218750000000001 0.459375 0.2218750000000001 0.515625 0.2656250000000001 0.515625
17 0.10781250000000005 0.20625 0.06562500000000002 0.20625 0.06562500000000002 0.2640625 0.10781250000000005 0.2640625
10 0.19218750000000004 0.3328125 0.15000000000000005 0.3328125 0.15000000000000005 0.390625 0.19218750000000004 0.390625
55 0.3609375000000001 0.3984375 0.31718750000000007 0.3984375 0.31718750000000007 0.453125 0.3609375000000001 0.453125
33 0.5015625 0.3984375000000001 0.4578125 0.3984375000000001 0.4578125 0.4546875 0.5015625 0.4546875
27 0.5125 0.2750000000000001 0.4703125 0.2750000000000001 0.4703125 0.3312500000000001 0.5125 0.3312500000000001
25 0.43125 0.3359375000000001 0.3890625 0.3359375000000001 0.38906250000000003 0.3937500000000001 0.43125 0.3937500000000001
59 0.41875 0.2750000000000001 0.3765625 0.2750000000000001 0.3765625 0.33281250000000007 0.41875 0.33281250000000007
4 0.3 0.209375 0.2578125 0.209375 0.2578125 0.265625 0.3 0.265625
31 0.56875 0.3375000000000001 0.528125 0.3375000000000001 0.528125 0.3937500000000001 0.56875 0.3937500000000001
56 0.2296875 0.2703125 0.18593750000000003 0.2703125 0.18593750000000003 0.3265625 0.2296875 0.3265625
19 0.28906250000000006 0.334375 0.2453125 0.334375 0.24531250000000004 0.3921875 0.2890625000000001 0.3921875
38 0.6046875 0.27812500000000007 0.5640625 0.27812500000000007 0.5640625 0.33281250000000007 0.6046875 0.33281250000000007
28 0.4765625 0.3375000000000001 0.4359375 0.3375000000000001 0.4359375 0.39531250000000007 0.4765625 0.39531250000000007
11 0.6734375 0.2156250000000001 0.6328125 0.2156250000000001 0.6328125 0.2718750000000001 0.6734375 0.2718750000000001
7 0.4421875 0.21250000000000008 0.4015625 0.21250000000000008 0.4015625 0.2687500000000001 0.4421875 0.2687500000000001
12 0.6625 0.3375000000000001 0.6203125 0.3375000000000001 0.6203125 0.3937500000000001 0.6625 0.3937500000000001
39 0.696875 0.27812500000000007 0.65625 0.27812500000000007 0.65625 0.33281250000000007 0.696875 0.33281250000000007
16 0.3140625000000001 0.396875 0.27031250000000007 0.396875 0.27031250000000007 0.453125 0.3140625000000001 0.453125
26 0.709375 0.3375000000000001 0.665625 0.3375000000000001 0.665625 0.3937500000000001 0.709375 0.3937500000000001
34 0.6390625 0.4 0.596875 0.4 0.596875 0.453125 0.6390625 0.453125
40 0.59375 0.4 0.55 0.4 0.55 0.453125 0.59375 0.453125
45 0.14531250000000004 0.3328125 0.06562500000000004 0.3328125 0.06562500000000004 0.390625 0.14531250000000004 0.390625
54 0.6515625 0.27812500000000007 0.609375 0.27812500000000007 0.609375 0.33281250000000007 0.6515625 0.33281250000000007
8 0.4890625 0.2140625000000001 0.446875 0.2140625000000001 0.446875 0.27031250000000007 0.4890625 0.27031250000000007
37 0.615625 0.3375000000000001 0.575 0.3375000000000001 0.575 0.3937500000000001 0.615625 0.3937500000000001
44 0.12031250000000004 0.3953125 0.06406250000000005 0.3953125 0.06406250000000005 0.453125 0.12031250000000004 0.453125
20 0.7546875 0.2156250000000001 0.6796875 0.2156250000000001 0.6796875 0.2734375000000001 0.7546875 0.2734375000000001
3 0.253125 0.209375 0.209375 0.209375 0.209375 0.265625 0.253125 0.265625
50 0.6828125 0.4609375 0.5984375 0.4609375 0.5984375 0.515625 0.6828125 0.515625
23 0.33593750000000006 0.3359375 0.29375 0.3359375 0.29375000000000007 0.3921875 0.3359375000000001 0.3921875
49 0.12031250000000004 0.459375 0.06250000000000007 0.459375 0.06250000000000007 0.5171875 0.12031250000000004 0.5171875
43 0.24062500000000003 0.334375 0.19687500000000005 0.334375 0.19687500000000005 0.390625 0.2406250000000001 0.390625
32 0.16875000000000004 0.3953125 0.12500000000000006 0.3953125 0.12500000000000006 0.453125 0.16875000000000004 0.453125
42 0.325 0.271875 0.28125 0.271875 0.28125 0.3296875 0.325 0.3296875
47 0.5 0.459375 0.2687500000000001 0.459375 0.2687500000000001 0.5171875 0.5 0.5171875
18 0.5453125 0.3984375000000001 0.5046875 0.3984375000000001 0.5046875 0.4546875 0.5453125 0.4546875
35 0.4546875 0.3984375000000001 0.4109375 0.3984375000000001 0.4109375 0.4546875 0.4546875 0.4546875
57 0.2656250000000001 0.396875 0.2218750000000001 0.396875 0.2218750000000001 0.453125 0.2656250000000001 0.453125
5 0.35 0.209375 0.30625 0.209375 0.30625 0.2671875 0.35 0.2671875
1 0.15625000000000006 0.2078125 0.11406250000000004 0.2078125 0.11406250000000004 0.2640625 0.15625000000000006 0.2640625
15 0.4078125 0.4 0.36406250000000007 0.4 0.36406250000000007 0.4546875 0.4078125 0.4546875