44 0.06875000000000007 0.609375 0.001562500000000075 0.609375 0.0015625000000000825 0.7375 0.06875000000000009 0.7375
58 0.18750000000000008 0.6 0.13437500000000008 0.6 0.13437500000000008 0.73125 0.18750000000000008 0.73125
30 1 0.001562500000000061 1.9135106236677395e-19 0.0015625 5.683126552293186e-17 0.9265625 1 0.9265625
33 0.5328125 0.58125 0.4828125 0.58125 0.4828125 0.7125 0.5328125 0.7125
22 0.8359375 0.2812500000000001 0.7734375 0.2812500000000001 0.7734375 0.5531250000000002 0.8359375 0.5531250000000002
53 0.4890625 0.2906250000000001 0.4390625 0.2906250000000001 0.4390625 0.421875 0.4890625 0.421875
38 0.6546875 0.28593750000000007 0.6046875 0.28593750000000007 0.6046875 0.4140625 0.6546875 0.4140625
4 0.2875 0.14843750000000006 0.2359375 0.14843750000000006 0.2359375 0.2765625 0.2875 0.2765625
43 0.2156250000000001 0.4484375 0.16250000000000003 0.4484375 0.16250000000000006 0.584375 0.2156250000000001 0.584375
34 0.7 0.5765625 0.65 0.5765625 0.65 0.7 0.7 0.7
7 0.4609375 0.14687500000000003 0.4109375 0.14687500000000003 0.4109375 0.27812500000000007 0.4609375 0.27812500000000007
19 0.2750000000000001 0.4421875 0.2234375000000001 0.4421875 0.2234375000000001 0.578125 0.2750000000000001 0.578125
50 0.7484375000000001 0.7171875000000001 0.6515625 0.7171875 0.6515625 0.8484375 0.7484375000000002 0.8484375
48 0.68125 0.14062500000000008 0.63125 0.14062500000000008 0.63125 0.2718750000000001 0.68125 0.2718750000000001
10 0.15781250000000008 0.45 0.10468750000000004 0.45 0.10468750000000007 0.58125 0.15781250000000008 0.58125
35 0.478125 0.5859375 0.428125 0.5859375 0.428125 0.7140625 0.478125 0.7140625
40 0.6421875 0.5796875 0.5953125 0.5796875 0.5953125 0.7046875 0.6421875 0.7046875
57 0.2453125000000001 0.590625 0.19531250000000008 0.590625 0.19531250000000008 0.7296875 0.2453125000000001 0.7296875
27 0.54375 0.2906250000000001 0.496875 0.2906250000000001 0.496875 0.41875 0.54375 0.41875
21 0.259375 0.2953125 0.20625 0.2953125 0.20625000000000004 0.43125 0.2593750000000001 0.43125
31 0.6125 0.43125 0.565625 0.43125 0.565625 0.5625 0.6125 0.5625
0 0.6265625 0.14218750000000008 0.5765625 0.14218750000000008 0.5765625 0.2734375000000001 0.6265625 0.2734375000000001
37 0.66875 0.428125 0.6203125 0.428125 0.6203125 0.559375 0.66875 0.559375
32 0.1296875000000001 0.6 0.07656250000000006 0.6 0.07656250000000007 0.7375 0.1296875000000001 0.7375
1 0.11406250000000002 0.1546875 0.059375000000000025 0.1546875 0.05937500000000003 0.2859375 0.11406250000000004 0.2859375
36 0.6 0.2875000000000001 0.55 0.2875000000000001 0.55 0.41875 0.6 0.41875
11 0.7375 0.1390625000000001 0.6875 0.1390625000000001 0.6875 0.2671875000000001 0.7375 0.2671875000000001
24 0.3906250000000001 0.4375 0.34062500000000007 0.4375 0.34062500000000007 0.571875 0.3906250000000001 0.571875
51 0.3765625 0.29218750000000004 0.325 0.2921875 0.32500000000000007 0.4234375 0.3765625000000001 0.4234375
6 0.403125 0.14687500000000003 0.3515625 0.14687500000000003 0.3515625 0.27812500000000007 0.403125 0.27812500000000007
9 0.571875 0.14531250000000007 0.521875 0.14531250000000004 0.521875 0.2765625000000001 0.571875 0.2765625000000001
25 0.4484375 0.4375 0.3984375000000001 0.4375 0.3984375000000001 0.56875 0.4484375 0.56875
14 0.5890625 0.725 0.540625 0.725 0.5406250000000001 0.85 0.5890625000000002 0.85
12 0.725 0.428125 0.6765625 0.428125 0.6765625 0.55625 0.725 0.55625
2 0.17187500000000003 0.1546875 0.11875 0.1546875 0.11875000000000002 0.2828125 0.17187500000000006 0.2828125
55 0.3625000000000001 0.5890625 0.3125000000000001 0.5890625 0.3125000000000001 0.7203125 0.3625000000000001 0.7203125
52 0.08437500000000005 0.3046875 0.0031250000000000375 0.3046875 0.0031250000000000453 0.4359375 0.08437500000000005 0.4359375
42 0.31875000000000003 0.29375 0.265625 0.29375 0.26562500000000006 0.4296875 0.3187500000000001 0.4296875
45 0.09843750000000005 0.45 0.0031250000000000557 0.45 0.003125000000000064 0.584375 0.09843750000000007 0.584375
49 0.0703125000000001 0.753125 0.0015625000000000922 0.753125 0.0015625000000001014 0.9 0.07031250000000011 0.9
18 0.5875 0.5796875 0.540625 0.5796875 0.540625 0.7078125 0.5875 0.7078125
16 0.3062500000000001 0.5890625 0.2531250000000001 0.5890625 0.2531250000000001 0.7265625 0.3062500000000001 0.7265625
47 0.5343750000000002 0.7296875 0.2531250000000001 0.7296875 0.2531250000000001 0.8734375 0.5343750000000002 0.8734375
13 0.2453125000000001 0.74375 0.1921875000000001 0.74375 0.1921875000000001 0.88125 0.2453125000000001 0.88125
41 0.14375000000000004 0.3015625 0.08750000000000005 0.3015625 0.08750000000000005 0.4296875 0.14375000000000004 0.4296875
23 0.33281250000000007 0.4421875 0.2828125000000001 0.4421875 0.2828125000000001 0.5734375 0.33281250000000007 0.5734375
17 0.05312500000000003 0.1625 0.0031250000000000193 0.1625 0.003125000000000027 0.2859375 0.05312500000000005 0.2859375
28 0.5015625 0.4359375 0.4546875 0.4359375 0.4546875 0.5640625 0.5015625 0.5640625
26 0.78125 0.4265625000000002 0.73125 0.4265625000000002 0.73125 0.5546875000000002 0.78125 0.5546875000000002
54 0.7109375 0.2843750000000001 0.6609375 0.2843750000000001 0.6609375 0.415625 0.7109375 0.415625
5 0.346875 0.14687500000000003 0.29375 0.14687500000000003 0.29375 0.278125 0.346875 0.278125
46 0.790625 0.5687500000000001 0.70625 0.56875 0.70625 0.7000000000000001 0.790625 0.7000000000000002
29 0.5578125 0.434375 0.5109375 0.434375 0.5109375 0.565625 0.5578125 0.565625
8 0.515625 0.14687500000000003 0.465625 0.14687500000000003 0.465625 0.27812500000000007 0.515625 0.27812500000000007
56 0.20156250000000003 0.2984375 0.14843750000000006 0.2984375 0.14843750000000006 0.4296875 0.2015625000000001 0.4296875
39 0.765625 0.2812500000000001 0.715625 0.2812500000000001 0.715625 0.4125000000000001 0.765625 0.4125000000000002
59 0.4328125 0.2906250000000001 0.3828125 0.2906250000000001 0.38281250000000006 0.425 0.4328125 0.425
3 0.2296875 0.15000000000000002 0.1765625 0.15 0.1765625 0.28125 0.2296875 0.28125
20 0.8328125 0.1359375000000001 0.74375 0.1359375000000001 0.74375 0.2671875000000001 0.8328125 0.2671875000000001
15 0.4203125 0.5875 0.3687500000000001 0.5875 0.3687500000000001 0.715625 0.4203125 0.715625