5 0.525 0.30937500000000007 0.490625 0.30937500000000007 0.490625 0.3734375000000001 0.525 0.3734375000000001
41 0.3937500000000001 0.37968750000000007 0.3593750000000001 0.3796875 0.3593750000000001 0.4484375 0.3937500000000001 0.4484375
15 0.5734375 0.53125 0.5390625 0.53125 0.5390625 0.6 0.5734375 0.6
10 0.4015625 0.45625 0.3687500000000001 0.45625 0.3687500000000001 0.525 0.4015625 0.525
12 0.78125 0.4593750000000002 0.7484375 0.4593750000000002 0.7484375 0.5281250000000002 0.78125 0.5281250000000002
39 0.8078125 0.3843750000000001 0.7734375 0.3843750000000001 0.7734375 0.4515625000000002 0.8078125 0.4515625000000002
50 0.7640625 0.6109375000000001 0.7296875 0.6109375000000001 0.7296875 0.6953125000000002 0.7640625 0.6953125000000002
49 0.3437500000000001 0.6078125 0.30937500000000007 0.6078125 0.30937500000000007 0.6921875 0.3437500000000001 0.6921875
3 0.45 0.3062500000000001 0.415625 0.3062500000000001 0.415625 0.3750000000000001 0.45 0.3750000000000001
56 0.43125 0.37968750000000007 0.3968750000000001 0.37968750000000007 0.3968750000000001 0.4484375 0.43125 0.4484375
53 0.6203125 0.3812500000000001 0.5859375 0.3812500000000001 0.5859375 0.45 0.6203125 0.45
45 0.3656250000000001 0.4578125 0.3125000000000001 0.4578125 0.3125000000000001 0.5234375 0.3656250000000001 0.5234375
25 0.5921875 0.45625 0.5578125 0.45625 0.5578125 0.525 0.5921875 0.525
11 0.7875 0.3109375000000001 0.75625 0.3109375000000001 0.75625 0.3750000000000001 0.7875 0.3750000000000001
48 0.7515625 0.30937500000000007 0.71875 0.30937500000000007 0.71875 0.3750000000000001 0.7515625 0.3750000000000001
30 0.865625 0.23906250000000004 0.303125 0.2390625 0.30312500000000003 0.7234375000000001 0.865625 0.7234375000000002
27 0.6578125 0.3828125000000001 0.625 0.3828125000000001 0.625 0.4484375 0.6578125 0.4484375
6 0.5640625 0.3078125000000001 0.5296875 0.3078125000000001 0.5296875 0.3734375000000001 0.5640625 0.3734375000000001
17 0.33906250000000004 0.30625 0.315625 0.30625 0.31562500000000004 0.375 0.3390625000000001 0.375
18 0.6875 0.5328125 0.653125 0.5328125 0.653125 0.6015625 0.6875 0.6015625
34 0.7625 0.5359375000000002 0.7296875 0.5359375000000002 0.7296875 0.6000000000000002 0.7625 0.6000000000000002
55 0.534375 0.5296875 0.5 0.5296875 0.5 0.6 0.534375 0.6
43 0.4390625 0.45625 0.40625 0.45625 0.40625 0.525 0.4390625 0.525
31 0.7046875 0.4578125 0.671875 0.4578125 0.671875 0.525 0.7046875 0.525
7 0.6015625 0.3078125000000001 0.5671875 0.3078125000000001 0.5671875 0.3734375000000001 0.6015625 0.3734375000000001
20 0.8515625 0.3125000000000001 0.7921875 0.3125000000000001 0.7921875 0.3765625000000001 0.8515625 0.3765625000000001
4 0.4859375 0.3078125000000001 0.453125 0.3078125000000001 0.453125 0.3750000000000001 0.4859375 0.3750000000000001
46 0.8546875 0.5343750000000002 0.7671875 0.5343750000000002 0.7671875 0.6000000000000002 0.8546875 0.6000000000000002
33 0.65 0.5328125 0.615625 0.5328125 0.615625 0.6015625 0.65 0.6015625
14 0.6890625 0.6109375 0.6546875 0.6109375 0.6546875 0.6953125 0.6890625 0.6953125
51 0.54375 0.37968750000000007 0.5109375 0.37968750000000007 0.5109375 0.4484375 0.54375 0.4484375
23 0.515625 0.45625 0.4828125 0.45625 0.4828125 0.5234375 0.515625 0.5234375
19 0.4765625 0.4546875 0.44375 0.4546875 0.44375 0.525 0.4765625 0.525
40 0.725 0.534375 0.690625 0.534375 0.690625 0.6 0.725 0.6
0 0.7140625 0.30937500000000007 0.68125 0.30937500000000007 0.68125 0.3750000000000001 0.7140625 0.3750000000000001
29 0.66875 0.45625 0.634375 0.45625 0.634375 0.525 0.66875 0.525
2 0.4125 0.3078125000000001 0.378125 0.3078125000000001 0.37812500000000004 0.3734375000000001 0.4125 0.3734375000000001
42 0.50625 0.3812500000000001 0.471875 0.3812500000000001 0.471875 0.4484375 0.50625 0.4484375
22 0.8546875 0.38750000000000007 0.8140625 0.38750000000000007 0.8140625 0.5296875000000002 0.8546875 0.5296875000000002
54 0.7703125 0.3843750000000001 0.7375 0.3843750000000001 0.7375 0.4500000000000002 0.7703125 0.4500000000000002
26 0.81875 0.4593750000000002 0.7859375 0.4593750000000002 0.7859375 0.5265625000000002 0.81875 0.5265625000000002
28 0.6296875 0.45625 0.596875 0.45625 0.596875 0.525 0.6296875 0.525
13 0.4578125 0.6078125 0.4234375 0.6078125 0.4234375 0.6953125 0.4578125 0.6953125
9 0.6765625 0.30937500000000007 0.64375 0.30937500000000007 0.64375 0.3750000000000001 0.6765625 0.3750000000000001
44 0.3437500000000001 0.5328125 0.3125000000000001 0.5328125 0.3125000000000001 0.5984375 0.3437500000000001 0.5984375
37 0.74375 0.45781250000000007 0.7109375 0.4578125 0.7109375 0.5250000000000001 0.74375 0.5250000000000001
8 0.6390625 0.3078125000000001 0.6046875 0.3078125000000001 0.6046875 0.3734375000000001 0.6390625 0.3734375000000001
21 0.46875 0.37968750000000007 0.4359375 0.37968750000000007 0.4359375 0.4484375 0.46875 0.4484375
47 0.65 0.6109375 0.4625 0.6109375 0.4625 0.6953125 0.65 0.6953125
57 0.4578125 0.53125 0.425 0.53125 0.425 0.5984375 0.4578125 0.5984375
35 0.6109375 0.53125 0.5765625 0.53125 0.5765625 0.6015625 0.6109375 0.6015625
58 0.4203125 0.53125 0.38750000000000007 0.53125 0.38750000000000007 0.5984375 0.4203125 0.5984375
32 0.3828125000000001 0.5328125 0.34843750000000007 0.5328125 0.34843750000000007 0.5984375 0.3828125000000001 0.5984375
36 0.6953125 0.3812500000000001 0.6625 0.3812500000000001 0.6625 0.4484375 0.6953125 0.4484375
24 0.553125 0.4546875 0.51875 0.4546875 0.51875 0.5234375 0.553125 0.5234375
16 0.496875 0.5296875 0.4625 0.5296875 0.4625 0.6 0.496875 0.6
38 0.7328125 0.3843750000000001 0.7015625 0.3843750000000001 0.7015625 0.4484375000000001 0.7328125 0.44843750000000016
1 0.37500000000000006 0.30625 0.34375 0.30625 0.34375000000000006 0.37343750000000003 0.3750000000000001 0.3734375000000001
52 0.35625000000000007 0.3828125 0.3140625000000001 0.3828125 0.3140625000000001 0.4484375 0.35625000000000007 0.4484375
59 0.5828125 0.3812500000000001 0.5484375 0.3812500000000001 0.5484375 0.4484375 0.5828125 0.4484375