5 0.4921875 0.2984375000000001 0.4609375 0.2984375000000001 0.4609375 0.3593750000000001 0.4921875 0.3593750000000001
41 0.3687500000000001 0.36562500000000003 0.3343750000000001 0.365625 0.3343750000000001 0.4296875 0.3687500000000001 0.4296875
15 0.5375 0.509375 0.5046875 0.509375 0.5046875 0.5734375 0.5375 0.5734375
10 0.3765625000000001 0.4375 0.3453125000000001 0.4375 0.3453125000000001 0.503125 0.3765625000000001 0.503125
12 0.734375 0.4406250000000001 0.703125 0.440625 0.703125 0.5062500000000001 0.734375 0.5062500000000002
39 0.759375 0.3703125000000001 0.728125 0.3703125000000001 0.728125 0.43281250000000016 0.759375 0.43281250000000016
50 0.71875 0.584375 0.6859375 0.584375 0.6859375 0.6640625 0.71875 0.6640625
49 0.3218750000000001 0.5828125 0.2875000000000001 0.5828125 0.2875000000000001 0.6625 0.3218750000000001 0.6625
3 0.421875 0.2953125000000001 0.3890625 0.2953125000000001 0.3890625 0.3609375000000001 0.421875 0.3609375000000001
56 0.403125 0.3656250000000001 0.3703125000000001 0.3656250000000001 0.3703125000000001 0.4296875 0.403125 0.4296875
53 0.5828125 0.3671875000000001 0.55 0.3671875000000001 0.55 0.43125 0.5828125 0.43125
45 0.34062500000000007 0.4390625 0.2906250000000001 0.4390625 0.2906250000000001 0.5015625 0.34062500000000007 0.5015625
25 0.55625 0.4375 0.5234375 0.4375 0.5234375 0.503125 0.55625 0.503125
11 0.740625 0.3000000000000001 0.7109375 0.3000000000000001 0.7109375 0.3609375000000001 0.740625 0.3609375000000001
48 0.7078125 0.2984375000000001 0.6765625 0.2984375000000001 0.6765625 0.3609375000000001 0.7078125 0.3609375000000001
30 0.815625 0.23125000000000004 0.28125 0.23125 0.28125000000000006 0.690625 0.815625 0.6906250000000002
27 0.61875 0.3687500000000001 0.5875 0.3687500000000001 0.5875 0.4296875 0.61875 0.4296875
6 0.5296875 0.2968750000000001 0.496875 0.2968750000000001 0.496875 0.3593750000000001 0.5296875 0.3593750000000001
17 0.315625 0.2953125 0.29375 0.2953125 0.29375 0.3609375 0.315625 0.3609375
18 0.6453125 0.5109375 0.6140625 0.5109375 0.6140625 0.575 0.6453125 0.575
34 0.7171875 0.5140625 0.6859375 0.5140625 0.6859375 0.5734375 0.7171875 0.5734375
55 0.5015625 0.5078125 0.46875 0.5078125 0.46875 0.575 0.5015625 0.575
43 0.4109375 0.4375 0.37968750000000007 0.4375 0.37968750000000007 0.503125 0.4109375 0.503125
31 0.6640625 0.4390625 0.6328125 0.4390625 0.6328125 0.503125 0.6640625 0.503125
7 0.5640625 0.2968750000000001 0.53125 0.2968750000000001 0.53125 0.3593750000000001 0.5640625 0.3593750000000001
20 0.803125 0.30156250000000007 0.7453125 0.30156250000000007 0.7453125 0.3625000000000001 0.803125 0.3625000000000001
4 0.45625 0.2968750000000001 0.425 0.2968750000000001 0.425 0.3609375000000001 0.45625 0.3609375000000001
46 0.8046875 0.5125000000000001 0.721875 0.5125 0.721875 0.5734375 0.8046875 0.5734375000000002
33 0.6109375 0.5109375 0.578125 0.5109375 0.578125 0.575 0.6109375 0.575
14 0.646875 0.584375 0.6140625 0.584375 0.6140625 0.6640625 0.646875 0.6640625
51 0.509375 0.3656250000000001 0.478125 0.3656250000000001 0.478125 0.4296875 0.509375 0.4296875
23 0.4828125 0.4375 0.4515625 0.4375 0.4515625 0.5015625 0.4828125 0.5015625
19 0.446875 0.4359375 0.415625 0.4359375 0.415625 0.503125 0.446875 0.503125
40 0.68125 0.5125 0.65 0.5125 0.65 0.5734375 0.68125 0.5734375
0 0.671875 0.2984375000000001 0.640625 0.2984375000000001 0.640625 0.3609375000000001 0.671875 0.3609375000000001
29 0.628125 0.4375 0.5953125 0.4375 0.5953125 0.503125 0.628125 0.503125
2 0.3859375 0.29687500000000006 0.353125 0.296875 0.353125 0.35937500000000006 0.3859375 0.3593750000000001
42 0.475 0.3671875000000001 0.4421875 0.3671875000000001 0.4421875 0.4296875 0.475 0.4296875
22 0.8046875 0.3734375000000001 0.765625 0.3734375000000001 0.765625 0.5078125000000002 0.8046875 0.5078125000000002
54 0.725 0.3703125000000001 0.69375 0.3703125000000001 0.69375 0.43125 0.725 0.43125
26 0.7703125 0.44062500000000016 0.7390625 0.44062500000000016 0.7390625 0.5046875000000002 0.7703125 0.5046875000000002
28 0.590625 0.4375 0.559375 0.4375 0.559375 0.503125 0.590625 0.503125
13 0.428125 0.5828125 0.39531250000000007 0.5828125 0.39531250000000007 0.6640625 0.428125 0.6640625
9 0.6359375 0.2984375000000001 0.6046875 0.2984375000000001 0.6046875 0.3609375000000001 0.6359375 0.3609375000000001
44 0.3203125000000001 0.5109375 0.2906250000000001 0.5109375 0.2906250000000001 0.571875 0.3203125000000001 0.571875
37 0.7 0.4390625 0.66875 0.4390625 0.66875 0.503125 0.7 0.503125
8 0.6015625 0.2968750000000001 0.56875 0.2968750000000001 0.56875 0.3593750000000001 0.6015625 0.3593750000000001
21 0.4390625 0.3656250000000001 0.4078125 0.3656250000000001 0.4078125 0.4296875 0.4390625 0.4296875
47 0.609375 0.584375 0.4328125 0.584375 0.4328125 0.6640625 0.609375 0.6640625
57 0.428125 0.509375 0.3968750000000001 0.509375 0.3968750000000001 0.5734375 0.428125 0.5734375
35 0.575 0.509375 0.540625 0.509375 0.540625 0.575 0.575 0.575
58 0.3921875000000001 0.509375 0.3609375000000001 0.509375 0.3609375000000001 0.5734375 0.3921875000000001 0.5734375
32 0.3578125000000001 0.5109375 0.32500000000000007 0.5109375 0.32500000000000007 0.571875 0.3578125000000001 0.571875
36 0.6546875 0.3671875000000001 0.6234375 0.3671875000000001 0.6234375 0.4296875 0.6546875 0.4296875
24 0.51875 0.4359375 0.4875 0.4359375 0.4875 0.5015625 0.51875 0.5015625
16 0.465625 0.5078125 0.43125 0.5078125 0.43125 0.575 0.465625 0.575
38 0.6890625 0.3703125000000001 0.659375 0.3703125000000001 0.659375 0.4296875 0.6890625 0.4296875
1 0.35 0.2953125 0.3203125 0.2953125 0.3203125 0.359375 0.35 0.359375
52 0.3312500000000001 0.36875 0.2921875000000001 0.36875 0.2921875000000001 0.4296875 0.3312500000000001 0.4296875
59 0.546875 0.3671875000000001 0.5140625 0.3671875000000001 0.5140625 0.4296875 0.546875 0.4296875