25 0.4453125 0.4765625 0.3125000000000001 0.4765625 0.3125000000000001 0.5421875 0.4453125 0.5421875
34 0.303125 0.16406250000000003 0.175 0.1640625 0.17500000000000002 0.2265625 0.303125 0.2265625
14 0.16718750000000004 0.23125 0.029687500000000033 0.23125 0.029687500000000033 0.315625 0.16718750000000004 0.315625
58 0.3000000000000001 0.7921875 0.17187500000000008 0.7921875 0.17187500000000008 0.85625 0.3000000000000001 0.85625
1 0.7234375000000002 0.8875 0.5906250000000002 0.8875 0.5906250000000002 0.9484375 0.7234375000000002 0.9484375
11 0.7234375 0.10937500000000008 0.590625 0.10937500000000008 0.590625 0.1703125000000001 0.7234375 0.1703125000000001
26 0.4453125 0.057812500000000044 0.3171875 0.057812500000000044 0.3171875 0.12031250000000004 0.4453125 0.12031250000000004
4 0.7234375000000001 0.675 0.590625 0.675 0.5906250000000001 0.7359375 0.7234375000000002 0.7359375
28 0.4453125 0.409375 0.3125000000000001 0.409375 0.3125000000000001 0.471875 0.4453125 0.471875
20 0.721875 8.055879725641184e-17 0.59375 7.271340369937409e-17 0.59375 0.10000000000000009 0.721875 0.10000000000000009
50 0.1625 1.1481063742006436e-17 0.025 3.061616997868383e-18 0.025000000000000005 0.05000000000000001 0.1625 0.050000000000000024
27 0.5859375 0.3546875000000001 0.453125 0.3546875000000001 0.453125 0.421875 0.5859375 0.421875
44 0.3000000000000001 0.928125 0.17187500000000014 0.928125 0.17187500000000014 1 0.3000000000000001 1
22 0.5859375 5.501343043044751e-17 0.3125 3.827021247335479e-17 0.3125 0.06718750000000005 0.5859375 0.06718750000000007
51 0.5859375 0.565625 0.453125 0.565625 0.453125 0.63125 0.5859375 0.63125
7 0.7265625 0.4625000000000001 0.5890625 0.4625 0.5890625 0.5218750000000001 0.7265625 0.5218750000000002
57 0.3031250000000001 0.721875 0.1750000000000001 0.721875 0.1750000000000001 0.7875 0.3031250000000001 0.7875
38 0.5859375 0.2156250000000001 0.4578125 0.2156250000000001 0.4578125 0.27812500000000007 0.5859375 0.27812500000000007
36 0.5859375 0.2843750000000001 0.453125 0.2843750000000001 0.453125 0.3500000000000001 0.5859375 0.3500000000000001
39 0.5765625 0.07187500000000005 0.4484375 0.07187500000000005 0.4484375 0.13437500000000008 0.5765625 0.13437500000000008
12 0.4453125 0.12968750000000004 0.3171875 0.12968750000000004 0.3171875 0.19218750000000004 0.4453125 0.19218750000000004
8 0.7265625 0.3921875000000001 0.5890625 0.3921875000000001 0.5890625 0.4546875000000001 0.7265625 0.4546875000000002
23 0.4453125 0.6171875 0.3125000000000001 0.6171875 0.3125000000000001 0.6828125 0.4453125 0.6828125
33 0.3031250000000001 0.371875 0.17500000000000004 0.371875 0.17500000000000004 0.4390625 0.3031250000000001 0.4390625
37 0.4453125 0.19843750000000004 0.3171875 0.19843750000000004 0.3171875 0.26093750000000004 0.4453125 0.2609375000000001
30 0.753125 4.6689659217492845e-17 0.009375 1.1481063742006436e-18 0.00937500000000006 1 0.7531250000000002 1
49 0.16250000000000014 0.9296875 0.025000000000000112 0.9296875 0.025000000000000116 1 0.16250000000000014 1
21 0.5859375000000001 0.70625 0.453125 0.70625 0.4531250000000001 0.771875 0.5859375000000002 0.771875
16 0.3031250000000001 0.653125 0.1750000000000001 0.653125 0.1750000000000001 0.71875 0.3031250000000001 0.71875
13 0.1671875000000001 0.759375 0.034375000000000086 0.759375 0.03437500000000009 0.840625 0.1671875000000001 0.840625
42 0.5859375 0.6359375 0.453125 0.6359375 0.453125 0.703125 0.5859375 0.703125
52 0.5859375000000002 0.9203125 0.4500000000000002 0.9203125 0.4500000000000002 1 0.5859375000000002 1
48 0.7234375 0.17968750000000008 0.5859375 0.17968750000000008 0.5859375 0.24218750000000008 0.7234375 0.24218750000000008
9 0.7265625 0.3203125000000001 0.5890625 0.3203125000000001 0.5890625 0.3828125000000001 0.7265625 0.3828125000000001
18 0.30312500000000003 0.303125 0.17500000000000004 0.303125 0.17500000000000004 0.3703125 0.3031250000000001 0.3703125
24 0.4453125 0.5484375 0.3125000000000001 0.5484375 0.3125000000000001 0.6140625 0.4453125 0.6140625
54 0.5828125 0.14687500000000006 0.4578125 0.14687500000000003 0.4578125 0.2093750000000001 0.5828125 0.2093750000000001
10 0.44531250000000017 0.8296875 0.3125000000000001 0.8296875 0.3125000000000001 0.89375 0.44531250000000017 0.89375
43 0.44531250000000017 0.759375 0.3125000000000001 0.759375 0.3125000000000001 0.821875 0.44531250000000017 0.821875
15 0.3031250000000001 0.5109375 0.17500000000000004 0.5109375 0.17500000000000007 0.578125 0.3031250000000001 0.578125
3 0.7265625000000002 0.7437500000000001 0.5890625000000002 0.74375 0.5890625000000002 0.8078125 0.7265625000000002 0.8078125
5 0.7265625 0.6031250000000001 0.5890625 0.603125 0.5890625 0.6640625000000001 0.7265625 0.6640625000000002
2 0.7140625000000002 0.815625 0.5890625000000002 0.815625 0.5890625000000002 0.8765625 0.7140625000000002 0.8765625
31 0.4453125 0.2671875 0.3125 0.2671875 0.3125 0.33281250000000007 0.4453125 0.33281250000000007
35 0.3031250000000001 0.4421875 0.17500000000000004 0.4421875 0.17500000000000004 0.509375 0.3031250000000001 0.509375
19 0.4453125000000001 0.6875 0.3125000000000001 0.6875 0.3125000000000001 0.753125 0.44531250000000017 0.753125
17 0.7234375000000002 0.95625 0.5906250000000002 0.95625 0.5906250000000002 1 0.7234375000000002 1
55 0.3031250000000001 0.5828125 0.1750000000000001 0.5828125 0.1750000000000001 0.6484375 0.3031250000000001 0.6484375
56 0.5859375000000002 0.7765625 0.45312500000000017 0.7765625 0.45312500000000017 0.8421875 0.5859375000000002 0.8421875
41 0.5859375000000002 0.8484375 0.44843750000000016 0.8484375 0.44843750000000016 0.9140625 0.5859375000000002 0.9140625
47 0.16718750000000007 0.3171875 0.039062500000000035 0.3171875 0.03906250000000006 0.75625 0.1671875000000001 0.75625
45 0.44062500000000016 0.9015625 0.3125000000000001 0.9015625 0.3125000000000001 1 0.44062500000000016 1
59 0.5859375 0.4953125 0.453125 0.4953125 0.453125 0.5609375 0.5859375 0.5609375
40 0.3046875 0.2328125 0.17968750000000006 0.2328125 0.17968750000000006 0.2984375 0.3046875 0.2984375
6 0.7265625 0.5328125000000001 0.5890625 0.5328125 0.5890625 0.5937500000000001 0.7265625 0.5937500000000002
29 0.4453125 0.3375 0.3125 0.3375 0.31250000000000006 0.403125 0.4453125 0.403125
32 0.3000000000000001 0.8609375 0.17187500000000008 0.8609375 0.1718750000000001 0.9265625 0.3000000000000001 0.9265625
53 0.5859375 0.425 0.453125 0.425 0.453125 0.4921875 0.5859375 0.4921875
46 0.303125 2.9276712542116413e-17 0.175 2.143131898507868e-17 0.175 0.15625000000000003 0.303125 0.15625000000000006
0 0.7265625 0.2500000000000001 0.5890625 0.2500000000000001 0.5890625 0.3125000000000001 0.7265625 0.3125000000000001