11 0.8140625 0.6234375000000002 0.75 0.6234375000000002 0.75 0.6671875000000002 0.8140625 0.6671875000000002
28 0.6703125 0.4109375 0.6015625 0.4109375 0.6015625 0.45625 0.6703125 0.45625
30 0.8953125 8.055879725641184e-17 0.4203125 5.147343577666219e-17 0.4203125000000001 0.9484375 0.8953125 0.9484375
39 0.7421875 0.6484375000000001 0.6734375 0.6484375 0.6734375 0.6921875000000001 0.7421875 0.6921875000000002
0 0.815625 0.5250000000000001 0.75 0.5250000000000001 0.75 0.5687500000000002 0.815625 0.5687500000000002
32 0.596875 0.07343750000000007 0.525 0.07343750000000007 0.525 0.12187500000000007 0.596875 0.1218750000000001
25 0.6703125 0.3609375000000001 0.6015625 0.3609375000000001 0.6015625 0.40625 0.6703125 0.40625
20 0.8140625 0.6734375000000001 0.7484375 0.6734375000000001 0.7484375000000001 0.7515625000000001 0.8140625 0.7515625000000001
45 0.671875 0.00937500000000008 0.603125 0.009375000000000074 0.603125 0.09843750000000008 0.671875 0.0984375000000001
31 0.66875 0.5109375 0.6 0.5109375 0.6 0.55625 0.66875 0.55625
3 0.821875 0.1703125000000001 0.75625 0.1703125000000001 0.75625 0.2156250000000001 0.821875 0.2156250000000001
9 0.815625 0.4734375000000002 0.75 0.4734375000000002 0.75 0.5187500000000002 0.815625 0.5187500000000002
35 0.59375 0.3843750000000001 0.525 0.3843750000000001 0.525 0.43125 0.59375 0.43125
16 0.596875 0.2312500000000001 0.525 0.2312500000000001 0.525 0.27812500000000007 0.596875 0.27812500000000007
29 0.66875 0.4609375 0.6 0.4609375 0.6 0.5078125 0.66875 0.5078125
13 0.515625 0.17812500000000003 0.44375 0.17812500000000003 0.44375 0.2250000000000001 0.515625 0.2250000000000001
8 0.8171875 0.42500000000000016 0.7515625 0.42500000000000016 0.7515625 0.46875000000000017 0.8171875 0.46875000000000017
43 0.6703125 0.1546875000000001 0.6015625 0.1546875000000001 0.6015625 0.2015625000000001 0.6703125 0.2015625000000001
4 0.8203125 0.2218750000000001 0.75625 0.2218750000000001 0.75625 0.2671875000000001 0.8203125 0.2671875000000001
54 0.7421875 0.6000000000000001 0.6765625 0.6 0.6765625 0.64375 0.7421875 0.6437500000000002
48 0.815625 0.5734375000000002 0.75 0.5734375000000002 0.75 0.6171875000000002 0.815625 0.6171875000000002
18 0.59375 0.4875 0.525 0.4875 0.525 0.5328125 0.59375 0.5328125
26 0.6671875 0.6609375 0.5984375 0.6609375 0.5984375 0.7078125 0.6671875 0.7078125
37 0.6671875 0.5625 0.6015625 0.5625 0.6015625 0.60625 0.6671875 0.60625
33 0.59375 0.4359375 0.521875 0.4359375 0.521875 0.4828125 0.59375 0.4828125
47 0.51875 0.2296875000000001 0.446875 0.2296875000000001 0.446875 0.4828125 0.51875 0.4828125
7 0.8171875 0.3734375000000001 0.7515625 0.3734375000000001 0.7515625 0.4187500000000002 0.8171875 0.4187500000000002
41 0.7484375 0.0906250000000001 0.6796875 0.0906250000000001 0.6796875 0.1390625000000001 0.7484375 0.1390625000000001
27 0.74375 0.45000000000000007 0.678125 0.45 0.678125 0.4937500000000001 0.74375 0.4937500000000002
15 0.59375 0.3343750000000001 0.525 0.3343750000000001 0.525 0.3812500000000001 0.59375 0.3812500000000001
53 0.7453125 0.3984375000000001 0.6765625 0.3984375000000001 0.6765625 0.4453125000000001 0.7453125 0.44531250000000017
42 0.7453125 0.2468750000000001 0.6796875 0.2468750000000001 0.6796875 0.2921875000000001 0.7453125 0.2921875000000001
23 0.6703125 0.2593750000000001 0.6015625 0.2593750000000001 0.6015625 0.3046875000000001 0.6703125 0.3046875000000001
52 0.75 0.010937500000000088 0.678125 0.010937500000000083 0.678125 0.08593750000000008 0.75 0.08593750000000008
58 0.59375 0.12656250000000008 0.525 0.12656250000000005 0.525 0.17343750000000008 0.59375 0.17343750000000008
46 0.5921875 0.6390625 0.5234375 0.6390625 0.5234375 0.7171875 0.5921875 0.7171875
6 0.81875 0.3234375000000001 0.7546875 0.3234375000000001 0.7546875 0.3687500000000001 0.81875 0.3687500000000001
56 0.7484375 0.14218750000000008 0.6796875 0.14218750000000008 0.6796875 0.18906250000000008 0.7484375 0.18906250000000008
1 0.825 0.0671875000000001 0.75625 0.0671875000000001 0.75625 0.1140625000000001 0.825 0.1140625000000001
12 0.66875 0.6125 0.6 0.6125 0.6 0.6578125 0.66875 0.6578125
44 0.5953125 0.006250000000000068 0.5234375 0.006250000000000064 0.5234375 0.06875000000000006 0.5953125 0.06875000000000006
10 0.671875 0.10156250000000008 0.603125 0.10156250000000008 0.603125 0.14843750000000008 0.671875 0.14843750000000008
55 0.59375 0.2828125000000001 0.521875 0.2828125000000001 0.521875 0.3296875000000001 0.59375 0.3296875000000001
2 0.8234375 0.12031250000000009 0.7546875 0.12031250000000009 0.7546875 0.16562500000000008 0.8234375 0.16562500000000008
5 0.81875 0.2734375000000001 0.7546875 0.2734375000000001 0.7546875 0.3187500000000001 0.81875 0.3187500000000001
40 0.5921875 0.5375 0.5234375 0.5375 0.5234375 0.5828125 0.5921875 0.5828125
51 0.7453125 0.2968750000000001 0.6796875 0.2968750000000001 0.6796875 0.3421875000000001 0.7453125 0.3421875000000001
38 0.7421875 0.55 0.6765625 0.55 0.6765625 0.5937500000000001 0.7421875 0.5937500000000002
17 0.825 0.014062500000000097 0.75625 0.014062500000000094 0.75625 0.0609375000000001 0.825 0.06093750000000011
50 0.515625 0.5890625 0.44375 0.5890625 0.44375 0.678125 0.515625 0.678125
36 0.74375 0.5000000000000001 0.675 0.5 0.675 0.5437500000000001 0.74375 0.5437500000000002
57 0.5953125 0.17968750000000006 0.5265625 0.17968750000000006 0.5265625 0.22656250000000008 0.5953125 0.22656250000000008
59 0.7453125 0.34843750000000007 0.6765625 0.34843750000000007 0.6765625 0.3937500000000001 0.7453125 0.3937500000000001
21 0.746875 0.19531250000000008 0.678125 0.19531250000000008 0.678125 0.2406250000000001 0.746875 0.2406250000000001
49 0.5171875 0.003125000000000059 0.4453125 0.003125000000000054 0.4453125 0.06718750000000005 0.5171875 0.06718750000000007
24 0.6703125 0.30937500000000007 0.6015625 0.30937500000000007 0.6015625 0.3546875000000001 0.6703125 0.3546875000000001
34 0.590625 0.5859375 0.525 0.5859375 0.525 0.6328125 0.590625 0.6328125
19 0.6703125 0.2062500000000001 0.6015625 0.2062500000000001 0.6015625 0.2531250000000001 0.6703125 0.2531250000000001
14 0.515625 0.4875 0.446875 0.4875 0.446875 0.534375 0.515625 0.534375
22 0.7421875000000001 0.6984375 0.5984375 0.6984375 0.5984375000000001 0.7546875000000001 0.7421875000000002 0.7546875000000002