2 0.2453125 0.2171875 0.2046875 0.2171875 0.2046875 0.2640625 0.2453125 0.2640625
0 0.6 0.2171875000000001 0.559375 0.2171875000000001 0.559375 0.2640625000000001 0.6 0.2640625000000001
56 0.2640625 0.271875 0.2234375 0.271875 0.2234375 0.31875 0.2640625 0.31875
9 0.55625 0.22031250000000008 0.515625 0.22031250000000008 0.515625 0.2671875000000001 0.55625 0.2671875000000001
35 0.478125 0.3812500000000001 0.4359375 0.3812500000000001 0.4359375 0.43125 0.478125 0.43125
19 0.31718750000000007 0.325 0.2765625 0.325 0.27656250000000004 0.3765625 0.31718750000000007 0.3765625
42 0.353125 0.271875 0.3140625 0.271875 0.3140625 0.31875 0.353125 0.31875
32 0.20312500000000008 0.38125 0.16250000000000003 0.38125 0.16250000000000003 0.43125 0.20312500000000008 0.43125
14 0.5703125 0.4375 0.528125 0.4375 0.528125 0.496875 0.5703125 0.496875
54 0.66875 0.2718750000000001 0.628125 0.2718750000000001 0.628125 0.3187500000000001 0.66875 0.3187500000000001
22 0.7671875 0.3234375000000001 0.6859375 0.3234375000000001 0.6859375 0.3734375000000001 0.7671875 0.3734375000000001
31 0.590625 0.32500000000000007 0.55 0.32500000000000007 0.55 0.3750000000000001 0.590625 0.3750000000000001
8 0.5109375 0.2171875000000001 0.4703125 0.2171875000000001 0.4703125 0.2640625000000001 0.5109375 0.2640625000000001
41 0.2203125 0.271875 0.17968750000000006 0.271875 0.17968750000000006 0.31875 0.2203125 0.31875
3 0.2890625 0.2171875 0.2484375 0.2171875 0.2484375 0.2640625 0.2890625 0.2640625
23 0.36250000000000004 0.325 0.321875 0.325 0.321875 0.375 0.3625000000000001 0.375
12 0.6828125 0.32500000000000007 0.6421875 0.32500000000000007 0.6421875 0.3750000000000001 0.6828125 0.3750000000000001
50 0.6171875 0.4375 0.575 0.4375 0.575 0.496875 0.6171875 0.496875
46 0.771875 0.37968750000000007 0.665625 0.37968750000000007 0.665625 0.4312500000000001 0.771875 0.4312500000000002
47 0.521875 0.4375 0.29375000000000007 0.4375 0.29375000000000007 0.496875 0.521875 0.496875
37 0.6359375 0.32500000000000007 0.5953125 0.32500000000000007 0.5953125 0.3750000000000001 0.6359375 0.3750000000000001
39 0.7125 0.27031250000000007 0.671875 0.27031250000000007 0.671875 0.3187500000000001 0.7125 0.3187500000000001
11 0.6875 0.2171875000000001 0.65 0.2171875000000001 0.65 0.26250000000000007 0.6875 0.26250000000000007
6 0.4203125 0.2171875000000001 0.38125 0.2171875000000001 0.38125 0.2640625000000001 0.4203125 0.2640625000000001
52 0.17500000000000004 0.2703125 0.12500000000000006 0.2703125 0.12500000000000006 0.3203125 0.17500000000000004 0.3203125
13 0.2906250000000001 0.4390625 0.2500000000000001 0.4390625 0.2500000000000001 0.4984375 0.2906250000000001 0.4984375
4 0.33125 0.2171875 0.29375 0.2171875 0.29375 0.2640625 0.33125 0.2640625
26 0.7640625 0.2687500000000001 0.7171875 0.2687500000000001 0.7171875 0.3187500000000001 0.7640625 0.3187500000000001
21 0.3078125 0.271875 0.26875 0.271875 0.26875 0.31875 0.3078125 0.31875
29 0.5453125 0.32500000000000007 0.5046875 0.32500000000000007 0.5046875 0.3750000000000001 0.5453125 0.3750000000000001
38 0.621875 0.27031250000000007 0.584375 0.27031250000000007 0.584375 0.31718750000000007 0.621875 0.31718750000000007
20 0.7609375 0.2156250000000001 0.6921875 0.2156250000000001 0.6921875 0.2640625000000001 0.7609375 0.2640625000000001
48 0.64375 0.2171875000000001 0.6046875 0.2171875000000001 0.6046875 0.2640625000000001 0.64375 0.2640625000000001
58 0.2468750000000001 0.3828125 0.2062500000000001 0.3828125 0.2062500000000001 0.43125 0.2468750000000001 0.43125
44 0.16093750000000004 0.38125 0.11718750000000004 0.38125 0.11718750000000004 0.4328125 0.16093750000000004 0.4328125
43 0.27343750000000006 0.3265625 0.2328125 0.3265625 0.23281250000000003 0.3765625 0.2734375000000001 0.3765625
55 0.3843750000000001 0.38125000000000003 0.3437500000000001 0.38125 0.3437500000000001 0.43125 0.3843750000000001 0.43125
7 0.465625 0.2171875000000001 0.4265625 0.2171875000000001 0.4265625 0.2640625000000001 0.465625 0.2640625000000001
27 0.5328125 0.27031250000000007 0.4921875 0.27031250000000007 0.4921875 0.31718750000000007 0.5328125 0.31718750000000007
5 0.3765625 0.21718750000000003 0.3375 0.2171875 0.3375 0.26406250000000003 0.3765625 0.2640625000000001
45 0.18281250000000004 0.325 0.12187500000000004 0.325 0.12187500000000004 0.375 0.18281250000000004 0.375
10 0.22812500000000005 0.3265625 0.18750000000000006 0.3265625 0.18750000000000006 0.375 0.22812500000000008 0.375
53 0.4890625 0.27031250000000007 0.4484375 0.27031250000000007 0.4484375 0.3187500000000001 0.4890625 0.3187500000000001
30 0.90625 0.16406250000000006 0.10625 0.1640625 0.10625000000000002 0.5140625000000001 0.90625 0.5140625000000002
51 0.396875 0.27187500000000003 0.359375 0.271875 0.359375 0.31875000000000003 0.396875 0.3187500000000001
15 0.43125 0.3812500000000001 0.3906250000000001 0.3812500000000001 0.3906250000000001 0.43125 0.43125 0.43125
24 0.4078125 0.32500000000000007 0.3671875 0.32500000000000007 0.36718750000000006 0.3734375000000001 0.4078125 0.3734375000000001
17 0.15625000000000006 0.2171875 0.13125000000000003 0.2171875 0.13125000000000003 0.2640625 0.15625000000000006 0.2640625
1 0.2 0.2171875 0.16093750000000004 0.2171875 0.16093750000000004 0.2640625 0.2 0.2640625
59 0.44375 0.27031250000000007 0.403125 0.27031250000000007 0.403125 0.3187500000000001 0.44375 0.3187500000000001
28 0.5 0.32500000000000007 0.459375 0.32500000000000007 0.459375 0.3750000000000001 0.5 0.3750000000000001
36 0.578125 0.2718750000000001 0.5375 0.2718750000000001 0.5375 0.3187500000000001 0.578125 0.3187500000000001
16 0.3390625000000001 0.3828125 0.2984375000000001 0.3828125 0.2984375000000001 0.43125 0.3390625000000001 0.43125
18 0.56875 0.3812500000000001 0.528125 0.3812500000000001 0.528125 0.43125 0.56875 0.43125
25 0.4546875 0.32500000000000007 0.4140625 0.32500000000000007 0.4140625 0.3750000000000001 0.4546875 0.3750000000000001
57 0.29375000000000007 0.38125 0.2531250000000001 0.38125 0.2531250000000001 0.43125 0.29375000000000007 0.43125
34 0.6609375 0.3828125000000001 0.6203125 0.3828125000000001 0.6203125 0.43125 0.6609375 0.43125
49 0.15156250000000004 0.4375 0.11250000000000004 0.4375 0.11250000000000004 0.496875 0.15156250000000004 0.496875
40 0.6140625 0.3828125000000001 0.5734375 0.3828125000000001 0.5734375 0.43125 0.6140625 0.43125
33 0.5234375 0.3812500000000001 0.48125 0.3812500000000001 0.48125 0.43125 0.5234375 0.43125