38 0.590625 0.678125 0.484375 0.678125 0.484375 0.725 0.590625 0.725
20 0.46406250000000016 0.8375 0.3609375000000001 0.8375 0.3609375000000001 0.9328125 0.46406250000000016 0.9328125
35 0.840625 0.46875000000000017 0.734375 0.46875000000000017 0.734375 0.5156250000000002 0.840625 0.5156250000000002
3 0.46875 0.19218750000000004 0.3625 0.19218750000000004 0.3625 0.24218750000000006 0.46875 0.24218750000000008
47 0.965625 0.23593750000000008 0.859375 0.23593750000000008 0.859375 0.5687500000000002 0.965625 0.5687500000000002
12 0.7203125000000001 0.7578125 0.6078125000000002 0.7578125 0.6078125000000002 0.8046875 0.7203125000000001 0.8046875
37 0.7203125000000001 0.6921875 0.609375 0.6921875 0.6093750000000001 0.740625 0.7203125000000001 0.740625
56 0.5921875 0.16093750000000007 0.48125 0.16093750000000004 0.48125 0.2078125000000001 0.5921875 0.2078125000000001
49 0.96875 0.0015625000000001118 0.8578125 0.0015625000000001048 0.8578125 0.0640625000000001 0.96875 0.0640625000000001
43 0.7234375 0.1765625000000001 0.6109375 0.1765625000000001 0.6109375 0.22656250000000008 0.7234375 0.22656250000000008
7 0.465625 0.45 0.3593750000000001 0.45 0.3593750000000001 0.503125 0.465625 0.503125
15 0.840625 0.40156250000000016 0.734375 0.40156250000000016 0.734375 0.4500000000000002 0.840625 0.4500000000000002
55 0.8421875 0.3390625000000001 0.7359375 0.3390625000000001 0.7359375 0.3859375000000001 0.8421875 0.3859375000000001
32 0.84375 0.0796875000000001 0.7328125 0.07968750000000009 0.7328125 0.1281250000000001 0.84375 0.1281250000000001
30 0.9953125 8.170690363061247e-17 0.3390625 4.152318053358994e-17 0.33906250000000004 1 0.9953125 1
27 0.590625 0.5484375 0.4828125 0.5484375 0.4828125 0.5953125 0.590625 0.5953125
23 0.71875 0.3046875000000001 0.6078125 0.3046875000000001 0.6078125 0.3531250000000001 0.71875 0.3531250000000001
31 0.7203125 0.6296875 0.6109375 0.6296875 0.6109375 0.6765625 0.7203125 0.6765625
48 0.4687500000000001 0.709375 0.3625000000000001 0.709375 0.3625000000000001 0.7625 0.46875000000000017 0.7625
6 0.465625 0.38593750000000004 0.3593750000000001 0.3859375 0.3593750000000001 0.4390625 0.465625 0.4390625
39 0.5937500000000002 0.80625 0.48437500000000017 0.80625 0.48437500000000017 0.853125 0.5937500000000002 0.853125
51 0.5890625 0.3546875000000001 0.4828125 0.3546875000000001 0.4828125 0.4015625 0.5890625 0.4015625
46 0.8421875 0.7906250000000001 0.7343750000000002 0.7906250000000001 0.7343750000000002 0.86875 0.8421875 0.86875
18 0.840625 0.5968750000000002 0.734375 0.5968750000000002 0.734375 0.6453125000000002 0.840625 0.6453125000000002
36 0.5921875 0.6125 0.4828125 0.6125 0.4828125 0.6609375 0.5921875 0.6609375
41 0.59375 0.09687500000000007 0.4828125 0.09687500000000007 0.4828125 0.14531250000000007 0.59375 0.1453125000000001
22 0.7187500000000002 0.86875 0.4812500000000002 0.86875 0.4812500000000002 0.9328125 0.7187500000000002 0.9328125
34 0.840625 0.7265625000000002 0.7343750000000002 0.7265625000000002 0.7343750000000002 0.7734375000000002 0.840625 0.7734375000000002
26 0.7203125000000001 0.8203125 0.6078125000000002 0.8203125 0.6078125000000002 0.86875 0.7203125000000001 0.86875
45 0.7203125 8.132420150587893e-17 0.6078125 7.443556326067507e-17 0.6078125 0.09531250000000008 0.7203125 0.09531250000000009
4 0.4671875 0.25625000000000003 0.3609375 0.25625 0.3609375 0.30937500000000007 0.4671875 0.30937500000000007
25 0.71875 0.434375 0.609375 0.434375 0.609375 0.484375 0.71875 0.484375
33 0.84375 0.5312500000000002 0.734375 0.5312500000000002 0.734375 0.5812500000000002 0.84375 0.5812500000000002
24 0.7203125 0.3687500000000001 0.609375 0.3687500000000001 0.609375 0.41875 0.7203125 0.41875
29 0.721875 0.565625 0.609375 0.565625 0.609375 0.6125 0.721875 0.6125
1 0.4671875 0.060937500000000054 0.3609375 0.06093750000000005 0.3609375 0.11093750000000005 0.4671875 0.11093750000000005
13 0.96875 0.1593750000000001 0.8578125 0.1593750000000001 0.8578125 0.2250000000000001 0.96875 0.2250000000000001
2 0.4671875 0.12500000000000006 0.3609375 0.12500000000000006 0.3609375 0.17500000000000004 0.4671875 0.17500000000000004
11 0.4625000000000002 0.7765625 0.3625000000000001 0.7765625 0.3625000000000001 0.8234375 0.4625000000000002 0.8234375
52 0.5921875 6.592044098535362e-17 0.484375 5.931882933369991e-17 0.484375 0.07968750000000006 0.5921875 0.07968750000000006
54 0.5937500000000002 0.740625 0.48437500000000017 0.740625 0.48437500000000017 0.7890625 0.5937500000000002 0.7890625
10 0.7203125 0.11250000000000009 0.6078125 0.11250000000000009 0.6078125 0.1593750000000001 0.7203125 0.1593750000000001
44 0.84375 9.653661096403746e-17 0.7328125 8.974364825001696e-17 0.7328125 0.0625000000000001 0.84375 0.06250000000000011
59 0.5921875 0.41875 0.4828125 0.41875 0.4828125 0.4671875 0.5921875 0.4671875
53 0.5921875 0.4828125 0.4828125 0.4828125 0.4828125 0.5328125 0.5921875 0.5328125
28 0.71875 0.4984375 0.6078125 0.4984375 0.6078125 0.5484375 0.71875 0.5484375
58 0.8421875 0.1437500000000001 0.734375 0.1437500000000001 0.734375 0.1906250000000001 0.8421875 0.1906250000000001
19 0.7203125 0.2390625000000001 0.6078125 0.2390625000000001 0.6078125 0.2890625000000001 0.7203125 0.2890625000000001
50 0.96875 0.7390625000000002 0.865625 0.7390625000000002 0.865625 0.8046875 0.96875 0.8046875
21 0.5921875 0.2250000000000001 0.48125 0.2250000000000001 0.48125 0.2734375000000001 0.5921875 0.2734375000000001
57 0.8421875 0.2093750000000001 0.7328125 0.2093750000000001 0.7328125 0.2562500000000001 0.8421875 0.2562500000000001
8 0.4671875 0.5140625 0.3609375000000001 0.5140625 0.3609375000000001 0.5671875 0.4671875 0.5671875
40 0.840625 0.6609375000000002 0.7375 0.6609375000000002 0.7375 0.7078125000000002 0.840625 0.7078125000000002
5 0.4671875 0.32031250000000006 0.3609375 0.3203125 0.3609375 0.37343750000000003 0.4671875 0.3734375000000001
16 0.8421875 0.2734375000000001 0.7359375 0.2734375000000001 0.7359375 0.3203125000000001 0.8421875 0.3203125000000001
9 0.46875 0.5796875 0.3625000000000001 0.5796875 0.3625000000000001 0.6328125 0.46875 0.6328125
14 0.965625 0.5781250000000002 0.8625 0.5781250000000002 0.8625 0.6437500000000002 0.965625 0.6437500000000002
42 0.590625 0.2890625000000001 0.4828125 0.2890625000000001 0.4828125 0.3375000000000001 0.590625 0.3375000000000001
0 0.4671875 0.64375 0.3609375000000001 0.64375 0.3609375000000001 0.696875 0.4671875 0.696875