4 0.2765625 0.271875 0.23125 0.271875 0.23125 0.3125 0.2765625 0.3125
28 0.3859375000000001 0.4453125 0.3359375000000001 0.4453125 0.3359375000000001 0.4875 0.3859375000000001 0.4875
46 0.4437500000000001 0.6609375 0.3921875000000001 0.6609375 0.3921875000000001 0.7703125 0.4437500000000002 0.7703125
44 0.44375 0.08281250000000004 0.39375 0.08281250000000004 0.39375 0.12968750000000004 0.44375 0.12968750000000004
6 0.2765625000000001 0.3640625 0.2312500000000001 0.3640625 0.2312500000000001 0.4046875 0.2765625000000001 0.4046875
35 0.44375 0.4203125 0.3937500000000001 0.4203125 0.3937500000000001 0.4640625 0.44375 0.4640625
38 0.3296875000000001 0.5765625 0.2828125000000001 0.5765625 0.2828125000000001 0.6171875 0.3296875000000001 0.6171875
25 0.38750000000000007 0.39687500000000003 0.3375000000000001 0.396875 0.3375000000000001 0.4390625 0.38750000000000007 0.4390625
57 0.4421875 0.22656250000000008 0.3921875 0.22656250000000008 0.3921875 0.27031250000000007 0.4421875 0.27031250000000007
27 0.3296875000000001 0.48125 0.2828125000000001 0.48125 0.2828125000000001 0.521875 0.3296875000000001 0.521875
15 0.44375 0.37187500000000007 0.3937500000000001 0.37187500000000007 0.3937500000000001 0.415625 0.44375 0.415625
30 0.5281250000000001 0.06718750000000004 0.16875 0.06718750000000002 0.16875000000000007 0.9140625 0.5281250000000002 0.9140625
7 0.2750000000000001 0.4109375 0.2312500000000001 0.4109375 0.2312500000000001 0.4515625 0.2750000000000001 0.4515625
12 0.38750000000000007 0.634375 0.3375000000000001 0.634375 0.3375000000000001 0.678125 0.38750000000000007 0.678125
22 0.38750000000000007 0.684375 0.3375000000000001 0.684375 0.3375000000000001 0.76875 0.38750000000000007 0.76875
59 0.3312500000000001 0.3859375 0.2843750000000001 0.3859375 0.2843750000000001 0.428125 0.3312500000000001 0.428125
45 0.3875 0.08750000000000005 0.3375 0.08750000000000005 0.3375 0.15312500000000004 0.3875 0.15312500000000004
21 0.33125 0.2453125 0.284375 0.2453125 0.284375 0.2859375 0.33125 0.2859375
20 0.2765625000000001 0.6890625 0.2296875000000001 0.6890625 0.2296875000000001 0.7609375 0.2765625000000001 0.7609375
11 0.2765625000000001 0.64375 0.2312500000000001 0.64375 0.2312500000000001 0.684375 0.2765625000000001 0.684375
3 0.278125 0.225 0.23125 0.225 0.23125 0.265625 0.278125 0.265625
41 0.3328125 0.15000000000000005 0.2828125 0.15000000000000005 0.2828125 0.19375000000000003 0.3328125 0.19375000000000003
2 0.2765625 0.17812500000000003 0.23125 0.17812500000000003 0.23125 0.21875 0.2765625 0.21875
42 0.3296875 0.2921875 0.2828125 0.2921875 0.2828125 0.3328125 0.3296875 0.3328125
33 0.44375 0.46875 0.3921875000000001 0.46875 0.3921875000000001 0.5125 0.44375 0.5125
39 0.3312500000000001 0.6703125 0.2843750000000001 0.6703125 0.2843750000000001 0.7109375 0.3312500000000001 0.7109375
55 0.44375 0.3234375000000001 0.3921875 0.3234375000000001 0.3921875 0.3671875000000001 0.44375 0.3671875000000001
16 0.44375 0.2750000000000001 0.39375 0.2750000000000001 0.39375 0.3187500000000001 0.44375 0.3187500000000001
53 0.3296875000000001 0.434375 0.2828125000000001 0.434375 0.2828125000000001 0.4765625 0.3296875000000001 0.4765625
56 0.3296875 0.19687500000000005 0.2828125 0.19687500000000005 0.2828125 0.2390625 0.3296875 0.2390625
24 0.38750000000000007 0.35000000000000003 0.3375 0.35 0.3375 0.3921875 0.38750000000000007 0.3921875000000001
29 0.3859375000000001 0.4921875 0.3359375000000001 0.4921875 0.3359375000000001 0.534375 0.3859375000000001 0.534375
14 0.5078125 0.5171875 0.45 0.5171875 0.45 0.5609375 0.5078125 0.5609375
52 0.33125 0.09218750000000005 0.284375 0.09218750000000005 0.284375 0.14531250000000004 0.33125 0.14531250000000004
47 0.509375 0.2734375000000001 0.45 0.2734375000000001 0.45 0.5125 0.509375 0.5125
0 0.2750000000000001 0.5515625 0.2296875000000001 0.5515625 0.2296875000000001 0.5921875 0.2750000000000001 0.5921875
19 0.3875 0.25468750000000007 0.3375 0.2546875 0.3375 0.29687500000000006 0.3875 0.2968750000000001
26 0.33281250000000007 0.715625 0.2828125000000001 0.715625 0.2828125000000001 0.765625 0.33281250000000007 0.765625
18 0.4421875 0.5171875 0.3921875000000001 0.5171875 0.3921875000000001 0.559375 0.4421875 0.559375
31 0.3859375000000001 0.540625 0.3359375000000001 0.540625 0.3359375000000001 0.58125 0.3859375000000001 0.58125
13 0.509375 0.2234375000000001 0.4515625 0.2234375000000001 0.4515625 0.2671875000000001 0.509375 0.2671875000000001
32 0.44375 0.13125000000000003 0.39375 0.13125000000000003 0.39375 0.17343750000000005 0.44375 0.17343750000000005
43 0.3875 0.20468750000000005 0.3375 0.2046875 0.3375 0.24843750000000003 0.3875 0.2484375000000001
10 0.3859375 0.15781250000000005 0.3390625 0.15781250000000005 0.3390625 0.20156250000000003 0.3859375 0.2015625000000001
50 0.509375 0.565625 0.4515625 0.565625 0.4515625 0.6109375 0.509375 0.6109375
17 0.2765625 0.09843750000000004 0.2296875 0.09843750000000002 0.2296875 0.12656250000000005 0.2765625 0.12656250000000005
23 0.3875 0.30312500000000003 0.3375 0.303125 0.3375 0.34375000000000006 0.3875 0.3437500000000001
40 0.4421875 0.565625 0.39531250000000007 0.565625 0.39531250000000007 0.609375 0.4421875 0.609375
36 0.3312500000000001 0.528125 0.2843750000000001 0.528125 0.2843750000000001 0.56875 0.3312500000000001 0.56875
37 0.3859375000000001 0.5890625 0.3359375000000001 0.5890625 0.3359375000000001 0.6296875 0.3859375000000001 0.6296875
34 0.44375 0.6125 0.3937500000000001 0.6125 0.3937500000000001 0.65625 0.44375 0.65625
9 0.2765625000000001 0.5046875 0.2296875000000001 0.5046875 0.2296875000000001 0.5453125 0.2765625000000001 0.5453125
5 0.2765625 0.3171875 0.23125 0.3171875 0.23125 0.3578125 0.2765625 0.3578125
51 0.3296875 0.340625 0.2828125 0.340625 0.2828125 0.38125 0.3296875000000001 0.38125
1 0.2765625 0.12968750000000004 0.2296875 0.12968750000000004 0.2296875 0.17187500000000006 0.2765625 0.17187500000000006
49 0.5078125 0.07812500000000006 0.4515625 0.07812500000000004 0.4515625 0.12187500000000004 0.5078125 0.12187500000000004
58 0.44375 0.17812500000000003 0.39375 0.17812500000000003 0.39375 0.2218750000000001 0.44375 0.2218750000000001
8 0.2765625000000001 0.4578125 0.2296875000000001 0.4578125 0.2296875000000001 0.4984375 0.2765625000000001 0.4984375
48 0.2750000000000001 0.596875 0.2296875000000001 0.596875 0.2296875000000001 0.6375 0.2750000000000001 0.6375
54 0.3312500000000001 0.6234375 0.2843750000000001 0.6234375 0.2843750000000001 0.6640625 0.3312500000000001 0.6640625