1 0.9421875 1.0112903646084002e-16 0.709375 8.687338231451536e-17 0.709375 0.21093750000000008 0.9421875 0.21093750000000008
44 1 0.7890625000000001 0.6421875000000001 0.7890625 0.6421875000000001 1 1 1
56 0.534375 0.26093750000000004 0.3015625 0.2609375 0.30156250000000007 0.4828125 0.534375 0.4828125
57 0.3281250000000001 0.7890625 0.09375000000000008 0.7890625 0.09375000000000011 1 0.3281250000000001 1
19 0.19218750000000007 0.521875 6.39112548305025e-17 0.521875 7.749718025854346e-17 0.74375 0.1921875000000001 0.74375
59 0.6031250000000001 0.7890625 0.3687500000000001 0.7890625 0.3687500000000001 1 0.6031250000000001 1
2 0.671875 6.802530267138814e-17 0.4390625 5.376964852506348e-17 0.4390625 0.21093750000000008 0.671875 0.21093750000000008
41 0.803125 0.2531250000000001 0.5703125 0.2531250000000001 0.5703125 0.4750000000000001 0.803125 0.4750000000000002
45 1 0.5218750000000002 0.76875 0.5218750000000002 0.76875 0.7437500000000001 1 0.7437500000000001
10 0.7343750000000001 0.5218750000000001 0.5015625 0.521875 0.5015625000000001 0.7437500000000001 0.7343750000000002 0.7437500000000001
43 0.4625000000000001 0.5265625 0.2296875000000001 0.5265625 0.2296875000000001 0.7484375 0.4625000000000002 0.7484375
3 0.3921875 3.3773462507735604e-17 0.159375 1.951780836141094e-17 0.15937500000000002 0.21250000000000005 0.3921875 0.21250000000000008