38 0.73125 0.5015625000000001 0.6828125 0.5015625 0.6828125 0.6078125000000001 0.73125 0.6078125000000002
20 0.9421875 0.3750000000000001 0.8453125 0.3750000000000001 0.8453125 0.47968750000000016 0.9421875 0.47968750000000016
35 0.5187500000000002 0.7546875 0.4703125000000002 0.7546875 0.4703125000000002 0.8640625 0.5187500000000002 0.8640625
3 0.2390625000000001 0.378125 0.18906250000000005 0.378125 0.18906250000000005 0.484375 0.2390625000000001 0.484375
47 0.5718750000000001 0.88125 0.23437500000000008 0.88125 0.23437500000000008 0.990625 0.5718750000000001 0.990625
12 0.8125 0.6265625000000001 0.7640625 0.6265625000000001 0.7640625000000001 0.7421875000000002 0.8125 0.7421875000000002
37 0.7468750000000001 0.6296875000000001 0.696875 0.6296875 0.6968750000000001 0.7421875000000001 0.7468750000000002 0.7421875000000002
56 0.20468750000000008 0.4984375 0.15781250000000005 0.4984375 0.15781250000000008 0.6109375 0.20468750000000008 0.6109375
49 0.05937500000000011 0.88125 1.0792199917486051e-16 0.88125 1.1481063742006435e-16 0.99375 0.05937500000000011 0.99375
43 0.2234375000000001 0.628125 0.17343750000000008 0.628125 0.17343750000000008 0.74375 0.2234375000000001 0.74375
7 0.5046875 0.3750000000000001 0.4515625 0.3750000000000001 0.4515625 0.48125 0.5046875 0.48125
15 0.4515625000000002 0.7546875 0.40156250000000016 0.7546875 0.40156250000000016 0.8640625 0.4515625000000002 0.8640625
55 0.3859375000000001 0.75625 0.3390625000000001 0.75625 0.3390625000000001 0.865625 0.3859375000000001 0.865625
32 0.12500000000000008 0.753125 0.0750000000000001 0.753125 0.0750000000000001 0.865625 0.12500000000000008 0.865625
30 1 0.353125 4.324534009489091e-17 0.353125 8.285501000481311e-17 1 1 1
27 0.6 0.5 0.5515625 0.5 0.5515625 0.609375 0.6 0.609375
23 0.3531250000000001 0.628125 0.3031250000000001 0.628125 0.3031250000000001 0.740625 0.3531250000000001 0.740625
31 0.6812500000000001 0.63125 0.6328125 0.63125 0.6328125000000001 0.7421875 0.6812500000000001 0.7421875
48 0.7671875 0.3781250000000001 0.7140625 0.3781250000000001 0.7140625 0.4843750000000001 0.7671875 0.48437500000000017
6 0.4390625 0.3750000000000001 0.3859375000000001 0.3750000000000001 0.3859375000000001 0.48125 0.4390625 0.48125
39 0.8609375 0.5015625000000001 0.8125 0.5015625000000001 0.8125 0.6125000000000002 0.8609375 0.6125000000000002
51 0.4015625 0.5 0.3546875000000001 0.5 0.3546875000000001 0.609375 0.4015625 0.609375
46 0.8765625 0.7546875000000002 0.7968750000000002 0.7546875000000002 0.7968750000000002 0.8640625 0.8765625 0.8640625
18 0.6500000000000001 0.7546875 0.6000000000000002 0.7546875 0.6000000000000002 0.8640625 0.6500000000000001 0.8640625
36 0.665625 0.5 0.615625 0.5 0.615625 0.6109375 0.665625 0.6109375
41 0.14218750000000008 0.5 0.09218750000000006 0.5 0.09218750000000006 0.6125 0.14218750000000008 0.6125
22 0.9421875 0.5000000000000002 0.8765625 0.5000000000000002 0.8765625 0.7406250000000002 0.9421875 0.7406250000000002
34 0.7796875000000002 0.7562500000000002 0.7312500000000002 0.7562500000000002 0.7312500000000002 0.8625 0.7796875000000002 0.8625
26 0.8765625 0.6265625000000001 0.8265625 0.6265625000000001 0.8265625 0.7406250000000002 0.8765625 0.7406250000000002
45 0.09218750000000007 0.628125 0.001562500000000077 0.628125 0.001562500000000084 0.7421875 0.09218750000000009 0.7421875
4 0.3078125000000001 0.378125 0.25468750000000007 0.378125 0.25468750000000007 0.484375 0.3078125000000001 0.484375
25 0.4843750000000001 0.6296875 0.434375 0.6296875 0.43437500000000007 0.740625 0.48437500000000017 0.740625
33 0.5843750000000002 0.7546875 0.5343750000000002 0.7546875 0.5343750000000002 0.865625 0.5843750000000002 0.865625
24 0.4203125000000001 0.6296875 0.3703125000000001 0.6296875 0.3703125000000001 0.7421875 0.4203125000000002 0.7421875
29 0.6156250000000001 0.628125 0.5671875 0.628125 0.5671875000000001 0.74375 0.6156250000000002 0.74375
1 0.10781250000000005 0.378125 0.057812500000000044 0.378125 0.05781250000000006 0.484375 0.10781250000000005 0.484375
13 0.2234375000000001 0.88125 0.1546875000000001 0.88125 0.15468750000000012 0.99375 0.2234375000000001 0.99375
2 0.17187500000000006 0.378125 0.12187500000000004 0.378125 0.12187500000000004 0.484375 0.17187500000000006 0.484375
11 0.8296875 0.3765625000000001 0.7828125 0.3765625000000001 0.7828125 0.4781250000000002 0.8296875 0.4781250000000002
52 0.07500000000000007 0.5015625 6.142369101973443e-17 0.5015625 6.812097820257152e-17 0.6109375 0.07500000000000007 0.6109375
54 0.796875 0.5015625000000001 0.746875 0.5015625000000001 0.746875 0.6125000000000002 0.796875 0.6125000000000002
10 0.15625000000000008 0.628125 0.10781250000000009 0.628125 0.10781250000000009 0.7421875 0.15625000000000008 0.7421875
44 0.0578125000000001 0.753125 9.223121206078505e-17 0.753125 9.911985030598891e-17 0.865625 0.057812500000000114 0.865625
59 0.46875 0.5 0.41875 0.5 0.41875 0.6109375 0.46875 0.6109375
53 0.534375 0.5 0.484375 0.5 0.484375 0.6109375 0.534375 0.6109375
28 0.55 0.628125 0.5 0.628125 0.5000000000000001 0.740625 0.5500000000000002 0.740625
58 0.18906250000000008 0.7546875 0.14062500000000008 0.7546875 0.14062500000000008 0.8640625 0.18906250000000008 0.8640625
19 0.2875000000000001 0.6265625 0.2375000000000001 0.6265625 0.2375000000000001 0.7421875 0.2875000000000001 0.7421875
50 0.8109375 0.8875 0.7453125000000002 0.8875 0.7453125000000002 0.99375 0.8109375 0.99375
21 0.2734375000000001 0.4984375 0.2234375000000001 0.4984375 0.2234375000000001 0.6109375 0.2734375000000001 0.6109375
57 0.25468750000000007 0.753125 0.2078125000000001 0.753125 0.2078125000000001 0.8640625 0.25468750000000007 0.8640625
8 0.5703125 0.3765625000000001 0.5171875 0.3765625000000001 0.5171875 0.4828125 0.5703125 0.4828125
40 0.7140625000000002 0.7578125 0.6671875000000002 0.7578125 0.6671875000000002 0.8640625 0.7140625000000002 0.8640625
5 0.3734375000000001 0.3765625 0.3203125000000001 0.3765625 0.3203125000000001 0.4828125 0.3734375000000001 0.4828125
16 0.3187500000000001 0.75625 0.2718750000000001 0.75625 0.2718750000000001 0.865625 0.3187500000000001 0.865625
9 0.6359375 0.3781250000000001 0.5828125 0.3781250000000001 0.5828125 0.484375 0.6359375 0.484375
14 0.6484375000000002 0.884375 0.5828125000000002 0.884375 0.5828125000000002 0.990625 0.6484375000000002 0.990625
42 0.3375000000000001 0.5 0.2875000000000001 0.5 0.2875000000000001 0.609375 0.3375000000000001 0.609375
0 0.7015625 0.3781250000000001 0.6484375 0.3781250000000001 0.6484375 0.484375 0.7015625 0.484375