26 0.628125 0.17968750000000008 0.5625 0.17968750000000008 0.5625 0.2296875000000001 0.628125 0.2296875000000001
13 0.48125000000000007 0.70625 0.4 0.70625 0.4000000000000001 0.75625 0.4812500000000002 0.75625
31 0.6296875 0.3437500000000001 0.5640625 0.3437500000000001 0.5640625 0.3937500000000001 0.6296875 0.3937500000000001
8 0.76875 0.44218750000000007 0.70625 0.4421875 0.70625 0.4921875000000001 0.76875 0.49218750000000017
21 0.7000000000000001 0.690625 0.634375 0.690625 0.6343750000000001 0.740625 0.7000000000000002 0.740625
45 0.6250000000000002 0.84375 0.5593750000000002 0.84375 0.5593750000000002 0.9375 0.6250000000000002 0.9375
48 0.76875 0.2796875000000001 0.70625 0.2796875000000001 0.70625 0.3281250000000001 0.76875 0.3281250000000001
5 0.76875 0.6078125000000001 0.70625 0.6078125 0.70625 0.6578125000000001 0.76875 0.6578125000000001
1 0.7687500000000002 0.828125 0.7062500000000002 0.828125 0.7062500000000002 0.878125 0.7687500000000002 0.878125
35 0.55625 0.48125 0.490625 0.48125 0.490625 0.534375 0.55625 0.534375
50 0.484375 0.2984375000000001 0.40625 0.2984375000000001 0.40625 0.36406250000000007 0.484375 0.36406250000000007
59 0.7 0.525 0.634375 0.525 0.634375 0.575 0.7 0.575
25 0.628125 0.5109375 0.5625 0.5109375 0.5625 0.5609375 0.628125 0.5609375
55 0.5578125 0.59375 0.4890625 0.59375 0.4890625 0.64375 0.5578125 0.64375
12 0.6296875 0.23593750000000008 0.5640625 0.23593750000000008 0.5640625 0.2843750000000001 0.6296875 0.2843750000000001
52 0.6968750000000001 0.8578125 0.6312500000000002 0.8578125 0.6312500000000002 0.9359375 0.6968750000000001 0.9359375
47 0.484375 0.425 0.403125 0.425 0.403125 0.6984375 0.484375 0.6984375
34 0.5546875 0.2609375000000001 0.4921875 0.2609375000000001 0.4921875 0.3109375000000001 0.5546875 0.3109375000000001
10 0.6265625000000001 0.7890625 0.5609375000000002 0.7890625 0.5609375000000002 0.8390625 0.6265625000000001 0.8390625
4 0.76875 0.6640625000000001 0.70625 0.6640625 0.70625 0.7140625 0.76875 0.7140625000000002
19 0.628125 0.678125 0.5625 0.678125 0.5625000000000001 0.728125 0.6281250000000002 0.728125
38 0.6984375 0.3046875000000001 0.6359375 0.3046875000000001 0.6359375 0.3531250000000001 0.6984375 0.3531250000000001
43 0.6265625000000001 0.7328125 0.5609375000000002 0.7328125 0.5609375000000002 0.7828125 0.6265625000000001 0.7828125
20 0.76875 0.11718750000000008 0.70625 0.11718750000000008 0.70625 0.21875000000000008 0.76875 0.21875000000000008
57 0.5546875000000001 0.7046875 0.4890625 0.7046875 0.48906250000000007 0.7546875 0.5546875000000002 0.7546875
17 0.7671875000000001 0.884375 0.7046875000000001 0.884375 0.7046875000000001 0.9328125 0.7671875000000001 0.9328125
44 0.5531250000000002 0.8734375 0.48750000000000016 0.8734375 0.48750000000000016 0.9390625 0.5531250000000002 0.9390625
46 0.5578125 0.11093750000000006 0.4921875 0.11093750000000005 0.4921875 0.2562500000000001 0.5578125 0.2562500000000001
15 0.55625 0.5359375 0.490625 0.5359375 0.490625 0.5890625 0.55625 0.5890625
51 0.6984375 0.58125 0.6359375 0.58125 0.6359375 0.6296875 0.6984375 0.6296875
54 0.7 0.2500000000000001 0.634375 0.2500000000000001 0.634375 0.2984375000000001 0.7 0.2984375000000001
9 0.7703125 0.38750000000000007 0.7078125 0.38750000000000007 0.7078125 0.4375000000000001 0.7703125 0.43750000000000017
27 0.6984375 0.4140625 0.6359375 0.4140625 0.6359375 0.4640625 0.6984375 0.4640625
49 0.4812500000000002 0.871875 0.4000000000000002 0.871875 0.4000000000000002 0.940625 0.4812500000000002 0.940625
7 0.7703125 0.4984375000000001 0.7078125 0.4984375 0.7078125 0.5484375000000001 0.7703125 0.5484375000000001
14 0.484375 0.3703125000000001 0.40625 0.3703125000000001 0.40625 0.4203125 0.484375 0.4203125
37 0.628125 0.2906250000000001 0.5625 0.2906250000000001 0.5625 0.3390625000000001 0.628125 0.3390625000000001
6 0.76875 0.5531250000000001 0.70625 0.553125 0.70625 0.6031250000000001 0.76875 0.6031250000000001
11 0.76875 0.2250000000000001 0.70625 0.2250000000000001 0.70625 0.2734375000000001 0.76875 0.2734375000000001
16 0.5546875 0.6484375 0.4890625 0.6484375 0.4890625 0.7015625 0.5546875 0.7015625
58 0.5546875000000002 0.7625 0.4890625000000002 0.7625 0.4890625000000002 0.8125 0.5546875000000002 0.8125
30 0.834375 0.08750000000000008 0.38125 0.08750000000000005 0.38125000000000003 0.9515625 0.834375 0.9515625
36 0.6984375 0.3593750000000001 0.6359375 0.3593750000000001 0.6359375 0.4078125 0.6984375 0.4078125
28 0.6296875 0.4546875 0.5640625 0.4546875 0.5640625 0.5046875 0.6296875 0.5046875
56 0.7000000000000002 0.746875 0.6343750000000001 0.746875 0.6343750000000001 0.796875 0.7000000000000002 0.796875
42 0.7 0.634375 0.634375 0.634375 0.634375 0.684375 0.7 0.684375
32 0.5546875000000002 0.8171875 0.4890625000000002 0.8171875 0.4890625000000002 0.8671875 0.5546875000000002 0.8671875
41 0.6984375000000002 0.8 0.6328125000000002 0.8 0.6328125000000002 0.853125 0.6984375000000002 0.853125
23 0.628125 0.621875 0.5625 0.621875 0.5625 0.671875 0.628125 0.671875
29 0.6296875 0.4 0.5640625 0.4 0.5640625 0.45 0.6296875 0.45
18 0.55625 0.3703125000000001 0.490625 0.3703125000000001 0.490625 0.4203125 0.55625 0.4203125
39 0.7 0.19687500000000008 0.634375 0.19687500000000008 0.634375 0.2453125000000001 0.7 0.2453125000000001
24 0.628125 0.5671875 0.5625 0.5671875 0.5625 0.6171875 0.628125 0.6171875
0 0.7703125 0.3343750000000001 0.7078125 0.3343750000000001 0.7078125 0.3828125000000001 0.7703125 0.3828125000000001
40 0.5578125 0.3156250000000001 0.4921875 0.3156250000000001 0.4921875 0.3656250000000001 0.5578125 0.3656250000000001
53 0.7 0.46875 0.634375 0.46875 0.634375 0.51875 0.7 0.51875
3 0.76875 0.7187500000000001 0.70625 0.71875 0.70625 0.76875 0.7687500000000002 0.7687500000000002
22 0.7 0.11093750000000009 0.5625 0.11093750000000009 0.5625 0.18750000000000008 0.7 0.18750000000000008
2 0.7687500000000002 0.7750000000000001 0.7062500000000002 0.775 0.7062500000000002 0.825 0.7687500000000002 0.825
33 0.5578125 0.425 0.4890625 0.425 0.4890625 0.478125 0.5578125 0.478125