15 0.39531250000000007 0.5640625 0.3531250000000001 0.5640625 0.3531250000000001 0.61875 0.39531250000000007 0.61875
0 0.575 0.3781250000000001 0.5328125 0.3781250000000001 0.5328125 0.4296875 0.575 0.4296875
28 0.4671875 0.4984375 0.4265625 0.4984375 0.4265625 0.5546875 0.4671875 0.5546875
53 0.45625 0.440625 0.415625 0.440625 0.415625 0.49375 0.45625 0.49375
12 0.6578125 0.4953125 0.6171875 0.4953125 0.6171875 0.5515625 0.6578125 0.5515625
17 0.10781250000000005 0.3875 0.06718750000000004 0.3875 0.06718750000000004 0.4421875 0.10781250000000005 0.4421875
39 0.69375 0.4328125 0.6515625 0.4328125 0.6515625 0.4890625 0.69375 0.4890625
1 0.15468750000000003 0.3875 0.11250000000000004 0.3875 0.11250000000000004 0.440625 0.15468750000000003 0.440625
8 0.4796875 0.37968750000000007 0.4390625 0.37968750000000007 0.4390625 0.43125 0.4796875 0.43125
55 0.34843750000000007 0.565625 0.3062500000000001 0.565625 0.3062500000000001 0.6203125 0.34843750000000007 0.6203125
27 0.503125 0.4390625 0.4625 0.4390625 0.4625 0.490625 0.503125 0.490625
24 0.37187500000000007 0.503125 0.3312500000000001 0.503125 0.3312500000000001 0.5546875 0.37187500000000007 0.5546875
29 0.515625 0.5 0.4734375 0.5 0.4734375 0.5546875 0.515625 0.5546875
57 0.2531250000000001 0.5671875 0.21093750000000008 0.5671875 0.21093750000000008 0.621875 0.2531250000000001 0.621875
44 0.10937500000000008 0.5703125 0.056250000000000064 0.5703125 0.056250000000000064 0.628125 0.10937500000000008 0.628125
4 0.29375000000000007 0.384375 0.2515625000000001 0.384375 0.2515625000000001 0.4359375 0.29375000000000007 0.4359375
49 0.10937500000000008 0.63125 0.05156250000000007 0.63125 0.05156250000000008 0.6921875 0.10937500000000008 0.6921875
48 0.6203125 0.3765625000000001 0.58125 0.3765625000000001 0.58125 0.428125 0.6203125 0.428125
23 0.32500000000000007 0.5046875 0.28593750000000007 0.5046875 0.28593750000000007 0.559375 0.32500000000000007 0.559375
22 0.753125 0.4328125000000001 0.7 0.4328125 0.7 0.5484375000000001 0.753125 0.5484375000000001
2 0.2015625000000001 0.3875 0.16093750000000004 0.3875 0.16093750000000004 0.440625 0.2015625000000001 0.440625
21 0.2687500000000001 0.44375 0.22812500000000008 0.44375 0.22812500000000008 0.4984375 0.2687500000000001 0.4984375
3 0.2453125000000001 0.3859375 0.2062500000000001 0.3859375 0.2062500000000001 0.4375 0.2453125000000001 0.4375
41 0.17656250000000004 0.446875 0.13437500000000005 0.446875 0.13437500000000005 0.5015625 0.17656250000000004 0.5015625
10 0.18437500000000007 0.509375 0.14218750000000005 0.509375 0.14218750000000008 0.5625 0.1843750000000001 0.5625
9 0.528125 0.3781250000000001 0.4859375 0.3781250000000001 0.4859375 0.43125 0.528125 0.43125
19 0.27812500000000007 0.5046875 0.2375000000000001 0.5046875 0.2375000000000001 0.559375 0.27812500000000007 0.559375
56 0.2218750000000001 0.4453125 0.18125000000000005 0.4453125 0.18125000000000005 0.5 0.2218750000000001 0.5
34 0.6328125 0.559375 0.5921875 0.559375 0.5921875 0.6140625 0.6328125 0.6140625
36 0.5515625 0.4375 0.509375 0.4375 0.509375 0.490625 0.5515625 0.490625
20 0.753125 0.3734375000000001 0.675 0.3734375000000001 0.675 0.42656250000000007 0.753125 0.4265625000000002
46 0.715625 0.55625 0.640625 0.55625 0.640625 0.609375 0.715625 0.609375
6 0.38750000000000007 0.38281250000000006 0.3468750000000001 0.3828125 0.3468750000000001 0.434375 0.38750000000000007 0.434375
54 0.6453125 0.434375 0.6046875 0.434375 0.6046875 0.4890625 0.6453125 0.4890625
35 0.44375 0.5640625 0.4015625 0.5640625 0.4015625 0.6171875 0.44375 0.6171875
50 0.678125 0.621875 0.59375 0.621875 0.59375 0.6765625 0.678125 0.6765625
11 0.66875 0.3750000000000001 0.628125 0.3750000000000001 0.628125 0.4265625 0.66875 0.4265625
42 0.3156250000000001 0.44375 0.2750000000000001 0.44375 0.2750000000000001 0.496875 0.3156250000000001 0.496875
13 0.2515625000000001 0.628125 0.2093750000000001 0.628125 0.2093750000000001 0.684375 0.2515625000000001 0.684375
31 0.5609375 0.496875 0.5203125 0.496875 0.5203125 0.553125 0.5609375 0.553125
33 0.490625 0.5609375 0.4484375 0.5609375 0.4484375 0.61875 0.490625 0.61875
18 0.5375 0.5609375 0.496875 0.5609375 0.496875 0.6171875 0.5375 0.6171875
59 0.409375 0.4390625 0.3687500000000001 0.4390625 0.3687500000000001 0.49375 0.409375 0.49375
37 0.6109375 0.4984375 0.5703125 0.4984375 0.5703125 0.55 0.6109375 0.55
52 0.12812500000000004 0.446875 0.06406250000000005 0.446875 0.06406250000000005 0.503125 0.12812500000000004 0.503125
16 0.30156250000000007 0.565625 0.2593750000000001 0.565625 0.2593750000000001 0.6203125 0.30156250000000007 0.6203125
7 0.4328125 0.37968750000000007 0.3937500000000001 0.37968750000000007 0.3937500000000001 0.43125 0.4328125 0.43125
38 0.5984375 0.4375 0.5578125 0.4375 0.5578125 0.490625 0.5984375 0.490625
51 0.3625000000000001 0.440625 0.3218750000000001 0.440625 0.3218750000000001 0.4953125 0.3625000000000001 0.4953125
32 0.15781250000000008 0.5703125 0.11562500000000009 0.5703125 0.11562500000000009 0.625 0.15781250000000008 0.625
43 0.2312500000000001 0.50625 0.18906250000000005 0.50625 0.18906250000000008 0.5609375 0.2312500000000001 0.5609375
40 0.5859375 0.5625 0.5453125 0.5625 0.5453125 0.6140625 0.5859375 0.6140625
47 0.4921875 0.625 0.2562500000000001 0.625 0.2562500000000001 0.68125 0.4921875 0.68125
30 0.934375 0.31093750000000003 0.040625000000000036 0.3109375 0.040625000000000064 0.7156250000000001 0.934375 0.7156250000000002
14 0.5390625 0.6234375 0.4953125 0.6234375 0.4953125 0.678125 0.5390625 0.678125
25 0.4203125 0.503125 0.3781250000000001 0.503125 0.3781250000000001 0.55625 0.4203125 0.55625
58 0.20468750000000008 0.56875 0.16406250000000008 0.56875 0.16406250000000008 0.6234375 0.20468750000000008 0.6234375
5 0.34062500000000007 0.3828125 0.2984375000000001 0.3828125 0.2984375000000001 0.4359375 0.34062500000000007 0.4359375
45 0.13750000000000007 0.509375 0.06093750000000007 0.509375 0.06093750000000007 0.5625 0.1375000000000001 0.5625
26 0.7046875 0.49375 0.6625 0.49375 0.6625 0.55 0.7046875 0.55