6 0.5171875 0.09687500000000007 0.46875 0.09687500000000007 0.46875 0.16406250000000006 0.5171875 0.16406250000000006
29 0.6734375 0.2500000000000001 0.628125 0.2500000000000001 0.628125 0.3125000000000001 0.6734375 0.3125000000000001
27 0.6578125 0.17343750000000008 0.6140625 0.17343750000000008 0.6140625 0.23593750000000008 0.6578125 0.23593750000000008
12 0.85 0.2515625000000001 0.8046875 0.2515625000000001 0.8046875 0.3203125000000001 0.85 0.3203125000000001
51 0.48125 0.17187500000000006 0.4359375 0.17187500000000006 0.4359375 0.23437500000000008 0.48125 0.23437500000000008
17 0.1734375 0.1 0.1234375 0.1 0.1234375 0.16875 0.1734375 0.16875
24 0.49375 0.2484375000000001 0.45 0.2484375000000001 0.45 0.3109375000000001 0.49375 0.3109375000000001
37 0.7890625 0.2515625000000001 0.746875 0.2515625000000001 0.746875 0.3156250000000001 0.7890625 0.3156250000000001
20 0.9703125 0.10468750000000011 0.875 0.10468750000000009 0.875 0.1718750000000001 0.9703125 0.17187500000000014
5 0.459375 0.09687500000000006 0.4109375 0.09687500000000004 0.4109375 0.16250000000000003 0.459375 0.16250000000000003
57 0.34843750000000007 0.3234375 0.3 0.3234375 0.30000000000000004 0.390625 0.34843750000000007 0.390625
49 0.2218750000000001 0.4 0.16875000000000004 0.4 0.16875000000000004 0.471875 0.2218750000000001 0.471875
45 0.2078125 0.2484375 0.11718750000000004 0.2484375 0.11718750000000004 0.31875 0.2078125 0.31875
9 0.6921875 0.0984375000000001 0.646875 0.0984375000000001 0.646875 0.16406250000000008 0.6921875 0.16406250000000008
25 0.5546875 0.2484375000000001 0.509375 0.2484375000000001 0.509375 0.3125000000000001 0.5546875 0.3125000000000001
28 0.6125 0.2484375000000001 0.5671875 0.2484375000000001 0.5671875 0.3125000000000001 0.6125 0.3125000000000001
18 0.7015625 0.3265625000000001 0.6578125 0.3265625000000001 0.6578125 0.3921875000000001 0.7015625 0.3921875000000001
21 0.3671875 0.17187500000000006 0.3171875 0.17187500000000006 0.3171875 0.23750000000000004 0.3671875 0.2375000000000001
53 0.6 0.17343750000000008 0.553125 0.17343750000000008 0.553125 0.23593750000000008 0.6 0.23593750000000008
36 0.715625 0.1750000000000001 0.671875 0.1750000000000001 0.671875 0.23593750000000008 0.715625 0.23593750000000008
56 0.309375 0.17187500000000006 0.259375 0.17187500000000006 0.259375 0.2375 0.309375 0.2375
15 0.525 0.3265625000000001 0.478125 0.3265625000000001 0.478125 0.3906250000000001 0.525 0.3906250000000001
50 0.853125 0.40625000000000017 0.8046875 0.40625000000000017 0.8046875 0.4750000000000002 0.853125 0.4750000000000002
55 0.4640625 0.32500000000000007 0.4171875 0.32500000000000007 0.4171875 0.3921875000000001 0.4640625 0.3921875000000001
14 0.734375 0.4046875000000001 0.6875 0.4046875 0.6875 0.47343750000000007 0.734375 0.4734375000000002
48 0.80625 0.10156250000000008 0.759375 0.10156250000000008 0.759375 0.1687500000000001 0.80625 0.1687500000000001
38 0.775 0.1765625000000001 0.7296875 0.1765625000000001 0.7296875 0.2390625000000001 0.775 0.2390625000000001
11 0.8640625 0.10312500000000009 0.81875 0.10312500000000009 0.81875 0.1687500000000001 0.8640625 0.1687500000000001
34 0.821875 0.3296875000000001 0.775 0.3296875000000001 0.775 0.3968750000000001 0.821875 0.3968750000000001
58 0.290625 0.3234375 0.240625 0.3234375 0.24062500000000003 0.3921875 0.2906250000000001 0.3921875
32 0.23281250000000003 0.321875 0.18281250000000004 0.321875 0.18281250000000004 0.39375 0.2328125000000001 0.39375
42 0.425 0.17343750000000005 0.3765625 0.17343750000000005 0.3765625 0.23593750000000008 0.425 0.23593750000000008
31 0.7328125 0.2500000000000001 0.6875 0.2500000000000001 0.6875 0.3140625000000001 0.7328125 0.3140625000000001
47 0.6765625 0.4015625 0.3437500000000001 0.4015625 0.3437500000000001 0.4796875 0.6765625 0.4796875
26 0.9078125 0.2531250000000001 0.8625 0.2531250000000001 0.8625 0.3203125000000001 0.9078125 0.3203125000000001
30 1 0.007812500000000066 0.090625 0.00781250000000001 0.09062500000000004 0.5531250000000001 1 0.5531250000000002
59 0.540625 0.17343750000000005 0.49375 0.17343750000000005 0.49375 0.23593750000000008 0.540625 0.23593750000000008
8 0.6328125 0.09843750000000007 0.5875 0.09843750000000007 0.5875 0.1625000000000001 0.6328125 0.1625000000000001
2 0.284375 0.10000000000000005 0.2375 0.10000000000000005 0.2375 0.16406250000000006 0.284375 0.16406250000000006
40 0.7625 0.3281250000000001 0.7171875 0.3281250000000001 0.7171875 0.3937500000000001 0.7625 0.3937500000000001
39 0.890625 0.1765625000000001 0.8453125 0.1765625000000001 0.8453125 0.24375000000000008 0.890625 0.24375000000000008
41 0.253125 0.17343750000000005 0.2015625 0.17343750000000005 0.2015625 0.2390625 0.253125 0.2390625
44 0.17500000000000004 0.3234375 0.11406250000000004 0.3234375 0.11406250000000004 0.396875 0.17500000000000004 0.396875
52 0.19687500000000002 0.17187500000000003 0.1203125 0.171875 0.12031250000000002 0.240625 0.19687500000000005 0.240625
43 0.3203125 0.246875 0.271875 0.246875 0.271875 0.3125 0.3203125 0.3125
19 0.378125 0.24687500000000004 0.33125 0.246875 0.33125 0.31250000000000006 0.378125 0.3125000000000001
46 0.9765625 0.3296875000000001 0.834375 0.3296875000000001 0.834375 0.3984375000000001 0.9765625 0.3984375000000001
7 0.5765625 0.09687500000000007 0.528125 0.09687500000000007 0.528125 0.16250000000000006 0.5765625 0.1625000000000001
22 0.9765625 0.17812500000000012 0.9046875 0.1781250000000001 0.9046875 0.3296875000000001 0.9765625 0.3296875000000001
35 0.584375 0.3265625000000001 0.5375 0.3265625000000001 0.5375 0.3921875000000001 0.584375 0.3921875000000001
33 0.64375 0.3265625000000001 0.596875 0.3265625000000001 0.596875 0.3937500000000001 0.64375 0.3937500000000001
54 0.8328125 0.1750000000000001 0.7875 0.1750000000000001 0.7875 0.24218750000000008 0.8328125 0.24218750000000008
16 0.4046875 0.32500000000000007 0.3578125 0.325 0.35781250000000003 0.39062500000000006 0.4046875 0.3906250000000001
13 0.33281250000000007 0.4015625 0.28593750000000007 0.4015625 0.28593750000000007 0.46875 0.33281250000000007 0.46875
23 0.4359375 0.2468750000000001 0.390625 0.2468750000000001 0.390625 0.3125000000000001 0.4359375 0.3125000000000001
0 0.7484375 0.10156250000000008 0.703125 0.10156250000000008 0.703125 0.1671875000000001 0.7484375 0.1671875000000001
10 0.2640625 0.246875 0.2140625 0.246875 0.2140625 0.3140625 0.2640625 0.3140625
4 0.4 0.09687500000000004 0.3515625 0.09687500000000004 0.3515625 0.16250000000000003 0.4 0.16250000000000003
1 0.2296875 0.09843750000000002 0.1796875 0.09843750000000002 0.1796875 0.16875 0.2296875 0.16875000000000004
3 0.34375 0.09687500000000004 0.29375 0.09687500000000004 0.29375 0.16250000000000003 0.34375 0.16250000000000003