5 0.35625000000000007 0.4546875 0.29375000000000007 0.4546875 0.29375000000000007 0.4875 0.35625000000000007 0.4875
41 0.428125 0.32656250000000003 0.3625 0.3265625 0.3625 0.3609375 0.428125 0.3609375000000001
15 0.5765625 0.5 0.5109375 0.5 0.5109375 0.534375 0.5765625 0.534375
10 0.503125 0.3359375000000001 0.4375 0.3359375000000001 0.4375 0.3671875000000001 0.503125 0.3671875000000001
12 0.5062500000000001 0.7046875 0.440625 0.7046875 0.4406250000000001 0.7359375 0.5062500000000002 0.7359375
39 0.43281250000000016 0.7296875 0.3671875000000001 0.7296875 0.3671875000000001 0.7625 0.43281250000000016 0.7625
50 0.66875 0.6859375 0.5859375 0.6859375 0.5859375 0.7203125 0.66875 0.7203125
49 0.6671875 0.27812500000000007 0.584375 0.27812500000000007 0.584375 0.3125000000000001 0.6671875 0.3125000000000001
3 0.35625000000000007 0.3796875 0.2906250000000001 0.3796875 0.2906250000000001 0.4140625 0.35625000000000007 0.4140625
56 0.428125 0.36250000000000004 0.3625 0.3625 0.36250000000000004 0.39531250000000007 0.428125 0.39531250000000007
53 0.4296875 0.546875 0.36406250000000007 0.546875 0.36406250000000007 0.58125 0.4296875 0.58125
45 0.5015625 0.2812500000000001 0.4390625 0.2812500000000001 0.4390625 0.3312500000000001 0.5015625 0.3312500000000001
25 0.503125 0.5203125 0.4375 0.5203125 0.4375 0.553125 0.503125 0.553125
11 0.3578125000000001 0.7109375 0.2953125000000001 0.7109375 0.2953125000000001 0.7421875 0.3578125000000001 0.7421875
48 0.3578125000000001 0.6765625 0.2953125000000001 0.6765625 0.2953125000000001 0.7078125 0.3578125000000001 0.7078125
30 0.6953125000000001 0.27187500000000003 0.2265625 0.271875 0.22656250000000006 0.81875 0.6953125000000002 0.81875
27 0.428125 0.584375 0.3656250000000001 0.584375 0.3656250000000001 0.615625 0.428125 0.615625
6 0.3546875000000001 0.490625 0.2921875000000001 0.490625 0.2921875000000001 0.525 0.3546875000000001 0.525
17 0.35625 0.284375 0.290625 0.284375 0.290625 0.30625 0.35625 0.30625
18 0.578125 0.6125 0.5125 0.6125 0.5125 0.6453125 0.578125 0.6453125
34 0.5765625 0.6859375 0.5140625 0.6859375 0.5140625 0.7171875 0.5765625 0.7171875
55 0.5765625 0.4625 0.5078125 0.4625 0.5078125 0.496875 0.5765625 0.496875
43 0.503125 0.37187500000000007 0.4375 0.37187500000000007 0.4375 0.403125 0.503125 0.403125
31 0.503125 0.63125 0.4375 0.63125 0.4375 0.6625 0.503125 0.6625
7 0.3546875000000001 0.528125 0.2921875000000001 0.528125 0.2921875000000001 0.5609375 0.3546875000000001 0.5609375
20 0.3593750000000001 0.746875 0.2968750000000001 0.746875 0.2968750000000001 0.80625 0.3593750000000001 0.80625
4 0.3578125000000001 0.41875 0.2921875000000001 0.41875 0.2921875000000001 0.45 0.3578125000000001 0.45
46 0.5765625000000001 0.7234375 0.5140625 0.7234375 0.5140625000000001 0.809375 0.5765625000000002 0.809375
33 0.578125 0.575 0.5125 0.575 0.5125 0.609375 0.578125 0.609375
14 0.66875 0.6125 0.5859375 0.6125 0.5859375 0.646875 0.66875 0.646875
51 0.428125 0.4734375 0.3625000000000001 0.4734375 0.3625000000000001 0.5046875 0.428125 0.5046875
23 0.5015625 0.4453125 0.4359375 0.4453125 0.4359375 0.4765625 0.5015625 0.4765625
19 0.503125 0.409375 0.434375 0.409375 0.434375 0.440625 0.503125 0.440625
40 0.5765625 0.65 0.5140625 0.65 0.5140625 0.6828125 0.5765625 0.6828125
0 0.3578125000000001 0.6390625 0.2953125000000001 0.6390625 0.2953125000000001 0.6703125 0.3578125000000001 0.6703125
29 0.503125 0.59375 0.4375 0.59375 0.4375 0.6265625 0.503125 0.6265625
2 0.35468750000000004 0.3453125 0.2921875 0.3453125 0.29218750000000004 0.378125 0.3546875000000001 0.378125
42 0.4296875 0.4359375 0.36406250000000007 0.4359375 0.36406250000000007 0.46875 0.4296875 0.46875
22 0.5078125000000002 0.7671875 0.3703125000000001 0.7671875 0.3703125000000001 0.8078125 0.5078125000000002 0.8078125
54 0.4296875 0.69375 0.3671875000000001 0.69375 0.3671875000000001 0.725 0.4296875 0.725
26 0.5046875000000002 0.740625 0.4390625000000002 0.740625 0.4390625000000002 0.771875 0.5046875000000002 0.771875
28 0.503125 0.5578125 0.4375 0.5578125 0.4375 0.5890625 0.503125 0.5890625
13 0.66875 0.3890625000000001 0.584375 0.3890625000000001 0.584375 0.421875 0.66875 0.421875
9 0.3578125000000001 0.603125 0.2953125000000001 0.603125 0.2953125000000001 0.634375 0.3578125000000001 0.634375
44 0.575 0.2796875000000001 0.5125 0.2796875000000001 0.5125 0.3109375000000001 0.575 0.3109375000000001
37 0.503125 0.66875 0.4375 0.66875 0.4375 0.7 0.503125 0.7
8 0.3546875000000001 0.5640625 0.2921875000000001 0.5640625 0.2921875000000001 0.5984375 0.3546875000000001 0.5984375
21 0.428125 0.4 0.3625000000000001 0.4 0.3625000000000001 0.43125 0.428125 0.43125
47 0.66875 0.4265625 0.5859375 0.4265625 0.5859375 0.6078125 0.66875 0.6078125
57 0.575 0.3890625000000001 0.509375 0.3890625000000001 0.509375 0.4203125 0.575 0.4203125
35 0.578125 0.5375 0.509375 0.5375 0.509375 0.571875 0.578125 0.571875
58 0.575 0.3531250000000001 0.509375 0.3531250000000001 0.509375 0.3843750000000001 0.575 0.3843750000000001
32 0.575 0.3156250000000001 0.5125 0.3156250000000001 0.5125 0.34843750000000007 0.575 0.34843750000000007
36 0.4296875 0.621875 0.36406250000000007 0.621875 0.36406250000000007 0.653125 0.4296875 0.653125
24 0.5015625 0.48125 0.4359375 0.48125 0.4359375 0.5140625 0.5015625 0.5140625
16 0.5765625 0.425 0.5078125 0.425 0.5078125 0.459375 0.5765625 0.459375
38 0.4296875 0.6578125 0.3671875000000001 0.6578125 0.3671875000000001 0.6890625 0.4296875 0.6890625
1 0.35625 0.3109375 0.290625 0.3109375 0.290625 0.3421875 0.35625 0.3421875
52 0.428125 0.2828125000000001 0.365625 0.2828125000000001 0.365625 0.3234375000000001 0.428125 0.3234375000000001
59 0.4296875 0.5109375 0.36406250000000007 0.5109375 0.36406250000000007 0.54375 0.4296875 0.54375