19 0.4125 0.6578125 0.3593750000000001 0.6578125 0.3593750000000001 0.703125 0.4125 0.703125
45 0.40937500000000016 0.80625 0.3578125000000001 0.80625 0.3578125000000001 0.890625 0.40937500000000016 0.890625
38 0.35468750000000004 0.328125 0.30625 0.328125 0.30625 0.371875 0.3546875000000001 0.371875
39 0.353125 0.2328125 0.303125 0.2328125 0.303125 0.2765625 0.353125 0.2765625
32 0.5421875 0.3156250000000001 0.4734375 0.3156250000000001 0.4734375 0.3781250000000001 0.5421875 0.3781250000000001
48 0.3 0.3078125 0.253125 0.3078125 0.253125 0.35 0.3 0.35
3 0.3000000000000001 0.6921875 0.2515625000000001 0.6921875 0.2515625000000001 0.7359375 0.3000000000000001 0.7359375
42 0.35625000000000007 0.6203125 0.3062500000000001 0.6203125 0.3062500000000001 0.6640625 0.35625000000000007 0.6640625
13 0.5437500000000001 0.6859375 0.4765625 0.6859375 0.4765625000000001 0.7328125 0.5437500000000002 0.7328125
14 0.5421875 0.3812500000000001 0.475 0.3812500000000001 0.475 0.428125 0.5421875 0.428125
8 0.30156250000000007 0.4515625 0.2531250000000001 0.4515625 0.2531250000000001 0.4953125 0.30156250000000007 0.4953125
36 0.3546875000000001 0.3765625 0.3046875000000001 0.3765625 0.3046875000000001 0.4203125 0.3546875000000001 0.4203125
35 0.4703125 0.4828125 0.4171875 0.4828125 0.4171875 0.5296875 0.4703125 0.5296875
15 0.4703125 0.5328125 0.41875 0.5328125 0.41875 0.5796875 0.4703125 0.5796875
44 0.4671875000000002 0.7859375 0.41406250000000017 0.7859375 0.41406250000000017 0.8953125 0.4671875000000002 0.8953125
0 0.30000000000000004 0.35625 0.253125 0.35625 0.25312500000000004 0.4 0.3000000000000001 0.4
9 0.30156250000000007 0.4015625 0.25468750000000007 0.4015625 0.25468750000000007 0.4453125 0.30156250000000007 0.4453125
11 0.2984375 0.2609375 0.2515625 0.2609375 0.2515625 0.303125 0.2984375 0.303125
23 0.4125 0.609375 0.3609375000000001 0.609375 0.3609375000000001 0.653125 0.4125 0.653125
6 0.3000000000000001 0.546875 0.2531250000000001 0.546875 0.2531250000000001 0.590625 0.3000000000000001 0.590625
43 0.4125000000000001 0.7078125 0.3593750000000001 0.7078125 0.3593750000000001 0.7515625 0.4125000000000002 0.7515625
2 0.3000000000000001 0.7390625 0.2515625000000001 0.7390625 0.2515625000000001 0.784375 0.3000000000000001 0.784375
53 0.35625000000000007 0.4734375 0.3062500000000001 0.4734375 0.3062500000000001 0.51875 0.35625000000000007 0.51875
26 0.3546875 0.15781250000000005 0.3046875 0.15781250000000005 0.3046875 0.2265625 0.3546875 0.2265625
51 0.35625000000000007 0.571875 0.3062500000000001 0.571875 0.3062500000000001 0.615625 0.35625000000000007 0.615625
7 0.3000000000000001 0.5 0.2531250000000001 0.5 0.2531250000000001 0.5421875 0.3000000000000001 0.5421875
47 0.54375 0.4328125 0.475 0.4328125 0.475 0.6828125 0.54375 0.6828125
12 0.4109375 0.26406250000000003 0.359375 0.2640625 0.359375 0.30781250000000004 0.4109375 0.3078125000000001
28 0.4125 0.4609375 0.3609375000000001 0.4609375 0.3609375000000001 0.5046875 0.4125 0.5046875
58 0.46875000000000017 0.734375 0.41718750000000016 0.734375 0.41718750000000016 0.78125 0.46875000000000017 0.78125
22 0.4109375 0.15312500000000004 0.3578125 0.15312500000000004 0.3578125 0.259375 0.4109375 0.2593750000000001
20 0.2984375 0.16406250000000006 0.2515625 0.16406250000000006 0.2515625 0.2546875 0.2984375 0.2546875
33 0.4703125 0.4328125 0.4171875 0.4328125 0.4171875 0.4796875 0.4703125 0.4796875
54 0.353125 0.2796875 0.30625 0.2796875 0.30625 0.3234375 0.353125 0.3234375
40 0.46875 0.3359375000000001 0.41875 0.3359375000000001 0.41875 0.3812500000000001 0.46875 0.3812500000000001
37 0.4109375 0.31250000000000006 0.359375 0.3125 0.359375 0.35781250000000003 0.4109375 0.3578125000000001
49 0.5421875000000002 0.8375 0.4734375000000002 0.8375 0.4734375000000002 0.903125 0.5421875000000002 0.903125
56 0.3546875000000001 0.7171875 0.3046875000000001 0.7171875 0.3046875000000001 0.7609375 0.3546875000000001 0.7609375
55 0.4703125 0.584375 0.4171875 0.584375 0.4171875 0.6296875 0.4703125 0.6296875
10 0.4125000000000002 0.75625 0.3593750000000001 0.75625 0.3593750000000001 0.8015625 0.4125000000000002 0.8015625
5 0.3000000000000001 0.5953125 0.2531250000000001 0.5953125 0.2531250000000001 0.6390625 0.3000000000000001 0.6390625
4 0.3000000000000001 0.64375 0.2531250000000001 0.64375 0.2531250000000001 0.6875 0.3000000000000001 0.6875
16 0.46875 0.634375 0.4171875 0.634375 0.4171875 0.6796875 0.46875 0.6796875
18 0.46875 0.3843750000000001 0.41875 0.3843750000000001 0.41875 0.4296875 0.46875 0.4296875
30 0.5671875000000001 0.12500000000000006 0.2 0.12500000000000006 0.20000000000000004 0.9171875 0.5671875000000002 0.9171875
1 0.2984375000000001 0.7890625 0.2500000000000001 0.7890625 0.2500000000000001 0.8328125 0.2984375000000001 0.8328125
46 0.4671875 0.14687500000000003 0.415625 0.14687500000000003 0.415625 0.2812500000000001 0.4671875 0.2812500000000001
41 0.3546875000000001 0.7640625 0.3046875000000001 0.7640625 0.3046875000000001 0.8109375 0.3546875000000001 0.8109375
21 0.3546875000000001 0.66875 0.3046875000000001 0.66875 0.3046875000000001 0.7125 0.3546875000000001 0.7125
27 0.3546875000000001 0.425 0.3062500000000001 0.425 0.3062500000000001 0.46875 0.3546875000000001 0.46875
31 0.4109375 0.36250000000000004 0.3609375 0.3625 0.3609375 0.40625 0.4109375 0.40625
17 0.2968750000000001 0.8375 0.2500000000000001 0.8375 0.2500000000000001 0.88125 0.2968750000000001 0.88125
29 0.4125 0.4109375 0.3609375000000001 0.4109375 0.3609375000000001 0.45625 0.4125 0.45625
34 0.465625 0.2843750000000001 0.4171875 0.2843750000000001 0.4171875 0.3312500000000001 0.465625 0.3312500000000001
52 0.3531250000000001 0.815625 0.3031250000000001 0.815625 0.3031250000000001 0.8859375 0.3531250000000001 0.8859375
24 0.4109375 0.559375 0.3609375000000001 0.559375 0.3609375000000001 0.6046875 0.4109375 0.6046875
59 0.35625000000000007 0.521875 0.3062500000000001 0.521875 0.3062500000000001 0.565625 0.35625000000000007 0.565625
57 0.4687500000000001 0.684375 0.4171875 0.684375 0.4171875000000001 0.7296875 0.46875000000000017 0.7296875
25 0.4125 0.509375 0.3625000000000001 0.509375 0.3625000000000001 0.5546875 0.4125 0.5546875