7 0.3796875 0.31562500000000004 0.3390625 0.315625 0.3390625 0.35000000000000003 0.3796875 0.3500000000000001
53 0.4234375 0.3375000000000001 0.3859375 0.3375000000000001 0.38593750000000004 0.37187500000000007 0.4234375 0.37187500000000007
6 0.3796875 0.27343750000000006 0.3390625 0.2734375 0.3390625 0.30781250000000004 0.3796875 0.3078125000000001
43 0.490625 0.12187500000000004 0.446875 0.12187500000000004 0.446875 0.15781250000000005 0.490625 0.15781250000000005
44 0.5484375 0.0015625000000000645 0.5046875 0.0015625000000000617 0.5046875 0.03593750000000007 0.5484375 0.03593750000000007
15 0.5296875 0.2750000000000001 0.4921875 0.2750000000000001 0.4921875 0.3109375000000001 0.5296875 0.3109375000000001
28 0.475 0.3468750000000001 0.4359375 0.3468750000000001 0.4359375 0.3812500000000001 0.475 0.3812500000000001
33 0.5265625 0.3671875000000001 0.4859375 0.3671875000000001 0.4859375 0.4015625 0.5265625 0.4015625
37 0.46875 0.4796875 0.43125 0.4796875 0.43125 0.5140625 0.46875 0.5140625
14 0.5765625 0.4453125 0.5328125 0.4453125 0.5328125 0.4953125 0.5765625 0.4953125
3 0.3875 0.14531250000000004 0.346875 0.14531250000000004 0.346875 0.17968750000000006 0.3875 0.17968750000000006
35 0.5296875 0.3203125000000001 0.4890625 0.3203125000000001 0.4890625 0.35625000000000007 0.5296875 0.35625000000000007
1 0.3921875 0.059375000000000046 0.3515625 0.059375000000000046 0.3515625 0.09375000000000004 0.3921875 0.09375000000000004
48 0.3687500000000001 0.4890625 0.3312500000000001 0.4890625 0.3312500000000001 0.5203125 0.3687500000000001 0.5203125
45 0.496875 5.817072295949927e-17 0.453125 5.5491808086364444e-17 0.453125 0.06875000000000006 0.496875 0.06875000000000006
52 0.44375 0.007812500000000052 0.4046875 0.00781250000000005 0.4046875 0.06718750000000004 0.44375 0.06718750000000004
56 0.4390625 0.11875000000000005 0.3984375 0.11875000000000005 0.3984375 0.15312500000000004 0.4390625 0.15312500000000004
24 0.478125 0.2562500000000001 0.440625 0.2562500000000001 0.440625 0.2906250000000001 0.478125 0.2906250000000001
19 0.4859375 0.16718750000000004 0.4453125 0.16718750000000004 0.4453125 0.2015625000000001 0.4859375 0.2015625000000001
0 0.3750000000000001 0.4453125 0.3312500000000001 0.4453125 0.3312500000000001 0.4796875 0.3750000000000001 0.4796875
30 0.6671875 5.606586127346478e-17 0.2484375 3.042481891631706e-17 0.24843750000000003 1 0.6671875000000002 1
16 0.5359375 0.18125000000000005 0.4953125 0.18125000000000005 0.4953125 0.21875000000000008 0.5359375 0.21875000000000008
38 0.41875 0.4671875 0.3812500000000001 0.4671875 0.3812500000000001 0.5 0.41875 0.5
22 0.4625 0.5921875 0.3687500000000001 0.5921875 0.3687500000000001 0.65625 0.4625 0.65625
39 0.4140625 0.5515625 0.3734375000000001 0.5515625 0.3734375000000001 0.5859375 0.4140625 0.5859375
9 0.3765625000000001 0.403125 0.33281250000000007 0.403125 0.33281250000000007 0.4375 0.3765625000000001 0.4375
42 0.43125 0.2062500000000001 0.39375 0.2062500000000001 0.39375 0.2406250000000001 0.43125 0.2406250000000001
4 0.384375 0.18906250000000005 0.3453125 0.18906250000000005 0.3453125 0.22187500000000004 0.384375 0.2218750000000001
8 0.37968750000000007 0.35937500000000006 0.3359375 0.359375 0.33593750000000006 0.39375000000000004 0.37968750000000007 0.3937500000000001
58 0.540625 0.08906250000000007 0.503125 0.08906250000000007 0.503125 0.12656250000000005 0.540625 0.12656250000000005
46 0.5125 0.5453125 0.4703125 0.5453125 0.4703125 0.6625 0.5125 0.6625
41 0.4390625 0.07343750000000004 0.4 0.07343750000000004 0.4 0.11250000000000004 0.4390625 0.11250000000000004
34 0.5171875 0.503125 0.4796875 0.503125 0.4796875 0.5375 0.5171875 0.5375
50 0.571875 0.615625 0.521875 0.615625 0.521875 0.671875 0.571875 0.671875
29 0.471875 0.3906250000000001 0.434375 0.3906250000000001 0.434375 0.425 0.471875 0.425
5 0.384375 0.23125000000000004 0.34375 0.23125 0.34375 0.26562500000000006 0.384375 0.2656250000000001
32 0.5453125 0.042187500000000065 0.503125 0.042187500000000065 0.503125 0.08281250000000007 0.5453125 0.08281250000000007
2 0.3890625 0.10156250000000004 0.3484375 0.10156250000000004 0.3484375 0.13593750000000004 0.3890625 0.13593750000000004
31 0.471875 0.434375 0.4328125 0.434375 0.4328125 0.46875 0.471875 0.46875
23 0.48125 0.21093750000000008 0.440625 0.21093750000000008 0.440625 0.2453125000000001 0.48125 0.2453125000000001
11 0.3656250000000001 0.5296875 0.3281250000000001 0.5296875 0.3281250000000001 0.5609375 0.3656250000000001 0.5609375
20 0.3625000000000001 0.5703125 0.3218750000000001 0.5703125 0.3218750000000001 0.6453125 0.3625000000000001 0.6453125
55 0.53125 0.2296875000000001 0.49375 0.2296875000000001 0.49375 0.2656250000000001 0.53125 0.2656250000000001
59 0.428125 0.29375000000000007 0.390625 0.29375000000000007 0.390625 0.3281250000000001 0.428125 0.3281250000000001
18 0.521875 0.4140625 0.484375 0.4140625 0.484375 0.446875 0.521875 0.446875
51 0.4296875 0.2500000000000001 0.3921875 0.2500000000000001 0.3921875 0.2843750000000001 0.4296875 0.2843750000000001
57 0.540625 0.13750000000000004 0.5 0.13750000000000004 0.5 0.17500000000000004 0.540625 0.17500000000000004
26 0.4640625 0.565625 0.4234375 0.565625 0.4234375 0.6 0.4640625 0.6
13 0.6 0.09218750000000006 0.553125 0.09218750000000006 0.553125 0.1453125000000001 0.6 0.1453125000000001
47 0.621875 0.15312500000000007 0.5375 0.15312500000000004 0.5375 0.4390625 0.621875 0.4390625
21 0.4359375 0.16250000000000003 0.396875 0.16250000000000003 0.396875 0.19687500000000005 0.4359375 0.19687500000000005
49 0.6046875 7.137394626280668e-17 0.5609375 6.869503138967185e-17 0.5609375 0.028125000000000074 0.6046875 0.028125000000000077
54 0.415625 0.509375 0.3781250000000001 0.509375 0.3781250000000001 0.54375 0.415625 0.54375
10 0.490625 0.07500000000000005 0.4484375 0.07500000000000004 0.4484375 0.11406250000000004 0.490625 0.11406250000000004
36 0.421875 0.4234375 0.3843750000000001 0.4234375 0.3843750000000001 0.4578125 0.421875 0.4578125
27 0.4234375 0.3812500000000001 0.3859375000000001 0.3812500000000001 0.3859375000000001 0.4140625 0.4234375 0.4140625
12 0.4671875 0.5234375 0.4265625 0.5234375 0.4265625 0.5578125 0.4671875 0.5578125
40 0.51875 0.459375 0.48125 0.459375 0.48125 0.4921875 0.51875 0.4921875
17 0.39375 0.017187500000000046 0.353125 0.017187500000000043 0.353125 0.051562500000000046 0.39375 0.051562500000000046
25 0.478125 0.30156250000000007 0.4375 0.30156250000000007 0.4375 0.3359375000000001 0.478125 0.3359375000000001