31 0.4328125 0.5390625 0.3046875000000001 0.5390625 0.3046875000000001 0.5734375 0.4328125 0.5734375
50 0.13125000000000003 0.340625 0.006250000000000042 0.340625 0.006250000000000045 0.390625 0.13125000000000003 0.390625
36 0.5796875 0.55 0.4546875 0.55 0.4546875 0.584375 0.5796875 0.584375
32 0.28593750000000007 0.9421875 0.15781250000000013 0.9421875 0.15781250000000013 0.9796875 0.28593750000000007 0.9796875
37 0.4328125 0.49375 0.3046875000000001 0.49375 0.3046875000000001 0.528125 0.4328125 0.528125
15 0.28593750000000007 0.703125 0.15781250000000008 0.703125 0.15781250000000008 0.740625 0.28593750000000007 0.740625
34 0.2812500000000001 0.4671875 0.15625000000000006 0.4671875 0.15625000000000006 0.5046875 0.2812500000000001 0.5046875
38 0.5796875 0.5046875 0.4546875 0.5046875 0.4546875 0.5390625 0.5796875 0.5390625
33 0.28593750000000007 0.6078125 0.1515625000000001 0.6078125 0.1515625000000001 0.6453125 0.28593750000000007 0.6453125
8 0.73125 0.6203125 0.60625 0.6203125 0.60625 0.6578125000000001 0.73125 0.6578125000000001
58 0.2812500000000001 0.89375 0.1625000000000001 0.89375 0.16250000000000012 0.9296875 0.2812500000000001 0.9296875
40 0.2843750000000001 0.515625 0.16250000000000003 0.515625 0.16250000000000006 0.5515625 0.2843750000000001 0.5515625
19 0.4312500000000002 0.8234375 0.30937500000000007 0.8234375 0.30937500000000007 0.8578125 0.4312500000000002 0.8578125
56 0.5796875000000001 0.8828125 0.46093750000000017 0.8828125 0.46093750000000017 0.9171875 0.5796875000000001 0.9171875
42 0.5812500000000002 0.7875 0.4593750000000002 0.7875 0.4593750000000002 0.821875 0.5812500000000002 0.821875
4 0.7328125000000002 0.8140625 0.6109375000000001 0.8140625 0.6109375000000001 0.8484375 0.7328125000000002 0.8484375
57 0.2828125000000001 0.8453125 0.1609375000000001 0.8453125 0.1609375000000001 0.8796875 0.2828125000000001 0.8796875
18 0.2843750000000001 0.5609375 0.15625000000000008 0.5609375 0.15625000000000008 0.5953125 0.2843750000000001 0.5953125
20 0.7234375 0.34062500000000007 0.5984375 0.34062500000000007 0.5984375 0.421875 0.7234375 0.421875
25 0.4328125 0.6796875 0.3046875000000001 0.6796875 0.3046875000000001 0.715625 0.4328125 0.715625
49 0.13593750000000013 0.9890625 0.014062500000000122 0.9890625 0.014062500000000122 1 0.13593750000000013 1
11 0.7234375 0.4328125 0.6015625 0.4328125 0.6015625 0.4703125 0.7234375 0.4703125
45 0.4359375000000002 0.965625 0.3078125000000001 0.965625 0.3078125000000001 1 0.4359375000000002 1
12 0.4265625 0.44375 0.3046875000000001 0.44375 0.3046875000000001 0.48125 0.4265625 0.48125
46 0.27656250000000004 0.340625 0.15468750000000003 0.340625 0.15468750000000003 0.4578125 0.2765625000000001 0.4578125
3 0.7343750000000002 0.8609375 0.6093750000000002 0.8609375 0.6093750000000002 0.896875 0.7343750000000002 0.896875
44 0.28593750000000007 0.9890625 0.16093750000000012 0.9890625 0.16093750000000012 1 0.28593750000000007 1
24 0.4312500000000002 0.728125 0.3062500000000001 0.728125 0.3062500000000001 0.7625 0.4312500000000002 0.7625
14 0.13750000000000007 0.5140625 0.012500000000000061 0.5140625 0.012500000000000063 0.565625 0.1375000000000001 0.565625
43 0.4343750000000002 0.871875 0.3062500000000001 0.871875 0.3062500000000001 0.90625 0.4343750000000002 0.90625
16 0.2843750000000001 0.7984375 0.1593750000000001 0.7984375 0.1593750000000001 0.8328125 0.2843750000000001 0.8328125
41 0.5843750000000002 0.9296875 0.4593750000000002 0.9296875 0.4593750000000002 0.9671875 0.5843750000000002 0.9671875
1 0.7359375000000001 0.9578125 0.6140625000000002 0.9578125 0.6140625000000002 0.99375 0.7359375000000001 0.99375
55 0.28593750000000007 0.7515625 0.16406250000000008 0.7515625 0.16406250000000008 0.7859375 0.28593750000000007 0.7859375
59 0.58125 0.6921875 0.45625 0.6921875 0.4562500000000001 0.7265625 0.5812500000000002 0.7265625
0 0.73125 0.5265625 0.60625 0.5265625 0.60625 0.5640625000000001 0.73125 0.5640625000000001
5 0.7312500000000002 0.7656250000000001 0.6093750000000002 0.765625 0.6093750000000002 0.8 0.7312500000000002 0.8
30 0.9296875 5.702261658529863e-17 0.0015625 1.9135106236677395e-19 0.001562500000000061 1 0.9296875 1
52 0.5859375000000002 0.9796875 0.46406250000000016 0.9796875 0.46406250000000016 1 0.5859375000000002 1
51 0.5828125000000002 0.7390625 0.46093750000000017 0.7390625 0.46093750000000017 0.7734375 0.5828125000000002 0.7734375
22 0.578125 0.34062500000000007 0.296875 0.340625 0.29687500000000006 0.4015625 0.578125 0.4015625
9 0.7296875 0.5718750000000001 0.6015625 0.571875 0.6015625 0.6093750000000001 0.7296875 0.6093750000000002
6 0.7296875 0.7171875000000001 0.6078125 0.7171875 0.6078125000000001 0.7515625000000001 0.7296875000000002 0.7515625000000001
35 0.2843750000000001 0.65625 0.15625000000000008 0.65625 0.15625000000000008 0.690625 0.2843750000000001 0.690625
48 0.728125 0.4796875000000001 0.6 0.4796875 0.6 0.5171875000000001 0.728125 0.5171875000000001
47 0.13281250000000008 0.571875 0.010937500000000069 0.571875 0.010937500000000088 0.8625 0.13281250000000008 0.8625
54 0.578125 0.4578125 0.459375 0.4578125 0.459375 0.4921875 0.578125 0.4921875
29 0.4328125 0.5859375 0.3046875000000001 0.5859375 0.3046875000000001 0.6203125 0.4328125 0.6203125
21 0.5812500000000002 0.8359375 0.45625000000000016 0.8359375 0.45625000000000016 0.8703125 0.5812500000000002 0.8703125
26 0.4296875 0.4 0.2984375000000001 0.4 0.2984375000000001 0.4375 0.4296875 0.4375
7 0.7296875 0.6703125000000001 0.6078125 0.6703125 0.6078125 0.7046875000000001 0.7296875 0.7046875000000001
2 0.7328125000000002 0.909375 0.6109375000000001 0.909375 0.6109375000000001 0.94375 0.7328125000000002 0.94375
28 0.434375 0.6328125 0.30937500000000007 0.6328125 0.30937500000000007 0.6671875 0.434375 0.6671875
27 0.5796875 0.5953125 0.4578125 0.5953125 0.4578125 0.63125 0.5796875 0.63125
10 0.43281250000000016 0.91875 0.3109375000000001 0.91875 0.3109375000000001 0.953125 0.43281250000000016 0.953125
13 0.13750000000000012 0.86875 0.012500000000000105 0.86875 0.012500000000000108 0.9171875 0.13750000000000012 0.9171875
23 0.4312500000000002 0.775 0.30937500000000007 0.775 0.30937500000000007 0.809375 0.4312500000000002 0.809375
53 0.5796875 0.64375 0.4578125 0.64375 0.4578125 0.678125 0.5796875 0.678125
39 0.575 0.409375 0.45 0.409375 0.45 0.446875 0.575 0.446875