32 0.10781250000000009 0.7296875 0.0750000000000001 0.7296875 0.0750000000000001 0.8171875 0.10781250000000009 0.8171875
38 0.5390625 0.4984375 0.50625 0.4984375 0.50625 0.584375 0.5390625 0.584375
27 0.446875 0.5 0.415625 0.5 0.415625 0.5859375 0.446875 0.5859375
22 0.6984375 0.49375 0.6421875 0.49375 0.6421875 0.6921875 0.6984375 0.6921875
33 0.4375000000000001 0.7140625 0.403125 0.7140625 0.40312500000000007 0.80625 0.43750000000000017 0.80625
52 0.07343750000000007 0.5109375 0.01718750000000006 0.5109375 0.017187500000000067 0.6015625 0.07343750000000007 0.6015625
42 0.26250000000000007 0.5078125 0.2296875000000001 0.5078125 0.2296875000000001 0.5953125 0.26250000000000007 0.5953125
35 0.3906250000000001 0.715625 0.3578125000000001 0.715625 0.3578125000000001 0.8078125 0.3906250000000001 0.8078125
41 0.12187500000000007 0.5125 0.08750000000000006 0.5125 0.08750000000000006 0.6015625 0.1218750000000001 0.6015625
56 0.16718750000000007 0.5109375 0.13437500000000005 0.5109375 0.13437500000000008 0.5984375 0.1671875000000001 0.5984375
3 0.19062500000000004 0.4046875 0.15781250000000005 0.4046875 0.15781250000000005 0.490625 0.19062500000000004 0.490625
4 0.2390625000000001 0.403125 0.20312500000000008 0.403125 0.20312500000000008 0.4953125 0.2390625000000001 0.4953125
25 0.3671875000000001 0.6078125 0.3343750000000001 0.6078125 0.3343750000000001 0.6984375 0.3671875000000001 0.6984375
54 0.584375 0.496875 0.5515625 0.496875 0.5515625 0.584375 0.584375 0.584375
0 0.515625 0.3937500000000001 0.4828125 0.3937500000000001 0.4828125 0.4828125 0.515625 0.4828125
18 0.4828125000000001 0.7140625 0.45 0.7140625 0.45000000000000007 0.803125 0.4828125000000002 0.803125
14 0.5296875000000002 0.8171875 0.4828125000000002 0.8171875 0.4828125000000002 0.9125 0.5296875000000002 0.9125
59 0.35625000000000007 0.503125 0.32500000000000007 0.503125 0.32500000000000007 0.590625 0.35625000000000007 0.590625
5 0.28593750000000007 0.4 0.2500000000000001 0.4 0.2500000000000001 0.4921875 0.28593750000000007 0.4921875
39 0.6296875 0.496875 0.5953125 0.496875 0.5953125 0.584375 0.6296875 0.584375
43 0.18125000000000008 0.615625 0.1468750000000001 0.615625 0.1468750000000001 0.70625 0.18125000000000008 0.70625
17 0.04843750000000005 0.403125 0.01562500000000005 0.403125 0.015625000000000056 0.490625 0.04843750000000006 0.490625
24 0.3218750000000001 0.6078125 0.2875000000000001 0.6078125 0.2875000000000001 0.7 0.3218750000000001 0.7
47 0.47187500000000016 0.825 0.1906250000000001 0.825 0.1906250000000001 0.925 0.47187500000000016 0.925
12 0.5953125 0.603125 0.5640625 0.603125 0.5640625 0.6921875 0.5953125 0.6921875
46 0.7000000000000001 0.7078125 0.5875 0.7078125 0.5875000000000001 0.7953125 0.7000000000000002 0.7953125
7 0.37968750000000007 0.39531250000000007 0.3437500000000001 0.3953125 0.3437500000000001 0.4921875 0.37968750000000007 0.4921875
16 0.2515625000000001 0.721875 0.2171875000000001 0.721875 0.2171875000000001 0.8140625 0.2515625000000001 0.8140625
34 0.5750000000000001 0.7109375 0.5421875 0.7109375 0.5421875 0.796875 0.5750000000000002 0.796875
23 0.2734375000000001 0.609375 0.2406250000000001 0.609375 0.2406250000000001 0.7 0.2734375000000001 0.7
6 0.33281250000000007 0.3953125 0.2968750000000001 0.3953125 0.2968750000000001 0.4875 0.33281250000000007 0.4875
36 0.49375 0.5 0.4609375 0.5 0.4609375 0.5875 0.49375 0.5875
26 0.640625 0.6015625 0.609375 0.6015625 0.609375 0.690625 0.640625 0.690625
29 0.459375 0.60625 0.4265625 0.60625 0.4265625 0.6953125 0.459375 0.6953125
9 0.471875 0.3906250000000001 0.4359375 0.3906250000000001 0.4359375 0.4859375 0.471875 0.4859375
44 0.0625000000000001 0.7296875 0.01562500000000009 0.7296875 0.015625000000000094 0.81875 0.06250000000000011 0.81875
40 0.5281250000000001 0.7125 0.496875 0.7125 0.49687500000000007 0.7984375 0.5281250000000002 0.7984375
19 0.22656250000000008 0.6140625 0.1937500000000001 0.6140625 0.1937500000000001 0.7046875 0.22656250000000008 0.7046875
2 0.14375000000000004 0.4 0.11093750000000005 0.4 0.11093750000000005 0.4921875 0.14375000000000004 0.4921875
49 0.06093750000000011 0.840625 0.015625000000000104 0.840625 0.01562500000000011 0.9296875 0.06093750000000011 0.9296875
21 0.2156250000000001 0.509375 0.18281250000000004 0.509375 0.18281250000000007 0.5984375 0.2156250000000001 0.5984375
48 0.5609375 0.3921875000000001 0.528125 0.3921875000000001 0.528125 0.48125 0.5609375 0.48125
37 0.5515625 0.6046875 0.51875 0.6046875 0.51875 0.69375 0.5515625 0.69375
13 0.1796875000000001 0.840625 0.13437500000000008 0.840625 0.1343750000000001 0.9296875 0.17968750000000014 0.9296875
10 0.13281250000000008 0.615625 0.10000000000000009 0.615625 0.10000000000000009 0.7078125 0.13281250000000008 0.7078125
57 0.20312500000000008 0.7234375 0.1703125000000001 0.7234375 0.1703125000000001 0.8125 0.20312500000000008 0.8125
58 0.15625000000000008 0.7265625 0.12343750000000009 0.7265625 0.12343750000000009 0.815625 0.15625000000000008 0.815625
55 0.2984375000000001 0.7203125 0.2640625000000001 0.7203125 0.2640625000000001 0.809375 0.2984375000000001 0.809375
51 0.3078125000000001 0.5046875 0.2765625000000001 0.5046875 0.2765625000000001 0.590625 0.3078125000000001 0.590625
11 0.60625 0.3890625000000001 0.5734375 0.3890625000000001 0.5734375 0.4765625 0.60625 0.4765625
8 0.4265625 0.3906250000000001 0.3906250000000001 0.3906250000000001 0.3906250000000001 0.4859375 0.4265625 0.4859375
20 0.696875 0.3843750000000001 0.61875 0.3843750000000001 0.61875 0.475 0.696875 0.475
15 0.3437500000000001 0.715625 0.3109375000000001 0.715625 0.3109375000000001 0.8078125 0.3437500000000001 0.8078125
53 0.4015625 0.5 0.3687500000000001 0.5 0.3687500000000001 0.5875 0.4015625 0.5875
50 0.7015625000000002 0.8109375 0.6562500000000002 0.8109375 0.6562500000000002 0.9078125 0.7015625000000002 0.9078125
31 0.5046875 0.6046875 0.471875 0.6046875 0.471875 0.69375 0.5046875 0.69375
28 0.4140625 0.60625 0.3812500000000001 0.60625 0.3812500000000001 0.6953125 0.4140625 0.6953125
1 0.09687500000000006 0.403125 0.06250000000000004 0.403125 0.06250000000000006 0.49375 0.09687500000000007 0.49375
30 1 0.19531250000000006 0.004687500000000023 0.1953125 0.004687500000000072 0.984375 1 0.984375
45 0.08593750000000008 0.615625 0.017187500000000078 0.615625 0.017187500000000085 0.7109375 0.08593750000000008 0.7109375