24 0.4359375 0.4734375 0.3859375000000001 0.4734375 0.3859375000000001 0.540625 0.4359375 0.540625
43 0.2640625000000001 0.4765625 0.21250000000000008 0.4765625 0.21250000000000008 0.540625 0.2640625000000001 0.540625
0 0.66875 0.3359375000000001 0.6203125 0.3359375000000001 0.6203125 0.3984375000000001 0.66875 0.3984375000000001
12 0.7703125 0.47343750000000007 0.7203125 0.4734375 0.7203125 0.5375000000000001 0.7703125 0.5375000000000002
18 0.6328125 0.546875 0.58125 0.546875 0.58125 0.6125 0.6328125 0.6125
6 0.4515625 0.33281250000000007 0.4015625 0.33281250000000007 0.4015625 0.3968750000000001 0.4515625 0.3968750000000001
33 0.578125 0.5453125 0.5265625 0.5453125 0.5265625 0.6140625 0.578125 0.6140625
38 0.6984375 0.4046875 0.65 0.4046875 0.65 0.4671875 0.6984375 0.4671875
4 0.33906250000000004 0.33125 0.2890625 0.33125 0.28906250000000006 0.3953125 0.3390625000000001 0.3953125
8 0.5609375 0.3343750000000001 0.5109375 0.3343750000000001 0.5109375 0.3984375000000001 0.5609375 0.3984375000000001
9 0.615625 0.3343750000000001 0.565625 0.3343750000000001 0.565625 0.3984375000000001 0.615625 0.3984375000000001
2 0.22656250000000006 0.33125 0.17500000000000004 0.33125 0.17500000000000004 0.396875 0.22656250000000008 0.396875
44 0.1750000000000001 0.5484375 0.048437500000000064 0.5484375 0.04843750000000007 0.61875 0.1750000000000001 0.61875
40 0.6890625 0.546875 0.6375 0.546875 0.6375 0.6125 0.6890625 0.6125
3 0.2828125 0.33125 0.23125 0.33125 0.23125000000000004 0.396875 0.2828125000000001 0.396875
13 0.2171875000000001 0.6234375 0.1625000000000001 0.6234375 0.1625000000000001 0.7078125 0.2171875000000001 0.7078125
52 0.13750000000000004 0.4015625 0.05625000000000004 0.4015625 0.05625000000000006 0.46875 0.13750000000000004 0.46875
15 0.465625 0.5453125 0.4140625 0.5453125 0.4140625 0.6140625 0.465625 0.6140625
16 0.3515625000000001 0.546875 0.2984375000000001 0.546875 0.2984375000000001 0.615625 0.3515625000000001 0.615625
59 0.478125 0.403125 0.428125 0.403125 0.428125 0.46875 0.478125 0.46875
20 0.8578125 0.3359375000000001 0.784375 0.3359375000000001 0.784375 0.3968750000000001 0.8578125 0.3968750000000001
37 0.7140625 0.475 0.6640625 0.475 0.6640625 0.5390625 0.7140625 0.5390625
30 0.9015625 0.24062500000000003 0.021875000000000026 0.240625 0.021875000000000058 0.7453125 0.9015625 0.7453125000000002
19 0.3234375000000001 0.475 0.27031250000000007 0.475 0.27031250000000007 0.5421875 0.3234375000000001 0.5421875
31 0.6578125 0.475 0.609375 0.475 0.609375 0.540625 0.6578125 0.540625
53 0.534375 0.403125 0.484375 0.403125 0.484375 0.46875 0.534375 0.46875
1 0.16875000000000004 0.3328125 0.11875000000000005 0.3328125 0.11875000000000005 0.396875 0.16875000000000004 0.396875
35 0.521875 0.5453125 0.4703125 0.5453125 0.4703125 0.6140625 0.521875 0.6140625
25 0.4921875 0.475 0.4421875 0.475 0.4421875 0.540625 0.4921875 0.540625
57 0.2921875000000001 0.5484375 0.2406250000000001 0.5484375 0.2406250000000001 0.6171875 0.2921875000000001 0.6171875
51 0.4234375 0.403125 0.37187500000000007 0.403125 0.37187500000000007 0.46875 0.4234375 0.46875
27 0.5890625 0.403125 0.540625 0.403125 0.540625 0.46875 0.5890625 0.46875
41 0.19687500000000005 0.4015625 0.14375000000000004 0.4015625 0.14375000000000004 0.4703125 0.19687500000000005 0.4703125
21 0.3109375000000001 0.4015625 0.2578125000000001 0.4015625 0.2578125000000001 0.4703125 0.3109375000000001 0.4703125
5 0.39531250000000007 0.33281250000000007 0.3453125 0.3328125 0.3453125 0.39687500000000003 0.39531250000000007 0.3968750000000001
42 0.3671875000000001 0.403125 0.3156250000000001 0.403125 0.3156250000000001 0.46875 0.3671875000000001 0.46875
23 0.37968750000000007 0.475 0.3296875000000001 0.475 0.3296875000000001 0.540625 0.37968750000000007 0.540625
54 0.7546875 0.4046875000000001 0.703125 0.4046875 0.703125 0.4687500000000001 0.7546875 0.46875000000000017
49 0.1593750000000001 0.6234375 0.10312500000000009 0.6234375 0.10312500000000009 0.7078125 0.1593750000000001 0.7078125
55 0.4078125 0.5484375 0.35625000000000007 0.5484375 0.35625000000000007 0.6140625 0.4078125 0.6140625
47 0.571875 0.61875 0.2984375000000001 0.61875 0.2984375000000001 0.7015625 0.571875 0.7015625
39 0.8078125 0.4031250000000002 0.759375 0.4031250000000002 0.759375 0.4671875000000002 0.8078125 0.4671875000000002
56 0.2531250000000001 0.4 0.2015625000000001 0.4 0.2015625000000001 0.4671875 0.2531250000000001 0.4671875
28 0.546875 0.4734375 0.496875 0.4734375 0.496875 0.540625 0.546875 0.540625
36 0.64375 0.403125 0.59375 0.403125 0.59375 0.46875 0.64375 0.46875
58 0.23437500000000008 0.5484375 0.18125000000000008 0.5484375 0.18125000000000008 0.6171875 0.23437500000000008 0.6171875
7 0.50625 0.3343750000000001 0.4578125 0.3343750000000001 0.4578125 0.3968750000000001 0.50625 0.3968750000000001
10 0.2062500000000001 0.475 0.15468750000000003 0.475 0.15468750000000003 0.5421875 0.2062500000000001 0.5421875
34 0.746875 0.5468750000000001 0.69375 0.546875 0.69375 0.6125 0.746875 0.6125000000000002
45 0.14843750000000006 0.475 0.05312500000000007 0.475 0.05312500000000007 0.5421875 0.14843750000000006 0.5421875
29 0.603125 0.4734375 0.5546875 0.4734375 0.5546875 0.5390625 0.603125 0.5390625
22 0.865625 0.4734375000000002 0.7765625 0.4734375000000002 0.7765625 0.5375000000000002 0.865625 0.5375000000000002
17 0.11250000000000004 0.33125 0.06093750000000005 0.33125 0.06093750000000005 0.3953125 0.11250000000000004 0.3953125
48 0.7234375 0.3343750000000001 0.675 0.3343750000000001 0.675 0.3968750000000001 0.7234375 0.3968750000000001
26 0.8625 0.4046875000000002 0.8140625 0.4046875000000002 0.8140625 0.4671875000000002 0.8625 0.4671875000000002
11 0.778125 0.3343750000000001 0.7296875 0.3343750000000001 0.7296875 0.3968750000000001 0.778125 0.3968750000000001
46 0.86875 0.5453125000000002 0.7515625 0.5453125000000002 0.7515625 0.6109375000000001 0.86875 0.6109375000000001
14 0.703125 0.615625 0.6484375 0.615625 0.6484375 0.6984375 0.703125 0.6984375