2 0.5593750000000002 0.8515625 0.5187500000000002 0.8515625 0.5187500000000002 0.8921875 0.5593750000000002 0.8921875
49 0.3921875000000001 0.9109375 0.3515625000000001 0.9109375 0.3515625000000001 0.9796875 0.3921875000000001 0.9796875
37 0.475 0.4921875 0.4375 0.4921875 0.4375 0.5296875 0.475 0.5296875
27 0.5171875 0.5859375 0.4828125 0.5859375 0.4828125 0.6203125 0.5171875 0.6203125
40 0.434375 0.5125 0.3984375000000001 0.5125 0.3984375000000001 0.55 0.434375 0.55
14 0.3937500000000001 0.5140625 0.3531250000000001 0.5140625 0.3531250000000001 0.5765625 0.3937500000000001 0.5765625
17 0.5578125000000002 0.9359375 0.5203125000000002 0.9359375 0.5203125000000002 0.9734375 0.5578125000000002 0.9734375
44 0.4359375000000002 0.9265625 0.39531250000000007 0.9265625 0.39531250000000007 0.9765625 0.4359375000000002 0.9765625
15 0.4359375 0.678125 0.3984375000000001 0.678125 0.3984375000000001 0.715625 0.4359375 0.715625
24 0.4765625000000001 0.7 0.440625 0.7 0.4406250000000001 0.7375 0.47656250000000017 0.7375
38 0.5171875 0.503125 0.48125 0.503125 0.48125 0.540625 0.5171875 0.540625
7 0.559375 0.6453125 0.51875 0.6453125 0.51875 0.684375 0.559375 0.684375
45 0.47656250000000017 0.90625 0.4390625000000002 0.90625 0.4390625000000002 0.9734375 0.47656250000000017 0.9734375
9 0.559375 0.5625 0.51875 0.5625 0.51875 0.6015625 0.559375 0.6015625
55 0.43437500000000007 0.7203125 0.3984375000000001 0.7203125 0.3984375000000001 0.75625 0.4343750000000002 0.75625
1 0.5593750000000002 0.8953125 0.5187500000000002 0.8953125 0.5187500000000002 0.9328125 0.5593750000000002 0.9328125
29 0.4765625 0.575 0.4390625 0.575 0.4390625 0.6109375 0.4765625 0.6109375
19 0.4750000000000002 0.784375 0.4390625000000002 0.784375 0.4390625000000002 0.81875 0.4750000000000002 0.81875
18 0.4359375 0.5515625 0.39531250000000007 0.5515625 0.39531250000000007 0.5921875 0.4359375 0.5921875
0 0.559375 0.5203125 0.51875 0.5203125 0.51875 0.5609375 0.559375 0.5609375
56 0.5171875000000001 0.834375 0.4812500000000002 0.834375 0.4812500000000002 0.8703125 0.5171875000000001 0.8703125
46 0.4359375 0.3531250000000001 0.3953125 0.3531250000000001 0.39531250000000007 0.4671875 0.4359375 0.4671875
32 0.4359375000000002 0.884375 0.39531250000000007 0.884375 0.39531250000000007 0.9234375 0.4359375000000002 0.9234375
35 0.434375 0.6375 0.3968750000000001 0.6375 0.3968750000000001 0.675 0.434375 0.675
30 0.6578125000000001 5.893612720896638e-17 0.3046875 3.731345716152092e-17 0.30468750000000006 1 0.6578125000000001 1
54 0.5171875 0.4609375 0.4796875 0.4609375 0.4796875 0.4984375 0.5171875 0.4984375
4 0.5593750000000002 0.7703125 0.5187500000000002 0.7703125 0.5187500000000002 0.8078125 0.5593750000000002 0.8078125
34 0.434375 0.471875 0.3968750000000001 0.471875 0.3968750000000001 0.509375 0.434375 0.509375
28 0.4765625 0.615625 0.4390625 0.615625 0.4390625 0.653125 0.4765625 0.653125
8 0.5578125 0.603125 0.5171875 0.603125 0.5171875 0.64375 0.5578125 0.64375
12 0.475 0.45 0.4375 0.45 0.4375 0.4875 0.475 0.4875
25 0.475 0.6578125 0.440625 0.6578125 0.440625 0.69375 0.475 0.69375
26 0.4765625 0.409375 0.4359375 0.409375 0.4359375 0.446875 0.4765625 0.446875
47 0.39531250000000007 0.578125 0.3515625000000001 0.578125 0.3515625000000001 0.78125 0.39531250000000007 0.78125
21 0.5171875000000001 0.7921875 0.47968750000000016 0.7921875 0.47968750000000016 0.8296875 0.5171875000000001 0.8296875
5 0.5593750000000002 0.728125 0.5187500000000002 0.728125 0.5187500000000002 0.7671875 0.5593750000000002 0.7671875
36 0.5171875 0.54375 0.48125 0.54375 0.48125 0.58125 0.5171875 0.58125
43 0.47656250000000017 0.8234375 0.4390625000000002 0.8234375 0.4390625000000002 0.8609375 0.47656250000000017 0.8609375
3 0.5593750000000002 0.809375 0.5187500000000002 0.809375 0.5187500000000002 0.85 0.5593750000000002 0.85
6 0.5593750000000001 0.6859375 0.51875 0.6859375 0.51875 0.7265625 0.5593750000000002 0.7265625
39 0.5171875 0.41875 0.4765625 0.41875 0.4765625 0.45625 0.5171875 0.45625
52 0.5171875000000001 0.9171875 0.47968750000000016 0.9171875 0.47968750000000016 0.9734375 0.5171875000000001 0.9734375
20 0.559375 0.35625000000000007 0.51875 0.35625000000000007 0.51875 0.4359375 0.559375 0.4359375
58 0.4343750000000002 0.84375 0.3968750000000001 0.84375 0.3968750000000001 0.88125 0.4343750000000002 0.88125
48 0.559375 0.48125 0.51875 0.48125 0.51875 0.51875 0.559375 0.51875
22 0.5203125 0.35625000000000007 0.4359375 0.35625000000000007 0.4359375 0.415625 0.5203125 0.415625
57 0.4343750000000002 0.8015625 0.3968750000000001 0.8015625 0.3968750000000001 0.8390625 0.4343750000000002 0.8390625
23 0.4750000000000002 0.7421875 0.4390625000000002 0.7421875 0.4390625000000002 0.7765625 0.4750000000000002 0.7765625
41 0.5171875000000001 0.871875 0.47656250000000017 0.871875 0.47656250000000017 0.9125 0.5171875000000001 0.9125
42 0.5171875000000001 0.75 0.47968750000000016 0.75 0.47968750000000016 0.7890625 0.5171875000000001 0.7890625
13 0.39531250000000007 0.784375 0.3531250000000001 0.784375 0.3531250000000001 0.846875 0.39531250000000007 0.846875
33 0.4359375 0.59375 0.39531250000000007 0.59375 0.39531250000000007 0.6328125 0.4359375 0.6328125
51 0.5171875000000001 0.7109375 0.48125 0.7109375 0.48125000000000007 0.7453125 0.5171875000000001 0.7453125
59 0.515625 0.6703125 0.48125 0.6703125 0.48125 0.7046875 0.515625 0.7046875
10 0.4750000000000002 0.8640625 0.4359375000000002 0.8640625 0.4359375000000002 0.9015625 0.4750000000000002 0.9015625
31 0.4765625 0.534375 0.4390625 0.534375 0.4390625 0.5703125 0.4765625 0.5703125
11 0.5578125 0.440625 0.51875 0.440625 0.51875 0.478125 0.5578125 0.478125
50 0.39375000000000004 0.353125 0.353125 0.353125 0.353125 0.409375 0.3937500000000001 0.409375
16 0.4343750000000002 0.7609375 0.3984375000000001 0.7609375 0.3984375000000001 0.7984375 0.4343750000000002 0.7984375
53 0.5171875 0.6265625 0.48125 0.6265625 0.48125 0.6625 0.5171875 0.6625