52 1 0.3218750000000001 0.9453125 0.3218750000000001 0.9453125 0.38750000000000007 1 0.38750000000000007
17 1 0.24375000000000008 0.9625 0.24375000000000008 0.9625 0.31718750000000007 1 0.31718750000000007
49 1 0.5562500000000001 0.93125 0.5562500000000001 0.93125 0.6265625000000001 1 0.6265625000000001
45 1 0.40156250000000016 0.93125 0.40156250000000016 0.93125 0.4671875000000002 1 0.4671875000000002
28 0.6578125 0.3906250000000001 0.6234375 0.3906250000000001 0.6234375 0.4546875 0.6578125 0.4546875
57 0.853125 0.4750000000000002 0.81875 0.4750000000000002 0.81875 0.5390625000000002 0.853125 0.5390625000000002
25 0.7 0.3937500000000001 0.665625 0.3937500000000001 0.665625 0.453125 0.7 0.453125
24 0.74375 0.3937500000000001 0.709375 0.3937500000000001 0.709375 0.4593750000000001 0.74375 0.4593750000000002
58 0.896875 0.47656250000000017 0.8625 0.47656250000000017 0.8625 0.5421875000000002 0.896875 0.5421875000000002
51 0.7546875 0.31718750000000007 0.7203125 0.31718750000000007 0.7203125 0.37968750000000007 0.7546875 0.37968750000000007
56 0.8890625 0.3187500000000001 0.8546875 0.3187500000000001 0.8546875 0.3843750000000001 0.8890625 0.3843750000000001
14 0.5609375 0.5328125 0.5234375 0.5328125 0.5234375 0.6015625 0.5609375 0.6015625
20 0.44375 0.2328125000000001 0.371875 0.2328125000000001 0.371875 0.30156250000000007 0.44375 0.30156250000000007
13 0.8578125 0.5546875000000002 0.79375 0.5546875000000002 0.79375 0.6250000000000002 0.8578125 0.6250000000000002
40 0.553125 0.459375 0.51875 0.459375 0.51875 0.528125 0.553125 0.528125
0 0.5640625 0.2375000000000001 0.5296875 0.2375000000000001 0.5296875 0.3062500000000001 0.5640625 0.3062500000000001
29 0.6140625 0.38750000000000007 0.58125 0.38750000000000007 0.58125 0.45 0.6140625 0.45
35 0.678125 0.4671875 0.64375 0.4671875 0.64375 0.5296875 0.678125 0.5296875
5 0.7765625 0.24375000000000008 0.7421875 0.24375000000000008 0.7421875 0.3125000000000001 0.7765625 0.3125000000000001
11 0.478125 0.23593750000000008 0.4484375 0.23593750000000008 0.4484375 0.3046875000000001 0.478125 0.3046875000000001
54 0.5046875 0.3109375000000001 0.4703125 0.3109375000000001 0.4703125 0.3734375000000001 0.5046875 0.3734375000000001
33 0.6375 0.4640625 0.603125 0.4640625 0.603125 0.528125 0.6375 0.528125
44 1 0.4812500000000002 0.953125 0.4812500000000002 0.953125 0.5468750000000002 1 0.5468750000000002
1 0.959375 0.24375000000000008 0.921875 0.24375000000000008 0.921875 0.30937500000000007 0.959375 0.30937500000000007
18 0.5953125 0.459375 0.5765625 0.459375 0.5765625 0.5328125 0.5953125 0.5328125
22 0.425 0.30156250000000007 0.3703125 0.30156250000000007 0.37031250000000004 0.45 0.425 0.45
27 0.625 0.3140625000000001 0.5890625 0.3140625000000001 0.5890625 0.3843750000000001 0.625 0.3843750000000001
53 0.66875 0.31718750000000007 0.63125 0.31718750000000007 0.63125 0.3828125000000001 0.66875 0.3828125000000001
26 0.453125 0.3828125000000001 0.41875 0.3828125000000001 0.41875 0.4515625 0.453125 0.4515625
23 0.7875 0.3937500000000001 0.753125 0.3937500000000001 0.753125 0.4578125000000002 0.7875 0.4578125000000002
55 0.7640625 0.46875000000000017 0.7296875 0.46875000000000017 0.7296875 0.5343750000000002 0.7640625 0.5343750000000002
3 0.86875 0.24218750000000008 0.83125 0.24218750000000008 0.83125 0.3109375000000001 0.86875 0.3109375000000001
43 0.8765625 0.3984375000000001 0.8421875 0.3984375000000001 0.8421875 0.46406250000000016 0.8765625 0.46406250000000016
30 1 0.023437500000000062 0.0359375 0.023437500000000007 0.035937500000000046 0.7296875 1 0.7296875000000002
48 0.521875 0.2406250000000001 0.4875 0.2406250000000001 0.4875 0.30937500000000007 0.521875 0.30937500000000007
10 0.921875 0.4000000000000002 0.8875 0.4000000000000002 0.8875 0.4656250000000002 0.921875 0.4656250000000002
21 0.84375 0.3187500000000001 0.809375 0.3187500000000001 0.809375 0.3843750000000001 0.84375 0.3843750000000001
9 0.6046875 0.2390625000000001 0.5703125 0.2390625000000001 0.5703125 0.3078125000000001 0.6046875 0.3078125000000001
41 0.9359375 0.3218750000000001 0.8984375 0.3218750000000001 0.8984375 0.38750000000000007 0.9359375 0.38750000000000007
19 0.83125 0.39531250000000007 0.796875 0.39531250000000007 0.796875 0.46093750000000017 0.83125 0.46093750000000017
6 0.7328125 0.24375000000000008 0.6984375 0.24375000000000008 0.6984375 0.3125000000000001 0.7328125 0.3125000000000001
46 0.4734375 0.4578125 0.3703125000000001 0.4578125 0.3703125000000001 0.53125 0.4734375 0.53125
37 0.5359375 0.3859375000000001 0.5015625 0.3859375000000001 0.5015625 0.4484375 0.5359375 0.4484375
16 0.8078125 0.47187500000000016 0.7734375 0.47187500000000016 0.7734375 0.5375000000000002 0.8078125 0.5375000000000002
47 0.7890625 0.5406250000000001 0.5796875 0.540625 0.5796875 0.6218750000000001 0.7890625 0.6218750000000002
34 0.5125 0.459375 0.48125 0.459375 0.48125 0.525 0.5125 0.525
59 0.7125 0.3187500000000001 0.675 0.3187500000000001 0.675 0.3843750000000001 0.7125 0.3843750000000001
42 0.8 0.3203125000000001 0.765625 0.3203125000000001 0.765625 0.3828125000000001 0.8 0.3828125000000001
7 0.690625 0.2375000000000001 0.65625 0.2375000000000001 0.65625 0.3031250000000001 0.690625 0.3031250000000001
39 0.465625 0.3078125000000001 0.43125 0.3078125000000001 0.43125 0.3781250000000001 0.465625 0.3781250000000001
4 0.825 0.24218750000000008 0.7875 0.24218750000000008 0.7875 0.3062500000000001 0.825 0.3062500000000001
32 0.94375 0.4781250000000002 0.90625 0.4781250000000002 0.90625 0.5468750000000002 0.94375 0.5468750000000002
38 0.546875 0.3125000000000001 0.5109375 0.3125000000000001 0.5109375 0.3781250000000001 0.546875 0.3781250000000001
8 0.6453125 0.24218750000000008 0.6109375 0.24218750000000008 0.6109375 0.3109375000000001 0.6453125 0.3109375000000001
50 0.41875 0.5296875 0.3687500000000001 0.5296875 0.3687500000000001 0.5984375 0.41875 0.5984375
12 0.4921875 0.3843750000000001 0.4609375 0.3843750000000001 0.4609375 0.45 0.4921875 0.45
2 0.9140625 0.24218750000000008 0.8765625 0.24218750000000008 0.8765625 0.3109375000000001 0.9140625 0.3109375000000001
15 0.721875 0.4671875 0.6875 0.4671875 0.6875 0.5328125 0.721875 0.5328125