6 0.403125 0.22343750000000004 0.2875 0.2234375 0.2875 0.25468750000000007 0.403125 0.25468750000000007
49 0.909375 1.0409497792752504e-16 0.790625 9.682363755758761e-17 0.790625 0.0515625000000001 0.909375 0.05156250000000011
5 0.4 0.18593750000000003 0.2875 0.18593750000000003 0.2875 0.21718750000000003 0.4 0.2171875000000001
25 0.64375 0.2531250000000001 0.5421875 0.2531250000000001 0.5421875 0.2812500000000001 0.64375 0.2812500000000001
54 0.521875 0.4328125 0.4171875 0.4328125 0.4171875 0.4609375 0.521875 0.4609375
39 0.521875 0.4703125 0.4125 0.4703125 0.4125 0.4984375 0.521875 0.4984375
4 0.4 0.14687500000000003 0.2875 0.14687500000000003 0.2875 0.17812500000000003 0.4 0.17812500000000003
26 0.6515625 0.4796875 0.5421875 0.4796875 0.5421875 0.5078125 0.6515625 0.5078125
38 0.5171875 0.3937500000000001 0.415625 0.3937500000000001 0.415625 0.421875 0.5171875 0.421875
58 0.7734375 0.08437500000000009 0.671875 0.08437500000000009 0.671875 0.11250000000000009 0.7734375 0.11250000000000009
34 0.7765625 0.4218750000000001 0.6671875 0.421875 0.6671875 0.4531250000000001 0.7765625 0.45312500000000017
1 0.403125 0.03593750000000004 0.290625 0.03593750000000003 0.290625 0.06406250000000005 0.403125 0.06406250000000005
30 1 6.123233995736766e-17 0 0 5.443937724334719e-17 0.8890625 1 0.8890625
24 0.64375 0.2156250000000001 0.5421875 0.2156250000000001 0.5421875 0.24375000000000008 0.64375 0.24375000000000008
11 0.4 0.4515625 0.2906250000000001 0.4515625 0.2906250000000001 0.4796875 0.4 0.4796875
21 0.521875 0.13125000000000003 0.4125 0.13125000000000003 0.4125 0.15937500000000004 0.521875 0.15937500000000004
16 0.7734375 0.1593750000000001 0.66875 0.1593750000000001 0.66875 0.18750000000000008 0.7734375 0.18750000000000008
2 0.4 0.07187500000000005 0.2875 0.07187500000000005 0.2875 0.10312500000000005 0.4 0.10312500000000005
45 0.6484375 7.271340369937409e-17 0.5390625 6.6016116516537e-17 0.5390625 0.054687500000000076 0.6484375 0.05468750000000009
44 0.7765625 8.869121740699973e-17 0.671875 8.22809568177128e-17 0.671875 0.03593750000000009 0.7765625 0.0359375000000001
32 0.7765625 0.04375000000000009 0.6671875 0.04375000000000008 0.6671875 0.0750000000000001 0.7765625 0.0750000000000001
46 0.76875 0.4625000000000001 0.671875 0.4625 0.671875 0.5562500000000001 0.76875 0.5562500000000001
8 0.403125 0.30000000000000004 0.2875 0.3 0.2875 0.33125000000000004 0.403125 0.3312500000000001
37 0.646875 0.4046875 0.5421875 0.4046875 0.5421875 0.4328125 0.646875 0.4328125
36 0.5171875 0.35625000000000007 0.415625 0.35625000000000007 0.415625 0.3843750000000001 0.5171875 0.3843750000000001
15 0.7734375 0.2328125000000001 0.66875 0.2328125000000001 0.66875 0.2640625000000001 0.7734375 0.2640625000000001
0 0.403125 0.37500000000000006 0.2875000000000001 0.375 0.2875000000000001 0.40625 0.403125 0.40625
51 0.5171875 0.2062500000000001 0.415625 0.2062500000000001 0.415625 0.23437500000000008 0.5171875 0.23437500000000008
40 0.7734375 0.3859375000000001 0.671875 0.3859375000000001 0.671875 0.4140625000000001 0.7734375 0.41406250000000017
52 0.521875 5.750099424121557e-17 0.4171875 5.109073365192864e-17 0.4171875 0.04375000000000006 0.521875 0.04375000000000007
12 0.6515625 0.4421875 0.5421875 0.4421875 0.5421875 0.4703125 0.6515625 0.4703125
53 0.521875 0.2812500000000001 0.4171875 0.2812500000000001 0.4171875 0.30937500000000007 0.521875 0.30937500000000007
33 0.7765625 0.3109375000000001 0.6671875 0.3109375000000001 0.6671875 0.3390625000000001 0.7765625 0.3390625000000001
7 0.4 0.26250000000000007 0.2875 0.2625 0.2875 0.29375000000000007 0.4 0.29375000000000007
22 0.6578125 0.5078125 0.4140625 0.5078125 0.4140625 0.5578125 0.6578125 0.5578125
57 0.7734375 0.1218750000000001 0.671875 0.1218750000000001 0.671875 0.15000000000000008 0.7734375 0.15000000000000008
50 0.90625 0.5125000000000002 0.79375 0.5125000000000002 0.79375 0.5578125000000002 0.90625 0.5578125000000002
27 0.5171875 0.3187500000000001 0.4203125 0.3187500000000001 0.4203125 0.3468750000000001 0.5171875 0.3468750000000001
17 0.4 0.0015625000000000424 0.2875 0.0015625000000000354 0.2875 0.026562500000000037 0.4 0.026562500000000044
10 0.6515625 0.06406250000000008 0.5421875 0.06406250000000006 0.5421875 0.09218750000000007 0.6515625 0.09218750000000009
31 0.646875 0.3671875000000001 0.5421875 0.3671875000000001 0.5421875 0.39531250000000007 0.646875 0.39531250000000007
18 0.7734375 0.3468750000000001 0.66875 0.3468750000000001 0.66875 0.3750000000000001 0.7734375 0.3750000000000001
55 0.7734375 0.19687500000000008 0.671875 0.19687500000000008 0.671875 0.2250000000000001 0.7734375 0.2250000000000001
28 0.646875 0.2906250000000001 0.5421875 0.2906250000000001 0.5421875 0.3187500000000001 0.646875 0.3187500000000001
19 0.6515625 0.14062500000000006 0.5421875 0.14062500000000006 0.5421875 0.16875000000000007 0.6515625 0.1687500000000001
56 0.5171875 0.09218750000000006 0.4125 0.09218750000000005 0.4125 0.12031250000000004 0.5171875 0.12031250000000004
41 0.525 0.053125000000000054 0.4125 0.05312500000000005 0.4125 0.08437500000000006 0.525 0.08437500000000006
43 0.6515625 0.10312500000000006 0.5421875 0.10312500000000005 0.5421875 0.13125000000000006 0.6515625 0.1312500000000001
35 0.7734375 0.2718750000000001 0.66875 0.2718750000000001 0.66875 0.3000000000000001 0.7734375 0.3000000000000001
42 0.5171875 0.16875000000000004 0.415625 0.16875000000000004 0.415625 0.19687500000000005 0.5171875 0.19687500000000005
14 0.9140625 0.3625000000000001 0.8015625 0.3625000000000001 0.8015625 0.41406250000000017 0.9140625 0.41406250000000017
29 0.646875 0.3281250000000001 0.5421875 0.3281250000000001 0.5421875 0.35625000000000007 0.646875 0.35625000000000007
48 0.403125 0.4125 0.2875000000000001 0.4125 0.2875000000000001 0.44375 0.403125 0.44375
47 0.903125 0.1765625000000001 0.7984375 0.1765625000000001 0.7984375 0.3531250000000001 0.903125 0.3531250000000001
23 0.646875 0.17812500000000006 0.5421875 0.17812500000000003 0.5421875 0.2062500000000001 0.646875 0.2062500000000001
9 0.4 0.3375 0.2875 0.3375 0.28750000000000003 0.36875 0.4 0.3687500000000001
3 0.403125 0.11093750000000005 0.2875 0.11093750000000005 0.2875 0.14218750000000005 0.403125 0.14218750000000005
20 0.3984375000000001 0.4890625 0.2828125000000001 0.4890625 0.2828125000000001 0.55625 0.3984375000000001 0.55625
13 0.90625 0.11718750000000008 0.79375 0.11718750000000008 0.79375 0.1671875000000001 0.90625 0.1671875000000001
59 0.5171875 0.24375000000000008 0.415625 0.24375000000000008 0.415625 0.2718750000000001 0.5171875 0.2718750000000001