52 0.3859375000000001 0.9515625 0.3203125000000001 0.9515625 0.3203125000000001 1 0.3859375000000001 1
17 0.31718750000000007 0.96875 0.2453125000000001 0.96875 0.2453125000000001 1 0.31718750000000007 1
49 0.6187500000000001 0.9375 0.5500000000000002 0.9375 0.5500000000000002 1 0.6187500000000001 1
45 0.4625000000000002 0.9375 0.3968750000000001 0.9375 0.3968750000000001 1 0.4625000000000002 1
28 0.45 0.6375 0.38750000000000007 0.6375 0.38750000000000007 0.671875 0.45 0.671875
57 0.5328125000000001 0.828125 0.4703125000000002 0.828125 0.4703125000000002 0.8609375 0.5328125000000001 0.8609375
25 0.45 0.6796875 0.3906250000000001 0.6796875 0.3906250000000001 0.7125 0.45 0.7125
24 0.4562500000000001 0.721875 0.3921875000000001 0.721875 0.3921875000000001 0.7546875 0.45625000000000016 0.7546875
58 0.5359375000000002 0.871875 0.47187500000000016 0.871875 0.47187500000000016 0.9046875 0.5359375000000002 0.9046875
51 0.3781250000000001 0.734375 0.3187500000000001 0.734375 0.3187500000000001 0.765625 0.3781250000000001 0.765625
56 0.3828125000000001 0.8625 0.3187500000000001 0.8625 0.3187500000000001 0.896875 0.3828125000000001 0.896875
14 0.59375 0.540625 0.528125 0.540625 0.528125 0.5765625 0.59375 0.5765625
20 0.3000000000000001 0.3921875 0.23437500000000008 0.3921875 0.23437500000000008 0.4640625 0.3000000000000001 0.4640625
13 0.6171875000000002 0.8046875 0.5484375000000001 0.8046875 0.5484375000000001 0.8671875 0.6171875000000002 0.8671875
40 0.5234375 0.5375 0.45625 0.5375 0.45625 0.56875 0.5234375 0.56875
0 0.3062500000000001 0.546875 0.2390625000000001 0.546875 0.2390625000000001 0.58125 0.3062500000000001 0.58125
29 0.4453125 0.5984375 0.3859375000000001 0.5984375 0.3859375000000001 0.6296875 0.4453125 0.6296875
35 0.521875 0.6578125 0.4625 0.6578125 0.4625 0.690625 0.521875 0.690625
5 0.3125000000000001 0.753125 0.2453125000000001 0.753125 0.2453125000000001 0.7875 0.3125000000000001 0.7875
11 0.3046875000000001 0.4671875 0.2375000000000001 0.4671875 0.2375000000000001 0.4953125 0.3046875000000001 0.4953125
54 0.37187500000000007 0.490625 0.3125000000000001 0.490625 0.3125000000000001 0.521875 0.37187500000000007 0.521875
33 0.5234375 0.6171875 0.4609375 0.6171875 0.4609375 0.6515625 0.5234375 0.6515625
44 0.5390625000000002 0.959375 0.4750000000000002 0.959375 0.4750000000000002 1 0.5390625000000002 1
1 0.3109375000000001 0.928125 0.2453125000000001 0.928125 0.2453125000000001 0.9640625 0.3109375000000001 0.9640625
18 0.5265625 0.5921875 0.4546875 0.5921875 0.4546875 0.6109375 0.5265625 0.6109375
22 0.446875 0.3921875 0.30156250000000007 0.3921875 0.30156250000000007 0.4453125 0.446875 0.4453125
27 0.3828125000000001 0.60625 0.3140625000000001 0.60625 0.3140625000000001 0.640625 0.3828125000000001 0.640625
53 0.3812500000000001 0.646875 0.3156250000000001 0.646875 0.3156250000000001 0.6828125 0.3812500000000001 0.6828125
26 0.446875 0.4375 0.3812500000000001 0.4375 0.3812500000000001 0.471875 0.446875 0.471875
23 0.4546875000000002 0.7640625 0.3921875000000001 0.7640625 0.3921875000000001 0.7984375 0.4546875000000002 0.7984375
55 0.5296875000000002 0.7421875 0.4656250000000002 0.7421875 0.4656250000000002 0.7765625 0.5296875000000002 0.7765625
3 0.3109375000000001 0.840625 0.24375000000000008 0.840625 0.24375000000000008 0.878125 0.3109375000000001 0.878125
43 0.46093750000000017 0.85 0.39531250000000007 0.85 0.39531250000000007 0.884375 0.46093750000000017 0.884375
30 0.7203125000000001 0.06562500000000004 0.031250000000000014 0.065625 0.03125000000000007 1 0.7203125000000001 1
48 0.30937500000000007 0.50625 0.24218750000000008 0.50625 0.24218750000000008 0.540625 0.30937500000000007 0.540625
10 0.4625000000000002 0.89375 0.3984375000000001 0.89375 0.3984375000000001 0.928125 0.4625000000000002 0.928125
21 0.3812500000000001 0.81875 0.31718750000000007 0.81875 0.31718750000000007 0.853125 0.3812500000000001 0.853125
9 0.3078125000000001 0.5859375 0.2406250000000001 0.5859375 0.2406250000000001 0.6203125 0.3078125000000001 0.6203125
41 0.3859375000000001 0.90625 0.3203125000000001 0.90625 0.3203125000000001 0.9421875 0.3859375000000001 0.9421875
19 0.45625000000000016 0.80625 0.3921875000000001 0.80625 0.3921875000000001 0.840625 0.45625000000000016 0.840625
6 0.3125000000000001 0.709375 0.2453125000000001 0.709375 0.2453125000000001 0.74375 0.3125000000000001 0.74375
46 0.525 0.3906250000000001 0.453125 0.3906250000000001 0.453125 0.4921875 0.525 0.4921875
37 0.4453125 0.51875 0.3843750000000001 0.51875 0.3843750000000001 0.5515625 0.4453125 0.5515625
16 0.5312500000000002 0.784375 0.4671875000000002 0.784375 0.4671875000000002 0.81875 0.5312500000000002 0.81875
47 0.6125 0.596875 0.534375 0.596875 0.534375 0.8 0.6125000000000002 0.8
34 0.51875 0.4984375 0.453125 0.4984375 0.453125 0.5296875 0.51875 0.5296875
59 0.3828125000000001 0.6875 0.3187500000000001 0.6875 0.3187500000000001 0.725 0.3828125000000001 0.725
42 0.37968750000000007 0.7765625 0.3187500000000001 0.7765625 0.3187500000000001 0.8109375 0.37968750000000007 0.8109375
7 0.3046875000000001 0.66875 0.2390625000000001 0.66875 0.2390625000000001 0.703125 0.3046875000000001 0.703125
39 0.3765625000000001 0.45 0.3078125000000001 0.45 0.3078125000000001 0.484375 0.3765625000000001 0.484375
4 0.3046875000000001 0.796875 0.24218750000000008 0.796875 0.24218750000000008 0.8328125 0.3046875000000001 0.8328125
32 0.5406250000000001 0.9140625 0.4750000000000002 0.9140625 0.4750000000000002 0.95 0.5406250000000001 0.95
38 0.3765625000000001 0.528125 0.3109375000000001 0.528125 0.3109375000000001 0.5625 0.3765625000000001 0.5625
8 0.3109375000000001 0.6265625 0.24375000000000008 0.6265625 0.24375000000000008 0.6609375 0.3109375000000001 0.6609375
50 0.5921875 0.3890625000000001 0.525 0.3890625000000001 0.525 0.4390625 0.5921875 0.4390625
12 0.446875 0.4796875 0.3812500000000001 0.4796875 0.3812500000000001 0.5109375 0.446875 0.5109375
2 0.3109375000000001 0.884375 0.24375000000000008 0.884375 0.24375000000000008 0.9203125 0.3109375000000001 0.9203125
15 0.5265625 0.7 0.4625 0.7 0.4625000000000001 0.734375 0.5265625000000002 0.734375