10 0.17031250000000003 0.475 0.13906250000000003 0.475 0.13906250000000003 0.515625 0.17031250000000003 0.515625
7 0.3750000000000001 0.36875 0.3453125000000001 0.36875 0.3453125000000001 0.409375 0.3750000000000001 0.409375
45 0.13593750000000004 0.4765625 0.07031250000000007 0.4765625 0.07031250000000007 0.521875 0.13593750000000004 0.521875
37 0.51875 0.4609375 0.4875 0.4609375 0.4875 0.5 0.51875 0.5
38 0.5078125 0.4125 0.478125 0.4125 0.478125 0.4515625 0.5078125 0.4515625
5 0.2984375000000001 0.371875 0.2671875000000001 0.371875 0.2671875000000001 0.4125 0.2984375000000001 0.4125
17 0.10781250000000005 0.3765625 0.07656250000000005 0.3765625 0.07656250000000005 0.4171875 0.10781250000000005 0.4171875
35 0.3828125000000001 0.5171875 0.3531250000000001 0.5171875 0.3531250000000001 0.55625 0.3828125000000001 0.55625
48 0.525 0.3625000000000001 0.49375 0.3625000000000001 0.49375 0.40625 0.525 0.40625
11 0.5625 0.3609375000000001 0.5328125 0.3609375000000001 0.5328125 0.4015625 0.5625 0.4015625
2 0.18437500000000004 0.3765625 0.15468750000000003 0.3765625 0.15468750000000003 0.4171875 0.18437500000000004 0.4171875
53 0.3921875000000001 0.4171875 0.3625000000000001 0.4171875 0.3625000000000001 0.4546875 0.3921875000000001 0.4546875
0 0.4875 0.36406250000000007 0.4578125 0.36406250000000007 0.4578125 0.40625 0.4875 0.40625
46 0.646875 0.5078125 0.546875 0.5078125 0.546875 0.546875 0.646875 0.546875
50 0.6515625 0.5578125 0.596875 0.5578125 0.596875 0.6 0.6515625 0.6
47 0.44375 0.5671875 0.2234375000000001 0.5671875 0.2234375000000001 0.61875 0.44375 0.61875
13 0.2156250000000001 0.575 0.17343750000000008 0.575 0.17343750000000008 0.6171875 0.2156250000000001 0.6171875
39 0.5828125 0.409375 0.553125 0.409375 0.553125 0.45 0.5828125 0.45
9 0.45 0.3656250000000001 0.4203125 0.3656250000000001 0.4203125 0.4078125 0.45 0.4078125
41 0.16406250000000006 0.425 0.13281250000000006 0.425 0.13281250000000006 0.465625 0.16406250000000006 0.465625
43 0.2078125000000001 0.4734375 0.17812500000000003 0.4734375 0.17812500000000003 0.5125 0.2078125000000001 0.5125
52 0.12500000000000006 0.4265625 0.07343750000000004 0.4265625 0.07343750000000006 0.465625 0.12500000000000006 0.465625
22 0.6453125 0.403125 0.5921875 0.403125 0.5921875 0.5 0.6453125 0.5
16 0.2656250000000001 0.521875 0.23437500000000008 0.521875 0.23437500000000008 0.5625 0.2656250000000001 0.5625
49 0.11875000000000009 0.578125 0.06250000000000007 0.578125 0.06250000000000007 0.625 0.11875000000000009 0.625
6 0.3375000000000001 0.36875 0.3046875000000001 0.36875 0.3046875000000001 0.4109375 0.3375000000000001 0.4109375
42 0.27812500000000007 0.4203125 0.2484375000000001 0.4203125 0.2484375000000001 0.459375 0.27812500000000007 0.459375
58 0.18750000000000006 0.525 0.15625000000000006 0.525 0.15625000000000006 0.565625 0.18750000000000008 0.565625
12 0.55625 0.459375 0.525 0.459375 0.525 0.5 0.55625 0.5
1 0.14687500000000003 0.3765625 0.11562500000000005 0.3765625 0.11562500000000005 0.41875 0.14687500000000003 0.41875
28 0.4015625 0.465625 0.37187500000000007 0.465625 0.37187500000000007 0.5046875 0.4015625 0.5046875
56 0.2000000000000001 0.4234375 0.17031250000000003 0.4234375 0.17031250000000003 0.4625 0.2000000000000001 0.4625
36 0.46875 0.4140625 0.4390625 0.4140625 0.4390625 0.4515625 0.46875 0.4515625
8 0.4125 0.3671875000000001 0.3812500000000001 0.3671875000000001 0.3812500000000001 0.409375 0.4125 0.409375
33 0.421875 0.515625 0.3906250000000001 0.515625 0.3906250000000001 0.55625 0.421875 0.55625
29 0.440625 0.4640625 0.4109375 0.4640625 0.4109375 0.503125 0.440625 0.503125
34 0.5390625 0.5109375 0.509375 0.5109375 0.509375 0.55 0.5390625 0.55
20 0.640625 0.35625000000000007 0.5703125 0.35625000000000007 0.5703125 0.3984375000000001 0.640625 0.3984375000000001
3 0.2218750000000001 0.3734375 0.19218750000000004 0.3734375 0.19218750000000004 0.4171875 0.2218750000000001 0.4171875
27 0.4296875 0.415625 0.4015625 0.415625 0.4015625 0.453125 0.4296875 0.453125
18 0.4609375 0.5140625 0.43125 0.5140625 0.43125 0.5546875 0.4609375 0.5546875
40 0.5 0.5125 0.4703125 0.5125 0.4703125 0.5515625 0.5 0.5515625
24 0.32500000000000007 0.46875 0.2953125000000001 0.46875 0.2953125000000001 0.50625 0.32500000000000007 0.50625
51 0.3156250000000001 0.4203125 0.28593750000000007 0.4203125 0.28593750000000007 0.4578125 0.3156250000000001 0.4578125
21 0.2375000000000001 0.421875 0.2093750000000001 0.421875 0.2093750000000001 0.4609375 0.2375000000000001 0.4609375
55 0.3046875000000001 0.5203125 0.2734375000000001 0.5203125 0.2734375000000001 0.559375 0.3046875000000001 0.559375
15 0.3437500000000001 0.5171875 0.3125000000000001 0.5171875 0.3125000000000001 0.559375 0.3437500000000001 0.559375
44 0.10937500000000007 0.528125 0.06718750000000007 0.528125 0.06718750000000007 0.5671875 0.10937500000000008 0.5671875
32 0.15000000000000008 0.525 0.11718750000000004 0.525 0.11718750000000007 0.56875 0.15000000000000008 0.56875
54 0.54375 0.4109375 0.5140625 0.4109375 0.5140625 0.45 0.54375 0.45
4 0.2593750000000001 0.3734375 0.2296875000000001 0.3734375 0.2296875000000001 0.4140625 0.2593750000000001 0.4140625
25 0.36406250000000007 0.4671875 0.3343750000000001 0.4671875 0.3343750000000001 0.5046875 0.36406250000000007 0.5046875
59 0.3546875000000001 0.4171875 0.32500000000000007 0.4171875 0.32500000000000007 0.4546875 0.3546875000000001 0.4546875
23 0.28593750000000007 0.4703125 0.2562500000000001 0.4703125 0.2562500000000001 0.5078125 0.28593750000000007 0.5078125
31 0.4796875 0.4640625 0.45 0.4640625 0.45 0.5015625 0.4796875 0.5015625
57 0.22656250000000008 0.5234375 0.19687500000000005 0.5234375 0.19687500000000008 0.5625 0.22656250000000008 0.5625
30 0.9984375 0.22187500000000004 0.03750000000000002 0.221875 0.037500000000000054 0.7109375000000001 0.9984375 0.7109375000000002
26 0.5953125 0.4578125 0.565625 0.4578125 0.565625 0.4984375 0.5953125 0.4984375
19 0.2468750000000001 0.471875 0.2171875000000001 0.471875 0.2171875000000001 0.5109375 0.2468750000000001 0.5109375
14 0.490625 0.5640625 0.45 0.5640625 0.45 0.6046875 0.490625 0.6046875