57 0.1906250000000001 0.7921875 0.1546875000000001 0.7921875 0.1546875000000001 0.890625 0.1906250000000001 0.890625
26 0.6640625000000001 0.6765625 0.6296875 0.6765625 0.6296875000000001 0.7765625 0.6640625000000002 0.7765625
5 0.2812500000000001 0.44375 0.2406250000000001 0.44375 0.2406250000000001 0.546875 0.2812500000000001 0.546875
17 0.026562500000000062 0.44375 5.43437017121638e-17 0.44375 6.046693570790056e-17 0.54375 0.026562500000000065 0.54375
13 0.16562500000000013 0.9078125 0.11718750000000014 0.9078125 0.11718750000000014 1 0.16562500000000013 1
40 0.5421875000000002 0.79375 0.5062500000000002 0.79375 0.5062500000000002 0.8890625 0.5421875000000002 0.8890625
7 0.37968750000000007 0.4421875 0.3390625000000001 0.4421875 0.3390625000000001 0.546875 0.37968750000000007 0.546875
3 0.17812500000000006 0.4421875 0.14062500000000006 0.4421875 0.14062500000000006 0.546875 0.1781250000000001 0.546875
50 0.7312500000000002 0.9078125 0.6796875000000002 0.9078125 0.6796875000000002 1 0.7312500000000002 1
48 0.58125 0.4421875 0.5390625 0.4421875 0.5390625 0.5484375 0.58125 0.5484375
43 0.16562500000000008 0.6765625 0.1296875000000001 0.6765625 0.1296875000000001 0.775 0.16562500000000008 0.775
30 1 0.25468750000000007 3.119022316578415e-17 0.2546875 7.682745154025974e-17 1 1 1
55 0.2906250000000001 0.7921875 0.25468750000000007 0.7921875 0.25468750000000007 0.8890625 0.2906250000000001 0.8890625
1 0.07656250000000006 0.44375 0.04062500000000006 0.44375 0.040625000000000064 0.5453125 0.07656250000000006 0.5453125
36 0.503125 0.5609375 0.4671875 0.5609375 0.4671875 0.659375 0.503125 0.659375
37 0.565625 0.6765625 0.5296875 0.6765625 0.5296875000000001 0.775 0.5656250000000002 0.775
45 0.0671875000000001 0.6765625 8.285501000481311e-17 0.6765625 8.888256846936651e-17 0.775 0.0671875000000001 0.775
20 0.7296875 0.44218750000000007 0.64375 0.4421875 0.64375 0.5437500000000001 0.7296875 0.5437500000000002
23 0.2640625000000001 0.6765625 0.2312500000000001 0.6765625 0.2312500000000001 0.771875 0.2640625000000001 0.771875
42 0.2531250000000001 0.5609375 0.2171875000000001 0.5609375 0.2171875000000001 0.659375 0.2531250000000001 0.659375
53 0.4046875 0.5609375 0.3671875000000001 0.5609375 0.3671875000000001 0.6609375 0.4046875 0.6609375
44 0.039062500000000104 0.79375 9.720633968232116e-17 0.79375 1.0304254708450775e-16 0.8890625 0.03906250000000011 0.8890625
56 0.1531250000000001 0.5609375 0.11718750000000008 0.5609375 0.11718750000000008 0.6609375 0.1531250000000001 0.6609375
12 0.6156250000000001 0.678125 0.5796875 0.678125 0.5796875000000001 0.775 0.6156250000000002 0.775
15 0.3421875000000001 0.790625 0.3031250000000001 0.790625 0.3031250000000001 0.8890625 0.3421875000000001 0.8890625
54 0.6046875 0.5578125 0.5671875 0.5578125 0.5671875 0.6609375 0.6046875 0.6609375
58 0.14218750000000008 0.7921875 0.1062500000000001 0.7921875 0.1062500000000001 0.890625 0.14218750000000008 0.890625
51 0.3031250000000001 0.5609375 0.2671875000000001 0.5609375 0.2671875000000001 0.659375 0.3031250000000001 0.659375
34 0.5890625000000002 0.79375 0.5531250000000002 0.79375 0.5531250000000002 0.8890625 0.5890625000000002 0.8890625
32 0.0890625000000001 0.7921875 0.05156250000000009 0.7921875 0.0515625000000001 0.8984375 0.08906250000000011 0.8984375
4 0.2296875000000001 0.44375 0.19218750000000004 0.44375 0.19218750000000007 0.5453125 0.2296875000000001 0.5453125
8 0.43125 0.4421875 0.38750000000000007 0.4421875 0.38750000000000007 0.5515625 0.43125 0.5515625
31 0.5171875000000001 0.6765625 0.4796875 0.6765625 0.4796875000000001 0.7734375 0.5171875000000001 0.7734375
14 0.5406250000000001 0.9078125 0.4906250000000002 0.9078125 0.4906250000000002 1 0.5406250000000001 1
18 0.49218750000000017 0.7921875 0.4546875000000002 0.7921875 0.4546875000000002 0.8921875 0.49218750000000017 0.8921875
19 0.2156250000000001 0.6765625 0.18125000000000008 0.6765625 0.18125000000000008 0.7734375 0.2156250000000001 0.7734375
29 0.46562500000000007 0.6765625 0.4296875 0.6765625 0.4296875000000001 0.7734375 0.4656250000000002 0.7734375
28 0.4156250000000001 0.675 0.37968750000000007 0.675 0.37968750000000007 0.7734375 0.4156250000000002 0.7734375
25 0.3656250000000001 0.6765625 0.3296875000000001 0.6765625 0.3296875000000001 0.7734375 0.3656250000000001 0.7734375
22 0.7296875 0.5593750000000001 0.6625 0.559375 0.6625000000000001 0.7796875000000001 0.7296875000000002 0.7796875000000002
49 0.03906250000000012 0.9078125 1.1117496723509566e-16 0.9078125 1.168198235749155e-16 1 0.039062500000000125 1
41 0.10312500000000009 0.559375 0.06562500000000007 0.559375 0.06562500000000007 0.6625 0.10312500000000009 0.6625
2 0.12812500000000007 0.44375 0.09062500000000004 0.44375 0.09062500000000005 0.5453125 0.1281250000000001 0.5453125
47 0.4812500000000002 0.909375 0.17656250000000012 0.909375 0.17656250000000012 1 0.4812500000000002 1
38 0.553125 0.5609375 0.5171875 0.5609375 0.5171875 0.659375 0.553125 0.659375
21 0.20312500000000008 0.559375 0.1671875000000001 0.559375 0.1671875000000001 0.6625 0.20312500000000008 0.6625
46 0.7296875000000002 0.7921875 0.6046875000000002 0.7921875 0.6046875000000002 0.8921875 0.7296875000000002 0.8921875
9 0.4828125 0.4421875 0.440625 0.4421875 0.440625 0.5453125 0.4828125 0.5453125
33 0.4421875000000002 0.7921875 0.40156250000000016 0.7921875 0.40156250000000016 0.896875 0.4421875000000002 0.896875
10 0.11562500000000009 0.6765625 0.07968750000000009 0.6765625 0.07968750000000009 0.775 0.11562500000000009 0.775
39 0.6546875 0.5578125 0.6171875 0.5578125 0.6171875 0.6625 0.6546875 0.6625
11 0.6296875 0.44375 0.5921875 0.44375 0.5921875 0.5453125 0.6296875 0.5453125
0 0.53125 0.4421875 0.4921875 0.4421875 0.4921875 0.5421875 0.53125 0.5421875
6 0.3296875000000001 0.4421875 0.2906250000000001 0.4421875 0.2906250000000001 0.5453125 0.3296875000000001 0.5453125
16 0.2406250000000001 0.7921875 0.20468750000000008 0.7921875 0.20468750000000008 0.890625 0.2406250000000001 0.890625
59 0.3531250000000001 0.5625 0.31718750000000007 0.5625 0.31718750000000007 0.659375 0.3531250000000001 0.659375
35 0.3921875000000001 0.7921875 0.3531250000000001 0.7921875 0.3531250000000001 0.8890625 0.3921875000000001 0.8890625
24 0.3156250000000001 0.6765625 0.2796875000000001 0.6765625 0.2796875000000001 0.771875 0.3156250000000001 0.771875
27 0.4546875 0.5578125 0.4171875 0.5578125 0.4171875 0.6546875 0.4546875 0.6546875
52 0.05156250000000008 0.559375 6.850368032730508e-17 0.559375 7.443556326067506e-17 0.65625 0.05156250000000009 0.65625