52 0.6296875 0.05312500000000007 0.5703125 0.05312500000000007 0.5703125 0.10468750000000009 0.6296875 0.10468750000000009
17 0.7 0.05156250000000008 0.634375 0.05156250000000007 0.634375 0.08906250000000007 0.7 0.08906250000000009
49 0.41875 0.05468750000000004 0.35625 0.05468750000000004 0.35625 0.11718750000000004 0.41875 0.11718750000000004
45 0.559375 0.05468750000000007 0.5 0.05468750000000007 0.5 0.11718750000000007 0.559375 0.11718750000000008
28 0.56875 0.3625000000000001 0.5109375 0.3625000000000001 0.5109375 0.3937500000000001 0.56875 0.3937500000000001
57 0.4921875 0.18750000000000006 0.434375 0.18750000000000006 0.434375 0.21875000000000008 0.4921875 0.21875000000000008
25 0.565625 0.32500000000000007 0.5125 0.32500000000000007 0.5125 0.35625000000000007 0.565625 0.35625000000000007
24 0.565625 0.28593750000000007 0.50625 0.28593750000000007 0.50625 0.31718750000000007 0.565625 0.31718750000000007
58 0.4921875 0.14843750000000006 0.4328125 0.14843750000000006 0.4328125 0.17968750000000006 0.4921875 0.17968750000000006
51 0.6328125 0.2765625000000001 0.5765625 0.2765625000000001 0.5765625 0.3062500000000001 0.6328125 0.3062500000000001
56 0.63125 0.1546875000000001 0.571875 0.1546875000000001 0.571875 0.1859375000000001 0.63125 0.1859375000000001
14 0.4390625 0.45 0.3781250000000001 0.45 0.3781250000000001 0.4828125 0.4390625 0.4828125
20 0.709375 0.5546875 0.6484375 0.5546875 0.6484375 0.6203125 0.709375 0.6203125
13 0.4203125 0.18437500000000004 0.3578125 0.18437500000000004 0.3578125 0.24062500000000003 0.4203125 0.2406250000000001
40 0.50625 0.4578125 0.44375 0.4578125 0.44375 0.4875 0.50625 0.4875
0 0.7046875 0.446875 0.6421875 0.446875 0.6421875 0.478125 0.7046875 0.478125
29 0.5703125 0.403125 0.5140625 0.403125 0.5140625 0.43125 0.5703125 0.43125
35 0.5 0.3437500000000001 0.44375 0.3437500000000001 0.44375 0.3750000000000001 0.5 0.3750000000000001
5 0.7 0.2562500000000001 0.6375 0.2562500000000001 0.6375 0.2875000000000001 0.7 0.2875000000000001
11 0.70625 0.525 0.64375 0.525 0.64375 0.5515625 0.70625 0.5515625
54 0.6390625 0.5015625 0.5828125 0.5015625 0.5828125 0.53125 0.6390625 0.53125
33 0.5015625 0.3812500000000001 0.44375 0.3812500000000001 0.44375 0.4125 0.5015625 0.4125
44 0.4875 0.05625000000000006 0.428125 0.05625000000000004 0.428125 0.09843750000000005 0.4875 0.09843750000000007
1 0.6984375 0.09375000000000008 0.6390625 0.09375000000000008 0.6390625 0.12656250000000008 0.6984375 0.12656250000000008
18 0.50625 0.41875 0.440625 0.41875 0.440625 0.4359375 0.50625 0.4359375
22 0.6484375 0.5703125 0.5140625 0.5703125 0.5140625 0.6203125 0.6484375 0.6203125
27 0.6359375 0.3921875000000001 0.5734375 0.3921875000000001 0.5734375 0.4234375 0.6359375 0.4234375
53 0.6328125 0.3531250000000001 0.5734375 0.3531250000000001 0.5734375 0.3859375000000001 0.6328125 0.3859375000000001
26 0.5734375 0.546875 0.5125 0.546875 0.5125 0.578125 0.5734375 0.578125
23 0.565625 0.2468750000000001 0.5078125 0.2468750000000001 0.5078125 0.27812500000000007 0.565625 0.27812500000000007
55 0.496875 0.2671875000000001 0.4375 0.2671875000000001 0.4375 0.2984375000000001 0.496875 0.2984375000000001
3 0.7015625 0.17343750000000008 0.6390625 0.17343750000000008 0.6390625 0.2078125000000001 0.7015625 0.2078125000000001
43 0.5609375 0.16718750000000007 0.5015625 0.16718750000000004 0.5015625 0.19843750000000007 0.5609375 0.1984375000000001
30 0.896875 0.015625000000000073 0.2625 0.015625000000000035 0.26250000000000007 0.921875 0.896875 0.921875
48 0.703125 0.484375 0.640625 0.484375 0.640625 0.515625 0.703125 0.515625
10 0.559375 0.12656250000000008 0.5 0.12656250000000005 0.5 0.15781250000000008 0.559375 0.15781250000000008
21 0.6328125 0.19531250000000008 0.5734375 0.19531250000000008 0.5734375 0.22656250000000008 0.6328125 0.22656250000000008
9 0.7046875 0.409375 0.6421875 0.409375 0.6421875 0.440625 0.7046875 0.440625
41 0.6296875 0.1140625000000001 0.5703125 0.1140625000000001 0.5703125 0.1468750000000001 0.6296875 0.1468750000000001
19 0.5640625 0.2062500000000001 0.5046875 0.2062500000000001 0.5046875 0.2375000000000001 0.5640625 0.2375000000000001
6 0.7 0.2953125000000001 0.6375 0.2953125000000001 0.6375 0.3265625000000001 0.7 0.3265625000000001
46 0.5078125 0.528125 0.4421875 0.528125 0.4421875 0.621875 0.5078125 0.621875
37 0.571875 0.4734375 0.515625 0.4734375 0.515625 0.5046875 0.571875 0.5046875
16 0.4953125 0.22812500000000008 0.4359375 0.22812500000000008 0.4359375 0.2593750000000001 0.4953125 0.2593750000000001
47 0.4328125 0.24531250000000004 0.3609375 0.2453125 0.3609375 0.4328125 0.4328125 0.4328125
34 0.5078125 0.49375 0.4484375 0.49375 0.4484375 0.521875 0.5078125 0.521875
59 0.63125 0.3140625000000001 0.571875 0.3140625000000001 0.571875 0.34843750000000007 0.63125 0.34843750000000007
42 0.63125 0.23593750000000008 0.575 0.23593750000000008 0.575 0.2671875000000001 0.63125 0.2671875000000001
7 0.7046875 0.33281250000000007 0.6453125 0.33281250000000007 0.6453125 0.36406250000000007 0.7046875 0.36406250000000007
39 0.6421875 0.5359375 0.5796875 0.5359375 0.5796875 0.5671875 0.6421875 0.5671875
4 0.7015625 0.2140625000000001 0.64375 0.2140625000000001 0.64375 0.2468750000000001 0.7015625 0.2468750000000001
32 0.4890625 0.10781250000000005 0.428125 0.10781250000000005 0.428125 0.14062500000000006 0.4890625 0.14062500000000006
38 0.6375 0.4640625 0.578125 0.4640625 0.578125 0.4953125 0.6375 0.4953125
8 0.7 0.3734375000000001 0.6375 0.3734375000000001 0.6375 0.4046875 0.7 0.4046875
50 0.44375 0.5765625 0.3812500000000001 0.5765625 0.3812500000000001 0.621875 0.44375 0.621875
12 0.5734375 0.5109375 0.5140625 0.5109375 0.5140625 0.5390625 0.5734375 0.5390625
2 0.7015625 0.13437500000000008 0.6390625 0.13437500000000008 0.6390625 0.1671875000000001 0.7015625 0.1671875000000001
15 0.5 0.3062500000000001 0.440625 0.3062500000000001 0.440625 0.3375000000000001 0.5 0.3375000000000001