57 0.2500000000000001 0.8171875 0.1593750000000001 0.8171875 0.1593750000000001 0.85 0.2500000000000001 0.85
26 0.35625000000000007 0.3828125 0.2640625000000001 0.3828125 0.2640625000000001 0.415625 0.35625000000000007 0.415625
5 0.5703125000000002 0.734375 0.4750000000000002 0.734375 0.4750000000000002 0.771875 0.5703125000000002 0.771875
17 0.5703125000000002 0.9671875 0.4781250000000002 0.9671875 0.4781250000000002 1 0.5703125000000002 1
13 0.1437500000000001 0.8421875 0.050000000000000114 0.8421875 0.050000000000000114 0.8859375 0.1437500000000001 0.8859375
40 0.2484375000000001 0.496875 0.16093750000000004 0.496875 0.16093750000000004 0.5296875 0.2484375000000001 0.5296875
7 0.571875 0.64375 0.475 0.64375 0.475 0.68125 0.571875 0.68125
3 0.5718750000000001 0.8296875 0.4750000000000002 0.8296875 0.4750000000000002 0.8640625 0.5718750000000001 0.8640625
50 0.14375000000000004 0.3234375 0.04843750000000004 0.3234375 0.04843750000000004 0.3703125 0.14375000000000004 0.3703125
48 0.571875 0.459375 0.4734375 0.459375 0.4734375 0.4984375 0.571875 0.4984375
43 0.35625000000000007 0.840625 0.2656250000000001 0.840625 0.2656250000000001 0.8734375 0.35625000000000007 0.8734375
30 0.7421875000000001 4.5445877312108814e-17 0 0 6.123233995736766e-17 1 0.7421875000000002 1
55 0.2500000000000001 0.725 0.1609375000000001 0.725 0.1609375000000001 0.7578125 0.2500000000000001 0.7578125
1 0.5703125000000002 0.921875 0.47656250000000017 0.921875 0.47656250000000017 0.9546875 0.5703125000000002 0.9546875
36 0.4640625 0.53125 0.3734375000000001 0.53125 0.3734375000000001 0.565625 0.4640625 0.565625
37 0.35625000000000007 0.4734375 0.2656250000000001 0.4734375 0.2656250000000001 0.5078125 0.35625000000000007 0.5078125
45 0.35625000000000007 0.9296875 0.2656250000000001 0.9296875 0.2656250000000001 0.9984375 0.35625000000000007 0.9984375
20 0.571875 0.32500000000000007 0.478125 0.32500000000000007 0.478125 0.403125 0.571875 0.403125
23 0.3578125000000001 0.75 0.27031250000000007 0.75 0.27031250000000007 0.78125 0.3578125000000001 0.78125
42 0.46406250000000016 0.759375 0.3734375000000001 0.759375 0.3734375000000001 0.79375 0.46406250000000016 0.79375
53 0.4640625 0.621875 0.37187500000000007 0.621875 0.37187500000000007 0.65625 0.4640625 0.65625
44 0.2484375000000001 0.95625 0.16093750000000012 0.95625 0.16093750000000012 0.9984375 0.2484375000000001 0.9984375
56 0.46406250000000016 0.8515625 0.37187500000000007 0.8515625 0.37187500000000007 0.8859375 0.46406250000000016 0.8859375
12 0.3546875000000001 0.428125 0.2656250000000001 0.428125 0.2656250000000001 0.4625 0.3546875000000001 0.4625
15 0.2515625000000001 0.6796875 0.1609375000000001 0.6796875 0.1609375000000001 0.7140625 0.2515625000000001 0.7140625
54 0.465625 0.4390625 0.37187500000000007 0.4390625 0.37187500000000007 0.4734375 0.465625 0.4734375
58 0.2500000000000001 0.8625 0.1593750000000001 0.8625 0.1593750000000001 0.8953125 0.2500000000000001 0.8953125
51 0.4640625000000001 0.7140625 0.3734375000000001 0.7140625 0.3734375000000001 0.7484375 0.46406250000000016 0.7484375
34 0.2484375000000001 0.4515625 0.16093750000000004 0.4515625 0.16093750000000004 0.4859375 0.2484375000000001 0.4859375
32 0.2500000000000001 0.909375 0.15312500000000012 0.909375 0.15312500000000012 0.9453125 0.2500000000000001 0.9453125
4 0.5703125000000002 0.7828125 0.47656250000000017 0.7828125 0.47656250000000017 0.8171875 0.5703125000000002 0.8171875
8 0.571875 0.596875 0.471875 0.596875 0.471875 0.6359375 0.571875 0.6359375
31 0.35625000000000007 0.51875 0.2671875000000001 0.51875 0.2671875000000001 0.553125 0.35625000000000007 0.553125
14 0.14375000000000004 0.496875 0.05156250000000007 0.496875 0.05156250000000007 0.5421875 0.14375000000000004 0.5421875
18 0.2500000000000001 0.5421875 0.15781250000000005 0.5421875 0.15781250000000008 0.5765625 0.2500000000000001 0.5765625
19 0.35625000000000007 0.79375 0.2671875000000001 0.79375 0.2671875000000001 0.8265625 0.35625000000000007 0.8265625
29 0.35625000000000007 0.565625 0.2671875000000001 0.565625 0.2671875000000001 0.6 0.35625000000000007 0.6
28 0.3593750000000001 0.6125 0.2687500000000001 0.6125 0.2687500000000001 0.6453125 0.3593750000000001 0.6453125
25 0.35625000000000007 0.6578125 0.2671875000000001 0.6578125 0.2671875000000001 0.690625 0.35625000000000007 0.690625
22 0.4625 0.32343750000000004 0.2609375 0.3234375 0.26093750000000004 0.38593750000000004 0.4625 0.3859375000000001
49 0.14375000000000013 0.95625 0.05156250000000011 0.95625 0.05156250000000012 0.9984375 0.14375000000000013 0.9984375
41 0.46406250000000016 0.8984375 0.3703125000000001 0.8984375 0.3703125000000001 0.9328125 0.46406250000000016 0.9328125
2 0.5703125000000002 0.875 0.47656250000000017 0.875 0.47656250000000017 0.909375 0.5703125000000002 0.909375
47 0.14218750000000008 0.55 0.040625000000000064 0.55 0.040625000000000085 0.8296875 0.14218750000000008 0.8296875
38 0.4640625 0.4859375 0.3734375000000001 0.4859375 0.3734375000000001 0.51875 0.4640625 0.51875
21 0.46406250000000016 0.80625 0.3703125000000001 0.80625 0.3703125000000001 0.8390625 0.46406250000000016 0.8390625
46 0.25000000000000006 0.325 0.15781250000000005 0.325 0.15781250000000005 0.4390625 0.2500000000000001 0.4390625
9 0.571875 0.55 0.4765625 0.55 0.4765625 0.5890625 0.571875 0.5890625
33 0.2500000000000001 0.5875 0.1546875000000001 0.5875 0.1546875000000001 0.625 0.2500000000000001 0.625
10 0.35625000000000007 0.8859375 0.2656250000000001 0.8859375 0.2656250000000001 0.91875 0.35625000000000007 0.91875
39 0.465625 0.3937500000000001 0.3703125000000001 0.3937500000000001 0.3703125000000001 0.428125 0.465625 0.428125
11 0.5703125 0.415625 0.4765625 0.415625 0.4765625 0.45 0.5703125 0.45
0 0.571875 0.50625 0.4796875 0.50625 0.4796875 0.5421875 0.571875 0.5421875
6 0.5718750000000001 0.6890625 0.4765625 0.6890625 0.4765625000000001 0.7265625 0.5718750000000001 0.7265625
16 0.2500000000000001 0.771875 0.1593750000000001 0.771875 0.1593750000000001 0.8046875 0.2500000000000001 0.8046875
59 0.4625 0.66875 0.3734375000000001 0.66875 0.3734375000000001 0.703125 0.4625 0.703125
35 0.2500000000000001 0.634375 0.1609375000000001 0.634375 0.1609375000000001 0.66875 0.2500000000000001 0.66875
24 0.3578125000000001 0.703125 0.27031250000000007 0.703125 0.27031250000000007 0.7359375 0.3578125000000001 0.7359375
27 0.465625 0.5765625 0.3765625000000001 0.5765625 0.3765625000000001 0.6109375 0.465625 0.6109375
52 0.46406250000000016 0.94375 0.3750000000000001 0.94375 0.3750000000000001 0.9984375 0.46406250000000016 0.9984375