1 0.8609375 9.644093543285407e-17 0.7140625 8.744743550161569e-17 0.7140625 0.010937500000000096 0.8609375 0.010937500000000105
27 0.696875 0.3265625000000001 0.5453125 0.3265625000000001 0.5453125 0.3703125000000001 0.696875 0.3703125000000001
51 0.696875 0.1750000000000001 0.5453125 0.1750000000000001 0.5453125 0.2171875000000001 0.696875 0.2171875000000001
38 0.696875 0.4265625 0.5453125 0.4265625 0.5453125 0.4703125 0.696875 0.4703125
20 0.865625 0.5531250000000001 0.7140625 0.553125 0.7140625 0.6468750000000001 0.865625 0.6468750000000002
15 0.3609375 0.2125 0.2140625 0.2125 0.2140625 0.25625 0.3609375 0.25625
32 0.3609375 3.4921568881936244e-17 0.209375 2.5641042357147705e-17 0.209375 0.012500000000000035 0.3609375 0.012500000000000044
7 0.865625 0.2500000000000001 0.7140625 0.2500000000000001 0.7140625 0.2953125000000001 0.865625 0.2953125000000001
50 0.19687500000000008 0.5890625 0.015625000000000073 0.5890625 0.015625000000000076 0.6515625 0.19687500000000008 0.6515625
14 0.19687500000000005 0.4125 0.01250000000000005 0.4125 0.012500000000000053 0.471875 0.19687500000000005 0.471875
59 0.696875 0.2234375000000001 0.5453125 0.2234375000000001 0.5453125 0.2671875000000001 0.696875 0.2671875000000001
54 0.696875 0.4765625 0.5453125 0.4765625 0.5453125 0.521875 0.696875 0.521875
6 0.865625 0.1984375000000001 0.7140625 0.1984375000000001 0.7140625 0.2453125000000001 0.865625 0.2453125000000001
42 0.696875 0.12343750000000009 0.55 0.12343750000000009 0.55 0.1671875000000001 0.696875 0.1671875000000001
18 0.3609375 0.3625 0.2046875 0.3625 0.20468750000000005 0.4078125 0.3609375000000001 0.4078125
12 0.5328125 0.4890625 0.3765625000000001 0.4890625 0.3765625000000001 0.5328125 0.5328125 0.5328125
40 0.3609375000000001 0.4140625 0.2093750000000001 0.4140625 0.2093750000000001 0.459375 0.3609375000000001 0.459375
37 0.5296875 0.4390625 0.3781250000000001 0.4390625 0.3781250000000001 0.4828125 0.5296875 0.4828125
53 0.696875 0.2750000000000001 0.5453125 0.2750000000000001 0.5453125 0.3187500000000001 0.696875 0.3187500000000001
46 0.3609375000000001 0.515625 0.2093750000000001 0.515625 0.2093750000000001 0.6484375 0.3609375000000001 0.6484375
21 0.696875 0.07187500000000008 0.5453125 0.07187500000000006 0.5453125 0.11562500000000009 0.696875 0.11562500000000009
4 0.865625 0.0984375000000001 0.7140625 0.0984375000000001 0.7140625 0.14218750000000008 0.865625 0.14218750000000008
5 0.865625 0.14843750000000008 0.7140625 0.14843750000000008 0.7140625 0.1937500000000001 0.865625 0.1937500000000001
52 0.696875 7.606204729079264e-17 0.5453125 6.678152076600411e-17 0.5453125 0.025000000000000078 0.696875 0.025000000000000088
31 0.528125 0.3890625000000001 0.3812500000000001 0.3890625000000001 0.3812500000000001 0.4328125 0.528125 0.4328125
36 0.696875 0.3765625000000001 0.5453125 0.3765625000000001 0.5453125 0.4203125 0.696875 0.4203125
55 0.3609375 0.16250000000000003 0.209375 0.16250000000000003 0.209375 0.20625 0.3609375 0.20625
29 0.5296875 0.3375000000000001 0.378125 0.3375000000000001 0.37812500000000004 0.3812500000000001 0.5296875 0.3812500000000001
11 0.8609375 0.5015625000000001 0.7171875 0.5015625 0.7171875 0.5453125000000001 0.8609375 0.5453125000000002
25 0.5296875 0.2375000000000001 0.378125 0.2375000000000001 0.378125 0.2812500000000001 0.5296875 0.2812500000000001
2 0.865625 9.672796202640423e-17 0.7140625 8.744743550161569e-17 0.7140625 0.0421875000000001 0.865625 0.042187500000000114
39 0.696875 0.528125 0.5453125 0.528125 0.5453125 0.571875 0.696875 0.571875
44 0.35625 3.463454228838608e-17 0.209375 2.5641042357147705e-17 0.209375 0.018750000000000037 0.35625 0.018750000000000044
48 0.865625 0.4515625000000001 0.7140625 0.4515625 0.7140625 0.49687500000000007 0.865625 0.4968750000000002
47 0.19687500000000002 0.084375 0.009375000000000012 0.084375 0.009375000000000031 0.40625 0.19687500000000005 0.40625
43 0.5296875 0.03437500000000006 0.378125 0.034375000000000044 0.378125 0.07812500000000006 0.5296875 0.07812500000000007
23 0.528125 0.13593750000000004 0.38125 0.13593750000000004 0.38125 0.17968750000000006 0.528125 0.17968750000000006
34 0.3609375000000001 0.4640625 0.20468750000000008 0.4640625 0.20468750000000008 0.5109375 0.3609375000000001 0.5109375
13 0.19375 0.021875000000000012 0.0171875 0.021875 0.017187500000000005 0.07968750000000001 0.19375 0.07968750000000002
19 0.528125 0.08437500000000006 0.38125 0.08437500000000005 0.38125 0.12812500000000004 0.528125 0.12812500000000004
49 0.196875 0.0015625000000000129 0.0125 0.0015625000000000014 0.0125 0.02031250000000001 0.196875 0.02031250000000002
57 0.3609375 0.06093750000000003 0.209375 0.06093750000000002 0.209375 0.10468750000000004 0.3609375 0.10468750000000004
26 0.5296875 0.5390625 0.3781250000000001 0.5390625 0.3781250000000001 0.584375 0.5296875 0.584375
56 0.7015625 0.021875000000000075 0.55 0.021875000000000068 0.55 0.06562500000000007 0.7015625 0.06562500000000009
28 0.528125 0.2875000000000001 0.38125 0.2875000000000001 0.38125 0.3312500000000001 0.528125 0.3312500000000001
33 0.3609375 0.3140625 0.209375 0.3140625 0.209375 0.3578125 0.3609375 0.3578125
35 0.3609375 0.2609375 0.209375 0.2609375 0.209375 0.3078125 0.3609375 0.3078125
41 0.696875 7.606204729079264e-17 0.5453125 6.678152076600411e-17 0.5453125 0.014062500000000075 0.696875 0.014062500000000084
24 0.528125 0.18593750000000003 0.38125 0.18593750000000003 0.38125 0.2296875000000001 0.528125 0.2296875000000001
8 0.865625 0.3000000000000001 0.709375 0.3000000000000001 0.709375 0.3453125000000001 0.865625 0.3453125000000001
16 0.3609375 0.11093750000000005 0.2140625 0.11093750000000005 0.2140625 0.15468750000000003 0.3609375 0.15468750000000003
0 0.865625 0.4000000000000001 0.7140625 0.4 0.7140625 0.4453125000000001 0.865625 0.44531250000000017
9 0.8609375 0.3500000000000001 0.7140625 0.3500000000000001 0.7140625 0.3968750000000001 0.8609375 0.3968750000000001
45 0.5296875 5.558748361754783e-17 0.378125 4.63069570927593e-17 0.378125 0.031250000000000056 0.5296875 0.03125000000000007
30 1 6.123233995736766e-17 0 0 6.123233995736766e-17 1 1 1
10 0.5296875 5.558748361754783e-17 0.378125 4.63069570927593e-17 0.378125 0.026562500000000055 0.5296875 0.026562500000000065
58 0.35625 0.009375000000000034 0.209375 0.009375000000000026 0.209375 0.05312500000000003 0.35625 0.05312500000000005
22 0.7046875 0.5765625 0.3687500000000001 0.5765625 0.3687500000000001 0.6484375 0.7046875 0.6484375
17 0.8640625 9.682363755758761e-17 0.7171875 8.783013762634924e-17 0.7171875 0.010937500000000096 0.8640625 0.010937500000000105
3 0.865625 0.0468750000000001 0.7140625 0.04687500000000009 0.7140625 0.0921875000000001 0.865625 0.09218750000000012