37 0.3750000000000001 0.45625 0.3375000000000001 0.45625 0.3375000000000001 0.609375 0.3750000000000001 0.609375
52 0.010937500000000046 0.2890625 0.0015625000000000354 0.2890625 0.0015625000000000452 0.4453125 0.010937500000000055 0.4453125
50 0.5140625000000002 0.7984375 0.4625000000000002 0.7984375 0.4625000000000002 0.99375 0.5140625000000002 0.99375
7 0.21875 0.11250000000000002 0.18125 0.1125 0.18125000000000002 0.265625 0.21875 0.265625
0 0.3453125 0.12187500000000004 0.3078125 0.12187500000000004 0.3078125 0.278125 0.3453125 0.278125
51 0.15625000000000006 0.2921875 0.11875000000000005 0.2921875 0.11875000000000005 0.4453125 0.15625000000000006 0.4453125
9 0.3015625 0.11250000000000004 0.2640625 0.11250000000000004 0.2640625 0.265625 0.3015625 0.265625
24 0.16406250000000006 0.453125 0.12656250000000005 0.453125 0.12656250000000008 0.60625 0.16406250000000008 0.60625
49 0.006250000000000111 0.8078125 9.892849924362213e-17 0.8078125 1.1031388745444518e-16 0.99375 0.006250000000000122 0.99375
47 0.3125000000000001 0.8078125 0.0421875000000001 0.8078125 0.042187500000000114 0.996875 0.3125000000000001 0.996875
11 0.428125 0.12500000000000006 0.390625 0.12500000000000006 0.390625 0.2718750000000001 0.428125 0.2718750000000001
54 0.40625 0.2828125000000001 0.3703125 0.2828125000000001 0.37031250000000004 0.4359375 0.40625 0.4359375
23 0.12031250000000007 0.45625 0.08593750000000007 0.45625 0.08593750000000007 0.60625 0.12031250000000009 0.60625
30 0.85 5.204748896376251e-17 0 0 6.123233995736766e-17 1 0.85 1
18 0.3140625000000001 0.6421875 0.2765625000000001 0.6421875 0.2765625000000001 0.7984375 0.3140625000000001 0.7984375
40 0.3546875000000001 0.6453125 0.3187500000000001 0.6453125 0.3187500000000001 0.7953125 0.3546875000000001 0.7953125
34 0.3984375000000001 0.6390625 0.3609375000000001 0.6390625 0.3609375000000001 0.7953125 0.3984375000000001 0.7953125
25 0.2062500000000001 0.453125 0.17031250000000003 0.453125 0.17031250000000006 0.60625 0.2062500000000001 0.60625
14 0.3671875000000001 0.7984375 0.31718750000000007 0.7984375 0.31718750000000007 0.990625 0.3671875000000001 0.990625
33 0.2718750000000001 0.6390625 0.23437500000000008 0.6390625 0.23437500000000008 0.7953125 0.2718750000000001 0.7953125
13 0.04062500000000011 0.8078125 9.892849924362213e-17 0.8078125 1.101225363920784e-16 0.990625 0.04062500000000012 0.990625
28 0.2468750000000001 0.45625 0.21250000000000008 0.45625 0.21250000000000008 0.60625 0.2468750000000001 0.60625
16 0.10156250000000008 0.625 0.06406250000000006 0.625 0.06406250000000008 0.778125 0.10156250000000008 0.778125
55 0.14218750000000008 0.625 0.1062500000000001 0.625 0.1062500000000001 0.778125 0.14218750000000008 0.778125
29 0.2921875000000001 0.475 0.25468750000000007 0.475 0.25468750000000007 0.625 0.2921875000000001 0.625
59 0.19687500000000005 0.2953125 0.15937500000000004 0.2953125 0.15937500000000004 0.4421875 0.19687500000000005 0.4421875
27 0.27968750000000003 0.2828125 0.2453125 0.2828125 0.24531250000000004 0.4296875 0.2796875000000001 0.4296875
3 0.05156250000000003 0.11875 0.014062500000000016 0.11875 0.014062500000000025 0.275 0.051562500000000046 0.275
20 0.5125 0.11250000000000004 0.434375 0.11250000000000004 0.434375 0.26250000000000007 0.5125 0.26250000000000007
22 0.5125 0.2750000000000001 0.453125 0.2750000000000001 0.453125 0.61875 0.5125 0.61875
2 0.006250000000000024 0.109375 1.3394574365674177e-17 0.109375 2.2770776421646097e-17 0.2625 0.006250000000000033 0.2625
43 0.03593750000000007 0.45625 5.587451021109799e-17 0.45625 6.525071226706992e-17 0.609375 0.03593750000000008 0.609375
36 0.32343750000000004 0.2796875 0.2859375 0.2796875 0.28593750000000007 0.4328125 0.3234375000000001 0.4328125
6 0.1765625 0.1125 0.1390625 0.1125 0.13906250000000003 0.2625 0.17656250000000004 0.2625
31 0.3312500000000001 0.45625 0.2953125000000001 0.45625 0.2953125000000001 0.60625 0.3312500000000001 0.60625
45 0.017187500000000067 0.465625 0.001562500000000057 0.465625 0.0015625000000000662 0.615625 0.017187500000000078 0.615625
26 0.4609375 0.465625 0.4234375 0.465625 0.4234375 0.621875 0.4609375 0.621875
4 0.09218750000000002 0.1125 0.05468750000000002 0.1125 0.05468750000000002 0.259375 0.09218750000000002 0.259375
5 0.13437500000000002 0.109375 0.09687500000000002 0.109375 0.09687500000000002 0.2625 0.13437500000000005 0.2625
21 0.07187500000000005 0.2921875 0.03437500000000003 0.2921875 0.034375000000000044 0.4484375 0.07187500000000005 0.4484375
19 0.07812500000000006 0.453125 0.04218750000000006 0.453125 0.042187500000000065 0.60625 0.07812500000000007 0.60625
56 0.029687500000000044 0.2953125 0.001562500000000036 0.2953125 0.0015625000000000458 0.4515625 0.029687500000000054 0.4515625
53 0.24062500000000003 0.2890625 0.203125 0.2890625 0.20312500000000006 0.4484375 0.2406250000000001 0.4484375
12 0.41875 0.46875 0.3812500000000001 0.46875 0.3812500000000001 0.625 0.41875 0.625
35 0.2296875000000001 0.6390625 0.1921875000000001 0.6390625 0.1921875000000001 0.7953125 0.2296875000000001 0.7953125
39 0.4484375 0.2796875000000001 0.4109375 0.2796875000000001 0.4109375 0.4359375 0.4484375 0.4359375
42 0.11250000000000004 0.2953125 0.07656250000000005 0.2953125 0.07656250000000005 0.4484375 0.11250000000000004 0.4484375
44 0.004687500000000088 0.6453125 7.902798875747763e-17 0.6453125 8.802148868871601e-17 0.7921875 0.004687500000000097 0.7921875
8 0.2625 0.11875000000000005 0.2234375 0.11875000000000005 0.2234375 0.275 0.2625 0.275
48 0.3875 0.11875000000000005 0.35 0.11875000000000005 0.35 0.275 0.3875 0.2750000000000001
46 0.5109375 0.6296875 0.4015625 0.6296875 0.4015625000000001 0.7796875 0.5109375000000002 0.7796875
57 0.05937500000000008 0.6265625 0.02187500000000008 0.6265625 0.021875000000000085 0.7828125 0.05937500000000009 0.7828125
58 0.015625000000000087 0.6265625 7.673177600907635e-17 0.6265625 8.629932912741505e-17 0.7828125 0.015625000000000094 0.7828125
15 0.1859375000000001 0.625 0.14843750000000008 0.625 0.14843750000000008 0.778125 0.1859375000000001 0.778125
38 0.36406250000000007 0.2828125 0.3296875 0.2828125 0.3296875 0.4359375 0.36406250000000007 0.4359375