2 0.11093750000000005 0.440625 0.06875000000000005 0.440625 0.06875000000000006 0.484375 0.11093750000000005 0.484375
49 0.04843750000000008 0.61875 0.0015625000000000755 0.61875 0.0015625000000000784 0.6625 0.04843750000000008 0.6625
37 0.496875 0.5296875 0.45625 0.5296875 0.45625 0.5703125 0.496875 0.5703125
27 0.3968750000000001 0.4859375 0.3593750000000001 0.4859375 0.3593750000000001 0.5234375 0.3968750000000001 0.5234375
40 0.475 0.575 0.434375 0.575 0.434375 0.6140625 0.475 0.6140625
14 0.471875 0.6171875 0.40625 0.6171875 0.40625 0.6609375 0.471875 0.6609375
17 0.02031250000000006 0.4421875 0.001562500000000054 0.4421875 0.0015625000000000565 0.4828125 0.02031250000000006 0.4828125
44 0.03125000000000007 0.5734375 7.022583988860603e-17 0.5734375 7.290475476174086e-17 0.6171875 0.031250000000000076 0.6171875
15 0.2968750000000001 0.5734375 0.2562500000000001 0.5734375 0.2562500000000001 0.6140625 0.2968750000000001 0.6140625
24 0.2750000000000001 0.5296875 0.23437500000000008 0.5296875 0.23437500000000008 0.56875 0.2750000000000001 0.56875
38 0.4859375 0.4875 0.4453125 0.4875 0.4453125 0.525 0.4859375 0.525
7 0.33281250000000007 0.440625 0.2921875000000001 0.440625 0.2921875000000001 0.484375 0.33281250000000007 0.484375
45 0.05156250000000007 0.528125 6.467665907996959e-17 0.528125 6.716422289073765e-17 0.56875 0.05156250000000007 0.56875
9 0.4203125 0.440625 0.37968750000000007 0.440625 0.37968750000000007 0.484375 0.4203125 0.484375
55 0.2515625000000001 0.575 0.2140625000000001 0.575 0.2140625000000001 0.6125 0.2515625000000001 0.6125
1 0.06562500000000006 0.4421875 0.025000000000000057 0.4421875 0.025000000000000057 0.484375 0.06562500000000007 0.484375
29 0.4078125 0.5296875 0.3687500000000001 0.5296875 0.3687500000000001 0.5703125 0.4078125 0.5703125
19 0.18437500000000007 0.53125 0.14687500000000003 0.53125 0.14687500000000006 0.56875 0.1843750000000001 0.56875
18 0.4328125 0.5734375 0.3890625000000001 0.5734375 0.3890625000000001 0.615625 0.4328125 0.615625
0 0.465625 0.440625 0.4234375 0.440625 0.4234375 0.484375 0.465625 0.484375
56 0.13125000000000003 0.4875 0.09218750000000006 0.4875 0.09218750000000006 0.525 0.13125000000000003 0.525
46 0.6453125 0.5734375 0.5234375 0.5734375 0.5234375 0.6171875 0.6453125 0.6171875
32 0.07500000000000007 0.5734375 0.034375000000000065 0.5734375 0.03437500000000007 0.6171875 0.07500000000000007 0.6171875
35 0.3421875000000001 0.5734375 0.30156250000000007 0.5734375 0.30156250000000007 0.6140625 0.3421875000000001 0.6140625
30 1 0.33437500000000003 4.0949127346489623e-17 0.334375 6.419828142405267e-17 0.7140625 1 0.7140625000000002
54 0.53125 0.4859375 0.490625 0.4859375 0.490625 0.5265625 0.53125 0.5265625
4 0.19843750000000004 0.440625 0.15781250000000005 0.440625 0.15781250000000005 0.484375 0.19843750000000004 0.484375
34 0.51875 0.5734375 0.478125 0.5734375 0.478125 0.6140625 0.51875 0.6140625
28 0.36406250000000007 0.5296875 0.3234375000000001 0.5296875 0.3234375000000001 0.5703125 0.36406250000000007 0.5703125
8 0.3781250000000001 0.4421875 0.3343750000000001 0.4421875 0.3343750000000001 0.4859375 0.3781250000000001 0.4859375
12 0.5421875 0.5296875 0.5015625 0.5296875 0.5015625 0.5703125 0.5421875 0.5703125
25 0.3187500000000001 0.5296875 0.2796875000000001 0.5296875 0.2796875000000001 0.5671875 0.3187500000000001 0.5671875
26 0.5859375 0.528125 0.5453125 0.528125 0.5453125 0.571875 0.5859375 0.571875
47 0.403125 0.6171875 0.1859375000000001 0.6171875 0.1859375000000001 0.6640625 0.403125 0.6640625
21 0.17656250000000004 0.4859375 0.13593750000000004 0.4859375 0.13593750000000004 0.5265625 0.17656250000000004 0.5265625
5 0.24375000000000008 0.4421875 0.20312500000000008 0.4421875 0.20312500000000008 0.484375 0.24375000000000008 0.484375
36 0.4421875 0.4859375 0.4015625 0.4859375 0.4015625 0.525 0.4421875 0.525
43 0.14062500000000006 0.5296875 0.10000000000000005 0.5296875 0.10000000000000006 0.5703125 0.14062500000000008 0.5703125
3 0.15625000000000006 0.440625 0.11250000000000004 0.440625 0.11250000000000004 0.484375 0.15625000000000006 0.484375
6 0.2890625000000001 0.440625 0.2453125000000001 0.440625 0.2453125000000001 0.484375 0.2890625000000001 0.484375
39 0.575 0.4859375 0.534375 0.4859375 0.534375 0.528125 0.575 0.528125
52 0.040625000000000064 0.484375 5.931882933369991e-17 0.484375 6.180639314446797e-17 0.525 0.040625000000000064 0.525
20 0.6421875 0.440625 0.55625 0.440625 0.55625 0.484375 0.6421875 0.484375
58 0.12031250000000009 0.575 0.07968750000000006 0.575 0.07968750000000006 0.615625 0.12031250000000009 0.615625
48 0.5078125 0.440625 0.4671875 0.440625 0.4671875 0.484375 0.5078125 0.484375
22 0.6421875 0.4828125 0.578125 0.4828125 0.578125 0.5734375 0.6421875 0.5734375
57 0.16562500000000008 0.575 0.12500000000000008 0.575 0.12500000000000008 0.615625 0.16562500000000008 0.615625
23 0.22812500000000008 0.53125 0.19062500000000004 0.53125 0.19062500000000007 0.56875 0.22812500000000008 0.56875
41 0.08906250000000007 0.4859375 0.045312500000000054 0.4859375 0.04531250000000006 0.5296875 0.08906250000000007 0.5296875
42 0.22031250000000008 0.4859375 0.17968750000000006 0.4859375 0.17968750000000006 0.5265625 0.22031250000000008 0.5265625
13 0.1828125000000001 0.6171875 0.11718750000000008 0.6171875 0.11718750000000008 0.6625 0.1828125000000001 0.6625
33 0.38750000000000007 0.5734375 0.3468750000000001 0.5734375 0.3468750000000001 0.615625 0.38750000000000007 0.615625
51 0.26250000000000007 0.4875 0.2250000000000001 0.4875 0.2250000000000001 0.525 0.26250000000000007 0.525
59 0.3062500000000001 0.4875 0.2687500000000001 0.4875 0.2687500000000001 0.525 0.3062500000000001 0.525
10 0.09843750000000007 0.53125 0.057812500000000065 0.53125 0.057812500000000065 0.571875 0.09843750000000007 0.571875
31 0.4515625 0.5296875 0.4125 0.5296875 0.4125 0.5703125 0.4515625 0.5703125
11 0.553125 0.4421875 0.5125 0.4421875 0.5125 0.4828125 0.553125 0.4828125
50 0.6453125 0.6171875 0.5859375 0.6171875 0.5859375 0.6609375 0.6453125 0.6609375
16 0.2078125000000001 0.575 0.1671875000000001 0.575 0.1671875000000001 0.6125 0.2078125000000001 0.6125
53 0.3515625000000001 0.4859375 0.3140625000000001 0.4859375 0.3140625000000001 0.5234375 0.3515625000000001 0.5234375