22 0.4375000000000001 0.6421875 0.3843750000000001 0.6421875 0.3843750000000001 0.7453125 0.43750000000000017 0.7453125
14 0.5859375000000002 0.7890625 0.5390625000000002 0.7890625 0.5390625000000002 0.8390625 0.5859375000000002 0.8390625
53 0.6671875 0.6328125 0.634375 0.6328125 0.634375 0.6828125 0.6671875 0.6828125
45 0.9453125 0.6718750000000002 0.8828125 0.6718750000000002 0.8828125 0.7187500000000002 0.9453125 0.7187500000000002
18 0.6031250000000001 0.7375 0.5687500000000002 0.7375 0.5687500000000002 0.7875 0.6031250000000001 0.7875
1 0.9078125 0.5750000000000002 0.8734375 0.5750000000000002 0.8734375 0.6187500000000001 0.9078125 0.6187500000000001
57 0.828125 0.7250000000000002 0.790625 0.7250000000000002 0.7906250000000001 0.7750000000000001 0.828125 0.7750000000000001
23 0.7703125 0.6781250000000002 0.7359375 0.6781250000000002 0.7359375 0.7250000000000002 0.7703125 0.7250000000000002
25 0.6968750000000001 0.68125 0.659375 0.68125 0.659375 0.73125 0.6968750000000001 0.73125
58 0.865625 0.7250000000000002 0.828125 0.7250000000000002 0.828125 0.7718750000000002 0.865625 0.7718750000000002
42 0.7796875 0.6296875000000002 0.7453125 0.6296875000000002 0.7453125 0.6765625000000002 0.7796875 0.6765625000000002
55 0.7531250000000002 0.7281250000000001 0.7187500000000002 0.728125 0.7187500000000002 0.7781250000000001 0.7531250000000002 0.7781250000000002
4 0.7984375 0.5781250000000002 0.7640625 0.5781250000000002 0.7640625 0.6250000000000002 0.7984375 0.6250000000000002
2 0.871875 0.5765625000000002 0.8390625 0.5765625000000002 0.8390625 0.6203125000000002 0.871875 0.6203125000000002
59 0.7046875 0.63125 0.6703125 0.63125 0.6703125 0.68125 0.7046875 0.68125
33 0.6421875000000001 0.7359375 0.6046875000000002 0.7359375 0.6046875000000002 0.7859375 0.6421875000000001 0.7859375
19 0.8078125 0.6765625000000002 0.7734375 0.6765625000000002 0.7734375 0.7234375000000002 0.8078125 0.7234375000000002
12 0.5078125000000001 0.690625 0.4734375 0.690625 0.47343750000000007 0.740625 0.5078125000000002 0.740625
3 0.834375 0.5781250000000002 0.8015625 0.5781250000000002 0.8015625 0.6234375000000002 0.834375 0.6234375000000002
17 0.9453125 0.5734375000000002 0.9171875 0.5734375000000002 0.9171875 0.6171875000000002 0.9453125 0.6171875000000002
7 0.684375 0.5796875 0.65 0.5796875 0.65 0.6296875 0.684375 0.6296875
35 0.6812500000000001 0.7328125 0.6437500000000002 0.7328125 0.6437500000000002 0.7828125 0.6812500000000001 0.7828125
36 0.5921875 0.6359375 0.5578125 0.6359375 0.5578125 0.6859375 0.5921875 0.6859375
56 0.853125 0.6250000000000002 0.81875 0.6250000000000002 0.81875 0.6718750000000002 0.853125 0.6718750000000002
41 0.8921875 0.6250000000000002 0.8546875 0.6250000000000002 0.8546875 0.6703125000000002 0.8921875 0.6703125000000002
50 0.44531250000000017 0.7953125 0.3859375000000001 0.7953125 0.3859375000000001 0.8484375 0.44531250000000017 0.8484375
9 0.609375 0.5859375 0.5765625 0.5859375 0.5765625 0.63125 0.609375 0.63125
21 0.815625 0.6250000000000002 0.78125 0.6250000000000002 0.78125 0.6750000000000002 0.815625 0.6750000000000002
39 0.478125 0.6421875 0.44375 0.6421875 0.44375 0.6921875 0.478125 0.6921875
48 0.53125 0.5890625 0.5 0.5890625 0.5 0.634375 0.53125 0.634375
6 0.721875 0.58125 0.6875 0.58125 0.6875 0.628125 0.721875 0.628125
15 0.7156250000000002 0.73125 0.6812500000000001 0.73125 0.6812500000000001 0.78125 0.7156250000000002 0.78125
51 0.740625 0.6296875000000001 0.709375 0.6296875 0.709375 0.6765625000000001 0.740625 0.6765625000000002
37 0.5453125000000001 0.690625 0.5109375 0.690625 0.5109375 0.7375 0.5453125000000002 0.7375
26 0.4687500000000001 0.6921875 0.434375 0.6921875 0.43437500000000007 0.7421875 0.46875000000000017 0.7421875
38 0.5546875 0.6375 0.5203125 0.6375 0.5203125 0.6875 0.5546875 0.6875
34 0.5281250000000002 0.740625 0.4906250000000002 0.740625 0.4906250000000002 0.790625 0.5281250000000002 0.790625
0 0.571875 0.5859375 0.5390625 0.5859375 0.5390625 0.6359375 0.571875 0.6359375
47 0.8015625 0.7796875000000001 0.5890625000000002 0.7796875 0.5890625000000002 0.840625 0.8015625 0.840625
40 0.5640625000000001 0.7375 0.5296875000000002 0.7375 0.5296875000000002 0.7875 0.5640625000000001 0.7875
20 0.45625 0.5921875 0.3843750000000001 0.5921875 0.3843750000000001 0.6390625 0.45625 0.6390625
44 0.946875 0.7187500000000002 0.903125 0.7187500000000002 0.903125 0.7656250000000002 0.946875 0.7656250000000002
32 0.9015625 0.7203125000000001 0.8640625 0.7203125000000001 0.8640625 0.7671875000000001 0.9015625 0.7671875000000001
28 0.6609375000000001 0.6828125 0.6234375 0.6828125 0.6234375000000001 0.7328125 0.6609375000000002 0.7328125
24 0.7343750000000001 0.6812500000000001 0.7 0.68125 0.7000000000000001 0.7281250000000001 0.7343750000000002 0.7281250000000001
43 0.84375 0.6750000000000002 0.8109375 0.6750000000000002 0.8109375 0.7218750000000002 0.84375 0.7218750000000002
52 0.94375 0.6234375000000002 0.89375 0.6234375000000002 0.89375 0.6687500000000002 0.94375 0.6687500000000002
11 0.4953125 0.590625 0.4625 0.590625 0.4625 0.6359375 0.4953125 0.6359375
54 0.515625 0.640625 0.48125 0.640625 0.48125 0.690625 0.515625 0.690625
10 0.88125 0.6734375000000001 0.846875 0.6734375000000001 0.846875 0.7203125000000001 0.88125 0.7203125000000001
30 0.9734375 0.4468750000000001 0.031250000000000056 0.446875 0.03125000000000008 0.9046875 0.9734375 0.9046875
29 0.6218750000000001 0.6859375 0.5875 0.6859375 0.5875000000000001 0.7359375 0.6218750000000002 0.7359375
31 0.5828125000000001 0.6890625 0.55 0.6890625 0.55 0.7359375 0.5828125000000002 0.7359375
8 0.6453125 0.584375 0.6125 0.584375 0.6125 0.63125 0.6453125 0.63125
5 0.7578125 0.5796875000000001 0.7296875 0.5796875000000001 0.7296875 0.6265625000000001 0.7578125 0.6265625000000001
13 0.8484375 0.7750000000000001 0.8015625 0.7750000000000001 0.8015625 0.825 0.8484375 0.825
49 0.95 0.7687500000000002 0.8921875 0.7687500000000002 0.8921875 0.81875 0.95 0.81875
27 0.6296875 0.6375 0.596875 0.6375 0.596875 0.6828125 0.6296875 0.6828125
16 0.7921875000000002 0.7265625000000002 0.7546875000000002 0.7265625000000002 0.7546875000000002 0.7765625000000002 0.7921875000000002 0.7765625000000002
46 0.4890625000000002 0.74375 0.3859375000000001 0.74375 0.3859375000000001 0.79375 0.4890625000000002 0.79375