48 0.834375 0.5781250000000002 0.734375 0.5781250000000002 0.734375 0.6187500000000001 0.834375 0.6187500000000001
30 0.921875 0.032812500000000064 0.203125 0.03281250000000002 0.20312500000000006 0.9609375 0.921875 0.9609375
2 0.7953125 0.1453125000000001 0.6890625 0.1453125000000001 0.6890625 0.18906250000000008 0.7953125 0.18906250000000008
53 0.715625 0.4171875 0.615625 0.4171875 0.615625 0.459375 0.715625 0.459375
25 0.60625 0.3828125000000001 0.50625 0.3828125000000001 0.50625 0.425 0.60625 0.425
43 0.5828125 0.18281250000000007 0.4796875 0.18281250000000004 0.4796875 0.22656250000000008 0.5828125 0.22656250000000008
37 0.6234375 0.575 0.5171875 0.575 0.5171875 0.615625 0.6234375 0.615625
28 0.6078125 0.43125 0.5078125 0.43125 0.5078125 0.4734375 0.6078125 0.4734375
34 0.51875 0.6015625 0.41875 0.6015625 0.41875 0.6453125 0.51875 0.6453125
1 0.7921875 0.09531250000000009 0.684375 0.09531250000000009 0.684375 0.14062500000000008 0.7921875 0.14062500000000008
46 0.5312500000000001 0.65 0.421875 0.65 0.4218750000000001 0.784375 0.5312500000000002 0.784375
49 0.340625 0.03750000000000003 0.2125 0.03750000000000002 0.2125 0.09843750000000004 0.340625 0.09843750000000004
40 0.515625 0.5546875 0.4078125 0.5546875 0.4078125 0.596875 0.515625 0.596875
51 0.7078125 0.3203125000000001 0.6046875 0.3203125000000001 0.6046875 0.36406250000000007 0.7078125 0.36406250000000007
47 0.39062500000000006 0.26406250000000003 0.2546875 0.2640625 0.25468750000000007 0.5046875 0.3906250000000001 0.5046875
6 0.8125 0.3421875000000001 0.7125 0.3421875000000001 0.7125 0.3843750000000001 0.8125 0.3843750000000001
54 0.734375 0.6046875 0.628125 0.6046875 0.628125 0.6484375000000001 0.734375 0.6484375000000002
57 0.478125 0.2093750000000001 0.3703125 0.2093750000000001 0.3703125 0.2531250000000001 0.478125 0.2531250000000001
33 0.50625 0.4578125 0.3984375000000001 0.4578125 0.3984375000000001 0.5 0.50625 0.5
36 0.7234375 0.5078125 0.6234375 0.5078125 0.6234375 0.553125 0.7234375 0.553125
39 0.7390625 0.6531250000000001 0.6328125 0.653125 0.6328125 0.6953125000000001 0.7390625 0.6953125000000002
29 0.615625 0.478125 0.5125 0.478125 0.5125 0.5203125 0.615625 0.5203125
35 0.5015625 0.4109375 0.39531250000000007 0.4109375 0.39531250000000007 0.4515625 0.5015625 0.4515625
12 0.63125 0.621875 0.5234375 0.621875 0.5234375 0.665625 0.63125 0.665625
14 0.3984375000000001 0.5109375 0.27812500000000007 0.5109375 0.27812500000000007 0.5546875 0.3984375000000001 0.5546875
24 0.6015625 0.3359375000000001 0.4953125 0.3359375000000001 0.4953125 0.3765625000000001 0.6015625 0.3765625000000001
59 0.7109375 0.3703125000000001 0.6109375 0.3703125000000001 0.6109375 0.4109375 0.7109375 0.4109375
16 0.484375 0.2609375000000001 0.375 0.2609375000000001 0.375 0.3046875000000001 0.484375 0.3046875000000001
41 0.6875 0.11875000000000009 0.58125 0.11875000000000009 0.58125 0.1625000000000001 0.6875 0.1625000000000001
8 0.8203125 0.4375000000000001 0.7234375 0.4375 0.7234375 0.4781250000000001 0.8203125 0.4781250000000002
45 0.571875 0.04218750000000006 0.4640625 0.04218750000000006 0.4640625 0.12656250000000008 0.571875 0.12656250000000008
17 0.7859375 0.043750000000000094 0.6828125 0.04375000000000009 0.6828125 0.0906250000000001 0.7859375 0.0906250000000001
56 0.6953125 0.1703125000000001 0.5859375 0.1703125000000001 0.5859375 0.2156250000000001 0.6953125 0.2156250000000001
15 0.4921875 0.3609375000000001 0.3921875 0.3609375000000001 0.3921875 0.4046875 0.4921875 0.4046875
20 0.84375 0.6718750000000002 0.74375 0.6718750000000002 0.7437500000000001 0.7625000000000002 0.84375 0.7625000000000002
42 0.7 0.27031250000000007 0.596875 0.27031250000000007 0.596875 0.3140625000000001 0.7 0.3140625000000001
4 0.80625 0.2453125000000001 0.703125 0.2453125000000001 0.703125 0.2890625000000001 0.80625 0.2890625000000001
58 0.46875 0.15625000000000006 0.35625 0.15625000000000006 0.35625 0.20156250000000003 0.46875 0.2015625000000001
55 0.490625 0.3109375000000001 0.384375 0.3109375000000001 0.384375 0.3546875000000001 0.490625 0.3546875000000001
26 0.6375 0.6703125 0.53125 0.6703125 0.53125 0.7109375 0.6375 0.7109375
44 0.45625 0.04062500000000005 0.346875 0.04062500000000004 0.346875 0.10000000000000005 0.45625 0.10000000000000005
32 0.4671875 0.10468750000000004 0.3515625 0.10468750000000004 0.3515625 0.15000000000000005 0.4671875 0.15000000000000005
9 0.825 0.4859375000000002 0.728125 0.4859375000000002 0.728125 0.5234375000000002 0.825 0.5234375000000002
31 0.61875 0.528125 0.51875 0.528125 0.51875 0.56875 0.61875 0.56875
5 0.8078125 0.29375000000000007 0.7109375 0.29375000000000007 0.7109375 0.3375000000000001 0.8078125 0.3375000000000001
23 0.5921875 0.28593750000000007 0.4921875 0.28593750000000007 0.4921875 0.3265625000000001 0.5921875 0.3265625000000001
19 0.590625 0.23437500000000008 0.484375 0.23437500000000008 0.484375 0.27812500000000007 0.590625 0.27812500000000007
10 0.578125 0.13281250000000006 0.4703125 0.13281250000000006 0.4703125 0.17812500000000006 0.578125 0.1781250000000001
13 0.3640625 0.20781250000000004 0.240625 0.2078125 0.240625 0.25468750000000007 0.3640625 0.25468750000000007
11 0.8390625 0.6250000000000002 0.7390625 0.6250000000000002 0.7390625 0.6656250000000001 0.8390625 0.6656250000000001
0 0.83125 0.5312500000000002 0.728125 0.5312500000000002 0.728125 0.5718750000000001 0.83125 0.5718750000000001
7 0.81875 0.3921875000000001 0.71875 0.3921875000000001 0.71875 0.4296875000000001 0.81875 0.42968750000000017
38 0.728125 0.5578125 0.625 0.5578125 0.625 0.6000000000000001 0.728125 0.6000000000000002
27 0.71875 0.4640625 0.621875 0.4640625 0.621875 0.5046875 0.71875 0.5046875
21 0.6984375 0.2218750000000001 0.5921875 0.2218750000000001 0.5921875 0.2671875000000001 0.6984375 0.2671875000000001
50 0.4109375 0.6078125 0.2875000000000001 0.6078125 0.2875000000000001 0.653125 0.4109375 0.653125
22 0.7500000000000001 0.6968750000000001 0.534375 0.696875 0.534375 0.7750000000000001 0.7500000000000002 0.7750000000000001
52 0.68125 0.045312500000000075 0.571875 0.04531250000000007 0.571875 0.1140625000000001 0.68125 0.1140625000000001
18 0.5109375 0.50625 0.4015625 0.50625 0.4015625 0.5484375 0.5109375 0.5484375
3 0.803125 0.1937500000000001 0.696875 0.1937500000000001 0.696875 0.2375000000000001 0.803125 0.2375000000000001