41 0.946875 0.26250000000000007 0.909375 0.26250000000000007 0.909375 0.30937500000000007 0.946875 0.30937500000000007
57 0.8640625 0.3843750000000001 0.828125 0.3843750000000001 0.828125 0.4343750000000002 0.8640625 0.4343750000000002
31 0.5671875 0.3265625000000001 0.5296875 0.3265625000000001 0.5296875 0.3765625000000001 0.5671875 0.3765625000000001
2 0.921875 0.20312500000000008 0.8859375 0.20312500000000008 0.8859375 0.2500000000000001 0.921875 0.2500000000000001
37 0.5203125 0.3281250000000001 0.484375 0.3281250000000001 0.484375 0.3781250000000001 0.5203125 0.3781250000000001
55 0.7703125 0.3843750000000001 0.7359375 0.3843750000000001 0.7359375 0.4343750000000002 0.7703125 0.4343750000000002
7 0.6890625 0.2062500000000001 0.6515625 0.2062500000000001 0.6515625 0.2562500000000001 0.6890625 0.2562500000000001
13 0.890625 0.44531250000000017 0.840625 0.44531250000000017 0.840625 0.4968750000000002 0.890625 0.4968750000000002
58 0.9109375 0.3843750000000001 0.8765625 0.3843750000000001 0.8765625 0.4343750000000002 0.9109375 0.4343750000000002
3 0.8734375 0.20312500000000008 0.8390625 0.20312500000000008 0.8390625 0.2500000000000001 0.8734375 0.2500000000000001
20 0.4203125 0.21093750000000006 0.3390625 0.2109375 0.3390625 0.26093750000000004 0.4203125 0.2609375000000001
45 1 0.3218750000000001 0.95625 0.3218750000000001 0.95625 0.37187500000000007 1 0.37187500000000007
10 0.934375 0.3234375000000001 0.9 0.3234375000000001 0.9 0.3734375000000001 0.934375 0.3734375000000001
56 0.896875 0.26250000000000007 0.8625 0.26250000000000007 0.8625 0.3125000000000001 0.896875 0.3125000000000001
38 0.5328125 0.2687500000000001 0.4953125 0.2687500000000001 0.4953125 0.3187500000000001 0.5328125 0.3187500000000001
15 0.725 0.3859375000000001 0.6875 0.3859375000000001 0.6875 0.4359375 0.725 0.4359375
16 0.8171875 0.3843750000000001 0.78125 0.3843750000000001 0.78125 0.4343750000000002 0.8171875 0.4343750000000002
49 1 0.44531250000000017 0.959375 0.44531250000000017 0.959375 0.4968750000000002 1 0.4968750000000002
18 0.5875 0.38750000000000007 0.55 0.38750000000000007 0.55 0.4375 0.5875 0.4375
47 0.83125 0.4437500000000001 0.571875 0.44375 0.571875 0.5000000000000001 0.83125 0.5000000000000002
11 0.4671875 0.21093750000000008 0.4296875 0.21093750000000008 0.4296875 0.2578125000000001 0.4671875 0.2578125000000001
8 0.64375 0.2078125000000001 0.60625 0.2078125000000001 0.60625 0.2578125000000001 0.64375 0.2578125000000001
59 0.7109375 0.2671875000000001 0.6765625 0.2671875000000001 0.6765625 0.3140625000000001 0.7109375 0.3140625000000001
30 1 0.014062500000000061 1.7221595613009655e-18 0.0140625 3.45388667572027e-17 0.55 1 0.5500000000000002
51 0.7578125 0.2656250000000001 0.7234375 0.2656250000000001 0.7234375 0.3125000000000001 0.7578125 0.3125000000000001
24 0.746875 0.32500000000000007 0.7125 0.32500000000000007 0.7125 0.37187500000000007 0.746875 0.37187500000000007
4 0.8265625 0.20468750000000008 0.7921875 0.20468750000000008 0.7921875 0.2515625000000001 0.8265625 0.2515625000000001
40 0.5421875 0.3890625000000001 0.50625 0.3890625000000001 0.50625 0.4359375 0.5421875 0.4359375
17 1 0.19843750000000013 0.9796875 0.19843750000000013 0.9796875 0.2484375000000001 1 0.2484375000000001
22 0.4015625 0.26875000000000004 0.3390625 0.26875 0.33906250000000004 0.38125000000000003 0.4015625 0.3812500000000001
1 0.9671875 0.2000000000000001 0.93125 0.2000000000000001 0.93125 0.2500000000000001 0.9671875 0.2500000000000001
44 1 0.3843750000000001 0.9703125 0.3843750000000001 0.9703125 0.4343750000000002 1 0.4343750000000002
21 0.85 0.26250000000000007 0.815625 0.26250000000000007 0.815625 0.3125000000000001 0.85 0.3125000000000001
48 0.5109375 0.2093750000000001 0.4734375 0.2093750000000001 0.4734375 0.2593750000000001 0.5109375 0.2593750000000001
9 0.5984375 0.2078125000000001 0.5609375 0.2078125000000001 0.5609375 0.2578125000000001 0.5984375 0.2578125000000001
50 0.4 0.446875 0.3375000000000001 0.446875 0.3375000000000001 0.5 0.4 0.5
19 0.8390625 0.3234375000000001 0.8046875 0.3234375000000001 0.8046875 0.3734375000000001 0.8390625 0.3734375000000001
12 0.478125 0.3281250000000001 0.440625 0.3281250000000001 0.440625 0.3781250000000001 0.478125 0.3781250000000001
28 0.65625 0.3265625000000001 0.6203125 0.3265625000000001 0.6203125 0.3765625000000001 0.65625 0.3765625000000001
34 0.4984375 0.3890625000000001 0.4640625 0.3890625000000001 0.4640625 0.4359375 0.4984375 0.4359375
14 0.565625 0.446875 0.515625 0.446875 0.515625 0.496875 0.565625 0.496875
53 0.6671875 0.2656250000000001 0.63125 0.2656250000000001 0.63125 0.3156250000000001 0.6671875 0.3156250000000001
42 0.803125 0.2640625000000001 0.76875 0.2640625000000001 0.76875 0.3140625000000001 0.803125 0.3140625000000001
54 0.4875 0.2687500000000001 0.45 0.2687500000000001 0.45 0.3187500000000001 0.4875 0.3187500000000001
46 0.4546875 0.38906250000000003 0.34062500000000007 0.3890625 0.34062500000000007 0.4390625 0.4546875 0.4390625
33 0.634375 0.38750000000000007 0.596875 0.38750000000000007 0.596875 0.4375 0.634375 0.4375
36 0.5765625 0.2687500000000001 0.5390625 0.2687500000000001 0.5390625 0.3156250000000001 0.5765625 0.3156250000000001
32 0.959375 0.3828125000000001 0.9234375 0.3828125000000001 0.9234375 0.43281250000000016 0.959375 0.43281250000000016
43 0.8859375 0.3234375000000001 0.8515625 0.3234375000000001 0.8515625 0.3734375000000001 0.8859375 0.3734375000000001
25 0.7015625 0.3265625000000001 0.6640625 0.3265625000000001 0.6640625 0.3734375000000001 0.7015625 0.3734375000000001
0 0.5546875 0.2093750000000001 0.5171875 0.2093750000000001 0.5171875 0.2593750000000001 0.5546875 0.2593750000000001
5 0.7796875 0.20312500000000008 0.74375 0.20312500000000008 0.74375 0.2531250000000001 0.7796875 0.2531250000000001
6 0.7359375 0.20468750000000008 0.6984375 0.20468750000000008 0.6984375 0.25468750000000007 0.7359375 0.25468750000000007
39 0.4453125 0.27031250000000007 0.4078125 0.27031250000000007 0.4078125 0.3203125000000001 0.4453125 0.3203125000000001
26 0.434375 0.3296875000000001 0.396875 0.3296875000000001 0.39687500000000003 0.37968750000000007 0.434375 0.37968750000000007
29 0.6109375 0.3265625000000001 0.5734375 0.3265625000000001 0.5734375 0.3765625000000001 0.6109375 0.3765625000000001
27 0.621875 0.2687500000000001 0.584375 0.2687500000000001 0.584375 0.3156250000000001 0.621875 0.3156250000000001
23 0.79375 0.32500000000000007 0.7578125 0.32500000000000007 0.7578125 0.37187500000000007 0.79375 0.37187500000000007
52 1 0.2609375000000001 0.95625 0.2609375000000001 0.95625 0.3109375000000001 1 0.3109375000000001
35 0.6796875 0.3859375000000001 0.6421875 0.3859375000000001 0.6421875 0.4359375 0.6796875 0.4359375