3 0.6421875000000001 0.7859375 0.5718750000000001 0.7859375 0.5718750000000001 0.8203125 0.6421875000000001 0.8203125
22 0.5671875 0.409375 0.4359375 0.409375 0.4359375 0.453125 0.5671875 0.453125
21 0.5703125000000002 0.7671875 0.4984375000000002 0.7671875 0.4984375000000002 0.8015625 0.5703125000000002 0.8015625
46 0.43125 0.4078125 0.3656250000000001 0.4078125 0.3656250000000001 0.4953125 0.43125 0.4953125
37 0.5 0.5171875 0.434375 0.5171875 0.434375 0.5484375 0.5 0.5484375
13 0.3531250000000001 0.7859375 0.2812500000000001 0.7859375 0.2812500000000001 0.83125 0.3531250000000001 0.83125
8 0.640625 0.609375 0.571875 0.609375 0.571875 0.640625 0.640625 0.640625
17 0.6437500000000002 0.9015625 0.5750000000000002 0.9015625 0.5750000000000002 0.934375 0.6437500000000002 0.934375
4 0.6421875000000001 0.7484375 0.5718750000000001 0.7484375 0.5718750000000001 0.7828125 0.6421875000000001 0.7828125
2 0.6421875000000001 0.821875 0.5718750000000001 0.821875 0.5718750000000001 0.85625 0.6421875000000001 0.85625
59 0.5703125 0.6625 0.5015625 0.6625 0.5015625 0.69375 0.5703125 0.69375
27 0.56875 0.5921875 0.503125 0.5921875 0.503125 0.6234375 0.56875 0.6234375
28 0.5 0.6203125 0.43125 0.6203125 0.43125 0.6515625 0.5 0.6515625
57 0.42500000000000016 0.775 0.35625000000000007 0.775 0.35625000000000007 0.8109375 0.42500000000000016 0.8109375
51 0.5703125000000001 0.696875 0.5015625 0.696875 0.5015625000000001 0.7296875 0.5703125000000002 0.7296875
12 0.5 0.4828125 0.434375 0.4828125 0.434375 0.5140625 0.5 0.5140625
6 0.640625 0.6796875 0.5703125 0.6796875 0.5703125 0.7109375 0.640625 0.7109375
5 0.6406250000000001 0.7140625 0.5703125 0.7140625 0.5703125000000001 0.7453125 0.6406250000000002 0.7453125
42 0.5687500000000002 0.73125 0.4984375000000002 0.73125 0.4984375000000002 0.765625 0.5687500000000002 0.765625
38 0.56875 0.525 0.503125 0.525 0.503125 0.55625 0.56875 0.55625
18 0.4296875 0.56875 0.3609375000000001 0.56875 0.3609375000000001 0.6 0.4296875 0.6
53 0.56875 0.6265625 0.5 0.6265625 0.5 0.659375 0.56875 0.659375
47 0.35625000000000007 0.584375 0.2812500000000001 0.584375 0.2812500000000001 0.784375 0.35625000000000007 0.784375
11 0.640625 0.4765625 0.575 0.4765625 0.575 0.5046875 0.640625 0.5046875
49 0.3453125000000001 0.8765625 0.2765625000000001 0.8765625 0.2765625000000001 0.9328125 0.3453125000000001 0.9328125
7 0.640625 0.64375 0.571875 0.64375 0.571875 0.675 0.640625 0.675
48 0.6421875 0.509375 0.5734375 0.509375 0.5734375 0.5390625 0.6421875 0.5390625
56 0.5687500000000002 0.803125 0.4984375000000002 0.803125 0.4984375000000002 0.8375 0.5687500000000002 0.8375
55 0.4250000000000001 0.70625 0.3593750000000001 0.70625 0.3593750000000001 0.7390625 0.42500000000000016 0.7390625
20 0.6359375 0.409375 0.575 0.409375 0.575 0.471875 0.6359375 0.471875
58 0.4234375000000002 0.8125 0.3546875000000001 0.8125 0.3546875000000001 0.8484375 0.4234375000000002 0.8484375
39 0.571875 0.459375 0.503125 0.459375 0.503125 0.490625 0.571875 0.490625
1 0.6421875000000001 0.8578125 0.5718750000000001 0.8578125 0.5718750000000001 0.8953125 0.6421875000000001 0.8953125
44 0.4203125000000002 0.8875 0.3546875000000001 0.8875 0.3546875000000001 0.934375 0.4203125000000002 0.934375
50 0.36406250000000007 0.40625 0.29375000000000007 0.40625 0.29375000000000007 0.45625 0.36406250000000007 0.45625
25 0.4984375 0.653125 0.4296875 0.653125 0.4296875 0.684375 0.4984375 0.684375
31 0.5 0.55 0.434375 0.55 0.434375 0.58125 0.5 0.58125
45 0.4968750000000002 0.8703125 0.4265625000000002 0.8703125 0.4265625000000002 0.9328125 0.4968750000000002 0.9328125
43 0.4968750000000002 0.7953125 0.4281250000000002 0.7953125 0.4281250000000002 0.8296875 0.4968750000000002 0.8296875
40 0.428125 0.5328125 0.3625000000000001 0.5328125 0.3625000000000001 0.5640625 0.428125 0.5640625
24 0.496875 0.6875 0.428125 0.6875 0.428125 0.7203125 0.496875 0.7203125
16 0.4265625000000002 0.7421875 0.3578125000000001 0.7421875 0.3578125000000001 0.775 0.4265625000000002 0.775
14 0.3609375000000001 0.5421875 0.2906250000000001 0.5421875 0.2906250000000001 0.5828125 0.3609375000000001 0.5828125
34 0.4296875 0.5 0.36406250000000007 0.5 0.36406250000000007 0.53125 0.4296875 0.53125
23 0.49687500000000007 0.7234375 0.428125 0.7234375 0.4281250000000001 0.7546875 0.4968750000000002 0.7546875
35 0.428125 0.6359375 0.3593750000000001 0.6359375 0.3593750000000001 0.6671875 0.428125 0.6671875
30 0.909375 0.13281250000000008 0.203125 0.13281250000000006 0.20312500000000006 0.9578125 0.909375 0.9578125
26 0.5 0.45 0.434375 0.45 0.434375 0.48125 0.5 0.48125
33 0.4265625 0.6 0.3609375000000001 0.6 0.3609375000000001 0.6328125 0.4265625 0.6328125
32 0.4234375000000002 0.8484375 0.3546875000000001 0.8484375 0.3546875000000001 0.8859375 0.4234375000000002 0.8859375
15 0.428125 0.6703125 0.3593750000000001 0.6703125 0.3593750000000001 0.7046875 0.428125 0.7046875
10 0.49531250000000016 0.8296875 0.4265625000000002 0.8296875 0.4265625000000002 0.865625 0.49531250000000016 0.865625
0 0.6390625 0.5421875 0.5734375 0.5421875 0.5734375 0.5734375 0.6390625 0.5734375
29 0.4984375 0.584375 0.4328125 0.584375 0.4328125 0.615625 0.4984375 0.615625
9 0.6390625 0.5765625 0.5734375 0.5765625 0.5734375 0.6078125 0.6390625 0.6078125
36 0.5703125 0.559375 0.5015625 0.559375 0.5015625 0.590625 0.5703125 0.590625
54 0.5703125 0.4921875 0.5015625 0.4921875 0.5015625 0.5234375 0.5703125 0.5234375
52 0.5687500000000002 0.8765625 0.4984375000000002 0.8765625 0.4984375000000002 0.9328125 0.5687500000000002 0.9328125
41 0.5687500000000002 0.8390625 0.4968750000000002 0.8390625 0.4968750000000002 0.8765625 0.5687500000000002 0.8765625
19 0.4984375000000002 0.7578125 0.4281250000000002 0.7578125 0.4281250000000002 0.7921875 0.4984375000000002 0.7921875