49 0.060937500000000075 0.6109375 0.015625000000000073 0.6109375 0.015625000000000076 0.678125 0.06093750000000009 0.678125
16 0.18750000000000006 0.5359375 0.15937500000000004 0.5359375 0.15937500000000007 0.596875 0.18750000000000008 0.596875
31 0.3687500000000001 0.4609375 0.3421875000000001 0.4609375 0.3421875000000001 0.5234375 0.3687500000000001 0.5234375
14 0.37968750000000007 0.6 0.3390625000000001 0.6 0.3390625000000001 0.66875 0.37968750000000007 0.66875
56 0.12812500000000004 0.4 0.10468750000000004 0.4 0.10468750000000004 0.4578125 0.12812500000000004 0.4578125
28 0.3031250000000001 0.4625 0.2765625000000001 0.4625 0.2765625000000001 0.5234375 0.3031250000000001 0.5234375
18 0.3546875000000001 0.53125 0.3265625000000001 0.53125 0.3265625000000001 0.5953125 0.3546875000000001 0.5953125
2 0.11093750000000005 0.33125 0.08906250000000004 0.33125 0.08906250000000004 0.3890625 0.11093750000000005 0.3890625
35 0.2890625000000001 0.5328125 0.2593750000000001 0.5328125 0.2593750000000001 0.5984375 0.2890625000000001 0.5984375
1 0.07812500000000004 0.3328125 0.057812500000000044 0.3328125 0.057812500000000044 0.3875 0.07812500000000004 0.3875
17 0.04687500000000004 0.3375 0.026562500000000044 0.3375 0.026562500000000044 0.3859375 0.04687500000000004 0.3859375
54 0.4296875 0.3890625000000001 0.4 0.3890625000000001 0.4 0.4484375 0.4296875 0.4484375
27 0.3281250000000001 0.39375 0.3031250000000001 0.39375 0.3031250000000001 0.453125 0.3281250000000001 0.453125
52 0.06406250000000005 0.4015625 0.025000000000000043 0.4015625 0.02500000000000005 0.465625 0.06406250000000006 0.465625
12 0.4359375 0.4578125 0.4078125 0.4578125 0.4078125 0.521875 0.4359375 0.521875
13 0.1453125000000001 0.6078125 0.10781250000000009 0.6078125 0.10781250000000009 0.6734375 0.1453125000000001 0.6734375
33 0.3234375000000001 0.53125 0.2921875000000001 0.53125 0.2921875000000001 0.596875 0.3234375000000001 0.596875
23 0.2015625000000001 0.4671875 0.17812500000000003 0.4671875 0.17812500000000003 0.528125 0.2015625000000001 0.528125
34 0.4203125 0.5296875 0.3921875000000001 0.5296875 0.3921875000000001 0.590625 0.4203125 0.590625
51 0.2312500000000001 0.4 0.2062500000000001 0.4 0.2062500000000001 0.4609375 0.2312500000000001 0.4609375
47 0.33281250000000007 0.6046875 0.15000000000000008 0.6046875 0.15000000000000008 0.675 0.33281250000000007 0.675
58 0.11718750000000007 0.5421875 0.09218750000000006 0.5421875 0.09218750000000006 0.6 0.11718750000000008 0.6
25 0.2718750000000001 0.4640625 0.24375000000000008 0.4640625 0.24375000000000008 0.525 0.2718750000000001 0.525
30 0.7859375000000001 0.14843750000000006 0.006250000000000019 0.1484375 0.006250000000000061 0.83125 0.7859375000000002 0.83125
37 0.403125 0.459375 0.3750000000000001 0.459375 0.3750000000000001 0.521875 0.403125 0.521875
3 0.14687500000000003 0.3296875 0.12187500000000004 0.3296875 0.12187500000000004 0.3921875 0.14687500000000003 0.3921875
57 0.15156250000000007 0.5390625 0.12656250000000005 0.5390625 0.12656250000000008 0.6 0.1515625000000001 0.6
29 0.3359375000000001 0.4609375 0.30937500000000007 0.4609375 0.30937500000000007 0.525 0.3359375000000001 0.525
24 0.2390625000000001 0.465625 0.21250000000000008 0.465625 0.21250000000000008 0.525 0.2390625000000001 0.525
38 0.3937500000000001 0.3906250000000001 0.3671875000000001 0.3906250000000001 0.3671875000000001 0.45 0.3937500000000001 0.45
7 0.27656250000000004 0.321875 0.2515625 0.321875 0.2515625 0.384375 0.2765625000000001 0.384375
10 0.10468750000000004 0.4703125 0.07968750000000006 0.4703125 0.07968750000000006 0.53125 0.10468750000000004 0.53125
26 0.4703125 0.45625 0.440625 0.45625 0.440625 0.5203125 0.4703125 0.5203125
9 0.34843750000000007 0.321875 0.315625 0.321875 0.31562500000000004 0.3875 0.34843750000000007 0.3875
59 0.26250000000000007 0.3953125 0.2375000000000001 0.3953125 0.2375000000000001 0.45625 0.26250000000000007 0.45625
46 0.509375 0.525 0.425 0.525 0.425 0.590625 0.509375 0.590625
4 0.18125000000000005 0.33125 0.15625000000000006 0.33125 0.15625000000000006 0.39375 0.18125000000000005 0.39375
40 0.38750000000000007 0.5296875 0.3593750000000001 0.5296875 0.3593750000000001 0.5921875 0.38750000000000007 0.5921875
21 0.16093750000000004 0.4 0.13750000000000004 0.4 0.13750000000000004 0.459375 0.16093750000000004 0.459375
43 0.13750000000000004 0.4703125 0.10937500000000004 0.4703125 0.10937500000000004 0.5265625 0.13750000000000004 0.5265625
42 0.19843750000000004 0.4015625 0.17343750000000005 0.4015625 0.17343750000000005 0.4625 0.19843750000000004 0.4625
39 0.459375 0.38750000000000007 0.43125 0.38750000000000007 0.43125 0.4515625 0.459375 0.4515625
0 0.3765625 0.31875000000000003 0.3515625 0.31875 0.35156250000000006 0.38281250000000006 0.3765625000000001 0.3828125000000001
50 0.5125 0.5953125 0.4625 0.5953125 0.4625 0.6625 0.5125 0.6625
15 0.2578125000000001 0.5359375 0.2250000000000001 0.5359375 0.2250000000000001 0.596875 0.2578125000000001 0.596875
20 0.5078125 0.3187500000000001 0.446875 0.3187500000000001 0.446875 0.3781250000000001 0.5078125 0.3781250000000001
55 0.2234375000000001 0.534375 0.19218750000000004 0.534375 0.19218750000000007 0.5984375 0.2234375000000001 0.5984375
45 0.07500000000000007 0.4765625 0.025000000000000057 0.4765625 0.02500000000000006 0.534375 0.07500000000000007 0.534375
6 0.24531250000000004 0.325 0.2203125 0.325 0.22031250000000005 0.3859375 0.2453125000000001 0.3859375
36 0.3609375000000001 0.3921875 0.3343750000000001 0.3921875 0.3343750000000001 0.453125 0.3609375000000001 0.453125
48 0.4125 0.3187500000000001 0.3828125 0.3187500000000001 0.38281250000000006 0.3859375000000001 0.4125 0.3859375000000001
11 0.4453125 0.31718750000000007 0.415625 0.31718750000000007 0.415625 0.3843750000000001 0.4453125 0.3843750000000001
19 0.17031250000000003 0.4671875 0.14687500000000003 0.4671875 0.14687500000000003 0.528125 0.17031250000000003 0.528125
53 0.2953125000000001 0.39375 0.2687500000000001 0.39375 0.2687500000000001 0.453125 0.2953125000000001 0.453125
5 0.21250000000000005 0.3296875 0.18750000000000006 0.3296875 0.18750000000000006 0.3921875 0.21250000000000008 0.3921875
32 0.08593750000000007 0.5421875 0.05937500000000007 0.5421875 0.05937500000000007 0.5953125 0.08593750000000007 0.5953125
44 0.05312500000000007 0.546875 0.020312500000000067 0.546875 0.02031250000000007 0.6046875 0.05312500000000007 0.6046875
8 0.30937500000000007 0.3203125 0.284375 0.3203125 0.28437500000000004 0.384375 0.30937500000000007 0.384375
22 0.50625 0.3843750000000001 0.4640625 0.3843750000000001 0.4640625 0.5203125 0.50625 0.5203125
41 0.09843750000000005 0.403125 0.07343750000000004 0.403125 0.07343750000000006 0.4609375 0.09843750000000007 0.4609375