10 0.10937500000000008 0.63125 0.06562500000000007 0.63125 0.06562500000000007 0.6890625 0.10937500000000008 0.6890625
50 0.6828125000000002 0.759375 0.6250000000000002 0.759375 0.6250000000000002 0.83125 0.6828125000000002 0.83125
37 0.5234375 0.628125 0.4828125 0.628125 0.4828125 0.6890625 0.5234375 0.6890625
52 0.057812500000000065 0.565625 6.926908457677216e-17 0.565625 7.280907923055748e-17 0.6234375 0.057812500000000065 0.6234375
40 0.5000000000000001 0.6953125 0.4578125 0.6953125 0.45781250000000007 0.75625 0.5000000000000002 0.75625
21 0.1937500000000001 0.565625 0.1515625000000001 0.565625 0.1515625000000001 0.625 0.1937500000000001 0.625
9 0.4453125 0.5015625 0.403125 0.5015625 0.403125 0.559375 0.4453125 0.559375
31 0.4765625 0.6265625 0.434375 0.6265625 0.434375 0.6875 0.4765625 0.6875
42 0.2390625000000001 0.565625 0.19687500000000008 0.565625 0.19687500000000008 0.6234375 0.2390625000000001 0.6234375
19 0.1984375000000001 0.63125 0.15781250000000008 0.63125 0.15781250000000008 0.690625 0.1984375000000001 0.690625
41 0.10468750000000009 0.565625 0.05937500000000007 0.565625 0.05937500000000007 0.625 0.10468750000000009 0.625
7 0.3546875000000001 0.5015625 0.3140625000000001 0.5015625 0.3140625000000001 0.5578125 0.3546875000000001 0.5578125
57 0.17343750000000008 0.696875 0.1296875000000001 0.696875 0.1296875000000001 0.7609375 0.17343750000000008 0.7609375
43 0.1531250000000001 0.6296875 0.11093750000000009 0.6296875 0.11093750000000009 0.690625 0.1531250000000001 0.690625
46 0.6781250000000001 0.69375 0.5515625 0.69375 0.5515625000000001 0.75625 0.6781250000000002 0.75625
55 0.2656250000000001 0.6953125 0.2234375000000001 0.6953125 0.2234375000000001 0.7609375 0.2656250000000001 0.7609375
18 0.4531250000000001 0.696875 0.4109375 0.696875 0.41093750000000007 0.759375 0.45312500000000017 0.759375
4 0.22031250000000008 0.503125 0.17968750000000006 0.503125 0.17968750000000006 0.5609375 0.22031250000000008 0.5609375
39 0.603125 0.5609375 0.5640625 0.5609375 0.5640625 0.6234375 0.603125 0.6234375
23 0.2453125000000001 0.6296875 0.20468750000000008 0.6296875 0.20468750000000008 0.6875 0.2453125000000001 0.6875
11 0.5796875 0.4984375 0.5390625 0.4984375 0.5390625 0.5578125 0.5796875 0.5578125
59 0.3296875000000001 0.565625 0.2890625000000001 0.565625 0.2890625000000001 0.6234375 0.3296875000000001 0.6234375
6 0.30937500000000007 0.5 0.2687500000000001 0.5 0.2687500000000001 0.559375 0.30937500000000007 0.559375
30 1 0.4218750000000001 5.166478683902896e-17 0.421875 7.883663769511087e-17 0.865625 1 0.865625
35 0.3593750000000001 0.696875 0.31718750000000007 0.696875 0.31718750000000007 0.7609375 0.3593750000000001 0.7609375
49 0.028125000000000094 0.7640625 9.357066949735246e-17 0.7640625 9.76847173382381e-17 0.83125 0.0281250000000001 0.83125
53 0.3750000000000001 0.565625 0.33281250000000007 0.565625 0.33281250000000007 0.621875 0.3750000000000001 0.621875
24 0.2906250000000001 0.63125 0.2500000000000001 0.63125 0.2500000000000001 0.6890625 0.2906250000000001 0.6890625
15 0.3125000000000001 0.6953125 0.2687500000000001 0.6953125 0.2687500000000001 0.759375 0.3125000000000001 0.759375
45 0.06250000000000008 0.628125 7.692312707144312e-17 0.628125 8.055879725641184e-17 0.6875 0.06250000000000008 0.6875
56 0.14843750000000008 0.565625 0.1062500000000001 0.565625 0.1062500000000001 0.625 0.14843750000000008 0.625
25 0.3375000000000001 0.6296875 0.2953125000000001 0.6296875 0.2953125000000001 0.6875 0.3375000000000001 0.6875
28 0.3828125000000001 0.628125 0.3421875000000001 0.628125 0.3421875000000001 0.6875 0.3828125000000001 0.6875
0 0.4890625 0.496875 0.4484375 0.496875 0.4484375 0.559375 0.4890625 0.559375
58 0.12656250000000008 0.696875 0.08125000000000009 0.696875 0.08125000000000009 0.759375 0.12656250000000008 0.759375
27 0.4203125 0.5640625 0.3781250000000001 0.5640625 0.3781250000000001 0.6203125 0.4203125 0.6203125
32 0.07968750000000009 0.6953125 0.034375000000000086 0.6953125 0.034375000000000086 0.7609375 0.07968750000000009 0.7609375
12 0.5703125 0.6265625 0.528125 0.6265625 0.528125 0.690625 0.5703125 0.690625
54 0.5578125 0.5625 0.5171875 0.5625 0.5171875 0.621875 0.5578125 0.621875
16 0.22031250000000008 0.696875 0.1765625000000001 0.696875 0.1765625000000001 0.7609375 0.22031250000000008 0.7609375
44 0.03281250000000009 0.696875 8.534257381558118e-17 0.696875 8.907391953173328e-17 0.7578125 0.03281250000000009 0.7578125
36 0.4671875 0.5640625 0.425 0.5640625 0.425 0.621875 0.4671875 0.621875
26 0.615625 0.6265625 0.575 0.6265625 0.575 0.6921875 0.615625 0.6921875
17 0.040625000000000064 0.50625 0.0015625000000000617 0.50625 0.0015625000000000651 0.5625 0.040625000000000064 0.5625
2 0.13125000000000006 0.5046875 0.08906250000000007 0.5046875 0.08906250000000007 0.5625 0.1312500000000001 0.5625
20 0.6703125 0.4984375 0.5859375 0.4984375 0.5859375 0.5578125 0.6703125 0.5578125
13 0.1453125000000001 0.7625 0.08750000000000009 0.7625 0.0875000000000001 0.8296875 0.1453125000000001 0.8296875
29 0.43125 0.6265625 0.3890625000000001 0.6265625 0.3890625000000001 0.6875 0.43125 0.6875
1 0.08750000000000006 0.503125 0.04531250000000007 0.503125 0.04531250000000007 0.5609375 0.08750000000000006 0.5609375
14 0.5015625000000001 0.7609375 0.44531250000000017 0.7609375 0.44531250000000017 0.83125 0.5015625000000001 0.83125
48 0.534375 0.5 0.49375 0.5 0.49375 0.559375 0.534375 0.559375
34 0.5484375000000001 0.6953125 0.50625 0.6953125 0.5062500000000001 0.7578125 0.5484375000000001 0.7578125
38 0.5109375 0.5640625 0.4703125 0.5640625 0.4703125 0.621875 0.5109375 0.621875
22 0.675 0.5609375 0.6109375 0.5609375 0.6109375 0.6890625 0.675 0.6890625
8 0.3984375000000001 0.5015625 0.3578125000000001 0.5015625 0.3578125000000001 0.559375 0.3984375000000001 0.559375
5 0.2656250000000001 0.5015625 0.2218750000000001 0.5015625 0.2218750000000001 0.5609375 0.2656250000000001 0.5609375
51 0.2843750000000001 0.565625 0.24218750000000008 0.565625 0.24218750000000008 0.6234375 0.2843750000000001 0.6234375
33 0.4078125000000001 0.6953125 0.36406250000000007 0.6953125 0.36406250000000007 0.759375 0.4078125000000002 0.759375
47 0.4421875000000002 0.765625 0.14843750000000008 0.765625 0.14843750000000008 0.83125 0.4421875000000002 0.83125
3 0.17500000000000007 0.5046875 0.13437500000000005 0.5046875 0.13437500000000008 0.5625 0.1750000000000001 0.5625