6 0.38593750000000004 0.32343750000000004 0.3515625 0.3234375 0.35156250000000006 0.37500000000000006 0.3859375000000001 0.3750000000000001
57 0.2656250000000001 0.5171875 0.2234375000000001 0.5171875 0.2234375000000001 0.5703125 0.2656250000000001 0.5703125
26 0.7078125 0.4453125 0.6703125 0.4453125 0.6703125 0.5 0.7078125 0.5
35 0.45 0.5140625 0.4140625 0.5140625 0.4140625 0.565625 0.45 0.565625
23 0.3265625000000001 0.453125 0.29375000000000007 0.453125 0.29375000000000007 0.5015625 0.3265625000000001 0.5015625
56 0.2218750000000001 0.3921875 0.18906250000000005 0.3921875 0.18906250000000005 0.440625 0.2218750000000001 0.440625
14 0.59375 0.571875 0.540625 0.571875 0.540625 0.6296875 0.59375 0.6296875
47 0.5359375 0.575 0.2484375000000001 0.575 0.2484375000000001 0.6359375 0.5359375 0.6359375
33 0.496875 0.5125 0.4609375 0.5125 0.4609375 0.5671875 0.496875 0.5671875
20 0.765625 0.3203125000000001 0.6828125 0.3203125000000001 0.6828125 0.3703125000000001 0.765625 0.3703125000000001
34 0.6359375 0.509375 0.603125 0.509375 0.603125 0.5578125 0.6359375 0.5578125
17 0.09843750000000004 0.3296875 0.06562500000000004 0.3296875 0.06562500000000004 0.378125 0.09843750000000004 0.378125
5 0.34375000000000006 0.325 0.3046875 0.325 0.30468750000000006 0.3828125 0.3437500000000001 0.3828125
45 0.14062500000000006 0.45625 0.06875000000000006 0.45625 0.06875000000000006 0.50625 0.14062500000000006 0.50625
44 0.11718750000000007 0.5203125 0.06875000000000006 0.5203125 0.06875000000000006 0.5703125 0.11718750000000008 0.5703125
40 0.5890625 0.5109375 0.5578125 0.5109375 0.5578125 0.559375 0.5890625 0.559375
15 0.4015625 0.5140625 0.3656250000000001 0.5140625 0.3656250000000001 0.5640625 0.4015625 0.5640625
7 0.434375 0.32500000000000007 0.3984375 0.32500000000000007 0.39843750000000006 0.3765625000000001 0.434375 0.3765625000000001
16 0.3109375000000001 0.515625 0.2718750000000001 0.515625 0.2718750000000001 0.571875 0.3109375000000001 0.571875
32 0.16093750000000007 0.51875 0.12812500000000004 0.51875 0.12812500000000007 0.56875 0.1609375000000001 0.56875
3 0.25000000000000006 0.328125 0.2078125 0.328125 0.20781250000000004 0.38125 0.2500000000000001 0.38125
9 0.528125 0.3234375000000001 0.49375 0.3234375000000001 0.49375 0.3765625000000001 0.528125 0.3765625000000001
11 0.671875 0.3203125000000001 0.6375 0.3203125000000001 0.6375 0.3687500000000001 0.671875 0.3687500000000001
28 0.4703125 0.45 0.4375 0.45 0.4375 0.5 0.4703125 0.5
31 0.565625 0.446875 0.53125 0.446875 0.53125 0.5 0.565625 0.5
0 0.5765625 0.3218750000000001 0.5421875 0.3218750000000001 0.5421875 0.3750000000000001 0.5765625 0.3750000000000001
37 0.6125 0.4484375 0.5796875 0.4484375 0.5796875 0.4984375 0.6125 0.4984375
4 0.290625 0.325 0.2578125 0.325 0.25781250000000006 0.3765625 0.2906250000000001 0.3765625
12 0.659375 0.446875 0.625 0.446875 0.625 0.496875 0.659375 0.496875
41 0.18125000000000005 0.3921875 0.13906250000000003 0.3921875 0.13906250000000003 0.4453125 0.18125000000000005 0.4453125
1 0.15000000000000005 0.3296875 0.11250000000000004 0.3296875 0.11250000000000004 0.38125 0.15000000000000005 0.38125
55 0.3515625000000001 0.515625 0.3187500000000001 0.515625 0.3187500000000001 0.56875 0.3515625000000001 0.56875
2 0.20000000000000004 0.328125 0.16093750000000004 0.328125 0.16093750000000004 0.3796875 0.2000000000000001 0.3796875
29 0.51875 0.4515625 0.484375 0.4515625 0.484375 0.5 0.51875 0.5
30 1 0.18281250000000007 2.2388074296912548e-17 0.1828125 5.558748361754783e-17 0.7250000000000001 1 0.7250000000000002
38 0.6 0.38750000000000007 0.5671875 0.38750000000000007 0.5671875 0.434375 0.6 0.434375
59 0.4109375 0.3890625000000001 0.3781250000000001 0.3890625000000001 0.3781250000000001 0.4375 0.4109375 0.4375
49 0.1296875000000001 0.584375 0.06718750000000007 0.584375 0.06718750000000008 0.6421875 0.1296875000000001 0.6421875
13 0.24375000000000008 0.578125 0.1859375000000001 0.578125 0.1859375000000001 0.634375 0.24375000000000008 0.634375
19 0.2812500000000001 0.4546875 0.2468750000000001 0.4546875 0.2468750000000001 0.5015625 0.2812500000000001 0.5015625
21 0.2718750000000001 0.3921875 0.23593750000000008 0.3921875 0.23593750000000008 0.440625 0.2718750000000001 0.440625
48 0.6234375 0.3218750000000001 0.5875 0.3218750000000001 0.5875 0.3734375000000001 0.6234375 0.3734375000000001
18 0.5421875 0.5125 0.509375 0.5125 0.509375 0.5625 0.5421875 0.5625
42 0.3218750000000001 0.390625 0.2828125000000001 0.390625 0.2828125000000001 0.440625 0.3218750000000001 0.440625
25 0.421875 0.4515625 0.3906250000000001 0.4515625 0.3906250000000001 0.5 0.421875 0.5
58 0.21093750000000008 0.51875 0.17656250000000004 0.51875 0.17656250000000007 0.56875 0.21093750000000008 0.56875
54 0.6484375 0.3859375000000001 0.6125 0.3859375000000001 0.6125 0.434375 0.6484375 0.434375
27 0.50625 0.3890625000000001 0.471875 0.3890625000000001 0.471875 0.4359375 0.50625 0.4359375
24 0.3765625000000001 0.453125 0.3421875000000001 0.453125 0.3421875000000001 0.503125 0.3765625000000001 0.503125
50 0.76875 0.5703125000000001 0.71875 0.5703125 0.71875 0.6234375000000001 0.76875 0.6234375000000002
10 0.18750000000000006 0.4546875 0.15312500000000004 0.4546875 0.15312500000000004 0.5046875 0.18750000000000006 0.5046875
43 0.23437500000000008 0.4546875 0.2000000000000001 0.4546875 0.2000000000000001 0.503125 0.23437500000000008 0.503125
51 0.3625000000000001 0.390625 0.3296875000000001 0.390625 0.3296875000000001 0.4390625 0.3625000000000001 0.4390625
22 0.765625 0.3843750000000001 0.7 0.3843750000000001 0.7 0.5015625000000001 0.765625 0.5015625000000001
36 0.5546875 0.38750000000000007 0.51875 0.38750000000000007 0.51875 0.4359375 0.5546875 0.4359375
52 0.12812500000000004 0.3921875 0.06718750000000004 0.3921875 0.06718750000000004 0.45 0.12812500000000004 0.45
46 0.765625 0.5078125000000001 0.65 0.5078125 0.65 0.5562500000000001 0.765625 0.5562500000000001
39 0.6953125 0.3812500000000001 0.659375 0.3812500000000001 0.659375 0.434375 0.6953125 0.434375
53 0.4578125 0.38750000000000007 0.425 0.38750000000000007 0.425 0.4375 0.4578125 0.4375
8 0.4828125 0.32500000000000007 0.446875 0.32500000000000007 0.446875 0.37968750000000007 0.4828125 0.37968750000000007