6 0.6859375 0.29375000000000007 0.6546875 0.29375000000000007 0.6546875 0.3390625000000001 0.6859375 0.3390625000000001
57 0.8 0.4671875000000002 0.7625 0.4671875000000002 0.7625 0.5156250000000002 0.8 0.5156250000000002
26 0.3984375000000001 0.4015625 0.3656250000000001 0.4015625 0.3656250000000001 0.4515625 0.3984375000000001 0.4515625
35 0.628125 0.4640625 0.596875 0.4640625 0.596875 0.5109375 0.628125 0.5109375
23 0.7359375 0.41093750000000007 0.7078125 0.4109375 0.7078125 0.4546875000000001 0.7359375 0.4546875000000002
56 0.8328125 0.3546875000000001 0.8015625 0.3546875000000001 0.8015625 0.3984375000000001 0.8328125 0.3984375000000001
14 0.515625 0.5171875 0.4671875 0.5171875 0.4671875 0.56875 0.515625 0.56875
47 0.7796875 0.5203125000000001 0.5203125 0.5203125 0.5203125 0.5750000000000001 0.7796875 0.5750000000000002
33 0.5875 0.4625 0.5546875 0.4625 0.5546875 0.5125 0.5875 0.5125
20 0.3875 0.290625 0.3125 0.290625 0.3125 0.33437500000000003 0.3875 0.3343750000000001
34 0.459375 0.4609375 0.4296875 0.4609375 0.4296875 0.5046875 0.459375 0.5046875
17 0.9421875 0.2984375000000001 0.9125 0.2984375000000001 0.9125 0.3421875000000001 0.9421875 0.3421875000000001
5 0.728125 0.29375000000000007 0.69375 0.29375000000000007 0.69375 0.3468750000000001 0.728125 0.3468750000000001
45 0.940625 0.4125000000000002 0.875 0.4125000000000002 0.875 0.4578125000000002 0.940625 0.4578125000000002
44 0.940625 0.4703125000000002 0.896875 0.4703125000000002 0.896875 0.5156250000000002 0.940625 0.5156250000000002
40 0.5 0.4609375 0.471875 0.4609375 0.471875 0.5046875 0.5 0.5046875
15 0.671875 0.465625 0.640625 0.465625 0.640625 0.5109375 0.671875 0.5109375
7 0.64375 0.29375000000000007 0.6125 0.29375000000000007 0.6125 0.34062500000000007 0.64375 0.34062500000000007
16 0.7578125 0.4671875000000001 0.7234375 0.4671875 0.7234375 0.5171875000000001 0.7578125 0.5171875000000001
32 0.8859375 0.46875000000000017 0.8578125 0.46875000000000017 0.8578125 0.5125000000000002 0.8859375 0.5125000000000002
3 0.8140625 0.2984375000000001 0.7765625 0.2984375000000001 0.7765625 0.3453125000000001 0.8140625 0.3453125000000001
9 0.5578125 0.29375000000000007 0.5265625 0.29375000000000007 0.5265625 0.34062500000000007 0.5578125 0.34062500000000007
11 0.4296875 0.2906250000000001 0.3984375 0.2906250000000001 0.3984375 0.3343750000000001 0.4296875 0.3343750000000001
28 0.609375 0.4078125 0.578125 0.4078125 0.578125 0.4515625 0.609375 0.4515625
31 0.525 0.4046875 0.49375 0.4046875 0.49375 0.4515625 0.525 0.4515625
0 0.515625 0.2921875000000001 0.484375 0.2921875000000001 0.484375 0.34062500000000007 0.515625 0.34062500000000007
37 0.48125 0.40625 0.4515625 0.40625 0.4515625 0.45 0.48125 0.45
4 0.7703125 0.2953125000000001 0.740625 0.2953125000000001 0.740625 0.34062500000000007 0.7703125 0.34062500000000007
12 0.440625 0.4046875 0.409375 0.4046875 0.409375 0.45 0.440625 0.45
41 0.8765625 0.3546875000000001 0.8390625 0.3546875000000001 0.8390625 0.4031250000000002 0.8765625 0.4031250000000002
1 0.9 0.2984375000000001 0.8671875 0.2984375000000001 0.8671875 0.3453125000000001 0.9 0.3453125000000001
55 0.7140625 0.465625 0.6859375 0.465625 0.6859375 0.5140625 0.7140625 0.5140625
2 0.85625 0.2984375000000001 0.821875 0.2984375000000001 0.821875 0.3437500000000001 0.85625 0.3437500000000001
29 0.565625 0.4078125 0.534375 0.4078125 0.534375 0.4515625 0.565625 0.4515625
30 1 0.16718750000000007 2.0474563673244812e-17 0.1671875 5.0325329402461554e-17 0.6546875000000001 1 0.6546875000000002
38 0.4921875 0.3515625000000001 0.4625 0.3515625000000001 0.4625 0.3937500000000001 0.4921875 0.3937500000000001
59 0.6625 0.3531250000000001 0.6328125 0.3531250000000001 0.6328125 0.3968750000000001 0.6625 0.3968750000000001
49 0.940625 0.5265625000000002 0.884375 0.5265625000000002 0.884375 0.5796875000000001 0.940625 0.5796875000000001
13 0.834375 0.5218750000000002 0.7828125 0.5218750000000002 0.7828125 0.5734375000000002 0.834375 0.5734375000000002
19 0.7796875 0.4109375000000002 0.7484375 0.4109375000000002 0.7484375 0.4546875000000002 0.7796875 0.4546875000000002
21 0.790625 0.3546875000000001 0.759375 0.3546875000000001 0.759375 0.3984375000000001 0.790625 0.3984375000000001
48 0.4734375 0.2921875000000001 0.4421875 0.2921875000000001 0.4421875 0.3390625000000001 0.4734375 0.3390625000000001
18 0.54375 0.4640625 0.5140625 0.4640625 0.5140625 0.5078125 0.54375 0.5078125
42 0.7484375 0.3546875000000001 0.7140625 0.3546875000000001 0.7140625 0.3984375000000001 0.7484375 0.3984375000000001
25 0.65 0.4078125 0.621875 0.4078125 0.621875 0.4515625 0.65 0.4515625
58 0.84375 0.4703125000000002 0.8125 0.4703125000000002 0.8125 0.5140625000000002 0.84375 0.5140625000000002
54 0.45 0.3500000000000001 0.41875 0.3500000000000001 0.41875 0.3937500000000001 0.45 0.3937500000000001
27 0.578125 0.3515625000000001 0.546875 0.3515625000000001 0.546875 0.3937500000000001 0.578125 0.3937500000000001
24 0.69375 0.409375 0.6625 0.409375 0.6625 0.453125 0.69375 0.453125
50 0.35625000000000007 0.515625 0.3125000000000001 0.515625 0.3125000000000001 0.5640625 0.35625000000000007 0.5640625
10 0.8640625 0.4125000000000002 0.8328125 0.4125000000000002 0.8328125 0.45625000000000016 0.8640625 0.45625000000000016
43 0.821875 0.4109375000000002 0.790625 0.4109375000000002 0.790625 0.4546875000000002 0.821875 0.4546875000000002
51 0.7046875 0.3531250000000001 0.6765625 0.3531250000000001 0.6765625 0.3968750000000001 0.7046875 0.3968750000000001
22 0.37187500000000007 0.34687500000000004 0.3125 0.346875 0.31250000000000006 0.453125 0.37187500000000007 0.453125
36 0.5359375 0.3500000000000001 0.5046875 0.3500000000000001 0.5046875 0.3937500000000001 0.5359375 0.3937500000000001
52 0.940625 0.3546875000000001 0.8875 0.3546875000000001 0.8875 0.4078125000000002 0.940625 0.4078125000000002
46 0.4171875 0.459375 0.3125000000000001 0.459375 0.3125000000000001 0.503125 0.4171875 0.503125
39 0.4078125 0.3468750000000001 0.3765625 0.3468750000000001 0.3765625 0.3937500000000001 0.4078125 0.3937500000000001
53 0.6203125 0.3515625000000001 0.5890625 0.3515625000000001 0.5890625 0.39531250000000007 0.6203125 0.39531250000000007
8 0.6 0.29375000000000007 0.56875 0.29375000000000007 0.56875 0.3437500000000001 0.6 0.3437500000000001