49 0.978125 0.6578125000000001 0.921875 0.6578125000000001 0.921875 0.7203125000000001 0.978125 0.7203125000000001
31 0.4546875 0.5125 0.4125 0.5125 0.4125 0.5734375 0.4546875 0.5734375
54 0.3593750000000001 0.44375 0.3203125000000001 0.44375 0.3203125000000001 0.5 0.3593750000000001 0.5
42 0.734375 0.4453125000000001 0.690625 0.4453125 0.690625 0.5046875000000001 0.734375 0.5046875000000002
6 0.6546875 0.37187500000000007 0.6046875 0.37187500000000007 0.6046875 0.440625 0.6546875 0.440625
26 0.2906250000000001 0.5125 0.2531250000000001 0.5125 0.2531250000000001 0.575 0.2906250000000001 0.575
59 0.628125 0.4453125 0.5859375 0.4453125 0.5859375 0.5015625 0.628125 0.5015625
47 0.775 0.6531250000000001 0.45 0.653125 0.45 0.721875 0.775 0.7218750000000002
33 0.5359375 0.5828125 0.4875 0.5828125 0.4875 0.646875 0.5359375 0.646875
30 0.9859375 0.24687500000000004 0.0015625000000000304 0.246875 0.0015625000000000615 0.7562500000000001 0.9859375 0.7562500000000002
39 0.3046875000000001 0.440625 0.2671875000000001 0.440625 0.2671875000000001 0.5 0.3046875000000001 0.5
27 0.521875 0.4453125 0.478125 0.4453125 0.478125 0.5015625 0.521875 0.5015625
5 0.709375 0.3734375000000001 0.665625 0.3734375000000001 0.665625 0.4390625 0.709375 0.4390625
12 0.3437500000000001 0.5109375 0.3062500000000001 0.5109375 0.3062500000000001 0.5703125 0.3437500000000001 0.5703125
0 0.4421875 0.37187500000000007 0.3984375000000001 0.37187500000000007 0.3984375000000001 0.4421875 0.4421875 0.4421875
36 0.46875 0.4453125 0.425 0.4453125 0.425 0.5015625 0.46875 0.5015625
2 0.8703125 0.3750000000000001 0.8328125 0.3750000000000001 0.8328125 0.43750000000000017 0.8703125 0.43750000000000017
13 0.8421875 0.6546875000000002 0.7875 0.6546875000000002 0.7875 0.7187500000000002 0.8421875 0.7187500000000002
32 0.9109375 0.5859375000000002 0.871875 0.5859375000000002 0.871875 0.6468750000000002 0.9109375 0.6468750000000002
4 0.7625 0.3734375000000001 0.721875 0.3734375000000001 0.721875 0.4328125000000001 0.7625 0.43281250000000016
9 0.4984375 0.37187500000000007 0.4515625 0.37187500000000007 0.4515625 0.440625 0.4984375 0.440625
52 0.9765625 0.4515625000000002 0.9125 0.4515625000000002 0.9125 0.5031250000000002 0.9765625 0.5031250000000002
10 0.8828125 0.5187500000000002 0.8453125 0.5187500000000002 0.8453125 0.5750000000000002 0.8828125 0.5750000000000002
48 0.3890625000000001 0.37031250000000004 0.3453125000000001 0.3703125 0.3453125000000001 0.4359375 0.3890625000000001 0.4359375
18 0.48125 0.5828125 0.4375 0.5828125 0.4375 0.6453125 0.48125 0.6453125
55 0.6953125 0.584375 0.6453125 0.584375 0.6453125 0.6484375 0.6953125 0.6484375
28 0.559375 0.5125 0.5203125 0.5125 0.5203125 0.5734375 0.559375 0.5734375
24 0.6671875 0.515625 0.628125 0.515625 0.628125 0.575 0.6671875 0.575
15 0.64375 0.5828125 0.59375 0.5828125 0.59375 0.6484375 0.64375 0.6484375
19 0.775 0.5156250000000002 0.7375 0.5156250000000002 0.7375 0.5765625000000002 0.775 0.5765625000000002
46 0.3187500000000001 0.58125 0.18125000000000008 0.58125 0.18125000000000008 0.64375 0.3187500000000001 0.64375
20 0.2765625000000001 0.3703125 0.18281250000000004 0.3703125 0.18281250000000004 0.4265625 0.2765625000000001 0.4265625
7 0.603125 0.3734375000000001 0.5578125 0.3734375000000001 0.5578125 0.4390625 0.603125 0.4390625
50 0.23593750000000008 0.653125 0.17968750000000008 0.653125 0.17968750000000008 0.715625 0.23593750000000008 0.715625
14 0.4421875 0.653125 0.3828125000000001 0.653125 0.3828125000000001 0.71875 0.4421875 0.71875
57 0.8015625 0.5859375000000002 0.7640625 0.5859375000000002 0.7640625 0.6453125000000002 0.8015625 0.6453125000000002
29 0.5078125 0.5140625 0.4640625 0.5140625 0.4640625 0.575 0.5078125 0.575
34 0.3734375000000001 0.584375 0.33281250000000007 0.584375 0.33281250000000007 0.64375 0.3734375000000001 0.64375
22 0.25468750000000007 0.4390625 0.18281250000000004 0.4390625 0.18281250000000007 0.5765625 0.25468750000000007 0.5765625
58 0.85625 0.5890625000000002 0.8171875 0.5890625000000002 0.8171875 0.6468750000000002 0.85625 0.6468750000000002
40 0.4265625 0.5828125 0.3859375000000001 0.5828125 0.3859375000000001 0.64375 0.4265625 0.64375
21 0.7875 0.4468750000000002 0.7484375 0.4468750000000002 0.7484375 0.5031250000000002 0.7875 0.5031250000000002
8 0.55 0.3734375000000001 0.5015625 0.3734375000000001 0.5015625 0.4421875 0.55 0.4421875
56 0.8421875 0.44531250000000017 0.803125 0.44531250000000017 0.803125 0.5046875000000002 0.8421875 0.5046875000000002
35 0.590625 0.5828125 0.5421875 0.5828125 0.5421875 0.646875 0.590625 0.646875
51 0.6796875 0.446875 0.6375 0.446875 0.6375 0.50625 0.6796875 0.50625
53 0.575 0.4453125 0.53125 0.4453125 0.53125 0.5015625 0.575 0.5015625
16 0.7484375 0.5843750000000001 0.7046875 0.584375 0.7046875 0.6468750000000001 0.7484375 0.6468750000000002
1 0.9265625 0.3765625000000001 0.8875 0.3765625000000001 0.8875 0.43281250000000016 0.9265625 0.43281250000000016
11 0.3312500000000001 0.3703125 0.2921875000000001 0.3703125 0.2921875000000001 0.4296875 0.3312500000000001 0.4296875
37 0.3984375000000001 0.5140625 0.3609375000000001 0.5140625 0.3609375000000001 0.5734375 0.3984375000000001 0.5734375
3 0.81875 0.3734375000000001 0.78125 0.3734375000000001 0.78125 0.4359375000000002 0.81875 0.4359375000000002
17 0.978125 0.37968750000000007 0.940625 0.37968750000000007 0.940625 0.43281250000000016 0.978125 0.43281250000000016
43 0.8265625 0.5187500000000002 0.790625 0.5187500000000002 0.790625 0.5750000000000002 0.8265625 0.5750000000000002
45 0.975 0.5156250000000002 0.896875 0.5156250000000002 0.896875 0.5781250000000002 0.975 0.5781250000000002
38 0.4125 0.4421875 0.3734375000000001 0.4421875 0.3734375000000001 0.4984375 0.4125 0.4984375
44 0.978125 0.5890625000000002 0.925 0.5890625000000002 0.925 0.6484375000000002 0.978125 0.6484375000000002
41 0.8953125 0.4468750000000002 0.85625 0.4468750000000002 0.85625 0.5062500000000002 0.8953125 0.5062500000000002
23 0.71875 0.515625 0.68125 0.515625 0.68125 0.5765625 0.71875 0.5765625
25 0.6140625 0.5140625 0.5703125 0.5140625 0.5703125 0.5734375 0.6140625 0.5734375