42 0.5484375000000001 0.75 0.5046875000000002 0.75 0.5046875000000002 0.78125 0.5484375000000001 0.78125
12 0.50625 0.45625 0.4640625 0.45625 0.4640625 0.4859375 0.50625 0.4859375
58 0.4390625000000002 0.85 0.39531250000000007 0.85 0.39531250000000007 0.88125 0.4390625000000002 0.88125
25 0.5 0.6578125 0.45625 0.6578125 0.45625 0.6875 0.5 0.6875
28 0.5015625 0.6171875 0.4578125 0.6171875 0.4578125 0.6453125 0.5015625 0.6453125
4 0.6000000000000002 0.771875 0.5578125000000002 0.771875 0.5578125000000002 0.8015625 0.6000000000000002 0.8015625
36 0.5546875 0.5484375 0.5140625 0.5484375 0.5140625 0.578125 0.5546875 0.578125
53 0.5515625 0.6265625 0.509375 0.6265625 0.509375 0.6578125 0.5515625 0.6578125
14 0.403125 0.5015625 0.3593750000000001 0.5015625 0.3593750000000001 0.553125 0.403125 0.553125
35 0.4484375 0.6359375 0.40625 0.6359375 0.40625 0.6671875 0.4484375 0.6671875
37 0.50625 0.496875 0.465625 0.496875 0.465625 0.5265625 0.50625 0.5265625
9 0.60625 0.56875 0.5640625 0.56875 0.5640625 0.5984375 0.60625 0.5984375
31 0.5046875 0.5359375 0.4625 0.5359375 0.4625 0.565625 0.5046875 0.565625
29 0.5015625 0.5765625 0.4609375 0.5765625 0.4609375 0.60625 0.5015625 0.60625
20 0.6125 0.3750000000000001 0.571875 0.3750000000000001 0.571875 0.4421875 0.6125 0.4421875
34 0.4546875 0.475 0.4140625 0.475 0.4140625 0.5046875 0.4546875 0.5046875
51 0.55 0.709375 0.5078125 0.709375 0.5078125000000001 0.7390625 0.5500000000000002 0.7390625
39 0.559375 0.43125 0.515625 0.43125 0.515625 0.4609375 0.559375 0.4609375
47 0.39531250000000007 0.5625 0.34062500000000007 0.5625 0.34062500000000007 0.809375 0.39531250000000007 0.809375
19 0.4937500000000002 0.7828125 0.4500000000000002 0.7828125 0.4500000000000002 0.8140625 0.4937500000000002 0.8140625
23 0.4968750000000002 0.740625 0.45312500000000017 0.740625 0.45312500000000017 0.771875 0.4968750000000002 0.771875
49 0.37968750000000007 0.928125 0.33281250000000007 0.928125 0.33281250000000007 0.9875 0.37968750000000007 0.9875
55 0.4453125000000001 0.7203125 0.4046875 0.7203125 0.4046875000000001 0.7515625 0.44531250000000017 0.7515625
13 0.3843750000000001 0.81875 0.3375000000000001 0.81875 0.3375000000000001 0.875 0.3843750000000001 0.875
32 0.4359375000000002 0.89375 0.3921875000000001 0.89375 0.3921875000000001 0.928125 0.4359375000000002 0.928125
17 0.5953125000000001 0.940625 0.5515625000000002 0.940625 0.5515625000000002 0.9703125 0.5953125000000001 0.9703125
56 0.5468750000000002 0.834375 0.5015625000000001 0.834375 0.5015625000000001 0.8671875 0.5468750000000002 0.8671875
43 0.4937500000000002 0.8265625 0.44843750000000016 0.8265625 0.44843750000000016 0.8578125 0.4937500000000002 0.8578125
6 0.603125 0.6890625 0.5609375 0.6890625 0.5609375 0.71875 0.603125 0.71875
48 0.60625 0.4921875 0.56875 0.4921875 0.56875 0.5203125 0.60625 0.5203125
22 0.5625 0.3687500000000001 0.46875 0.3687500000000001 0.46875 0.421875 0.5625 0.421875
52 0.5421875000000002 0.91875 0.4984375000000002 0.91875 0.4984375000000002 0.971875 0.5421875000000002 0.971875
18 0.4515625 0.5546875 0.4109375 0.5546875 0.4109375 0.584375 0.4515625 0.584375
33 0.4515625 0.5953125 0.4078125 0.5953125 0.4078125 0.6265625 0.4515625 0.6265625
7 0.603125 0.646875 0.5625 0.646875 0.5625 0.678125 0.603125 0.678125
30 0.7312500000000001 0.02500000000000006 0.278125 0.025000000000000033 0.27812500000000007 1 0.7312500000000002 1
40 0.453125 0.515625 0.4125 0.515625 0.4125 0.54375 0.453125 0.54375
54 0.55625 0.4703125 0.5140625 0.4703125 0.5140625 0.4984375 0.55625 0.4984375
24 0.4984375000000001 0.6984375 0.4546875 0.6984375 0.4546875000000001 0.728125 0.4984375000000002 0.728125
46 0.459375 0.36406250000000007 0.4171875 0.36406250000000007 0.4171875 0.465625 0.459375 0.465625
16 0.4437500000000002 0.7625 0.4000000000000002 0.7625 0.4000000000000002 0.7953125 0.4437500000000002 0.7953125
38 0.5546875 0.509375 0.5140625 0.509375 0.5140625 0.5375 0.5546875 0.5375
45 0.4890625000000002 0.9125 0.4421875000000002 0.9125 0.4421875000000002 0.9765625 0.4890625000000002 0.9765625
15 0.4484375 0.6765625 0.40625 0.6765625 0.40625 0.7078125 0.4484375 0.7078125
21 0.5468750000000002 0.7921875 0.5015625000000001 0.7921875 0.5015625000000001 0.8234375 0.5468750000000002 0.8234375
0 0.6078125 0.5296875 0.565625 0.5296875 0.565625 0.559375 0.6078125 0.559375
3 0.6000000000000002 0.8140625 0.5562500000000001 0.8140625 0.5562500000000001 0.8453125 0.6000000000000002 0.8453125
27 0.553125 0.5875 0.5125 0.5875 0.5125 0.6171875 0.553125 0.6171875
41 0.5453125000000002 0.878125 0.4984375000000002 0.878125 0.4984375000000002 0.909375 0.5453125000000002 0.909375
57 0.44062500000000016 0.80625 0.3968750000000001 0.80625 0.3968750000000001 0.8375 0.44062500000000016 0.8375
2 0.5984375000000002 0.8546875 0.5546875000000002 0.8546875 0.5546875000000002 0.8859375 0.5984375000000002 0.8859375
59 0.55 0.66875 0.5078125 0.66875 0.5078125 0.6984375 0.55 0.6984375
10 0.49218750000000017 0.8703125 0.4468750000000002 0.8703125 0.4468750000000002 0.9015625 0.49218750000000017 0.9015625
50 0.4078125 0.3578125000000001 0.3640625 0.3578125000000001 0.36406250000000007 0.4140625 0.4078125 0.4140625
26 0.509375 0.41875 0.465625 0.41875 0.465625 0.45 0.509375 0.45
5 0.6031250000000001 0.7296875 0.5593750000000002 0.7296875 0.5593750000000002 0.7609375 0.6031250000000001 0.7609375
11 0.609375 0.4515625 0.5703125 0.4515625 0.5703125 0.48125 0.609375 0.48125
8 0.6046875 0.6078125 0.5625 0.6078125 0.5625 0.6375 0.6046875 0.6375
44 0.4343750000000002 0.9375 0.3906250000000001 0.9375 0.3906250000000001 0.9828125 0.4343750000000002 0.9828125