23 0.5343750000000002 0.8109375 0.4750000000000002 0.8109375 0.4750000000000002 0.8328125 0.5343750000000002 0.8328125
3 0.6703125000000002 0.8671875 0.6109375000000001 0.8671875 0.6109375000000001 0.8890625 0.6703125000000002 0.8890625
28 0.5390625000000001 0.7046875 0.48125 0.7046875 0.48125000000000007 0.73125 0.5390625000000002 0.73125
57 0.46093750000000017 0.8609375 0.40156250000000016 0.8609375 0.40156250000000016 0.884375 0.46093750000000017 0.884375
52 0.6000000000000002 0.9515625 0.5406250000000001 0.9515625 0.5406250000000001 0.99375 0.6000000000000002 0.99375
39 0.61875 0.546875 0.55625 0.546875 0.55625 0.575 0.61875 0.575
12 0.5484375 0.56875 0.4859375 0.56875 0.4859375 0.5984375 0.5484375 0.5984375
18 0.471875 0.6515625 0.409375 0.6515625 0.409375 0.6828125 0.471875 0.6828125
10 0.5281250000000002 0.9109375 0.46875000000000017 0.9109375 0.46875000000000017 0.9359375 0.5281250000000002 0.9359375
34 0.475 0.5859375 0.415625 0.5859375 0.415625 0.615625 0.475 0.615625
56 0.6015625000000002 0.884375 0.5437500000000002 0.884375 0.5437500000000002 0.909375 0.6015625000000002 0.909375
16 0.46406250000000016 0.8265625 0.4046875000000002 0.8265625 0.4046875000000002 0.8515625 0.46406250000000016 0.8515625
13 0.3906250000000001 0.86875 0.32500000000000007 0.86875 0.32500000000000007 0.90625 0.3906250000000001 0.90625
22 0.621875 0.496875 0.4875 0.496875 0.4875 0.540625 0.621875 0.540625
1 0.6703125000000002 0.9359375 0.6125000000000002 0.9359375 0.6125000000000002 0.9578125 0.6703125000000002 0.9578125
41 0.5968750000000002 0.91875 0.5406250000000001 0.91875 0.5406250000000001 0.94375 0.5968750000000002 0.94375
33 0.471875 0.6859375 0.4046875 0.6859375 0.4046875 0.7171875 0.471875 0.7171875
36 0.6140625 0.6453125 0.5546875 0.6453125 0.5546875 0.6734375 0.6140625 0.6734375
46 0.4796875 0.496875 0.4171875 0.496875 0.4171875 0.58125 0.4796875 0.58125
11 0.6890625 0.5625 0.6265625 0.5625 0.6265625 0.590625 0.6890625 0.590625
40 0.4734375 0.6171875 0.4109375 0.6171875 0.4109375 0.6484375 0.4734375 0.6484375
48 0.6875 0.5953125 0.625 0.5953125 0.625 0.625 0.6875 0.625
45 0.5218750000000002 0.94375 0.4625000000000002 0.94375 0.4625000000000002 0.9921875 0.5218750000000002 0.9921875
31 0.54375 0.6375 0.48125 0.6375 0.48125 0.665625 0.54375 0.665625
7 0.6828125000000002 0.73125 0.6203125000000002 0.73125 0.6203125000000002 0.759375 0.6828125000000002 0.759375
44 0.4500000000000002 0.959375 0.3937500000000001 0.959375 0.3937500000000001 0.9953125 0.4500000000000002 0.9953125
50 0.4109375 0.49375 0.3421875000000001 0.49375 0.3421875000000001 0.5421875 0.4109375 0.5421875
19 0.5359375000000002 0.8421875 0.4734375000000002 0.8421875 0.4734375000000002 0.8671875 0.5359375000000002 0.8671875
59 0.6093750000000002 0.746875 0.5515625000000002 0.746875 0.5515625000000002 0.7734375 0.6093750000000002 0.7734375
53 0.6109375000000001 0.7125 0.5515625 0.7125 0.5515625000000001 0.7390625 0.6109375000000001 0.7390625
24 0.5390625000000002 0.7734375 0.47656250000000017 0.7734375 0.47656250000000017 0.7984375 0.5390625000000002 0.7984375
26 0.5484375 0.5359375 0.4859375 0.5359375 0.4859375 0.5671875 0.5484375 0.5671875
4 0.6765625000000002 0.834375 0.6171875000000002 0.834375 0.6171875000000002 0.85625 0.6765625000000002 0.85625
42 0.6031250000000001 0.815625 0.5437500000000002 0.815625 0.5437500000000002 0.8421875 0.6031250000000001 0.8421875
20 0.6890625 0.4984375 0.6296875 0.4984375 0.6296875 0.5578125 0.6890625 0.5578125
30 0.8515625 0.22031250000000005 0.16093750000000004 0.2203125 0.1609375000000001 1 0.8515625 1
35 0.4703125000000001 0.721875 0.4046875 0.721875 0.4046875000000001 0.7515625 0.4703125000000002 0.7515625
2 0.6703125000000002 0.9 0.6109375000000001 0.9 0.6109375000000001 0.925 0.6703125000000002 0.925
0 0.6875 0.63125 0.625 0.63125 0.625 0.6578125 0.6875 0.6578125
43 0.5312500000000002 0.8765625 0.4734375000000002 0.8765625 0.4734375000000002 0.9015625 0.5312500000000002 0.9015625
8 0.684375 0.69375 0.6171875 0.69375 0.6171875 0.725 0.684375 0.725
55 0.4656250000000002 0.7875 0.4031250000000002 0.7875 0.4031250000000002 0.81875 0.4656250000000002 0.81875
17 0.6671875000000002 0.96875 0.6171875000000002 0.96875 0.6171875000000002 0.990625 0.6671875000000002 0.990625
21 0.6031250000000001 0.85 0.5437500000000002 0.85 0.5437500000000002 0.875 0.6031250000000001 0.875
32 0.45625000000000016 0.928125 0.4000000000000002 0.928125 0.4000000000000002 0.9546875 0.45625000000000016 0.9546875
58 0.4593750000000002 0.8921875 0.3968750000000001 0.8921875 0.3968750000000001 0.921875 0.4593750000000002 0.921875
49 0.3765625000000001 0.9546875 0.31718750000000007 0.9546875 0.31718750000000007 0.9984375 0.3765625000000001 0.9984375
38 0.6140625 0.6109375 0.5546875 0.6109375 0.5546875 0.640625 0.6140625 0.640625
54 0.615625 0.578125 0.55625 0.578125 0.55625 0.60625 0.615625 0.60625
5 0.6796875000000002 0.8 0.6203125000000002 0.8 0.6203125000000002 0.8234375 0.6796875000000002 0.8234375
29 0.5421875 0.66875 0.4796875 0.66875 0.4796875 0.7 0.5421875 0.7
6 0.6812500000000001 0.7671875 0.6218750000000002 0.7671875 0.6218750000000002 0.7921875 0.6812500000000001 0.7921875
9 0.684375 0.665625 0.625 0.665625 0.625 0.6921875 0.684375 0.6921875
37 0.5453125 0.603125 0.4828125 0.603125 0.4828125 0.63125 0.5453125 0.63125
15 0.4671875000000002 0.753125 0.4046875000000002 0.753125 0.4046875000000002 0.784375 0.4671875000000002 0.784375
51 0.6062500000000002 0.78125 0.5468750000000002 0.78125 0.5468750000000002 0.80625 0.6062500000000002 0.80625
27 0.6125 0.68125 0.553125 0.68125 0.553125 0.70625 0.6125 0.70625
25 0.5406250000000001 0.7390625 0.4781250000000002 0.7390625 0.4781250000000002 0.765625 0.5406250000000001 0.765625
14 0.403125 0.6265625 0.3359375000000001 0.6265625 0.3359375000000001 0.6671875 0.403125 0.6671875
47 0.3968750000000001 0.6734375 0.3312500000000001 0.6734375 0.3312500000000001 0.8625 0.3968750000000001 0.8625