23 0.5515625000000002 0.8375 0.4890625000000002 0.8375 0.4890625000000002 0.8609375 0.5515625000000002 0.8609375
3 0.6937500000000002 0.896875 0.6312500000000002 0.896875 0.6312500000000002 0.921875 0.6937500000000002 0.921875
28 0.5546875000000002 0.728125 0.49531250000000016 0.728125 0.49531250000000016 0.75625 0.5546875000000002 0.75625
57 0.4734375000000002 0.8921875 0.4109375000000002 0.8921875 0.4109375000000002 0.9171875 0.4734375000000002 0.9171875
52 0.6187500000000001 0.9859375 0.5562500000000001 0.9859375 0.5562500000000001 1 0.6187500000000001 1
39 0.6390625 0.5609375 0.5734375 0.5609375 0.5734375 0.590625 0.6390625 0.590625
12 0.5640625 0.5859375 0.4984375 0.5859375 0.4984375 0.6171875 0.5640625 0.6171875
18 0.4859375 0.6734375 0.4203125 0.6734375 0.4203125 0.7046875 0.4859375 0.7046875
10 0.5453125000000002 0.94375 0.4828125000000002 0.94375 0.4828125000000002 0.96875 0.5453125000000002 0.96875
34 0.4875 0.603125 0.425 0.603125 0.425 0.634375 0.4875 0.634375
56 0.6203125000000002 0.915625 0.5609375000000002 0.915625 0.5609375000000002 0.9421875 0.6203125000000002 0.9421875
16 0.47656250000000017 0.85625 0.41406250000000017 0.85625 0.41406250000000017 0.88125 0.47656250000000017 0.88125
13 0.4000000000000002 0.9 0.3312500000000001 0.9 0.3312500000000001 0.940625 0.4000000000000002 0.940625
22 0.6421875 0.5109375 0.5015625 0.5109375 0.5015625 0.55625 0.6421875 0.55625
1 0.6921875000000002 0.9703125 0.6328125000000002 0.9703125 0.6328125000000002 0.99375 0.6921875000000002 0.99375
41 0.6171875000000002 0.9515625 0.5578125000000002 0.9515625 0.5578125000000002 0.9765625 0.6171875000000002 0.9765625
33 0.4859375000000001 0.7078125 0.415625 0.7078125 0.4156250000000001 0.740625 0.4859375000000002 0.740625
36 0.634375 0.6640625 0.571875 0.6640625 0.571875 0.6953125 0.634375 0.6953125
46 0.49375 0.509375 0.428125 0.509375 0.428125 0.5984375 0.49375 0.5984375
11 0.7140625 0.5796875 0.6484375 0.5796875 0.6484375 0.6078125 0.7140625 0.6078125
40 0.4875 0.6375 0.421875 0.6375 0.421875 0.66875 0.4875 0.66875
48 0.7109375 0.6125 0.6453125 0.6125 0.6453125 0.64375 0.7109375 0.64375
45 0.5375000000000002 0.978125 0.4750000000000002 0.978125 0.4750000000000002 1 0.5375000000000002 1
31 0.5609375 0.6578125 0.4953125 0.6578125 0.4953125 0.6859375 0.5609375 0.6859375
7 0.7062500000000002 0.7546875 0.6406250000000002 0.7546875 0.6406250000000002 0.7859375 0.7062500000000002 0.7859375
50 0.4203125 0.50625 0.34843750000000007 0.50625 0.34843750000000007 0.55625 0.4203125 0.55625
19 0.5515625000000002 0.871875 0.4859375000000002 0.871875 0.4859375000000002 0.896875 0.5515625000000002 0.896875
59 0.6281250000000002 0.771875 0.5687500000000002 0.771875 0.5687500000000002 0.8 0.6281250000000002 0.8
53 0.6312500000000002 0.7359375 0.5687500000000002 0.7359375 0.5687500000000002 0.7640625 0.6312500000000002 0.7640625
24 0.5546875000000002 0.8 0.4890625000000002 0.8 0.4890625000000002 0.825 0.5546875000000002 0.825
26 0.565625 0.55 0.5 0.55 0.5 0.58125 0.565625 0.58125
4 0.7000000000000002 0.8625 0.6375000000000002 0.8625 0.6375000000000002 0.8875 0.7000000000000002 0.8875
42 0.6234375000000002 0.84375 0.5609375000000002 0.84375 0.5609375000000002 0.871875 0.6234375000000002 0.871875
20 0.7125 0.5109375 0.65 0.5109375 0.65 0.5734375 0.7125 0.5734375
30 0.8828125 0.22031250000000005 0.16093750000000004 0.2203125 0.1609375000000001 1 0.8828125 1
35 0.4828125000000002 0.7453125 0.41406250000000017 0.7453125 0.41406250000000017 0.7765625 0.4828125000000002 0.7765625
2 0.6937500000000002 0.9328125 0.6312500000000002 0.9328125 0.6312500000000002 0.9578125 0.6937500000000002 0.9578125
0 0.7109375 0.65 0.6453125 0.65 0.6453125 0.678125 0.7109375 0.678125
43 0.5468750000000002 0.9078125 0.48750000000000016 0.9078125 0.48750000000000016 0.9328125 0.5468750000000002 0.9328125
8 0.7078125000000001 0.715625 0.6375 0.715625 0.6375000000000001 0.75 0.7078125000000002 0.75
55 0.4781250000000002 0.815625 0.4125000000000002 0.815625 0.4125000000000002 0.846875 0.4781250000000002 0.846875
21 0.6234375000000002 0.8796875 0.5609375000000002 0.8796875 0.5609375000000002 0.90625 0.6234375000000002 0.90625
32 0.46875000000000017 0.9625 0.40937500000000016 0.9625 0.40937500000000016 0.990625 0.46875000000000017 0.990625
58 0.47187500000000016 0.9234375 0.40625000000000017 0.9234375 0.40625000000000017 0.9546875 0.47187500000000016 0.9546875
49 0.3859375000000001 0.9890625 0.3234375000000001 0.9890625 0.3234375000000001 1 0.3859375000000001 1
38 0.634375 0.6296875 0.571875 0.6296875 0.571875 0.6609375 0.634375 0.6609375
54 0.6359375 0.5953125 0.5734375 0.5953125 0.5734375 0.625 0.6359375 0.625
5 0.7015625000000002 0.828125 0.6390625000000002 0.828125 0.6390625000000002 0.853125 0.7015625000000002 0.853125
29 0.5578125 0.690625 0.4921875 0.690625 0.4921875 0.721875 0.5578125 0.721875
6 0.7046875000000001 0.7921875 0.6421875000000001 0.7921875 0.6421875000000001 0.81875 0.7046875000000001 0.81875
9 0.7078125 0.6859375 0.6453125 0.6859375 0.6453125 0.7140625 0.7078125 0.7140625
37 0.5625 0.621875 0.496875 0.621875 0.496875 0.6515625 0.5625 0.6515625
15 0.47968750000000016 0.778125 0.41406250000000017 0.778125 0.41406250000000017 0.8109375 0.47968750000000016 0.8109375
51 0.6265625000000001 0.8078125 0.5640625000000001 0.8078125 0.5640625000000001 0.8328125 0.6265625000000001 0.8328125
27 0.6328125000000001 0.703125 0.5703125 0.703125 0.5703125000000001 0.728125 0.6328125000000002 0.728125
25 0.5562500000000001 0.7640625 0.4906250000000002 0.7640625 0.4906250000000002 0.7921875 0.5562500000000001 0.7921875
14 0.4140625 0.6453125 0.3437500000000001 0.6453125 0.3437500000000001 0.6890625 0.4140625 0.6890625
47 0.4062500000000001 0.6953125 0.3375000000000001 0.6953125 0.3375000000000001 0.89375 0.40625000000000017 0.89375