5 0.28750000000000003 0.3390625 0.2546875 0.3390625 0.25468750000000007 0.384375 0.2875000000000001 0.384375
21 0.2250000000000001 0.396875 0.19531250000000006 0.396875 0.19531250000000006 0.440625 0.2250000000000001 0.440625
57 0.2171875000000001 0.50625 0.18593750000000003 0.50625 0.18593750000000006 0.55 0.2171875000000001 0.55
42 0.2671875000000001 0.3953125 0.23593750000000008 0.3953125 0.23593750000000008 0.4375 0.2671875000000001 0.4375
36 0.475 0.3906250000000001 0.44375 0.3906250000000001 0.44375 0.4328125 0.475 0.4328125
19 0.23593750000000008 0.45 0.2062500000000001 0.45 0.2062500000000001 0.49375 0.23593750000000008 0.49375
14 0.5109375 0.5515625 0.465625 0.5515625 0.465625 0.5984375 0.5109375 0.5984375
30 0.9703125 0.21406250000000004 2.6215095544248028e-17 0.2140625 5.5109105961630896e-17 0.6859375000000001 0.9703125 0.6859375000000002
43 0.19375000000000003 0.4515625 0.16406250000000006 0.4515625 0.16406250000000006 0.4953125 0.19375000000000003 0.4953125
53 0.3921875000000001 0.3921875 0.3609375000000001 0.3921875 0.3609375000000001 0.434375 0.3921875000000001 0.434375
15 0.3421875000000001 0.503125 0.3109375000000001 0.503125 0.3109375000000001 0.546875 0.3421875000000001 0.546875
50 0.6625 0.5484375 0.6203125 0.5484375 0.6203125 0.5953125 0.6625 0.5953125
6 0.32812500000000006 0.3375 0.296875 0.3375 0.29687500000000006 0.38125 0.3281250000000001 0.38125
26 0.6078125 0.44375 0.5765625 0.44375 0.5765625 0.4859375 0.6078125 0.4859375
49 0.09375000000000007 0.5671875 0.05156250000000007 0.5671875 0.05156250000000007 0.6140625 0.09375000000000007 0.6140625
52 0.10000000000000005 0.3984375 0.04687500000000004 0.3984375 0.04687500000000005 0.44375 0.10000000000000005 0.44375
2 0.16093750000000004 0.3421875 0.12968750000000004 0.3421875 0.12968750000000004 0.3859375 0.16093750000000004 0.3859375
34 0.5484375 0.4984375 0.5171875 0.4984375 0.5171875 0.540625 0.5484375 0.540625
51 0.30937500000000007 0.39375 0.27812500000000007 0.39375 0.27812500000000007 0.4375 0.30937500000000007 0.4375
9 0.4546875 0.3375000000000001 0.421875 0.3375000000000001 0.421875 0.37968750000000007 0.4546875 0.37968750000000007
3 0.20312500000000006 0.34375 0.17187500000000006 0.34375 0.17187500000000006 0.3859375 0.20312500000000008 0.3859375
39 0.5984375 0.38750000000000007 0.5671875 0.38750000000000007 0.5671875 0.4296875 0.5984375 0.4296875
45 0.11250000000000004 0.453125 0.050000000000000044 0.453125 0.05000000000000006 0.4984375 0.11250000000000004 0.4984375
0 0.4953125 0.3359375000000001 0.4625 0.3359375000000001 0.4625 0.37968750000000007 0.4953125 0.37968750000000007
38 0.515625 0.3921875000000001 0.484375 0.3921875000000001 0.484375 0.434375 0.515625 0.434375
7 0.37031250000000004 0.33906250000000004 0.3390625 0.3390625 0.33906250000000004 0.38125000000000003 0.3703125000000001 0.3812500000000001
55 0.3000000000000001 0.503125 0.2687500000000001 0.503125 0.2687500000000001 0.546875 0.3000000000000001 0.546875
44 0.09218750000000006 0.509375 0.048437500000000064 0.509375 0.048437500000000064 0.5546875 0.09218750000000006 0.5546875
23 0.27812500000000007 0.4484375 0.2468750000000001 0.4484375 0.2468750000000001 0.49375 0.27812500000000007 0.49375
25 0.3625000000000001 0.4484375 0.3312500000000001 0.4484375 0.3312500000000001 0.4921875 0.3625000000000001 0.4921875
37 0.5265625 0.44375 0.496875 0.44375 0.496875 0.4859375 0.5265625 0.4859375
24 0.3203125000000001 0.4484375 0.2890625000000001 0.4484375 0.2890625000000001 0.4921875 0.3203125000000001 0.4921875
31 0.4859375 0.4453125 0.4546875 0.4453125 0.4546875 0.4890625 0.4859375 0.4890625
35 0.3843750000000001 0.5015625 0.3515625000000001 0.5015625 0.3515625000000001 0.5453125 0.3843750000000001 0.5453125
20 0.6578125 0.3312500000000001 0.5859375 0.3312500000000001 0.5859375 0.3750000000000001 0.6578125 0.3750000000000001
56 0.18281250000000004 0.3984375 0.15312500000000004 0.3984375 0.15312500000000004 0.440625 0.18281250000000004 0.440625
33 0.425 0.4984375 0.3937500000000001 0.4984375 0.3937500000000001 0.5453125 0.425 0.5453125
41 0.14218750000000005 0.3984375 0.11093750000000005 0.3984375 0.11093750000000005 0.4421875 0.14218750000000005 0.4421875
59 0.3500000000000001 0.39375 0.3203125000000001 0.39375 0.3203125000000001 0.4375 0.3500000000000001 0.4375
40 0.5078125 0.4984375 0.4765625 0.4984375 0.4765625 0.540625 0.5078125 0.540625
18 0.4671875 0.5 0.4359375 0.5 0.4359375 0.54375 0.4671875 0.54375
29 0.4453125 0.44375 0.4125 0.44375 0.4125 0.4890625 0.4453125 0.4890625
13 0.19687500000000008 0.5609375 0.1546875000000001 0.5609375 0.1546875000000001 0.6078125 0.19687500000000008 0.6078125
48 0.5359375 0.3359375000000001 0.503125 0.3359375000000001 0.503125 0.3781250000000001 0.5359375 0.3781250000000001
8 0.4125 0.3375000000000001 0.3796875 0.3375000000000001 0.37968750000000007 0.3812500000000001 0.4125 0.3812500000000001
12 0.5671875 0.4421875 0.5375 0.4421875 0.5375 0.4859375 0.5671875 0.4859375
49 0.0921875 8.610797806504827e-18 0.0484375 5.931882933369992e-18 0.0484375 0.01875000000000001 0.0921875 0.01875000000000001
10 0.15312500000000004 0.453125 0.12187500000000004 0.453125 0.12187500000000004 0.496875 0.15312500000000004 0.496875
13 0.1875 2.0378888142061426e-17 0.1453125 1.7795648800109975e-17 0.1453125 0.01562500000000002 0.1875 0.01562500000000002
32 0.13437500000000008 0.5078125 0.10156250000000004 0.5078125 0.10156250000000007 0.553125 0.13437500000000008 0.553125
4 0.24375000000000005 0.340625 0.2125 0.340625 0.21250000000000005 0.3828125 0.24375000000000008 0.3828125
28 0.4046875 0.446875 0.3734375000000001 0.446875 0.3734375000000001 0.4890625 0.4046875 0.4890625
54 0.55625 0.3890625000000001 0.5265625 0.3890625000000001 0.5265625 0.43125 0.55625 0.43125
58 0.17343750000000008 0.50625 0.14375000000000004 0.50625 0.14375000000000007 0.55 0.17343750000000008 0.55
11 0.5765625 0.3343750000000001 0.5453125 0.3343750000000001 0.5453125 0.3765625000000001 0.5765625 0.3765625000000001
1 0.11875000000000005 0.34375 0.08906250000000004 0.34375 0.08906250000000004 0.3859375 0.11875000000000005 0.3859375
22 0.659375 0.38750000000000007 0.6078125 0.38750000000000007 0.6078125 0.4890625 0.659375 0.4890625
47 0.459375 0.55625 0.2062500000000001 0.55625 0.2062500000000001 0.6078125 0.459375 0.6078125
27 0.434375 0.3921875000000001 0.403125 0.3921875000000001 0.403125 0.434375 0.434375 0.434375
16 0.2578125000000001 0.5046875 0.22656250000000008 0.5046875 0.22656250000000008 0.5484375 0.2578125000000001 0.5484375
17 0.07656250000000005 0.34375 0.04531250000000005 0.34375 0.04531250000000005 0.3875 0.07656250000000005 0.3875
46 0.6609375 0.4953125 0.5578125 0.4953125 0.5578125 0.540625 0.6609375 0.540625