39 0.90625 0.3906250000000001 0.859375 0.3906250000000001 0.859375 0.46093750000000017 0.90625 0.46093750000000017
57 0.3234375000000001 0.5734375 0.2718750000000001 0.5734375 0.2718750000000001 0.65 0.3234375000000001 0.65
8 0.6359375 0.3156250000000001 0.5859375 0.3156250000000001 0.5859375 0.38750000000000007 0.6359375 0.38750000000000007
36 0.728125 0.39531250000000007 0.68125 0.39531250000000007 0.68125 0.4671875000000001 0.728125 0.4671875000000002
11 0.871875 0.3109375000000001 0.8265625 0.3109375000000001 0.8265625 0.3781250000000001 0.871875 0.3781250000000001
48 0.8140625 0.3125000000000001 0.76875 0.3125000000000001 0.76875 0.37968750000000007 0.8140625 0.37968750000000007
55 0.45625 0.565625 0.403125 0.565625 0.403125 0.64375 0.45625 0.64375
13 0.30937500000000007 0.6625 0.2328125000000001 0.6625 0.2328125000000001 0.7453125 0.30937500000000007 0.7453125
1 0.18750000000000006 0.3234375 0.13750000000000004 0.3234375 0.13750000000000004 0.3984375 0.18750000000000006 0.3984375
33 0.6484375 0.5578125 0.59375 0.5578125 0.59375 0.6359375 0.6484375 0.6359375
41 0.22031250000000008 0.40625 0.16875000000000004 0.40625 0.16875000000000004 0.4796875 0.22031250000000008 0.4796875
44 0.11562500000000009 0.584375 0.06250000000000007 0.584375 0.06250000000000008 0.6640625 0.11562500000000009 0.6640625
25 0.5625 0.4796875 0.5140625 0.4796875 0.5140625 0.55 0.5625 0.55
4 0.38750000000000007 0.32343750000000004 0.3359375 0.3234375 0.33593750000000006 0.39531250000000007 0.38750000000000007 0.39531250000000007
37 0.8078125 0.47187500000000016 0.7609375 0.47187500000000016 0.7609375 0.5421875000000002 0.8078125 0.5421875000000002
18 0.7078125 0.5546875 0.6578125 0.5546875 0.6578125 0.63125 0.7078125 0.63125
26 0.9265625 0.4656250000000002 0.8796875 0.4656250000000002 0.8796875 0.5359375000000002 0.9265625 0.5359375000000002
49 0.1296875000000001 0.6765625 0.05937500000000009 0.6765625 0.05937500000000009 0.75625 0.1296875000000001 0.75625
32 0.1843750000000001 0.58125 0.13281250000000008 0.58125 0.13281250000000008 0.659375 0.1843750000000001 0.659375
20 0.984375 0.30937500000000007 0.884375 0.30937500000000007 0.884375 0.3781250000000001 0.984375 0.3781250000000001
56 0.2890625000000001 0.4046875 0.2375000000000001 0.4046875 0.2375000000000001 0.478125 0.2890625000000001 0.478125
6 0.5140625 0.3187500000000001 0.4625 0.3187500000000001 0.4625 0.3906250000000001 0.5140625 0.3906250000000001
51 0.4828125 0.4015625 0.4375 0.4015625 0.4375 0.46875 0.4828125 0.46875
34 0.83125 0.5531250000000002 0.7828125 0.5531250000000002 0.7828125 0.6265625000000001 0.83125 0.6265625000000001
38 0.7875 0.3890625000000001 0.7421875 0.3890625000000001 0.7421875 0.4625000000000002 0.7875 0.4625000000000002
29 0.6890625 0.478125 0.6421875 0.478125 0.6421875 0.5484375 0.6890625 0.5484375
46 0.8890625 0.5531250000000002 0.840625 0.5531250000000002 0.840625 0.6265625000000001 0.8890625 0.6265625000000001
58 0.2531250000000001 0.578125 0.20312500000000008 0.578125 0.20312500000000008 0.6546875 0.2531250000000001 0.6546875
2 0.25625000000000003 0.321875 0.203125 0.321875 0.20312500000000006 0.3953125 0.2562500000000001 0.3953125
22 0.9953125 0.38750000000000007 0.915625 0.38750000000000007 0.915625 0.5343750000000002 0.9953125 0.5343750000000002
28 0.625 0.4765625 0.578125 0.4765625 0.578125 0.546875 0.625 0.546875
5 0.4515625 0.3218750000000001 0.4 0.3218750000000001 0.4 0.3937500000000001 0.4515625 0.3937500000000001
10 0.2375000000000001 0.4890625 0.18437500000000004 0.4890625 0.18437500000000007 0.5671875 0.2375000000000001 0.5671875
45 0.17031250000000006 0.4953125 0.06875000000000006 0.4953125 0.06875000000000006 0.5734375 0.1703125000000001 0.5734375
17 0.11875000000000005 0.3265625 0.07031250000000004 0.3265625 0.07031250000000004 0.403125 0.11875000000000005 0.403125
19 0.3734375000000001 0.4859375 0.3203125000000001 0.4859375 0.3203125000000001 0.5609375 0.3734375000000001 0.5609375
21 0.3546875000000001 0.403125 0.3046875000000001 0.403125 0.3046875000000001 0.475 0.3546875000000001 0.475
54 0.8484375 0.3921875000000001 0.8015625 0.3921875000000001 0.8015625 0.4625000000000002 0.8484375 0.4625000000000002
43 0.3062500000000001 0.4953125 0.2531250000000001 0.4953125 0.2531250000000001 0.5703125 0.3062500000000001 0.5703125
31 0.7484375 0.4781250000000001 0.7015625 0.478125 0.7015625 0.5484375000000001 0.7484375 0.5484375000000001
9 0.69375 0.31718750000000007 0.65 0.31718750000000007 0.65 0.38750000000000007 0.69375 0.38750000000000007
16 0.3890625000000001 0.571875 0.3390625000000001 0.571875 0.3390625000000001 0.646875 0.3890625000000001 0.646875
14 0.7796875 0.6390625000000001 0.725 0.6390625 0.725 0.7171875000000001 0.7796875 0.7171875000000002
7 0.571875 0.31718750000000007 0.525 0.31718750000000007 0.525 0.3890625000000001 0.571875 0.3890625000000001
59 0.54375 0.3984375000000001 0.4984375 0.3984375000000001 0.4984375 0.46875 0.54375 0.46875
40 0.76875 0.5531250000000001 0.7203125 0.553125 0.7203125 0.6265625000000001 0.76875 0.6265625000000001
23 0.4375 0.484375 0.3890625000000001 0.484375 0.3890625000000001 0.55625 0.4375 0.55625
52 0.15156250000000004 0.409375 0.06875000000000005 0.409375 0.06875000000000006 0.4859375 0.15156250000000004 0.4859375
53 0.60625 0.4 0.5609375 0.4 0.5609375 0.4734375 0.60625 0.4734375
3 0.321875 0.31875 0.26875 0.31875 0.26875000000000004 0.3953125 0.3218750000000001 0.3953125
0 0.753125 0.3140625000000001 0.709375 0.3140625000000001 0.709375 0.3828125000000001 0.753125 0.3828125000000001
30 0.9953125 0.30625 0.05312500000000005 0.30625 0.05312500000000007 0.7875000000000001 0.9953125 0.7875000000000002
42 0.4203125 0.4015625 0.37187500000000007 0.4015625 0.37187500000000007 0.4734375 0.4203125 0.4734375
27 0.6671875 0.3968750000000001 0.621875 0.3968750000000001 0.621875 0.4703125 0.6671875 0.4703125
35 0.584375 0.559375 0.5328125 0.559375 0.5328125 0.6375 0.584375 0.6375
47 0.7187500000000001 0.6453125 0.3234375000000001 0.6453125 0.3234375000000001 0.7359375 0.7187500000000002 0.7359375
12 0.86875 0.4703125000000002 0.821875 0.4703125000000002 0.821875 0.5406250000000001 0.86875 0.5406250000000001
24 0.5 0.4828125 0.453125 0.4828125 0.453125 0.553125 0.5 0.553125
15 0.5203125 0.5640625 0.4703125 0.5640625 0.4703125 0.6390625 0.5203125 0.6390625