2 0.12500000000000008 0.628125 0.08437500000000006 0.628125 0.08437500000000007 0.690625 0.12500000000000008 0.690625
37 0.5187500000000002 0.7734375 0.4812500000000002 0.7734375 0.4812500000000002 0.834375 0.5187500000000002 0.834375
49 0.04531250000000012 0.9109375 1.115576693598292e-16 0.9109375 1.154803661383481e-16 0.975 0.045312500000000124 0.975
18 0.45312500000000017 0.84375 0.4125000000000002 0.84375 0.4125000000000002 0.90625 0.45312500000000017 0.90625
31 0.4734375000000002 0.7734375 0.4359375000000002 0.7734375 0.4359375000000002 0.834375 0.4734375000000002 0.834375
39 0.5984375000000001 0.7015625 0.559375 0.7015625 0.5593750000000001 0.765625 0.5984375000000002 0.765625
33 0.4078125000000002 0.8421875 0.3671875000000001 0.8421875 0.3671875000000001 0.90625 0.4078125000000002 0.90625
20 0.6671875 0.63125 0.5828125 0.63125 0.5828125 0.6953125 0.6671875 0.6953125
1 0.07968750000000008 0.628125 0.039062500000000076 0.628125 0.03906250000000008 0.690625 0.07968750000000009 0.690625
34 0.5421875000000002 0.84375 0.5031250000000002 0.84375 0.5031250000000002 0.90625 0.5421875000000002 0.90625
52 0.05625000000000009 0.696875 8.534257381558118e-17 0.696875 8.926527059410005e-17 0.7609375 0.05625000000000009 0.7609375
22 0.6671875 0.7015625 0.6078125 0.7015625 0.6078125000000001 0.8390625 0.6671875000000002 0.8390625
19 0.20312500000000008 0.7703125 0.1625000000000001 0.7703125 0.1625000000000001 0.8328125 0.20312500000000008 0.8328125
16 0.2250000000000001 0.840625 0.1859375000000001 0.840625 0.1859375000000001 0.9046875 0.2250000000000001 0.9046875
10 0.11250000000000009 0.7703125 0.0750000000000001 0.7703125 0.0750000000000001 0.8328125 0.11250000000000009 0.8328125
7 0.3515625000000001 0.63125 0.30937500000000007 0.63125 0.30937500000000007 0.690625 0.3515625000000001 0.690625
53 0.3734375000000001 0.7 0.3343750000000001 0.7 0.3343750000000001 0.7609375 0.3734375000000001 0.7609375
45 0.0687500000000001 0.76875 9.414472268445279e-17 0.76875 9.816309499415503e-17 0.834375 0.06875000000000012 0.834375
55 0.27031250000000007 0.8421875 0.2312500000000001 0.8421875 0.2312500000000001 0.903125 0.27031250000000007 0.903125
17 0.032812500000000085 0.6265625 7.673177600907635e-17 0.6265625 8.065447278759521e-17 0.690625 0.03281250000000009 0.690625
40 0.4968750000000002 0.84375 0.4578125000000002 0.84375 0.4578125000000002 0.90625 0.4968750000000002 0.90625
5 0.2609375000000001 0.628125 0.2218750000000001 0.628125 0.2218750000000001 0.690625 0.2609375000000001 0.690625
15 0.31718750000000007 0.840625 0.2750000000000001 0.840625 0.2750000000000001 0.9046875 0.31718750000000007 0.9046875
57 0.18125000000000008 0.8421875 0.14218750000000008 0.8421875 0.14218750000000008 0.903125 0.18125000000000008 0.903125
30 1 0.5312500000000001 6.505936120470313e-17 0.53125 9.376202055971923e-17 1 1 1
6 0.3062500000000001 0.63125 0.2671875000000001 0.63125 0.2671875000000001 0.690625 0.3062500000000001 0.690625
27 0.4171875000000001 0.7 0.37968750000000007 0.7 0.37968750000000007 0.7609375 0.41718750000000016 0.7609375
32 0.09062500000000011 0.840625 0.050000000000000114 0.840625 0.050000000000000114 0.9046875 0.09062500000000011 0.9046875
9 0.4421875 0.63125 0.4015625 0.63125 0.4015625 0.6921875 0.4421875 0.6921875
35 0.3625000000000001 0.8421875 0.3218750000000001 0.8421875 0.3218750000000001 0.90625 0.3625000000000001 0.90625
38 0.5078125000000001 0.7015625 0.4703125 0.7015625 0.4703125000000001 0.7640625 0.5078125000000002 0.7640625
56 0.1468750000000001 0.7 0.10781250000000009 0.7 0.10781250000000009 0.7609375 0.1468750000000001 0.7609375
59 0.3281250000000001 0.7 0.2875000000000001 0.7 0.2875000000000001 0.7609375 0.3281250000000001 0.7609375
12 0.5640625000000001 0.7734375 0.5265625000000002 0.7734375 0.5265625000000002 0.834375 0.5640625000000001 0.834375
21 0.1921875000000001 0.6984375 0.1515625000000001 0.6984375 0.1515625000000001 0.7625 0.1921875000000001 0.7625
47 0.4421875000000002 0.915625 0.16093750000000012 0.915625 0.16093750000000012 0.9796875 0.4421875000000002 0.9796875
44 0.0453125000000001 0.840625 1.0294687155332437e-16 0.840625 1.0686956833184323e-16 0.9046875 0.04531250000000011 0.9046875
8 0.39531250000000007 0.63125 0.35625000000000007 0.63125 0.35625000000000007 0.6953125 0.39531250000000007 0.6953125
58 0.1359375000000001 0.8421875 0.0953125000000001 0.8421875 0.0953125000000001 0.903125 0.1359375000000001 0.903125
26 0.6109375000000001 0.7734375 0.5703125000000002 0.7734375 0.5703125000000002 0.8375 0.6109375000000001 0.8375
4 0.2156250000000001 0.6296875 0.1765625000000001 0.6296875 0.1765625000000001 0.6890625 0.2156250000000001 0.6890625
42 0.2375000000000001 0.7 0.19687500000000008 0.7 0.19687500000000008 0.7609375 0.2375000000000001 0.7609375
43 0.1593750000000001 0.7703125 0.12031250000000009 0.7703125 0.12031250000000009 0.8328125 0.1593750000000001 0.8328125
36 0.4640625000000001 0.703125 0.425 0.703125 0.4250000000000001 0.7625 0.46406250000000016 0.7625
23 0.2468750000000001 0.771875 0.2093750000000001 0.771875 0.2093750000000001 0.83125 0.2468750000000001 0.83125
41 0.10156250000000008 0.7 0.06093750000000009 0.7 0.06093750000000009 0.7609375 0.10156250000000008 0.7609375
3 0.1703125000000001 0.628125 0.1296875000000001 0.628125 0.1296875000000001 0.690625 0.1703125000000001 0.690625
13 0.15625000000000014 0.9109375 0.10625000000000014 0.9109375 0.10625000000000014 0.975 0.15625000000000014 0.975
54 0.5546875000000001 0.7015625 0.515625 0.7015625 0.5156250000000001 0.7640625 0.5546875000000002 0.7640625
0 0.4875 0.6296875 0.4484375 0.6296875 0.4484375 0.69375 0.4875 0.69375
25 0.34062500000000007 0.7703125 0.3000000000000001 0.7703125 0.3000000000000001 0.8328125 0.34062500000000007 0.8328125
50 0.6671875000000002 0.915625 0.6140625000000002 0.915625 0.6140625000000002 0.9796875 0.6671875000000002 0.9796875
11 0.5765625 0.63125 0.5390625 0.63125 0.5390625 0.6921875 0.5765625 0.6921875
51 0.2828125000000001 0.7 0.24375000000000008 0.7 0.24375000000000008 0.7609375 0.2828125000000001 0.7609375
48 0.5328125 0.63125 0.4921875 0.63125 0.4921875 0.6921875 0.5328125 0.6921875
46 0.6671875000000002 0.84375 0.5484375000000001 0.84375 0.5484375000000001 0.9078125 0.6671875000000002 0.9078125
24 0.29375000000000007 0.7703125 0.25468750000000007 0.7703125 0.25468750000000007 0.8328125 0.29375000000000007 0.8328125
14 0.4968750000000002 0.9125 0.44531250000000017 0.9125 0.44531250000000017 0.9796875 0.4968750000000002 0.9796875
28 0.3843750000000001 0.7703125 0.3468750000000001 0.7703125 0.3468750000000001 0.8328125 0.3843750000000001 0.8328125
29 0.4312500000000002 0.7734375 0.3906250000000001 0.7734375 0.3906250000000001 0.8328125 0.4312500000000002 0.8328125