32 0.10468750000000009 0.68125 0.07187500000000009 0.68125 0.07187500000000009 0.7265625 0.10468750000000009 0.7265625
25 0.3343750000000001 0.6265625 0.30156250000000007 0.6265625 0.30156250000000007 0.671875 0.3343750000000001 0.671875
23 0.2500000000000001 0.6265625 0.22031250000000008 0.6265625 0.22031250000000008 0.6703125 0.2500000000000001 0.6703125
47 0.4281250000000002 0.7453125 0.1703125000000001 0.7453125 0.1703125000000001 0.79375 0.4281250000000002 0.79375
54 0.53125 0.571875 0.5015625 0.571875 0.5015625 0.6171875 0.53125 0.6171875
37 0.5015625 0.628125 0.4703125 0.628125 0.4703125 0.6734375 0.5015625 0.6734375
53 0.3671875000000001 0.5703125 0.3359375000000001 0.5703125 0.3359375000000001 0.6140625 0.3671875000000001 0.6140625
43 0.1671875000000001 0.625 0.1375000000000001 0.625 0.1375000000000001 0.6703125 0.1671875000000001 0.6703125
14 0.47968750000000016 0.7421875 0.4359375000000002 0.7421875 0.4359375000000002 0.790625 0.47968750000000016 0.790625
1 0.10000000000000006 0.5171875 0.07187500000000006 0.5171875 0.07187500000000006 0.559375 0.10000000000000009 0.559375
22 0.6390625 0.5734375 0.584375 0.5734375 0.584375 0.68125 0.6390625 0.68125
12 0.5421875 0.628125 0.5109375 0.628125 0.5109375 0.6734375 0.5421875 0.6734375
52 0.07812500000000007 0.571875 0.029687500000000068 0.571875 0.02968750000000007 0.6140625 0.07812500000000007 0.6140625
16 0.2296875000000001 0.68125 0.19531250000000008 0.68125 0.19531250000000008 0.7265625 0.2296875000000001 0.7265625
44 0.06250000000000008 0.68125 0.021875000000000082 0.68125 0.021875000000000085 0.7265625 0.06250000000000008 0.7265625
0 0.4703125 0.51875 0.4390625 0.51875 0.4390625 0.5609375 0.4703125 0.5609375
51 0.2843750000000001 0.571875 0.2531250000000001 0.571875 0.2531250000000001 0.6140625 0.2843750000000001 0.6140625
10 0.12656250000000008 0.625 0.09687500000000007 0.625 0.09687500000000007 0.66875 0.12656250000000008 0.66875
17 0.06250000000000007 0.5171875 0.032812500000000064 0.5171875 0.032812500000000064 0.5578125 0.06250000000000007 0.5578125
45 0.08906250000000007 0.625 0.02656250000000008 0.625 0.02656250000000008 0.671875 0.08906250000000009 0.671875
7 0.3468750000000001 0.5171875 0.3156250000000001 0.5171875 0.3156250000000001 0.5609375 0.3468750000000001 0.5609375
13 0.1625000000000001 0.7390625 0.11718750000000008 0.7390625 0.11718750000000008 0.7875 0.1625000000000001 0.7875
20 0.6359375 0.51875 0.5625 0.51875 0.5625 0.5625 0.6359375 0.5625
11 0.553125 0.51875 0.521875 0.51875 0.521875 0.5609375 0.553125 0.5609375
30 0.971875 0.4390625000000001 0.014062500000000056 0.4390625 0.014062500000000078 0.8375 0.971875 0.8375
34 0.5203125000000001 0.6875 0.4890625 0.6875 0.48906250000000007 0.7328125 0.5203125000000002 0.7328125
15 0.3125000000000001 0.68125 0.27812500000000007 0.68125 0.27812500000000007 0.728125 0.3125000000000001 0.728125
55 0.2687500000000001 0.68125 0.2375000000000001 0.68125 0.2375000000000001 0.728125 0.2687500000000001 0.728125
8 0.3906250000000001 0.51875 0.3578125000000001 0.51875 0.3578125000000001 0.5609375 0.3906250000000001 0.5609375
58 0.1437500000000001 0.68125 0.11250000000000009 0.68125 0.11250000000000009 0.7265625 0.1437500000000001 0.7265625
38 0.490625 0.5734375 0.459375 0.5734375 0.459375 0.615625 0.490625 0.615625
57 0.1859375000000001 0.68125 0.1546875000000001 0.68125 0.1546875000000001 0.7265625 0.1859375000000001 0.7265625
2 0.14375000000000007 0.5171875 0.11250000000000004 0.5171875 0.11250000000000007 0.559375 0.1437500000000001 0.559375
27 0.4078125 0.571875 0.3765625000000001 0.571875 0.3765625000000001 0.6140625 0.4078125 0.6140625
35 0.3546875000000001 0.6828125 0.3203125000000001 0.6828125 0.3203125000000001 0.7296875 0.3546875000000001 0.7296875
36 0.4484375 0.571875 0.41875 0.571875 0.41875 0.615625 0.4484375 0.615625
28 0.3765625000000001 0.6265625 0.3437500000000001 0.6265625 0.3437500000000001 0.671875 0.3765625000000001 0.671875
21 0.2015625000000001 0.5703125 0.17187500000000008 0.5703125 0.17187500000000008 0.615625 0.2015625000000001 0.615625
50 0.6421875000000001 0.746875 0.5953125000000001 0.746875 0.5953125000000001 0.7953125 0.6421875000000001 0.7953125
3 0.18281250000000007 0.51875 0.15312500000000004 0.51875 0.15312500000000007 0.559375 0.1828125000000001 0.559375
46 0.6406250000000001 0.6890625 0.53125 0.6890625 0.5312500000000001 0.7359375 0.6406250000000002 0.7359375
59 0.32500000000000007 0.571875 0.29375000000000007 0.571875 0.29375000000000007 0.6140625 0.32500000000000007 0.6140625
6 0.3062500000000001 0.5171875 0.2750000000000001 0.5171875 0.2750000000000001 0.5609375 0.3062500000000001 0.5609375
56 0.1609375000000001 0.5703125 0.1312500000000001 0.5703125 0.1312500000000001 0.6140625 0.1609375000000001 0.6140625
4 0.2250000000000001 0.515625 0.19375000000000003 0.515625 0.19375000000000006 0.559375 0.2250000000000001 0.559375
39 0.5734375 0.5734375 0.5421875 0.5734375 0.5421875 0.6171875 0.5734375 0.6171875
29 0.4171875 0.6265625 0.3859375000000001 0.6265625 0.3859375000000001 0.671875 0.4171875 0.671875
40 0.4796875000000001 0.684375 0.4484375 0.684375 0.4484375000000001 0.73125 0.47968750000000016 0.73125
18 0.4375000000000001 0.684375 0.4046875 0.684375 0.4046875000000001 0.73125 0.43750000000000017 0.73125
48 0.5125 0.51875 0.4796875 0.51875 0.4796875 0.5625 0.5125 0.5625
42 0.24375000000000008 0.571875 0.21250000000000008 0.571875 0.21250000000000008 0.615625 0.24375000000000008 0.615625
41 0.1218750000000001 0.571875 0.08906250000000007 0.571875 0.08906250000000007 0.6140625 0.1218750000000001 0.6140625
24 0.2921875000000001 0.6265625 0.2609375000000001 0.6265625 0.2609375000000001 0.671875 0.2921875000000001 0.671875
19 0.2093750000000001 0.625 0.1781250000000001 0.625 0.1781250000000001 0.6703125 0.2093750000000001 0.6703125
33 0.3968750000000001 0.6828125 0.3625000000000001 0.6828125 0.3625000000000001 0.7296875 0.3968750000000001 0.7296875
49 0.06093750000000009 0.7375 0.014062500000000089 0.7375 0.014062500000000092 0.7828125 0.06093750000000009 0.7828125
26 0.584375 0.628125 0.5515625 0.628125 0.5515625 0.6765625 0.584375 0.6765625
31 0.459375 0.6265625 0.4265625 0.6265625 0.4265625 0.671875 0.459375 0.671875
5 0.2640625000000001 0.5171875 0.23437500000000008 0.5171875 0.23437500000000008 0.5609375 0.2640625000000001 0.5609375
9 0.4296875 0.51875 0.3984375000000001 0.51875 0.3984375000000001 0.5609375 0.4296875 0.5609375