10 0.7125000000000001 0.9203125 0.6515625000000002 0.9203125 0.6515625000000002 0.965625 0.7125000000000001 0.965625
50 0.859375 0.3218750000000001 0.784375 0.3218750000000001 0.784375 0.3812500000000001 0.859375 0.3812500000000001
37 0.7125 0.4890625 0.6484375 0.4890625 0.6484375 0.53125 0.7125 0.53125
52 0.6437500000000002 0.9734375 0.5843750000000002 0.9734375 0.5843750000000002 1 0.6437500000000002 1
40 0.7828125 0.5125000000000001 0.7203125 0.5125 0.7203125 0.5562500000000001 0.7828125 0.5562500000000001
21 0.6453125000000002 0.8328125 0.5828125000000002 0.8328125 0.5828125000000002 0.8765625 0.6453125000000002 0.8765625
9 0.5765625 0.5703125 0.5171875 0.5703125 0.5171875 0.6140625 0.5765625 0.6140625
31 0.709375 0.5359375 0.646875 0.5359375 0.646875 0.5796875 0.709375 0.5796875
42 0.6453125000000002 0.784375 0.5843750000000002 0.784375 0.5843750000000002 0.828125 0.6453125000000002 0.828125
19 0.7140625000000002 0.8265625 0.6515625000000002 0.8265625 0.6515625000000002 0.8703125 0.7140625000000002 0.8703125
41 0.6453125000000002 0.925 0.5828125000000002 0.925 0.5828125000000002 0.971875 0.6453125000000002 0.971875
7 0.575 0.6640625 0.515625 0.6640625 0.515625 0.70625 0.575 0.70625
57 0.7859375000000002 0.853125 0.7203125000000001 0.853125 0.7203125000000001 0.9 0.7859375000000002 0.9
43 0.7140625000000002 0.8734375 0.6500000000000001 0.8734375 0.6500000000000001 0.91875 0.7140625000000002 0.91875
46 0.7828125 0.3265625000000001 0.7171875 0.3265625000000001 0.7171875 0.45781250000000007 0.7828125 0.4578125000000002
55 0.7875000000000002 0.7578125000000001 0.7187500000000002 0.7578125 0.7187500000000002 0.8015625 0.7875000000000002 0.8015625
18 0.7859375 0.5609375000000001 0.7203125 0.5609375 0.7203125 0.6046875 0.7859375 0.6046875000000002
4 0.5796875000000001 0.803125 0.5187500000000002 0.803125 0.5187500000000002 0.846875 0.5796875000000001 0.846875
39 0.64375 0.4046875 0.5796875 0.4046875 0.5796875 0.4453125 0.64375 0.4453125
23 0.7109375000000002 0.778125 0.6500000000000001 0.778125 0.6500000000000001 0.8203125 0.7109375000000002 0.8203125
11 0.575 0.4296875 0.5140625 0.4296875 0.5140625 0.4703125 0.575 0.4703125
59 0.64375 0.690625 0.584375 0.690625 0.5843750000000001 0.7328125 0.6437500000000002 0.7328125
6 0.5781250000000001 0.7109375 0.515625 0.7109375 0.5156250000000001 0.7546875 0.5781250000000002 0.7546875
30 0.896875 8.15155525682457e-17 0.434375 5.319559533796316e-17 0.43437500000000007 1 0.896875 1
35 0.7859375 0.659375 0.7203125 0.659375 0.7203125 0.7031250000000001 0.7859375 0.7031250000000002
53 0.6421875 0.6421875 0.5828125 0.6421875 0.5828125 0.6859375 0.6421875 0.6859375
24 0.7125000000000001 0.73125 0.6515625000000002 0.73125 0.6515625000000002 0.7734375 0.7125000000000001 0.7734375
15 0.784375 0.7078125000000001 0.71875 0.7078125 0.7187500000000001 0.753125 0.7843750000000002 0.7531250000000002
45 0.7109375000000002 0.96875 0.6484375000000002 0.96875 0.6484375000000002 1 0.7109375000000002 1
56 0.6453125000000002 0.8796875 0.5828125000000002 0.8796875 0.5828125000000002 0.9234375 0.6453125000000002 0.9234375
25 0.7109375 0.68125 0.65 0.68125 0.65 0.725 0.7109375 0.725
28 0.7109375 0.6328125 0.6484375 0.6328125 0.6484375 0.6765625 0.7109375 0.6765625
0 0.5765625 0.5234375 0.5125 0.5234375 0.5125 0.5671875 0.5765625 0.5671875
58 0.7859375000000002 0.9015625 0.7203125000000001 0.9015625 0.7203125000000001 0.9484375 0.7859375000000002 0.9484375
27 0.640625 0.5953125 0.58125 0.5953125 0.58125 0.6390625 0.640625 0.6390625
32 0.7875000000000002 0.9515625 0.7187500000000002 0.9515625 0.7187500000000002 0.9984375 0.7875000000000002 0.9984375
12 0.7140625 0.4390625 0.6484375 0.4390625 0.6484375 0.4828125 0.7140625 0.4828125
54 0.6421875 0.4515625 0.58125 0.4515625 0.58125 0.4953125 0.6421875 0.4953125
16 0.7859375000000002 0.8046875 0.7203125000000001 0.8046875 0.7203125000000001 0.85 0.7859375000000002 0.85
36 0.6421875 0.546875 0.5828125 0.546875 0.5828125 0.590625 0.6421875 0.590625
26 0.715625 0.3906250000000001 0.646875 0.3906250000000001 0.646875 0.434375 0.715625 0.434375
17 0.5812500000000002 0.990625 0.5218750000000002 0.990625 0.5218750000000002 1 0.5812500000000002 1
2 0.5796875000000001 0.896875 0.5203125000000002 0.896875 0.5203125000000002 0.940625 0.5796875000000001 0.940625
20 0.575 0.3359375000000001 0.5140625 0.3359375000000001 0.5140625 0.4234375 0.575 0.4234375
13 0.8609375 0.8828125 0.7890625000000002 0.8828125 0.7890625000000002 0.9421875 0.8609375 0.9421875
29 0.7109375 0.584375 0.646875 0.584375 0.646875 0.628125 0.7109375 0.628125
1 0.5796875000000001 0.94375 0.5187500000000002 0.94375 0.5187500000000002 0.9875 0.5796875000000001 0.9875
14 0.8609375 0.5093750000000001 0.7875 0.5093750000000001 0.7875 0.5687500000000002 0.8609375 0.5687500000000002
48 0.5765625 0.4765625 0.515625 0.4765625 0.515625 0.51875 0.5765625 0.51875
34 0.784375 0.4625000000000001 0.71875 0.4625 0.71875 0.5062500000000001 0.784375 0.5062500000000002
38 0.6421875 0.5 0.5828125 0.5 0.5828125 0.5421875 0.6421875 0.5421875
22 0.7140625 0.3296875000000001 0.5796875 0.3296875000000001 0.5796875 0.3968750000000001 0.7140625 0.3968750000000001
8 0.578125 0.6171875 0.5171875 0.6171875 0.5171875 0.6609375 0.578125 0.6609375
5 0.5796875000000001 0.75625 0.5171875000000001 0.75625 0.5171875000000001 0.8015625 0.5796875000000001 0.8015625
51 0.6437500000000002 0.7375 0.5843750000000002 0.7375 0.5843750000000002 0.78125 0.6437500000000002 0.78125
33 0.784375 0.6093750000000001 0.71875 0.609375 0.71875 0.6546875000000001 0.784375 0.6546875000000002
47 0.8609375 0.5734375000000002 0.7921875 0.5734375000000002 0.7921875 0.8796875 0.8609375 0.8796875
3 0.5796875000000001 0.8515625 0.5203125000000002 0.8515625 0.5203125000000002 0.8953125 0.5796875000000001 0.8953125