6 0.7078125 0.21875000000000008 0.6546875 0.21875000000000008 0.6546875 0.2562500000000001 0.7078125 0.2562500000000001
57 0.5015625 0.08437500000000006 0.4453125 0.08437500000000005 0.4453125 0.12812500000000004 0.5015625 0.12812500000000004
26 0.5796875 0.559375 0.521875 0.559375 0.521875 0.5984375 0.5796875 0.5984375
35 0.50625 0.2875000000000001 0.4515625 0.2875000000000001 0.4515625 0.32500000000000007 0.50625 0.32500000000000007
23 0.5703125 0.15937500000000007 0.51875 0.15937500000000004 0.51875 0.19375000000000006 0.5703125 0.1937500000000001
56 0.634375 0.04687500000000007 0.5828125 0.04687500000000007 0.5828125 0.08281250000000007 0.634375 0.08281250000000007
14 0.44375 0.4203125 0.3828125000000001 0.4203125 0.3828125000000001 0.478125 0.44375 0.478125
47 0.440625 0.10937500000000004 0.375 0.10937500000000004 0.37500000000000006 0.415625 0.440625 0.415625
33 0.5078125 0.3359375000000001 0.45 0.3359375000000001 0.45 0.3750000000000001 0.5078125 0.3750000000000001
20 0.7125 0.571875 0.659375 0.571875 0.659375 0.659375 0.7125 0.659375
34 0.509375 0.4875 0.459375 0.4875 0.459375 0.521875 0.509375 0.521875
5 0.7078125 0.1687500000000001 0.6453125 0.1687500000000001 0.6453125 0.21093750000000008 0.7078125 0.21093750000000008
45 0.5671875 6.620746757890379e-17 0.5140625 6.295449951866863e-17 0.5140625 0.021875000000000068 0.5671875 0.02187500000000007
44 0.4984375 0.001562500000000058 0.4453125 0.0015625000000000547 0.4453125 0.010937500000000058 0.4984375 0.010937500000000062
40 0.509375 0.4390625 0.4578125 0.4390625 0.4578125 0.4734375 0.509375 0.4734375
15 0.5046875 0.23593750000000008 0.4515625 0.23593750000000008 0.4515625 0.2734375000000001 0.5046875 0.2734375000000001
7 0.70625 0.27031250000000007 0.6515625 0.27031250000000007 0.6515625 0.3078125000000001 0.70625 0.3078125000000001
16 0.503125 0.13437500000000005 0.44375 0.13437500000000005 0.44375 0.17656250000000004 0.503125 0.17656250000000004
32 0.5015625 5.817072295949927e-17 0.4484375 5.4917754899264124e-17 0.4484375 0.017187500000000057 0.5015625 0.01718750000000006
3 0.703125 0.0671875000000001 0.646875 0.0671875000000001 0.646875 0.11093750000000009 0.703125 0.11093750000000009
9 0.7078125 0.3703125000000001 0.6515625 0.3703125000000001 0.6515625 0.4078125 0.7078125 0.4078125
11 0.7109375 0.521875 0.6609375 0.521875 0.6609375 0.559375 0.7109375 0.559375
28 0.575 0.3109375000000001 0.521875 0.3109375000000001 0.521875 0.3468750000000001 0.575 0.3468750000000001
31 0.5765625 0.409375 0.5203125 0.409375 0.5203125 0.446875 0.5765625 0.446875
0 0.709375 0.421875 0.653125 0.421875 0.653125 0.459375 0.709375 0.459375
37 0.575 0.4625 0.521875 0.4625 0.521875 0.496875 0.575 0.496875
4 0.70625 0.12031250000000009 0.653125 0.12031250000000009 0.653125 0.1546875000000001 0.70625 0.1546875000000001
12 0.5765625 0.5109375 0.5234375 0.5109375 0.5234375 0.5484375 0.5765625 0.5484375
41 0.634375 7.424421219830829e-17 0.578125 7.079989307570636e-17 0.578125 0.03906250000000007 0.634375 0.039062500000000076
1 0.7015625 8.247230788007957e-17 0.6453125 7.902798875747763e-17 0.6453125 0.004687500000000082 0.7015625 0.004687500000000086
55 0.5046875 0.18593750000000003 0.4484375 0.18593750000000003 0.4484375 0.22031250000000008 0.5046875 0.22031250000000008
2 0.703125 0.017187500000000085 0.65 0.017187500000000078 0.65 0.05937500000000009 0.703125 0.05937500000000009
29 0.5734375 0.3609375000000001 0.521875 0.3609375000000001 0.521875 0.3984375000000001 0.5734375 0.3984375000000001
30 0.859375 6.984313776387249e-17 0.28125 3.444319122601931e-17 0.28125000000000006 1 0.859375 1
38 0.640625 0.4484375 0.590625 0.4484375 0.590625 0.4828125 0.640625 0.4828125
59 0.6375 0.2484375000000001 0.5875 0.2484375000000001 0.5875 0.2828125000000001 0.6375 0.2828125000000001
49 0.43125 4.898587196589413e-17 0.36875 4.5158850718558645e-17 0.36875 0.01718750000000005 0.43125 0.017187500000000057
13 0.4375 0.04531250000000005 0.3765625 0.04531250000000005 0.3765625 0.10625000000000004 0.4375 0.10625000000000004
19 0.56875 0.10937500000000007 0.51875 0.10937500000000004 0.51875 0.14531250000000007 0.56875 0.1453125000000001
21 0.6359375 0.09687500000000007 0.584375 0.09687500000000007 0.584375 0.13437500000000008 0.6359375 0.13437500000000008
48 0.709375 0.471875 0.6546875 0.471875 0.6546875 0.509375 0.709375 0.509375
18 0.5078125 0.38750000000000007 0.4546875 0.38750000000000007 0.4546875 0.421875 0.5078125 0.421875
42 0.6375 0.1468750000000001 0.584375 0.1468750000000001 0.584375 0.18750000000000008 0.6375 0.18750000000000008
25 0.571875 0.2609375000000001 0.5203125 0.2609375000000001 0.5203125 0.2953125000000001 0.571875 0.2953125000000001
58 0.5 0.03437500000000006 0.446875 0.03437500000000006 0.446875 0.07031250000000006 0.5 0.07031250000000007
54 0.6421875 0.4984375 0.590625 0.4984375 0.590625 0.5359375 0.6421875 0.5359375
27 0.6390625 0.3468750000000001 0.5890625 0.3468750000000001 0.5890625 0.3843750000000001 0.6390625 0.3843750000000001
24 0.571875 0.21093750000000008 0.51875 0.21093750000000008 0.51875 0.2468750000000001 0.571875 0.2468750000000001
50 0.4453125 0.609375 0.3890625000000001 0.609375 0.3890625000000001 0.6625 0.4453125 0.6625
10 0.56875 0.009375000000000067 0.515625 0.009375000000000064 0.515625 0.04687500000000007 0.56875 0.04687500000000007
43 0.5671875 0.05937500000000007 0.5171875 0.05937500000000007 0.5171875 0.09531250000000006 0.5671875 0.09531250000000006
51 0.6375 0.19687500000000008 0.5859375 0.19687500000000008 0.5859375 0.2312500000000001 0.6375 0.2312500000000001
22 0.64375 0.590625 0.51875 0.590625 0.51875 0.659375 0.64375 0.659375
36 0.6390625 0.3968750000000001 0.5890625 0.3968750000000001 0.5890625 0.434375 0.6390625 0.434375
52 0.6359375 7.40528611359415e-17 0.5734375 7.022583988860603e-17 0.5734375 0.015625000000000076 0.6359375 0.015625000000000076
46 0.5109375 0.5359375 0.4609375 0.5359375 0.4609375 0.6609375 0.5109375 0.6609375
39 0.646875 0.546875 0.590625 0.546875 0.590625 0.584375 0.646875 0.584375
53 0.640625 0.2984375000000001 0.5875 0.2984375000000001 0.5875 0.3343750000000001 0.640625 0.3343750000000001
8 0.70625 0.3203125000000001 0.6484375 0.3203125000000001 0.6484375 0.3578125000000001 0.70625 0.3578125000000001