49 0.0906250000000001 0.6546875 0.03593750000000008 0.6546875 0.03593750000000008 0.7125 0.0906250000000001 0.7125
31 0.571875 0.515625 0.53125 0.515625 0.53125 0.5734375 0.571875 0.5734375
54 0.659375 0.45 0.6234375 0.45 0.6234375 0.5046875 0.659375 0.5046875
42 0.30937500000000007 0.4515625 0.2671875000000001 0.4515625 0.2671875000000001 0.5078125 0.30937500000000007 0.5078125
6 0.3890625000000001 0.384375 0.3421875000000001 0.384375 0.3421875000000001 0.4484375 0.3890625000000001 0.4484375
26 0.7234375 0.515625 0.6875 0.515625 0.6875 0.575 0.7234375 0.575
59 0.4078125 0.453125 0.3671875000000001 0.453125 0.3671875000000001 0.50625 0.4078125 0.50625
47 0.5375 0.65 0.22812500000000008 0.65 0.22812500000000008 0.7140625 0.5375 0.7140625
33 0.5 0.5828125 0.4546875 0.5828125 0.4546875 0.64375 0.5 0.64375
30 0.971875 0.26406250000000003 0.028125000000000032 0.2640625 0.02812500000000006 0.7468750000000001 0.971875 0.7468750000000002
39 0.7109375 0.4484375 0.675 0.4484375 0.675 0.5046875 0.7109375 0.5046875
27 0.509375 0.4515625 0.46875 0.4515625 0.46875 0.5046875 0.509375 0.5046875
5 0.33281250000000007 0.3828125 0.2906250000000001 0.3828125 0.2906250000000001 0.446875 0.33281250000000007 0.446875
12 0.6734375 0.515625 0.6375 0.515625 0.6375 0.5703125 0.6734375 0.5703125
0 0.5875 0.3812500000000001 0.5453125 0.3812500000000001 0.5453125 0.4484375 0.5875 0.4484375
36 0.5609375 0.4515625 0.51875 0.4515625 0.51875 0.5046875 0.5609375 0.5046875
2 0.17500000000000004 0.384375 0.13906250000000003 0.384375 0.13906250000000003 0.4453125 0.17500000000000004 0.4453125
13 0.2156250000000001 0.6515625 0.16406250000000008 0.6515625 0.16406250000000008 0.7125 0.2156250000000001 0.7125
32 0.1375000000000001 0.5859375 0.10000000000000009 0.5859375 0.10000000000000009 0.64375 0.1375000000000001 0.64375
4 0.2796875000000001 0.3828125 0.2406250000000001 0.3828125 0.2406250000000001 0.4390625 0.2796875000000001 0.4390625
9 0.5359375 0.3828125000000001 0.490625 0.3828125000000001 0.490625 0.446875 0.5359375 0.446875
52 0.09843750000000007 0.4578125 0.037500000000000054 0.4578125 0.03750000000000006 0.50625 0.09843750000000007 0.50625
10 0.16250000000000006 0.521875 0.12656250000000005 0.521875 0.12656250000000008 0.575 0.1625000000000001 0.575
48 0.6359375 0.3812500000000001 0.59375 0.3812500000000001 0.59375 0.44375 0.6359375 0.44375
18 0.5484375 0.5828125 0.50625 0.5828125 0.50625 0.6421875 0.5484375 0.6421875
55 0.3500000000000001 0.584375 0.3031250000000001 0.584375 0.3031250000000001 0.6453125 0.3500000000000001 0.6453125
28 0.46875 0.515625 0.4328125 0.515625 0.4328125 0.5734375 0.46875 0.5734375
24 0.3671875000000001 0.51875 0.3312500000000001 0.51875 0.3312500000000001 0.575 0.3671875000000001 0.575
15 0.4015625 0.5828125 0.3546875000000001 0.5828125 0.3546875000000001 0.64375 0.4015625 0.64375
19 0.2640625000000001 0.51875 0.22812500000000008 0.51875 0.22812500000000008 0.5765625 0.2640625000000001 0.5765625
46 0.790625 0.58125 0.6609375 0.58125 0.6609375 0.6406250000000001 0.790625 0.6406250000000002
20 0.790625 0.3812500000000001 0.7015625 0.3812500000000001 0.7015625 0.43437500000000007 0.790625 0.4343750000000002
7 0.434375 0.3828125000000001 0.3921875000000001 0.3828125000000001 0.3921875000000001 0.4453125 0.434375 0.4453125
50 0.7921875 0.6500000000000001 0.7390625 0.6500000000000001 0.7390625 0.7093750000000002 0.7921875 0.7093750000000002
14 0.6 0.6484375 0.54375 0.6484375 0.54375 0.7109375 0.6 0.7109375
57 0.2375000000000001 0.5859375 0.20312500000000008 0.5859375 0.20312500000000008 0.6421875 0.2375000000000001 0.6421875
29 0.5234375 0.5171875 0.48125 0.5171875 0.48125 0.575 0.5234375 0.575
34 0.6484375 0.5828125 0.609375 0.5828125 0.609375 0.640625 0.6484375 0.640625
22 0.790625 0.4468750000000001 0.721875 0.446875 0.721875 0.5765625000000001 0.790625 0.5765625000000002
58 0.18906250000000008 0.5875 0.1515625000000001 0.5875 0.1515625000000001 0.6421875 0.18906250000000008 0.6421875
40 0.5984375 0.5828125 0.559375 0.5828125 0.559375 0.640625 0.5984375 0.640625
21 0.2531250000000001 0.453125 0.2156250000000001 0.453125 0.2156250000000001 0.5078125 0.2531250000000001 0.5078125
8 0.4875 0.3828125000000001 0.4421875 0.3828125000000001 0.4421875 0.4484375 0.4875 0.4484375
56 0.2015625000000001 0.453125 0.16406250000000006 0.453125 0.16406250000000006 0.5078125 0.2015625000000001 0.5078125
35 0.45 0.5828125 0.4046875 0.5828125 0.4046875 0.64375 0.45 0.64375
51 0.3593750000000001 0.4515625 0.3187500000000001 0.4515625 0.3187500000000001 0.509375 0.3593750000000001 0.509375
53 0.459375 0.453125 0.41875 0.453125 0.41875 0.50625 0.459375 0.50625
16 0.2953125000000001 0.584375 0.25468750000000007 0.584375 0.25468750000000007 0.64375 0.2953125000000001 0.64375
1 0.12187500000000004 0.3875 0.08437500000000005 0.3875 0.08437500000000005 0.440625 0.12187500000000004 0.440625
11 0.6859375 0.3812500000000001 0.6484375 0.3812500000000001 0.6484375 0.4375 0.6859375 0.4375
37 0.621875 0.5171875 0.5859375 0.5171875 0.5859375 0.571875 0.621875 0.571875
3 0.2234375000000001 0.384375 0.18750000000000006 0.384375 0.18750000000000006 0.4421875 0.2234375000000001 0.4421875
17 0.07187500000000005 0.3890625 0.035937500000000046 0.3890625 0.03593750000000005 0.4390625 0.07187500000000005 0.4390625
43 0.21250000000000008 0.521875 0.17968750000000006 0.521875 0.17968750000000006 0.5734375 0.21250000000000008 0.5734375
45 0.11250000000000007 0.51875 0.03906250000000007 0.51875 0.03906250000000007 0.578125 0.11250000000000009 0.578125
38 0.609375 0.45 0.571875 0.45 0.571875 0.503125 0.609375 0.503125
44 0.08593750000000008 0.5875 0.03593750000000007 0.5875 0.035937500000000074 0.64375 0.08593750000000008 0.64375
41 0.15000000000000005 0.453125 0.11406250000000004 0.453125 0.11406250000000004 0.509375 0.15000000000000005 0.509375
23 0.31718750000000007 0.51875 0.2812500000000001 0.51875 0.2812500000000001 0.5765625 0.31718750000000007 0.5765625
25 0.421875 0.5171875 0.3812500000000001 0.5171875 0.3812500000000001 0.575 0.421875 0.575