2 0.13437500000000008 0.675 0.0906250000000001 0.675 0.0906250000000001 0.740625 0.13437500000000008 0.740625
37 0.5578125000000002 0.83125 0.5171875000000001 0.83125 0.5171875000000001 0.896875 0.5578125000000002 0.896875
49 0.04843750000000012 0.978125 1.197857650416005e-16 0.978125 1.211252224781679e-16 1 0.04843750000000012 1
18 0.4859375000000002 0.9078125 0.4421875000000002 0.9078125 0.4421875000000002 0.9734375 0.4859375000000002 0.9734375
31 0.5093750000000001 0.83125 0.46875000000000017 0.83125 0.46875000000000017 0.896875 0.5093750000000001 0.896875
39 0.6437500000000002 0.7546875 0.6015625000000002 0.7546875 0.6015625000000002 0.8234375 0.6437500000000002 0.8234375
33 0.43750000000000017 0.9046875 0.3937500000000001 0.9046875 0.3937500000000001 0.9734375 0.43750000000000017 0.9734375
20 0.7171875000000001 0.678125 0.6265625 0.678125 0.6265625000000001 0.746875 0.7171875000000002 0.746875
1 0.08593750000000008 0.675 0.04218750000000008 0.675 0.042187500000000086 0.740625 0.08593750000000008 0.740625
34 0.5828125000000002 0.9078125 0.5406250000000001 0.9078125 0.5406250000000001 0.9734375 0.5828125000000002 0.9734375
52 0.0609375000000001 0.75 9.18485099360515e-17 0.75 9.605823330812052e-17 0.81875 0.06093750000000011 0.81875
22 0.7171875000000002 0.7546875 0.6531250000000002 0.7546875 0.6531250000000002 0.9015625 0.7171875000000002 0.9015625
19 0.21875000000000008 0.828125 0.1750000000000001 0.828125 0.1750000000000001 0.89375 0.21875000000000008 0.89375
16 0.24218750000000008 0.9015625 0.2000000000000001 0.9015625 0.2000000000000001 0.9703125 0.24218750000000008 0.9703125
10 0.12031250000000009 0.828125 0.0796875000000001 0.828125 0.0796875000000001 0.89375 0.12031250000000009 0.89375
7 0.3781250000000001 0.678125 0.33281250000000007 0.678125 0.33281250000000007 0.7421875 0.3781250000000001 0.7421875
53 0.40156250000000016 0.7515625 0.3593750000000001 0.7515625 0.3593750000000001 0.8171875 0.40156250000000016 0.8171875
45 0.07343750000000011 0.825 1.0103336092965664e-16 0.825 1.0543443536409245e-16 0.896875 0.07343750000000011 0.896875
55 0.2906250000000001 0.9046875 0.2484375000000001 0.9046875 0.2484375000000001 0.9703125 0.2906250000000001 0.9703125
17 0.03593750000000008 0.6734375 8.247230788007957e-17 0.6734375 8.668203125214859e-17 0.7421875 0.03593750000000009 0.7421875
40 0.5343750000000002 0.9078125 0.49218750000000017 0.9078125 0.49218750000000017 0.9734375 0.5343750000000002 0.9734375
5 0.2796875000000001 0.675 0.2375000000000001 0.675 0.2375000000000001 0.740625 0.2796875000000001 0.740625
15 0.34062500000000007 0.9015625 0.2953125000000001 0.9015625 0.2953125000000001 0.9703125 0.34062500000000007 0.9703125
57 0.19375000000000012 0.9046875 0.1515625000000001 0.9046875 0.1515625000000001 0.9703125 0.19375000000000014 0.9703125
30 1 0.5703125000000001 6.984313776387249e-17 0.5703125 9.61539088393039e-17 1 1 1
6 0.3281250000000001 0.678125 0.28593750000000007 0.678125 0.28593750000000007 0.7421875 0.3281250000000001 0.7421875
27 0.44843750000000016 0.7515625 0.4078125000000002 0.7515625 0.4078125000000002 0.8171875 0.44843750000000016 0.8171875
32 0.09687500000000011 0.9015625 0.05312500000000011 0.9015625 0.05312500000000011 0.9703125 0.09687500000000011 0.9703125
9 0.4750000000000001 0.678125 0.43125 0.678125 0.4312500000000001 0.74375 0.4750000000000002 0.74375
35 0.3890625000000001 0.9046875 0.3453125000000001 0.9046875 0.3453125000000001 0.9734375 0.3890625000000001 0.9734375
38 0.5453125000000002 0.7546875 0.5062500000000002 0.7546875 0.5062500000000002 0.8203125 0.5453125000000002 0.8203125
56 0.15781250000000008 0.7515625 0.11562500000000009 0.7515625 0.11562500000000009 0.8171875 0.15781250000000008 0.8171875
59 0.3531250000000001 0.7515625 0.30937500000000007 0.7515625 0.30937500000000007 0.8171875 0.3531250000000001 0.8171875
12 0.6062500000000002 0.83125 0.5656250000000002 0.83125 0.5656250000000002 0.896875 0.6062500000000002 0.896875
21 0.2062500000000001 0.75 0.1625000000000001 0.75 0.1625000000000001 0.81875 0.2062500000000001 0.81875
47 0.4750000000000002 0.9828125 0.17343750000000013 0.9828125 0.17343750000000013 1 0.4750000000000002 1
44 0.04843750000000012 0.9015625 1.1040956298562856e-16 0.9015625 1.146192863576976e-16 0.9703125 0.04843750000000012 0.9703125
8 0.4250000000000001 0.678125 0.3828125000000001 0.678125 0.3828125000000001 0.746875 0.42500000000000016 0.746875
58 0.14531250000000012 0.9046875 0.10156250000000008 0.9046875 0.10156250000000011 0.9703125 0.14531250000000012 0.9703125
26 0.6562500000000002 0.83125 0.6125000000000002 0.83125 0.6125000000000002 0.9 0.6562500000000002 0.9
4 0.2312500000000001 0.675 0.18906250000000008 0.675 0.18906250000000008 0.7390625 0.2312500000000001 0.7390625
42 0.25468750000000007 0.7515625 0.21093750000000008 0.7515625 0.21093750000000008 0.8171875 0.25468750000000007 0.8171875
43 0.1703125000000001 0.828125 0.1281250000000001 0.828125 0.1281250000000001 0.89375 0.1703125000000001 0.89375
36 0.4984375000000002 0.7546875 0.45625000000000016 0.7546875 0.45625000000000016 0.81875 0.4984375000000002 0.81875
23 0.2656250000000001 0.828125 0.2250000000000001 0.828125 0.2250000000000001 0.8921875 0.2656250000000001 0.8921875
41 0.10937500000000008 0.7515625 0.06562500000000009 0.7515625 0.0656250000000001 0.8171875 0.10937500000000008 0.8171875
3 0.1828125000000001 0.675 0.1390625000000001 0.675 0.1390625000000001 0.740625 0.1828125000000001 0.740625
13 0.16875000000000012 0.978125 0.11406250000000014 0.978125 0.11406250000000014 1 0.16875000000000012 1
54 0.5953125000000001 0.7546875 0.5531250000000002 0.7546875 0.5531250000000002 0.8203125 0.5953125000000001 0.8203125
0 0.5234375000000001 0.675 0.48125 0.675 0.48125000000000007 0.74375 0.5234375000000002 0.74375
25 0.3656250000000001 0.828125 0.3218750000000001 0.828125 0.3218750000000001 0.89375 0.3656250000000001 0.89375
50 0.7171875000000002 0.9828125 0.6593750000000002 0.9828125 0.6593750000000002 1 0.7171875000000002 1
11 0.6187500000000001 0.678125 0.578125 0.678125 0.5781250000000001 0.74375 0.6187500000000001 0.74375
51 0.3031250000000001 0.7515625 0.2609375000000001 0.7515625 0.2609375000000001 0.8171875 0.3031250000000001 0.8171875
48 0.5718750000000001 0.678125 0.528125 0.678125 0.5281250000000001 0.74375 0.5718750000000001 0.74375
46 0.7171875000000002 0.90625 0.5890625000000002 0.90625 0.5890625000000002 0.975 0.7171875000000002 0.975
24 0.3156250000000001 0.828125 0.2734375000000001 0.828125 0.2734375000000001 0.89375 0.3156250000000001 0.89375
14 0.5343750000000002 0.98125 0.4781250000000002 0.98125 0.4781250000000002 1 0.5343750000000002 1
28 0.4125000000000002 0.828125 0.37187500000000007 0.828125 0.37187500000000007 0.89375 0.4125000000000002 0.89375
29 0.4625000000000002 0.8296875 0.4187500000000002 0.8296875 0.4187500000000002 0.89375 0.4625000000000002 0.89375