10 0.8203125 0.3984375000000001 0.7671875 0.3984375000000001 0.7671875 0.4750000000000002 0.8203125 0.4750000000000002
58 0.784375 0.49218750000000017 0.73125 0.49218750000000017 0.73125 0.5671875000000002 0.784375 0.5671875000000002
21 0.6953125 0.3078125000000001 0.6421875 0.3078125000000001 0.6421875 0.3812500000000001 0.6953125 0.3812500000000001
43 0.7484375 0.4015625000000001 0.6953125 0.4015625 0.6953125 0.4765625000000001 0.7484375 0.47656250000000017
27 0.33593750000000006 0.3078125 0.284375 0.3078125 0.28437500000000004 0.3828125 0.3359375000000001 0.3828125
47 0.68125 0.590625 0.2515625000000001 0.590625 0.2515625000000001 0.671875 0.68125 0.671875
54 0.12500000000000006 0.3109375 0.07187500000000005 0.3109375 0.07187500000000005 0.3875 0.12500000000000006 0.3875
59 0.4796875 0.3062500000000001 0.4265625 0.3062500000000001 0.4265625 0.3843750000000001 0.4796875 0.3843750000000001
25 0.465625 0.403125 0.4125 0.403125 0.4125 0.4796875 0.465625 0.4796875
0 0.228125 0.2125 0.17500000000000004 0.2125 0.17500000000000004 0.290625 0.228125 0.290625
26 0.04218750000000005 0.4078125 0.00156250000000005 0.4078125 0.0015625000000000545 0.4828125 0.04218750000000006 0.4828125
42 0.6234375 0.3062500000000001 0.5703125 0.3062500000000001 0.5703125 0.3812500000000001 0.6234375 0.3812500000000001
11 0.08437500000000003 0.2140625 0.03281250000000002 0.2140625 0.03281250000000003 0.2890625 0.08437500000000005 0.2890625
2 0.8046875 0.20468750000000008 0.7515625 0.20468750000000008 0.7515625 0.2828125000000001 0.8046875 0.2828125000000001
17 0.9484375 0.2062500000000001 0.896875 0.2062500000000001 0.896875 0.2812500000000001 0.9484375 0.2812500000000001
44 0.94375 0.49531250000000016 0.871875 0.49531250000000016 0.871875 0.5687500000000002 0.94375 0.5687500000000002
37 0.18125000000000005 0.4046875 0.12812500000000004 0.4046875 0.12812500000000004 0.4796875 0.18125000000000005 0.4796875
6 0.515625 0.2078125000000001 0.459375 0.2078125000000001 0.459375 0.2828125000000001 0.515625 0.2828125000000001
15 0.5015625 0.496875 0.446875 0.496875 0.446875 0.571875 0.5015625 0.571875
5 0.5890625 0.2078125000000001 0.5328125 0.2078125000000001 0.5328125 0.28593750000000007 0.5890625 0.28593750000000007
29 0.3218750000000001 0.4015625 0.2687500000000001 0.4015625 0.2687500000000001 0.478125 0.3218750000000001 0.478125
52 0.9421875 0.3062500000000001 0.8578125 0.3062500000000001 0.8578125 0.3781250000000001 0.9421875 0.3781250000000001
34 0.14687500000000006 0.5 0.09375000000000007 0.5 0.09375000000000007 0.575 0.1468750000000001 0.575
38 0.19531250000000006 0.3109375 0.14375000000000004 0.3109375 0.14375000000000004 0.384375 0.19531250000000006 0.384375
14 0.2375000000000001 0.59375 0.16562500000000008 0.59375 0.16562500000000008 0.66875 0.2375000000000001 0.66875
20 0.01562500000000003 0.215625 2.6406446606614805e-17 0.215625 3.099887210341738e-17 0.290625 0.015625000000000035 0.290625
9 0.3 0.2109375 0.246875 0.2109375 0.246875 0.2890625 0.3 0.2890625
31 0.2500000000000001 0.403125 0.19843750000000004 0.403125 0.19843750000000004 0.48125 0.2500000000000001 0.48125
41 0.8390625 0.3046875000000001 0.7859375 0.3046875000000001 0.7859375 0.37968750000000007 0.8390625 0.37968750000000007
53 0.409375 0.30781250000000004 0.35625 0.3078125 0.35625000000000007 0.38281250000000006 0.409375 0.3828125000000001
39 0.05625000000000004 0.3109375 0.0015625000000000383 0.3109375 0.0015625000000000426 0.3859375 0.05625000000000004 0.3859375
32 0.85625 0.49218750000000017 0.803125 0.49218750000000017 0.803125 0.5687500000000002 0.85625 0.5687500000000002
36 0.2671875 0.309375 0.2140625 0.309375 0.21406250000000004 0.384375 0.2671875000000001 0.384375
48 0.15625000000000006 0.2125 0.10468750000000004 0.2125 0.10468750000000004 0.2890625 0.15625000000000006 0.2890625
1 0.8765625 0.2062500000000001 0.825 0.2062500000000001 0.825 0.2812500000000001 0.8765625 0.2812500000000001
51 0.553125 0.3078125000000001 0.5 0.3078125000000001 0.5 0.3828125000000001 0.553125 0.3828125000000001
24 0.5359375 0.403125 0.4828125 0.403125 0.4828125 0.478125 0.5359375 0.478125
56 0.7671875 0.3062500000000001 0.7140625 0.3062500000000001 0.7140625 0.3812500000000001 0.7671875 0.3812500000000001
12 0.11093750000000005 0.40625 0.057812500000000044 0.40625 0.05781250000000006 0.48125 0.11093750000000005 0.48125
4 0.6625 0.20468750000000008 0.60625 0.20468750000000008 0.60625 0.2828125000000001 0.6625 0.2828125000000001
3 0.7328125 0.2062500000000001 0.6796875 0.2062500000000001 0.6796875 0.2843750000000001 0.7328125 0.2843750000000001
33 0.3593750000000001 0.496875 0.3046875000000001 0.496875 0.3046875000000001 0.575 0.3593750000000001 0.575
35 0.43125 0.496875 0.3750000000000001 0.496875 0.3750000000000001 0.571875 0.43125 0.571875
18 0.2875000000000001 0.496875 0.23437500000000008 0.496875 0.23437500000000008 0.5734375 0.2875000000000001 0.5734375
57 0.7109375 0.4953125 0.6578125 0.4953125 0.6578125 0.5703125 0.7109375 0.5703125
40 0.2171875000000001 0.4984375 0.16406250000000006 0.4984375 0.16406250000000006 0.5734375 0.2171875000000001 0.5734375
46 0.07656250000000006 0.5 6.123233995736766e-17 0.5 6.592044098535362e-17 0.5765625 0.07656250000000006 0.5765625
13 0.7671875 0.5875000000000001 0.6953125 0.5875 0.6953125 0.6656250000000001 0.7671875 0.6656250000000001
7 0.44375 0.2093750000000001 0.3890625 0.2093750000000001 0.3890625 0.2875000000000001 0.44375 0.2875000000000001
55 0.5703125 0.496875 0.5171875 0.496875 0.5171875 0.571875 0.5703125 0.571875
45 0.9421875 0.3984375000000001 0.8390625 0.3984375000000001 0.8390625 0.4750000000000002 0.9421875 0.4750000000000002
49 0.94375 0.5890625000000002 0.871875 0.5890625000000002 0.871875 0.6640625000000002 0.94375 0.6640625000000002
19 0.678125 0.4015625 0.625 0.4015625 0.625 0.4765625 0.678125 0.4765625
30 1 6.123233995736766e-17 0 0 4.8507494309977197e-17 0.7921875 1 0.7921875000000002
23 0.60625 0.4015625 0.553125 0.4015625 0.553125 0.478125 0.60625 0.478125
8 0.3703125 0.21093750000000006 0.3171875 0.2109375 0.3171875 0.28906250000000006 0.3703125 0.2890625000000001
28 0.3921875000000001 0.4015625 0.3390625000000001 0.4015625 0.3390625000000001 0.478125 0.3921875000000001 0.478125
16 0.6421875 0.4953125 0.5890625 0.4953125 0.5890625 0.56875 0.6421875 0.56875