40 0.671875 0.3828125000000001 0.63125 0.3828125000000001 0.63125 0.4234375 0.671875 0.4234375
38 0.684375 0.2812500000000001 0.64375 0.2812500000000001 0.64375 0.3203125000000001 0.684375 0.3203125000000001
34 0.7234375 0.3828125000000001 0.6828125 0.3828125000000001 0.6828125 0.4234375 0.7234375 0.4234375
39 0.7875 0.2796875000000001 0.7484375 0.2796875000000001 0.7484375 0.3203125000000001 0.7875 0.3203125000000001
43 0.28593750000000007 0.33125 0.2453125 0.33125 0.24531250000000004 0.371875 0.28593750000000007 0.371875
20 0.865625 0.22812500000000008 0.771875 0.22812500000000008 0.771875 0.2687500000000001 0.865625 0.2687500000000001
54 0.7359375 0.2796875000000001 0.6953125 0.2796875000000001 0.6953125 0.3203125000000001 0.7359375 0.3203125000000001
28 0.54375 0.33281250000000007 0.503125 0.33281250000000007 0.503125 0.3734375000000001 0.54375 0.3734375000000001
32 0.21093750000000008 0.3828125 0.16718750000000004 0.3828125 0.16718750000000004 0.425 0.21093750000000008 0.425
44 0.15781250000000005 0.3828125 0.10156250000000004 0.3828125 0.10156250000000004 0.4265625 0.15781250000000005 0.4265625
29 0.5953125 0.3296875000000001 0.5546875 0.3296875000000001 0.5546875 0.3703125000000001 0.5953125 0.3703125000000001
59 0.4796875 0.2812500000000001 0.4390625 0.2812500000000001 0.4390625 0.3218750000000001 0.4796875 0.3218750000000001
24 0.440625 0.33281250000000007 0.4015625 0.33281250000000007 0.4015625 0.3734375000000001 0.440625 0.3734375000000001
56 0.2734375 0.28125 0.2328125 0.28125 0.2328125 0.321875 0.2734375 0.321875
2 0.246875 0.2296875 0.20625 0.2296875 0.20625 0.2703125 0.246875 0.2703125
42 0.378125 0.28125000000000006 0.3375 0.28125 0.3375 0.321875 0.378125 0.3218750000000001
0 0.6609375 0.2296875000000001 0.6171875 0.2296875000000001 0.6171875 0.27031250000000007 0.6609375 0.27031250000000007
19 0.33906250000000004 0.33125 0.2984375 0.33125 0.2984375 0.371875 0.3390625000000001 0.371875
9 0.609375 0.2312500000000001 0.565625 0.2312500000000001 0.565625 0.2718750000000001 0.609375 0.2718750000000001
3 0.3 0.2328125 0.25625 0.2328125 0.25625 0.2734375 0.3 0.2734375
1 0.19531250000000006 0.228125 0.15468750000000003 0.228125 0.15468750000000003 0.26875 0.19531250000000006 0.26875
52 0.17031250000000003 0.2796875 0.10468750000000004 0.2796875 0.10468750000000004 0.3203125 0.17031250000000003 0.3203125
48 0.709375 0.2312500000000001 0.66875 0.2312500000000001 0.66875 0.2718750000000001 0.709375 0.2718750000000001
25 0.4921875 0.3312500000000001 0.4515625 0.3312500000000001 0.4515625 0.37187500000000007 0.4921875 0.37187500000000007
33 0.5703125 0.3828125000000001 0.5265625 0.3828125000000001 0.5265625 0.4234375 0.5703125 0.4234375
53 0.53125 0.2796875000000001 0.4890625 0.2796875000000001 0.4890625 0.3203125000000001 0.53125 0.3203125000000001
46 0.8 0.3828125000000001 0.734375 0.3828125000000001 0.734375 0.42500000000000016 0.8 0.42500000000000016
50 0.765625 0.4328125000000001 0.71875 0.4328125 0.71875 0.4781250000000001 0.765625 0.4781250000000002
22 0.8671875 0.2796875000000001 0.7953125 0.2796875000000001 0.7953125 0.3750000000000001 0.8671875 0.3750000000000001
4 0.3546875 0.2328125 0.3109375 0.2328125 0.3109375 0.2734375 0.3546875 0.2734375
51 0.428125 0.2796875000000001 0.3875 0.2796875000000001 0.3875 0.3203125000000001 0.428125 0.3203125000000001
37 0.6953125 0.3312500000000001 0.6578125 0.3312500000000001 0.6578125 0.37187500000000007 0.6953125 0.37187500000000007
45 0.18437500000000004 0.3328125 0.10312500000000005 0.3328125 0.10312500000000005 0.3734375 0.18437500000000004 0.3734375
23 0.38906250000000003 0.33281250000000007 0.35 0.3328125 0.35000000000000003 0.37343750000000003 0.3890625000000001 0.3734375000000001
26 0.8 0.3312500000000001 0.759375 0.3312500000000001 0.759375 0.3734375000000001 0.8 0.3734375000000001
13 0.2906250000000001 0.434375 0.2312500000000001 0.434375 0.2312500000000001 0.478125 0.2906250000000001 0.478125
41 0.221875 0.28125 0.17968750000000006 0.28125 0.17968750000000006 0.321875 0.221875 0.321875
21 0.325 0.28125 0.284375 0.28125 0.284375 0.321875 0.325 0.321875
14 0.6609375 0.434375 0.6171875 0.434375 0.6171875 0.478125 0.6609375 0.478125
35 0.5203125 0.3828125000000001 0.478125 0.3828125000000001 0.478125 0.4234375 0.5203125 0.4234375
49 0.15781250000000005 0.434375 0.10156250000000004 0.434375 0.10156250000000004 0.478125 0.15781250000000005 0.478125
55 0.415625 0.3828125000000001 0.3750000000000001 0.3828125000000001 0.3750000000000001 0.4234375 0.415625 0.4234375
18 0.621875 0.3828125000000001 0.578125 0.3828125000000001 0.578125 0.425 0.621875 0.425
47 0.6109375 0.434375 0.2968750000000001 0.434375 0.2968750000000001 0.478125 0.6109375 0.478125
27 0.5828125 0.2796875000000001 0.5421875 0.2796875000000001 0.5421875 0.3203125000000001 0.5828125 0.3203125000000001
36 0.634375 0.2796875000000001 0.5921875 0.2796875000000001 0.5921875 0.3203125000000001 0.634375 0.3203125000000001
31 0.6453125 0.3312500000000001 0.6046875 0.3312500000000001 0.6046875 0.37187500000000007 0.6453125 0.37187500000000007
57 0.3140625000000001 0.3828125 0.2718750000000001 0.3828125 0.2718750000000001 0.425 0.3140625000000001 0.425
15 0.4703125 0.3828125000000001 0.4265625 0.3828125000000001 0.4265625 0.4234375 0.4703125 0.4234375
7 0.509375 0.2328125000000001 0.465625 0.2328125000000001 0.465625 0.2734375000000001 0.509375 0.2734375000000001
10 0.23437500000000006 0.33125 0.19375000000000003 0.33125 0.19375000000000003 0.3734375 0.23437500000000008 0.3734375
30 0.9734375 0.20156250000000003 0.07031250000000003 0.2015625 0.07031250000000004 0.5234375000000001 0.9734375 0.5234375000000002
58 0.2609375000000001 0.3828125 0.22031250000000008 0.3828125 0.22031250000000008 0.421875 0.2609375000000001 0.421875
12 0.7484375 0.3296875000000001 0.709375 0.3296875000000001 0.709375 0.37187500000000007 0.7484375 0.37187500000000007
8 0.559375 0.2312500000000001 0.515625 0.2312500000000001 0.515625 0.2718750000000001 0.559375 0.2718750000000001
5 0.4046875 0.23281250000000003 0.3609375 0.2328125 0.3609375 0.27343750000000006 0.4046875 0.2734375000000001
16 0.3656250000000001 0.38281250000000006 0.32500000000000007 0.3828125 0.32500000000000007 0.4234375 0.3656250000000001 0.4234375
6 0.4578125 0.23437500000000008 0.4140625 0.23437500000000008 0.4140625 0.2750000000000001 0.4578125 0.2750000000000001
11 0.7609375 0.2296875000000001 0.7203125 0.2296875000000001 0.7203125 0.27031250000000007 0.7609375 0.27031250000000007