23 0.496875 0.6765625 0.434375 0.6765625 0.434375 0.7140625 0.496875 0.7140625
31 0.496875 0.4046875 0.4375 0.4046875 0.4375 0.44375 0.496875 0.44375
5 0.6390625 0.665625 0.5796875 0.665625 0.5796875 0.70625 0.6390625 0.70625
39 0.5703125 0.2531250000000001 0.5109375 0.2531250000000001 0.5109375 0.2921875000000001 0.5703125 0.2921875000000001
27 0.56875 0.4703125 0.509375 0.4703125 0.509375 0.5109375 0.56875 0.5109375
2 0.6390625000000002 0.8328125 0.5796875000000001 0.8328125 0.5796875000000001 0.8734375 0.6390625000000002 0.8734375
11 0.64375 0.2765625000000001 0.584375 0.2765625000000001 0.584375 0.31718750000000007 0.64375 0.31718750000000007
20 0.64375 0.16562500000000008 0.584375 0.16562500000000008 0.584375 0.26250000000000007 0.64375 0.26250000000000007
22 0.56875 0.16875000000000007 0.434375 0.16875000000000004 0.434375 0.2375000000000001 0.56875 0.2375000000000001
40 0.4265625 0.3750000000000001 0.3656250000000001 0.3750000000000001 0.3656250000000001 0.415625 0.4265625 0.415625
37 0.496875 0.3500000000000001 0.4375 0.3500000000000001 0.4375 0.38750000000000007 0.496875 0.38750000000000007
42 0.5671875000000001 0.690625 0.5078125 0.690625 0.5078125000000001 0.73125 0.5671875000000002 0.73125
47 0.3515625000000001 0.440625 0.2890625000000001 0.440625 0.2890625000000001 0.771875 0.3515625000000001 0.771875
34 0.4265625 0.3218750000000001 0.3671875 0.3218750000000001 0.3671875 0.3609375000000001 0.4265625 0.3609375000000001
13 0.3468750000000001 0.784375 0.2906250000000001 0.784375 0.2906250000000001 0.8359375 0.3468750000000001 0.8359375
17 0.6390625000000002 0.946875 0.5796875000000001 0.946875 0.5796875000000001 0.984375 0.6390625000000002 0.984375
19 0.4968750000000002 0.7328125 0.4343750000000002 0.7328125 0.4343750000000002 0.7703125 0.4968750000000002 0.7703125
50 0.3546875 0.17031250000000003 0.2953125 0.17031250000000003 0.2953125 0.225 0.3546875 0.225
30 0.76875 6.257179739393508e-17 0.253125 3.099887210341738e-17 0.25312500000000004 0.9921875 0.7687500000000002 0.9921875
46 0.428125 0.17031250000000003 0.3640625 0.17031250000000003 0.3640625 0.3109375000000001 0.428125 0.3109375000000001
33 0.4265625 0.48125 0.36406250000000007 0.48125 0.36406250000000007 0.5265625 0.4265625 0.5265625
51 0.56875 0.634375 0.509375 0.634375 0.509375 0.675 0.56875 0.675
48 0.64375 0.3343750000000001 0.58125 0.3343750000000001 0.58125 0.3750000000000001 0.64375 0.3750000000000001
15 0.4265625 0.5921875 0.36406250000000007 0.5921875 0.36406250000000007 0.6328125 0.4265625 0.6328125
21 0.5656250000000002 0.7453125 0.5062500000000002 0.7453125 0.5062500000000002 0.7859375 0.5656250000000002 0.7859375
55 0.4265625 0.646875 0.36406250000000007 0.646875 0.36406250000000007 0.6875 0.4265625 0.6875
29 0.49375 0.4546875 0.4328125 0.4546875 0.4328125 0.4953125 0.49375 0.4953125
3 0.6375000000000002 0.778125 0.5812500000000002 0.778125 0.5812500000000002 0.81875 0.6375000000000002 0.81875
25 0.4921875 0.5625 0.4296875 0.5625 0.4296875 0.6046875 0.4921875 0.6046875
58 0.4234375000000002 0.8125 0.36406250000000007 0.8125 0.36406250000000007 0.853125 0.4234375000000002 0.853125
7 0.6375 0.553125 0.58125 0.553125 0.58125 0.59375 0.6375 0.59375
0 0.640625 0.38750000000000007 0.5796875 0.38750000000000007 0.5796875 0.428125 0.640625 0.428125
26 0.496875 0.24218750000000008 0.4375 0.24218750000000008 0.4375 0.2796875000000001 0.496875 0.2796875000000001
36 0.56875 0.415625 0.509375 0.415625 0.509375 0.4578125 0.56875 0.4578125
14 0.35625000000000007 0.3734375 0.2921875000000001 0.3734375 0.2921875000000001 0.43125 0.35625000000000007 0.43125
57 0.42500000000000016 0.75625 0.3625000000000001 0.75625 0.3625000000000001 0.796875 0.42500000000000016 0.796875
56 0.5687500000000002 0.803125 0.5078125000000002 0.803125 0.5078125000000002 0.8421875 0.5687500000000002 0.8421875
28 0.496875 0.5125 0.4375 0.5125 0.4375 0.5515625 0.496875 0.5515625
12 0.4984375 0.29375000000000007 0.4390625 0.29375000000000007 0.4390625 0.3343750000000001 0.4984375 0.3343750000000001
44 0.4203125000000002 0.921875 0.3609375000000001 0.921875 0.3609375000000001 0.975 0.4203125000000002 0.975
53 0.5640625 0.525 0.5078125 0.525 0.5078125 0.565625 0.5640625 0.565625
35 0.4265625 0.534375 0.36406250000000007 0.534375 0.36406250000000007 0.58125 0.4265625 0.58125
43 0.49531250000000016 0.7875 0.4343750000000002 0.7875 0.4343750000000002 0.825 0.49531250000000016 0.825
41 0.5656250000000002 0.85625 0.5062500000000002 0.85625 0.5062500000000002 0.896875 0.5656250000000002 0.896875
6 0.6390625 0.6078125 0.5796875 0.6078125 0.5796875 0.6484375 0.6390625 0.6484375
24 0.496875 0.621875 0.4375 0.621875 0.4375 0.6625 0.496875 0.6625
32 0.42500000000000016 0.8671875 0.3625000000000001 0.8671875 0.3625000000000001 0.9078125 0.42500000000000016 0.9078125
16 0.4250000000000001 0.7015625 0.3625000000000001 0.7015625 0.3625000000000001 0.7421875 0.42500000000000016 0.7421875
38 0.5703125 0.36406250000000007 0.5109375 0.36406250000000007 0.5109375 0.4015625 0.5703125 0.4015625
1 0.6375000000000002 0.8890625 0.5812500000000002 0.8890625 0.5812500000000002 0.93125 0.6375000000000002 0.93125
45 0.4906250000000002 0.8953125 0.4312500000000002 0.8953125 0.4312500000000002 0.9765625 0.4906250000000002 0.9765625
59 0.56875 0.58125 0.509375 0.58125 0.509375 0.621875 0.56875 0.621875
9 0.640625 0.4453125 0.5796875 0.4453125 0.5796875 0.4859375 0.640625 0.4859375
4 0.6359375 0.721875 0.58125 0.721875 0.58125 0.7625 0.6359375000000002 0.7625
10 0.49531250000000016 0.84375 0.4343750000000002 0.84375 0.4343750000000002 0.88125 0.49531250000000016 0.88125
52 0.5671875000000002 0.9140625 0.5062500000000002 0.9140625 0.5062500000000002 0.9796875 0.5671875000000002 0.9796875
18 0.4265625 0.4296875 0.36406250000000007 0.4296875 0.36406250000000007 0.4703125 0.4265625 0.4703125
8 0.640625 0.4984375 0.5796875 0.4984375 0.5796875 0.5390625 0.640625 0.5390625
49 0.34843750000000007 0.91875 0.2875000000000001 0.91875 0.2875000000000001 0.971875 0.34843750000000007 0.971875
54 0.56875 0.3078125000000001 0.509375 0.3078125000000001 0.509375 0.3468750000000001 0.56875 0.3468750000000001