49 0.05625000000000008 0.584375 0.003125000000000072 0.584375 0.003125000000000077 0.665625 0.05625000000000009 0.665625
16 0.2062500000000001 0.496875 0.17500000000000004 0.496875 0.17500000000000007 0.56875 0.2062500000000001 0.56875
31 0.4234375 0.4078125 0.3921875000000001 0.4078125 0.3921875000000001 0.48125 0.4234375 0.48125
14 0.4359375 0.571875 0.3890625000000001 0.571875 0.3890625000000001 0.6546875 0.4359375 0.6546875
56 0.13750000000000004 0.3359375 0.10937500000000004 0.3359375 0.10937500000000004 0.4046875 0.13750000000000004 0.4046875
28 0.3437500000000001 0.409375 0.3140625000000001 0.409375 0.3140625000000001 0.48125 0.3437500000000001 0.48125
18 0.40625 0.490625 0.37187500000000007 0.490625 0.37187500000000007 0.5671875 0.40625 0.5671875
2 0.11718750000000004 0.253125 0.09062500000000002 0.253125 0.09062500000000004 0.321875 0.11718750000000004 0.321875
35 0.3281250000000001 0.4921875 0.2921875000000001 0.4921875 0.2921875000000001 0.5703125 0.3281250000000001 0.5703125
1 0.07812500000000003 0.2546875 0.05312500000000002 0.2546875 0.05312500000000003 0.3203125 0.07812500000000004 0.3203125
17 0.040625000000000036 0.259375 0.015625000000000035 0.259375 0.015625000000000035 0.3171875 0.040625000000000036 0.3171875
54 0.4953125 0.3218750000000001 0.4609375 0.3218750000000001 0.4609375 0.3921875000000001 0.4953125 0.3921875000000001
27 0.37500000000000006 0.32812500000000006 0.3453125 0.328125 0.3453125 0.39843750000000006 0.3750000000000001 0.3984375000000001
52 0.06093750000000005 0.3375 0.014062500000000039 0.3375 0.014062500000000044 0.4125 0.06093750000000005 0.4125
12 0.5046875 0.4046875 0.4703125 0.4046875 0.4703125 0.4796875 0.5046875 0.4796875
13 0.15625000000000008 0.58125 0.1140625000000001 0.58125 0.1140625000000001 0.6609375 0.15625000000000008 0.6609375
33 0.3687500000000001 0.490625 0.3312500000000001 0.490625 0.3312500000000001 0.56875 0.3687500000000001 0.56875
23 0.2234375000000001 0.4140625 0.19687500000000005 0.4140625 0.19687500000000005 0.4859375 0.2234375000000001 0.4859375
34 0.484375 0.4890625 0.45 0.4890625 0.45 0.5609375 0.484375 0.5609375
51 0.259375 0.3359375 0.2296875 0.3359375 0.22968750000000004 0.4078125 0.2593750000000001 0.4078125
47 0.3812500000000001 0.5765625 0.1625000000000001 0.5765625 0.1625000000000001 0.6609375 0.3812500000000001 0.6609375
58 0.12500000000000006 0.503125 0.09687500000000007 0.503125 0.09687500000000007 0.571875 0.12500000000000008 0.571875
25 0.30937500000000007 0.4109375 0.2750000000000001 0.4109375 0.2750000000000001 0.484375 0.30937500000000007 0.484375
30 0.91875 0.03593750000000005 4.401074434435801e-18 0.0359375 5.4152350649797015e-17 0.8484375 0.91875 0.8484375
37 0.4640625 0.40625 0.43125 0.40625 0.43125 0.4796875 0.4640625 0.4796875
3 0.16093750000000004 0.2515625 0.13125000000000003 0.2515625 0.13125000000000003 0.325 0.16093750000000004 0.325
57 0.16562500000000008 0.5 0.13437500000000005 0.5 0.13437500000000008 0.571875 0.16562500000000008 0.571875
29 0.3859375000000001 0.4078125 0.3531250000000001 0.4078125 0.3531250000000001 0.4828125 0.3859375000000001 0.4828125
24 0.2687500000000001 0.4125 0.2375000000000001 0.4125 0.2375000000000001 0.4828125 0.2687500000000001 0.4828125
38 0.4546875 0.3234375000000001 0.421875 0.3234375000000001 0.421875 0.3937500000000001 0.4546875 0.3937500000000001
7 0.3140625 0.2421875 0.284375 0.2421875 0.284375 0.315625 0.3140625 0.315625
10 0.10937500000000004 0.41875 0.07968750000000005 0.41875 0.07968750000000005 0.490625 0.10937500000000004 0.490625
26 0.54375 0.403125 0.5078125 0.403125 0.5078125 0.478125 0.54375 0.478125
9 0.3984375 0.24218750000000006 0.3609375 0.2421875 0.3609375 0.31875000000000003 0.3984375 0.3187500000000001
59 0.29687500000000006 0.3296875 0.2671875 0.3296875 0.2671875 0.4015625 0.2968750000000001 0.4015625
46 0.590625 0.484375 0.4890625 0.484375 0.4890625 0.5609375 0.590625 0.5609375
4 0.2 0.253125 0.17031250000000003 0.253125 0.17031250000000003 0.3265625 0.2 0.3265625
40 0.4453125 0.4890625 0.4109375 0.4890625 0.4109375 0.5625 0.4453125 0.5625
21 0.17656250000000004 0.334375 0.14843750000000006 0.334375 0.14843750000000006 0.4046875 0.17656250000000004 0.4046875
43 0.14843750000000006 0.41875 0.11562500000000005 0.41875 0.11562500000000005 0.4859375 0.14843750000000006 0.4859375
42 0.22031250000000005 0.3375 0.19062500000000004 0.3375 0.19062500000000004 0.409375 0.22031250000000008 0.409375
39 0.53125 0.3203125000000001 0.4984375 0.3203125000000001 0.4984375 0.39531250000000007 0.53125 0.39531250000000007
0 0.4328125 0.2375000000000001 0.403125 0.2375000000000001 0.403125 0.3140625000000001 0.4328125 0.3140625000000001
50 0.59375 0.5671875 0.534375 0.5671875 0.534375 0.6453125 0.59375 0.6453125
15 0.2921875000000001 0.4953125 0.2515625000000001 0.4953125 0.2515625000000001 0.56875 0.2921875000000001 0.56875
20 0.5890625 0.2375000000000001 0.5171875 0.2375000000000001 0.5171875 0.3078125000000001 0.5890625 0.3078125000000001
55 0.2515625000000001 0.4953125 0.2140625000000001 0.4953125 0.2140625000000001 0.5703125 0.2515625000000001 0.5703125
45 0.07343750000000006 0.425 0.01250000000000005 0.425 0.012500000000000056 0.49375 0.07343750000000007 0.49375
6 0.2765625 0.2453125 0.246875 0.2453125 0.246875 0.31875 0.2765625 0.31875
36 0.4140625 0.3265625000000001 0.38125 0.3265625000000001 0.38125000000000003 0.3984375000000001 0.4140625 0.3984375000000001
48 0.475 0.2375000000000001 0.4390625 0.2375000000000001 0.4390625 0.31718750000000007 0.475 0.31718750000000007
11 0.5140625 0.23593750000000008 0.4796875 0.23593750000000008 0.4796875 0.3156250000000001 0.5140625 0.3156250000000001
19 0.18750000000000006 0.4140625 0.15937500000000004 0.4140625 0.15937500000000004 0.4875 0.18750000000000006 0.4875
53 0.33593750000000006 0.328125 0.3046875 0.328125 0.30468750000000006 0.3984375 0.3359375000000001 0.3984375
5 0.2375 0.2515625 0.2078125 0.2515625 0.2078125 0.325 0.2375 0.325
32 0.08750000000000006 0.503125 0.056250000000000064 0.503125 0.056250000000000064 0.5671875 0.08750000000000006 0.5671875
44 0.048437500000000064 0.5078125 0.00937500000000006 0.5078125 0.009375000000000066 0.5765625 0.048437500000000064 0.5765625
8 0.353125 0.240625 0.3234375 0.240625 0.3234375 0.315625 0.353125 0.315625
22 0.5875 0.3156250000000001 0.5375 0.3156250000000001 0.5375 0.478125 0.5875 0.478125
41 0.10156250000000004 0.3390625 0.07187500000000005 0.3390625 0.07187500000000005 0.4078125 0.10156250000000004 0.4078125