43 0.16562500000000008 0.7703125 0.12656250000000008 0.7703125 0.12656250000000008 0.83125 0.16562500000000008 0.83125
7 0.3546875000000001 0.6296875 0.3140625000000001 0.6296875 0.3140625000000001 0.6921875 0.3546875000000001 0.6921875
36 0.46562500000000007 0.7015625 0.425 0.7015625 0.4250000000000001 0.7640625 0.4656250000000002 0.7640625
47 0.44531250000000017 0.909375 0.16875000000000012 0.909375 0.16875000000000012 0.9734375 0.44531250000000017 0.9734375
45 0.0765625000000001 0.76875 0.004687500000000094 0.76875 0.004687500000000098 0.83125 0.07656250000000012 0.83125
51 0.2875000000000001 0.6984375 0.2484375000000001 0.6984375 0.2484375000000001 0.7609375 0.2875000000000001 0.7609375
35 0.3656250000000001 0.8390625 0.32500000000000007 0.8390625 0.32500000000000007 0.903125 0.3656250000000001 0.903125
18 0.45312500000000017 0.840625 0.41406250000000017 0.840625 0.41406250000000017 0.9015625 0.45312500000000017 0.9015625
46 0.6640625000000002 0.840625 0.5468750000000002 0.840625 0.5468750000000002 0.9046875 0.6640625000000002 0.9046875
24 0.2968750000000001 0.7703125 0.2593750000000001 0.7703125 0.2593750000000001 0.83125 0.2968750000000001 0.83125
38 0.5078125000000001 0.7015625 0.4703125 0.7015625 0.4703125000000001 0.7640625 0.5078125000000002 0.7640625
56 0.1546875000000001 0.6984375 0.1140625000000001 0.6984375 0.1140625000000001 0.7625 0.1546875000000001 0.7625
0 0.4875 0.63125 0.4484375 0.63125 0.4484375 0.6953125 0.4875 0.6953125
59 0.33281250000000007 0.7 0.2921875000000001 0.7 0.2921875000000001 0.7609375 0.33281250000000007 0.7609375
19 0.2093750000000001 0.7703125 0.1687500000000001 0.7703125 0.1687500000000001 0.83125 0.2093750000000001 0.83125
37 0.5203125000000002 0.771875 0.4812500000000002 0.771875 0.4812500000000002 0.8328125 0.5203125000000002 0.8328125
5 0.2656250000000001 0.6296875 0.2250000000000001 0.6296875 0.2250000000000001 0.6921875 0.2656250000000001 0.6921875
50 0.6656250000000001 0.9109375 0.6125000000000002 0.9109375 0.6125000000000002 0.975 0.6656250000000001 0.975
33 0.40937500000000016 0.8390625 0.3687500000000001 0.8390625 0.3687500000000001 0.903125 0.40937500000000016 0.903125
15 0.3203125000000001 0.8390625 0.2796875000000001 0.8390625 0.2796875000000001 0.9 0.3203125000000001 0.9
16 0.2312500000000001 0.8390625 0.1921875000000001 0.8390625 0.1921875000000001 0.9 0.2312500000000001 0.9
34 0.5421875000000002 0.8421875 0.5015625000000001 0.8421875 0.5015625000000001 0.903125 0.5421875000000002 0.903125
13 0.16562500000000013 0.9078125 0.11250000000000013 0.9078125 0.11250000000000013 0.9703125 0.16562500000000013 0.9703125
12 0.5640625000000001 0.771875 0.5265625000000002 0.771875 0.5265625000000002 0.834375 0.5640625000000001 0.834375
27 0.4203125000000001 0.7 0.3812500000000001 0.7 0.3812500000000001 0.7625 0.4203125000000002 0.7625
4 0.2218750000000001 0.63125 0.1828125000000001 0.63125 0.1828125000000001 0.6921875 0.2218750000000001 0.6921875
26 0.6078125000000002 0.771875 0.5687500000000002 0.771875 0.5687500000000002 0.8359375 0.6078125000000002 0.8359375
54 0.5531250000000001 0.7015625 0.5140625 0.7015625 0.5140625000000001 0.7640625 0.5531250000000002 0.7640625
57 0.1859375000000001 0.8390625 0.14843750000000008 0.8390625 0.14843750000000008 0.9 0.1859375000000001 0.9
21 0.1984375000000001 0.6984375 0.1593750000000001 0.6984375 0.1593750000000001 0.7609375 0.1984375000000001 0.7609375
29 0.4312500000000002 0.771875 0.3921875000000001 0.771875 0.3921875000000001 0.8328125 0.4312500000000002 0.8328125
41 0.11093750000000009 0.6984375 0.06875000000000009 0.6984375 0.06875000000000009 0.7625 0.11093750000000009 0.7625
25 0.3421875000000001 0.7703125 0.3031250000000001 0.7703125 0.3031250000000001 0.83125 0.3421875000000001 0.83125
58 0.1437500000000001 0.8390625 0.10312500000000009 0.8390625 0.10312500000000009 0.9 0.1437500000000001 0.9
3 0.1765625000000001 0.6296875 0.1359375000000001 0.6296875 0.1359375000000001 0.6921875 0.1765625000000001 0.6921875
32 0.09687500000000011 0.8359375 0.057812500000000114 0.8359375 0.057812500000000114 0.9 0.09687500000000011 0.9
40 0.4968750000000002 0.8421875 0.4593750000000002 0.8421875 0.4593750000000002 0.903125 0.4968750000000002 0.903125
52 0.06406250000000009 0.6984375 0.004687500000000086 0.6984375 0.004687500000000089 0.7609375 0.06406250000000009 0.7609375
14 0.4984375000000002 0.909375 0.4468750000000002 0.909375 0.4468750000000002 0.9734375 0.4984375000000002 0.9734375
1 0.08750000000000008 0.6296875 0.046875000000000076 0.6296875 0.04687500000000008 0.690625 0.08750000000000009 0.690625
30 0.996875 0.5328125000000001 0.0015625000000000651 0.5328125 0.0015625000000000933 0.990625 0.996875 0.990625
23 0.2531250000000001 0.76875 0.2140625000000001 0.76875 0.2140625000000001 0.8296875 0.2531250000000001 0.8296875
11 0.5765625 0.63125 0.5375 0.63125 0.5375 0.6953125 0.5765625 0.6953125
17 0.042187500000000086 0.628125 0.004687500000000076 0.628125 0.0046875000000000805 0.690625 0.042187500000000086 0.690625
6 0.3109375000000001 0.6296875 0.27031250000000007 0.6296875 0.27031250000000007 0.6921875 0.3109375000000001 0.6921875
53 0.3765625000000001 0.7 0.3375000000000001 0.7 0.3375000000000001 0.7625 0.3765625000000001 0.7625
20 0.6640625 0.6328125 0.58125 0.6328125 0.58125 0.6953125 0.6640625 0.6953125
49 0.05468750000000011 0.90625 0.003125000000000111 0.90625 0.003125000000000115 0.9703125 0.05468750000000011 0.9703125
39 0.596875 0.7015625 0.559375 0.7015625 0.5593750000000001 0.7640625 0.5968750000000002 0.7640625
44 0.05468750000000011 0.8375 0.0031250000000001025 0.8375 0.003125000000000106 0.9 0.05468750000000011 0.9
28 0.38750000000000007 0.7703125 0.34843750000000007 0.7703125 0.34843750000000007 0.83125 0.38750000000000007 0.83125
2 0.1312500000000001 0.6296875 0.09218750000000006 0.6296875 0.09218750000000007 0.6921875 0.1312500000000001 0.6921875
55 0.2765625000000001 0.8390625 0.2375000000000001 0.8390625 0.2375000000000001 0.9 0.2765625000000001 0.9
22 0.6640625000000001 0.7046875 0.6046875 0.7046875 0.6046875 0.8359375 0.6640625000000002 0.8359375
9 0.44375 0.63125 0.403125 0.63125 0.403125 0.69375 0.44375 0.69375
10 0.12031250000000009 0.76875 0.08125000000000009 0.76875 0.0812500000000001 0.83125 0.12031250000000009 0.83125
31 0.4750000000000002 0.771875 0.4359375000000002 0.771875 0.4359375000000002 0.8328125 0.4750000000000002 0.8328125
42 0.24375000000000008 0.7 0.20312500000000008 0.7 0.20312500000000008 0.7609375 0.24375000000000008 0.7609375
8 0.3984375000000001 0.63125 0.3593750000000001 0.63125 0.3593750000000001 0.69375 0.3984375000000001 0.69375
48 0.53125 0.63125 0.4921875 0.63125 0.4921875 0.6953125 0.53125 0.6953125