15 0.3468750000000001 0.7234375 0.3156250000000001 0.7234375 0.3156250000000001 0.76875 0.3468750000000001 0.76875
41 0.1593750000000001 0.615625 0.12500000000000008 0.615625 0.12500000000000008 0.6609375 0.1593750000000001 0.6609375
30 0.9546875 0.4296875000000001 0.04062500000000006 0.4296875 0.040625000000000085 0.9 0.9546875 0.9
17 0.10000000000000009 0.5640625 0.07031250000000007 0.5640625 0.07031250000000007 0.60625 0.10000000000000009 0.60625
0 0.4953125 0.5625 0.465625 0.5625 0.465625 0.60625 0.4953125 0.60625
11 0.5703125 0.565625 0.5421875 0.565625 0.5421875 0.6078125 0.5703125 0.6078125
38 0.515625 0.6171875 0.4859375 0.6171875 0.4859375 0.659375 0.515625 0.659375
54 0.5515625 0.615625 0.5234375 0.615625 0.5234375 0.6609375 0.5515625 0.6609375
23 0.2890625000000001 0.66875 0.2578125000000001 0.66875 0.2578125000000001 0.7140625 0.2890625000000001 0.7140625
45 0.12500000000000008 0.6703125 0.06093750000000009 0.6703125 0.06093750000000009 0.7171875 0.12500000000000008 0.7171875
36 0.4765625 0.615625 0.446875 0.615625 0.446875 0.6578125 0.4765625 0.6578125
26 0.6 0.66875 0.5703125 0.66875 0.5703125 0.7109375 0.6 0.7109375
32 0.14218750000000008 0.725 0.10937500000000008 0.725 0.10937500000000008 0.771875 0.14218750000000008 0.771875
25 0.3687500000000001 0.66875 0.3375000000000001 0.66875 0.3375000000000001 0.7140625 0.3687500000000001 0.7140625
27 0.4375 0.6171875 0.4078125 0.6171875 0.4078125 0.6578125 0.4375 0.6578125
28 0.4078125 0.66875 0.3781250000000001 0.66875 0.3781250000000001 0.7125 0.4078125 0.7125
53 0.4 0.615625 0.3687500000000001 0.615625 0.3687500000000001 0.659375 0.4 0.659375
9 0.4578125 0.5640625 0.428125 0.5640625 0.428125 0.60625 0.4578125 0.60625
39 0.590625 0.6171875 0.5609375 0.6171875 0.5609375 0.659375 0.590625 0.659375
8 0.41875 0.565625 0.3890625000000001 0.565625 0.3890625000000001 0.6078125 0.41875 0.6078125
12 0.5640625 0.6671875 0.534375 0.6671875 0.534375 0.7125 0.5640625 0.7125
3 0.2218750000000001 0.5625 0.1906250000000001 0.5625 0.1906250000000001 0.6078125 0.2218750000000001 0.6078125
20 0.6453125 0.5640625 0.5796875 0.5640625 0.5796875 0.609375 0.6453125 0.609375
22 0.6484375 0.615625 0.5984375 0.615625 0.5984375 0.7140625 0.6484375 0.7140625
24 0.3296875000000001 0.66875 0.2984375000000001 0.66875 0.2984375000000001 0.7125 0.3296875000000001 0.7125
58 0.1828125000000001 0.725 0.15000000000000008 0.725 0.15000000000000008 0.771875 0.1828125000000001 0.771875
35 0.38750000000000007 0.7234375 0.35625000000000007 0.7234375 0.35625000000000007 0.7671875 0.38750000000000007 0.7671875
33 0.4281250000000001 0.7234375 0.39531250000000007 0.7234375 0.39531250000000007 0.76875 0.4281250000000002 0.76875
37 0.525 0.6671875 0.4953125 0.6671875 0.4953125 0.7125 0.525 0.7125
44 0.10312500000000009 0.725 0.05625000000000009 0.725 0.05625000000000009 0.771875 0.10312500000000009 0.771875
2 0.18125000000000008 0.5640625 0.15000000000000008 0.5640625 0.15000000000000008 0.60625 0.18125000000000008 0.60625
51 0.3203125000000001 0.615625 0.2906250000000001 0.615625 0.2906250000000001 0.659375 0.3203125000000001 0.659375
14 0.5156250000000002 0.7765625 0.4750000000000002 0.7765625 0.4750000000000002 0.825 0.5156250000000002 0.825
5 0.3031250000000001 0.5625 0.27031250000000007 0.5625 0.27031250000000007 0.6078125 0.3031250000000001 0.6078125
13 0.20312500000000008 0.7796875 0.15625000000000008 0.7796875 0.15625000000000008 0.828125 0.20312500000000008 0.828125
59 0.3593750000000001 0.615625 0.3296875000000001 0.615625 0.3296875000000001 0.6578125 0.3593750000000001 0.6578125
19 0.2484375000000001 0.66875 0.2156250000000001 0.66875 0.2156250000000001 0.7140625 0.2484375000000001 0.7140625
50 0.6546875000000002 0.7765625 0.6015625000000002 0.7765625 0.6015625000000002 0.825 0.6546875000000002 0.825
40 0.5046875000000001 0.721875 0.475 0.721875 0.4750000000000001 0.7671875 0.5046875000000002 0.7671875
34 0.5437500000000001 0.7234375 0.5140625 0.7234375 0.5140625000000001 0.765625 0.5437500000000002 0.765625
42 0.2796875000000001 0.615625 0.2484375000000001 0.615625 0.2484375000000001 0.6609375 0.2796875000000001 0.6609375
46 0.6500000000000001 0.721875 0.553125 0.721875 0.5531250000000001 0.7671875 0.6500000000000001 0.7671875
49 0.10937500000000008 0.7796875 0.050000000000000086 0.7796875 0.0500000000000001 0.8296875 0.10937500000000008 0.8296875
16 0.2671875000000001 0.7234375 0.2328125000000001 0.7234375 0.2328125000000001 0.76875 0.2671875000000001 0.76875
10 0.1671875000000001 0.6703125 0.13437500000000008 0.6703125 0.13437500000000008 0.715625 0.1671875000000001 0.715625
4 0.26250000000000007 0.5640625 0.2312500000000001 0.5640625 0.2312500000000001 0.60625 0.26250000000000007 0.60625
18 0.4640625000000001 0.721875 0.434375 0.721875 0.43437500000000007 0.7671875 0.46406250000000016 0.7671875
43 0.2078125000000001 0.6703125 0.1750000000000001 0.6703125 0.1750000000000001 0.715625 0.2078125000000001 0.715625
31 0.4859375 0.66875 0.45625 0.66875 0.45625 0.7125 0.4859375 0.7125
1 0.1390625000000001 0.5640625 0.10937500000000008 0.5640625 0.10937500000000008 0.6078125 0.1390625000000001 0.6078125
6 0.3421875000000001 0.5640625 0.3109375000000001 0.5640625 0.3109375000000001 0.60625 0.3421875000000001 0.60625
29 0.446875 0.66875 0.4171875 0.66875 0.4171875 0.7125 0.446875 0.7125
47 0.46875000000000017 0.778125 0.2078125000000001 0.778125 0.2078125000000001 0.828125 0.46875000000000017 0.828125
55 0.3062500000000001 0.7234375 0.2750000000000001 0.7234375 0.2750000000000001 0.76875 0.3062500000000001 0.76875
7 0.37968750000000007 0.565625 0.3500000000000001 0.565625 0.3500000000000001 0.60625 0.37968750000000007 0.60625
48 0.5328125 0.565625 0.5046875 0.565625 0.5046875 0.6078125 0.5328125 0.6078125
56 0.2000000000000001 0.615625 0.1671875000000001 0.615625 0.1671875000000001 0.6625 0.2000000000000001 0.6625
52 0.11875000000000009 0.615625 0.06562500000000007 0.615625 0.06562500000000007 0.6625 0.11875000000000009 0.6625
57 0.2250000000000001 0.725 0.1921875000000001 0.725 0.1921875000000001 0.771875 0.2250000000000001 0.771875
21 0.2406250000000001 0.615625 0.2078125000000001 0.615625 0.2078125000000001 0.6609375 0.2406250000000001 0.6609375