19 0.490625 0.18437500000000004 0.4609375 0.18437500000000004 0.4609375 0.2234375000000001 0.490625 0.2234375000000001
43 0.490625 0.13281250000000006 0.4609375 0.13281250000000006 0.4609375 0.17031250000000003 0.490625 0.17031250000000003
18 0.525 0.478125 0.4953125 0.478125 0.4953125 0.5203125 0.525 0.5203125
57 0.528125 0.15156250000000004 0.5 0.15156250000000004 0.5 0.19218750000000004 0.528125 0.19218750000000004
34 0.5265625 0.5828125 0.4953125 0.5828125 0.4953125 0.6265625 0.5265625 0.6265625
6 0.4125 0.3078125000000001 0.384375 0.3078125000000001 0.384375 0.3468750000000001 0.4125 0.3468750000000001
23 0.4890625 0.2390625000000001 0.459375 0.2390625000000001 0.459375 0.27812500000000007 0.4890625 0.27812500000000007
25 0.4890625 0.3437500000000001 0.459375 0.3437500000000001 0.459375 0.3843750000000001 0.4890625 0.3843750000000001
50 0.565625 0.709375 0.534375 0.709375 0.534375 0.784375 0.5656250000000002 0.784375
24 0.4890625 0.2906250000000001 0.459375 0.2906250000000001 0.459375 0.3296875000000001 0.4890625 0.3296875000000001
26 0.4875 0.6625 0.45625 0.6625 0.45625 0.7046875 0.4875 0.7046875
13 0.5703125 0.10625000000000007 0.5390625 0.10625000000000004 0.5390625 0.16250000000000006 0.5703125 0.1625000000000001
12 0.4859375 0.609375 0.45625 0.609375 0.45625 0.653125 0.4859375 0.653125
21 0.4515625 0.17500000000000004 0.4234375 0.17500000000000004 0.4234375 0.21250000000000008 0.4515625 0.21250000000000008
45 0.4921875 5.855342508423283e-17 0.4640625 5.683126552293186e-17 0.4640625 0.06406250000000006 0.4921875 0.06406250000000006
53 0.4484375 0.3859375000000001 0.4203125 0.3859375000000001 0.4203125 0.4265625 0.4484375 0.4265625
2 0.415625 0.09843750000000004 0.3859375 0.09843750000000004 0.3859375 0.13593750000000004 0.415625 0.13593750000000004
5 0.4125 0.25468750000000007 0.384375 0.25468750000000007 0.384375 0.29375000000000007 0.4125 0.29375000000000007
11 0.4078125 0.6203125 0.37968750000000007 0.6203125 0.37968750000000007 0.659375 0.4078125 0.659375
39 0.4484375 0.6484375 0.4171875 0.6484375 0.4171875 0.6890625 0.4484375 0.6890625
16 0.528125 0.2062500000000001 0.4984375 0.2062500000000001 0.4984375 0.2468750000000001 0.528125 0.2468750000000001
40 0.525 0.53125 0.496875 0.53125 0.496875 0.571875 0.525 0.571875
47 0.575 0.17500000000000007 0.5375 0.17500000000000004 0.5375 0.521875 0.575 0.521875
9 0.4125 0.4625 0.3812500000000001 0.4625 0.3812500000000001 0.503125 0.4125 0.503125
44 0.5296875 6.31458505810354e-17 0.5015625 6.142369101973443e-17 0.5015625 0.03125000000000007 0.5296875 0.03125000000000007
8 0.4125 0.4109375 0.3812500000000001 0.4109375 0.3812500000000001 0.4515625 0.4125 0.4515625
52 0.453125 5.376964852506348e-17 0.425 5.204748896376251e-17 0.425 0.05468750000000004 0.453125 0.05468750000000004
14 0.565625 0.5296875 0.534375 0.5296875 0.534375 0.5890625 0.565625 0.5890625
54 0.4484375 0.5953125 0.41875 0.5953125 0.41875 0.6359375 0.4484375 0.6359375
41 0.453125 0.06718750000000004 0.425 0.06718750000000004 0.425 0.10781250000000005 0.453125 0.10781250000000005
10 0.4921875 0.07812500000000007 0.4609375 0.07812500000000007 0.4609375 0.11875000000000005 0.4921875 0.11875000000000005
37 0.4859375 0.55625 0.45625 0.55625 0.45625 0.5984375 0.4859375 0.5984375
58 0.5296875 0.09843750000000007 0.5015625 0.09843750000000007 0.5015625 0.13750000000000004 0.5296875 0.13750000000000004
22 0.4859375000000001 0.7015625 0.4171875 0.7015625 0.4171875000000001 0.7734375 0.4859375000000002 0.7734375
42 0.45 0.22812500000000008 0.421875 0.22812500000000008 0.421875 0.2656250000000001 0.45 0.2656250000000001
32 0.5296875 0.04375000000000007 0.5 0.04375000000000007 0.5 0.08593750000000007 0.5296875 0.08593750000000007
36 0.4484375 0.4890625 0.4203125 0.4890625 0.4203125 0.5296875 0.4484375 0.5296875
56 0.4515625 0.12187500000000004 0.4234375 0.12187500000000004 0.4234375 0.16093750000000004 0.4515625 0.16093750000000004
28 0.4890625 0.3984375000000001 0.459375 0.3984375000000001 0.459375 0.4375 0.4890625 0.4375
49 0.571875 6.812097820257152e-17 0.540625 6.620746757890377e-17 0.540625 0.03906250000000007 0.571875 0.03906250000000007
20 0.4093750000000001 0.675 0.37968750000000007 0.675 0.37968750000000007 0.765625 0.40937500000000016 0.765625
59 0.45 0.3343750000000001 0.421875 0.3343750000000001 0.421875 0.37187500000000007 0.45 0.37187500000000007
3 0.415625 0.15000000000000005 0.3859375 0.15000000000000005 0.3859375 0.18750000000000006 0.415625 0.18750000000000006
46 0.5250000000000001 0.640625 0.49375 0.640625 0.4937500000000001 0.778125 0.5250000000000001 0.778125
15 0.528125 0.3156250000000001 0.4984375 0.3156250000000001 0.4984375 0.35625000000000007 0.528125 0.35625000000000007
30 0.6343750000000001 5.702261658529863e-17 0.296875 3.6356701849687046e-17 0.29687500000000006 0.98125 0.6343750000000001 0.98125
17 0.415625 4.91772230282609e-17 0.3875 4.7455063466959936e-17 0.3875 0.03281250000000005 0.415625 0.03281250000000006
29 0.4875 0.4515625 0.4578125 0.4515625 0.4578125 0.4921875 0.4875 0.4921875
33 0.528125 0.421875 0.496875 0.421875 0.496875 0.4671875 0.528125 0.4671875
51 0.45 0.2812500000000001 0.421875 0.2812500000000001 0.421875 0.3187500000000001 0.45 0.3187500000000001
1 0.415625 0.04687500000000005 0.3875 0.04687500000000004 0.3875 0.08437500000000005 0.415625 0.08437500000000005
0 0.4125 0.5140625 0.3812500000000001 0.5140625 0.3812500000000001 0.5578125 0.4125 0.5578125
31 0.4875 0.503125 0.4578125 0.503125 0.4578125 0.54375 0.4875 0.54375
7 0.4125 0.3593750000000001 0.3828125 0.3593750000000001 0.38281250000000006 0.4 0.4125 0.4
48 0.4109375 0.5671875 0.3812500000000001 0.5671875 0.3812500000000001 0.609375 0.4109375 0.609375
38 0.446875 0.5421875 0.41875 0.5421875 0.41875 0.5828125 0.446875 0.5828125
4 0.4140625 0.20312500000000008 0.384375 0.20312500000000008 0.384375 0.2406250000000001 0.4140625 0.2406250000000001
35 0.528125 0.3687500000000001 0.496875 0.3687500000000001 0.496875 0.4109375 0.528125 0.4109375
27 0.4484375 0.4375 0.4203125 0.4375 0.4203125 0.478125 0.4484375 0.478125
55 0.5265625 0.2609375000000001 0.4984375 0.2609375000000001 0.4984375 0.30156250000000007 0.5265625 0.30156250000000007