39 0.5890625 0.55625 0.55625 0.55625 0.55625 0.640625 0.5890625 0.640625
54 0.5453125 0.5578125 0.5140625 0.5578125 0.5140625 0.6390625 0.5453125 0.6390625
24 0.2953125000000001 0.6546875 0.2640625000000001 0.6546875 0.2640625000000001 0.734375 0.2953125000000001 0.734375
12 0.5578125 0.6546875 0.525 0.6546875 0.5250000000000001 0.7359375 0.5578125000000002 0.7359375
58 0.1437500000000001 0.753125 0.11250000000000009 0.753125 0.11250000000000009 0.83125 0.1437500000000001 0.83125
33 0.4046875000000002 0.753125 0.37187500000000007 0.753125 0.37187500000000007 0.834375 0.4046875000000002 0.834375
9 0.4359375 0.4625 0.403125 0.4625 0.403125 0.5421875 0.4359375 0.5421875
41 0.11093750000000009 0.5578125 0.07656250000000006 0.5578125 0.07656250000000007 0.6375 0.11093750000000009 0.6375
32 0.10156250000000008 0.7515625 0.06562500000000009 0.7515625 0.0656250000000001 0.834375 0.10156250000000008 0.834375
20 0.6546875 0.4609375 0.58125 0.4609375 0.58125 0.540625 0.6546875 0.540625
15 0.3187500000000001 0.7515625 0.2843750000000001 0.7515625 0.2843750000000001 0.83125 0.3187500000000001 0.83125
5 0.2640625000000001 0.4625 0.2296875000000001 0.4625 0.2296875000000001 0.5453125 0.2640625000000001 0.5453125
18 0.44843750000000016 0.753125 0.4156250000000002 0.753125 0.4156250000000002 0.8359375 0.44843750000000016 0.8359375
23 0.2515625000000001 0.6546875 0.2218750000000001 0.6546875 0.2218750000000001 0.7328125 0.2515625000000001 0.7328125
30 0.9984375 0.30000000000000004 3.6739403974420595e-17 0.3 7.94106908822112e-17 0.996875 0.9984375 0.996875
0 0.48125 0.4609375 0.446875 0.4609375 0.446875 0.5421875 0.48125 0.5421875
38 0.503125 0.559375 0.4703125 0.559375 0.4703125 0.6375 0.503125 0.6375
21 0.1984375000000001 0.559375 0.16562500000000008 0.559375 0.16562500000000008 0.6375 0.1984375000000001 0.6375
53 0.37187500000000007 0.5578125 0.34062500000000007 0.5578125 0.34062500000000007 0.6359375 0.37187500000000007 0.6359375
22 0.6562500000000001 0.5578125 0.6015625 0.5578125 0.6015625000000001 0.7375 0.6562500000000002 0.7375
43 0.16562500000000008 0.6546875 0.13281250000000008 0.6546875 0.13281250000000008 0.7359375 0.16562500000000008 0.7359375
31 0.4687500000000001 0.6546875 0.4375 0.6546875 0.4375000000000001 0.7328125 0.46875000000000017 0.7328125
50 0.6578125000000001 0.8515625 0.6109375000000001 0.8515625 0.6109375000000001 0.93125 0.6578125000000001 0.93125
27 0.415625 0.559375 0.3843750000000001 0.559375 0.3843750000000001 0.6359375 0.415625 0.6359375
3 0.17500000000000007 0.4625 0.14062500000000006 0.4625 0.14062500000000006 0.546875 0.1750000000000001 0.546875
49 0.057812500000000114 0.8515625 0.012500000000000105 0.8515625 0.012500000000000112 0.93125 0.057812500000000114 0.93125
51 0.2843750000000001 0.5578125 0.2531250000000001 0.5578125 0.2531250000000001 0.6359375 0.2843750000000001 0.6359375
7 0.3500000000000001 0.4625 0.31718750000000007 0.4625 0.31718750000000007 0.5421875 0.3500000000000001 0.5421875
29 0.42656250000000007 0.6546875 0.39531250000000007 0.6546875 0.39531250000000007 0.734375 0.4265625000000002 0.734375
42 0.24218750000000008 0.559375 0.2093750000000001 0.559375 0.2093750000000001 0.6359375 0.24218750000000008 0.6359375
14 0.4937500000000002 0.8515625 0.44843750000000016 0.8515625 0.44843750000000016 0.93125 0.4937500000000002 0.93125
10 0.1218750000000001 0.65625 0.08906250000000009 0.65625 0.08906250000000009 0.7359375 0.1218750000000001 0.7359375
13 0.1656250000000001 0.85 0.1218750000000001 0.85 0.12187500000000011 0.9296875 0.16562500000000013 0.9296875
2 0.12968750000000007 0.4640625 0.09843750000000007 0.4640625 0.09843750000000007 0.5453125 0.1296875000000001 0.5453125
59 0.3296875000000001 0.5578125 0.2968750000000001 0.5578125 0.2968750000000001 0.6359375 0.3296875000000001 0.6359375
46 0.6562500000000002 0.753125 0.5484375000000001 0.753125 0.5484375000000001 0.8328125 0.6562500000000002 0.8328125
40 0.49218750000000017 0.753125 0.46093750000000017 0.753125 0.46093750000000017 0.8296875 0.49218750000000017 0.8296875
6 0.3078125000000001 0.459375 0.2734375000000001 0.459375 0.2734375000000001 0.54375 0.3078125000000001 0.54375
56 0.1546875000000001 0.559375 0.1218750000000001 0.559375 0.1218750000000001 0.6375 0.1546875000000001 0.6375
55 0.2750000000000001 0.753125 0.24375000000000008 0.753125 0.24375000000000008 0.8328125 0.2750000000000001 0.8328125
26 0.6000000000000001 0.6546875 0.56875 0.6546875 0.5687500000000001 0.734375 0.6000000000000002 0.734375
28 0.3828125000000001 0.653125 0.3531250000000001 0.653125 0.3531250000000001 0.7328125 0.3828125000000001 0.7328125
17 0.04218750000000006 0.4609375 0.010937500000000055 0.4609375 0.010937500000000062 0.540625 0.042187500000000065 0.540625
52 0.06718750000000008 0.559375 0.012500000000000067 0.559375 0.012500000000000072 0.6375 0.0671875000000001 0.6375
57 0.18750000000000008 0.7515625 0.15625000000000008 0.7515625 0.15625000000000008 0.83125 0.18750000000000008 0.83125
35 0.3625000000000001 0.753125 0.3296875000000001 0.753125 0.3296875000000001 0.8328125 0.3625000000000001 0.8328125
16 0.2312500000000001 0.7515625 0.1984375000000001 0.7515625 0.1984375000000001 0.83125 0.2312500000000001 0.83125
47 0.4390625000000002 0.853125 0.1765625000000001 0.853125 0.17656250000000012 0.9359375 0.4390625000000002 0.9359375
37 0.5125000000000001 0.6546875 0.48125 0.6546875 0.48125000000000007 0.7359375 0.5125000000000002 0.7359375
8 0.3937500000000001 0.4625 0.3593750000000001 0.4625 0.3593750000000001 0.54375 0.3937500000000001 0.54375
25 0.3390625000000001 0.6546875 0.3078125000000001 0.6546875 0.3078125000000001 0.7328125 0.3390625000000001 0.7328125
36 0.459375 0.5578125 0.4265625 0.5578125 0.4265625 0.6359375 0.459375 0.6359375
48 0.525 0.4625 0.4921875 0.4625 0.4921875 0.5421875 0.525 0.5421875
45 0.07812500000000008 0.6546875 0.012500000000000077 0.6546875 0.012500000000000084 0.7375 0.07812500000000008 0.7375
19 0.2093750000000001 0.6546875 0.1765625000000001 0.6546875 0.1765625000000001 0.734375 0.2093750000000001 0.734375
44 0.0562500000000001 0.7546875 0.012500000000000094 0.7546875 0.012500000000000098 0.834375 0.05625000000000011 0.834375
11 0.5671875 0.4609375 0.5359375 0.4609375 0.5359375 0.540625 0.5671875 0.540625
4 0.21875000000000008 0.4625 0.18593750000000003 0.4625 0.18593750000000003 0.54375 0.21875000000000008 0.54375
34 0.5343750000000002 0.753125 0.5031250000000002 0.753125 0.5031250000000002 0.8296875 0.5343750000000002 0.8296875
1 0.08906250000000007 0.4609375 0.056250000000000064 0.4609375 0.056250000000000064 0.5421875 0.08906250000000007 0.5421875