6 0.39375 0.25312500000000004 0.3625 0.253125 0.3625 0.29531250000000003 0.39375 0.2953125000000001
48 0.590625 0.2562500000000001 0.559375 0.2562500000000001 0.559375 0.3000000000000001 0.590625 0.3000000000000001
47 0.5125 0.4609375 0.2656250000000001 0.4609375 0.2656250000000001 0.5078125 0.5125 0.5078125
56 0.2546875 0.3015625 0.2234375 0.3015625 0.2234375 0.3453125 0.2546875 0.3453125
0 0.5515625 0.2578125000000001 0.5203125 0.2578125000000001 0.5203125 0.2984375000000001 0.5515625 0.2984375000000001
54 0.6109375 0.3078125000000001 0.5796875 0.3078125000000001 0.5796875 0.3515625000000001 0.6109375 0.3515625000000001
46 0.7109375 0.4125 0.609375 0.4125 0.609375 0.4546875 0.7109375 0.4546875
25 0.421875 0.35625000000000007 0.390625 0.35625000000000007 0.39062500000000006 0.4 0.421875 0.4
26 0.659375 0.3609375000000001 0.628125 0.3609375000000001 0.628125 0.4046875 0.659375 0.4046875
13 0.2609375000000001 0.4578125 0.2140625000000001 0.4578125 0.2140625000000001 0.503125 0.2609375000000001 0.503125
12 0.6203125 0.3593750000000001 0.5890625 0.3593750000000001 0.5890625 0.403125 0.6203125 0.403125
42 0.334375 0.303125 0.303125 0.303125 0.303125 0.34375 0.334375 0.34375
40 0.5609375 0.4109375 0.5296875 0.4109375 0.5296875 0.453125 0.5609375 0.453125
19 0.30156250000000007 0.3546875 0.2703125 0.3546875 0.27031250000000007 0.3984375 0.30156250000000007 0.3984375
1 0.19375000000000003 0.25 0.16250000000000003 0.25 0.16250000000000003 0.2921875 0.19375000000000003 0.2921875
45 0.17187500000000006 0.353125 0.11875000000000005 0.353125 0.11875000000000005 0.396875 0.17187500000000006 0.396875
37 0.5796875 0.3593750000000001 0.5484375 0.3593750000000001 0.5484375 0.403125 0.5796875 0.403125
36 0.53125 0.3078125000000001 0.5 0.3078125000000001 0.5 0.34843750000000007 0.53125 0.34843750000000007
27 0.4921875 0.3062500000000001 0.4609375 0.3062500000000001 0.4609375 0.3468750000000001 0.4921875 0.3468750000000001
3 0.275 0.25 0.24375 0.25 0.24375 0.29375 0.275 0.29375
23 0.34218750000000003 0.3546875 0.3109375 0.3546875 0.31093750000000003 0.3984375 0.3421875000000001 0.3984375
15 0.4015625 0.4078125 0.3671875000000001 0.4078125 0.3671875000000001 0.4515625 0.4015625 0.4515625
8 0.471875 0.25468750000000007 0.440625 0.25468750000000007 0.440625 0.2984375000000001 0.471875 0.2984375000000001
59 0.4125 0.3046875000000001 0.38125 0.3046875000000001 0.38125 0.3468750000000001 0.4125 0.3468750000000001
2 0.2328125 0.2515625 0.203125 0.2515625 0.203125 0.2921875 0.2328125 0.2921875
33 0.4828125 0.4109375 0.4484375 0.4109375 0.4484375 0.4546875 0.4828125 0.4546875
31 0.540625 0.3593750000000001 0.509375 0.3593750000000001 0.509375 0.4015625 0.540625 0.4015625
39 0.65 0.3078125000000001 0.6203125 0.3078125000000001 0.6203125 0.3515625000000001 0.65 0.3515625000000001
14 0.5609375 0.4640625 0.5171875 0.4640625 0.5171875 0.5109375 0.5609375 0.5109375
50 0.7125 0.465625 0.66875 0.465625 0.66875 0.5125 0.7125 0.5125
20 0.7078125 0.2562500000000001 0.6390625 0.2562500000000001 0.6390625 0.2984375000000001 0.7078125 0.2984375000000001
38 0.571875 0.3078125000000001 0.540625 0.3078125000000001 0.540625 0.34843750000000007 0.571875 0.34843750000000007
4 0.3125 0.2484375 0.2828125 0.2484375 0.2828125 0.29375 0.3125 0.29375
9 0.5125 0.25468750000000007 0.48125 0.25468750000000007 0.48125 0.2984375000000001 0.5125 0.2984375000000001
53 0.4515625 0.3062500000000001 0.4203125 0.3062500000000001 0.4203125 0.3468750000000001 0.4515625 0.3468750000000001
22 0.70625 0.3078125000000001 0.65625 0.3078125000000001 0.65625 0.40625 0.70625 0.40625
49 0.15781250000000005 0.4578125 0.11093750000000005 0.4578125 0.11093750000000005 0.5046875 0.15781250000000005 0.5046875
24 0.38281250000000006 0.35625000000000007 0.3515625 0.35625 0.35156250000000006 0.4 0.3828125000000001 0.4
17 0.15312500000000004 0.2484375 0.12343750000000005 0.2484375 0.12343750000000005 0.2890625 0.15312500000000004 0.2890625
21 0.29375 0.3015625 0.2625 0.3015625 0.2625 0.3453125 0.29375 0.3453125
43 0.26093750000000004 0.353125 0.2296875 0.353125 0.22968750000000004 0.396875 0.2609375000000001 0.396875
34 0.6015625 0.4109375 0.5703125 0.4109375 0.5703125 0.4546875 0.6015625 0.4546875
28 0.4625 0.3578125000000001 0.43125 0.3578125000000001 0.43125 0.4015625 0.4625 0.4015625
57 0.2796875000000001 0.40625 0.2484375000000001 0.40625 0.2484375000000001 0.45 0.2796875000000001 0.45
5 0.3546875 0.2515625 0.3234375 0.2515625 0.3234375 0.296875 0.3546875 0.296875
30 1 0.18125000000000008 0.03906250000000002 0.18125 0.03906250000000004 0.5640625000000001 1 0.5640625000000001
41 0.2140625 0.3015625 0.18281250000000004 0.3015625 0.18281250000000004 0.3453125 0.2140625 0.3453125
10 0.22031250000000005 0.353125 0.19218750000000004 0.353125 0.19218750000000004 0.396875 0.22031250000000008 0.396875
16 0.3203125000000001 0.40625 0.2890625000000001 0.40625 0.2890625000000001 0.45 0.3203125000000001 0.45
44 0.15937500000000004 0.403125 0.11406250000000004 0.403125 0.11406250000000004 0.446875 0.15937500000000004 0.446875
11 0.63125 0.25468750000000007 0.6 0.25468750000000007 0.6 0.2984375000000001 0.63125 0.2984375000000001
55 0.3609375000000001 0.4078125 0.3296875000000001 0.4078125 0.3296875000000001 0.4515625 0.3609375000000001 0.4515625
18 0.5203125 0.409375 0.4890625 0.409375 0.4890625 0.453125 0.5203125 0.453125
51 0.3734375 0.30312500000000003 0.3421875 0.303125 0.3421875 0.34375000000000006 0.3734375 0.3437500000000001
52 0.17343750000000005 0.3 0.12187500000000004 0.3 0.12187500000000004 0.34375 0.17343750000000005 0.34375
29 0.5015625 0.3593750000000001 0.4703125 0.3593750000000001 0.4703125 0.4015625 0.5015625 0.4015625
32 0.19843750000000004 0.40625 0.16718750000000004 0.40625 0.16718750000000004 0.45 0.19843750000000004 0.45
58 0.2390625000000001 0.4046875 0.2078125000000001 0.4046875 0.2078125000000001 0.4484375 0.2390625000000001 0.4484375
35 0.4421875 0.409375 0.4109375 0.409375 0.4109375 0.453125 0.4421875 0.453125
7 0.4328125 0.2531250000000001 0.4015625 0.2531250000000001 0.4015625 0.2968750000000001 0.4328125 0.2968750000000001