30 0.7421875000000001 4.55415528432922e-17 0.0015625 1.9135106236677395e-19 0.001562500000000061 1 0.7421875000000002 1
16 0.5218750000000002 0.821875 0.4312500000000002 0.821875 0.4312500000000002 0.859375 0.5218750000000002 0.859375
26 0.4359375 0.37812500000000004 0.3390625000000001 0.378125 0.3390625000000001 0.421875 0.4359375 0.421875
40 0.5359375 0.5109375 0.4453125 0.5109375 0.4453125 0.5515625 0.5359375 0.5515625
23 0.41718750000000016 0.7953125 0.3265625000000001 0.7953125 0.3265625000000001 0.8328125 0.41718750000000016 0.8328125
22 0.446875 0.30937500000000007 0.23125 0.309375 0.23125000000000004 0.3765625 0.446875 0.3765625000000001
42 0.3109375000000001 0.80625 0.22031250000000008 0.80625 0.22031250000000008 0.846875 0.3109375000000001 0.846875
7 0.2171875000000001 0.6765625 0.1140625000000001 0.6765625 0.1140625000000001 0.7171875 0.2171875000000001 0.7171875
12 0.4328125 0.4296875 0.3390625000000001 0.4296875 0.3390625000000001 0.471875 0.4328125 0.471875
27 0.3140625000000001 0.6 0.22812500000000008 0.6 0.22812500000000008 0.6390625 0.3140625000000001 0.6390625
29 0.428125 0.5859375 0.3343750000000001 0.5859375 0.3343750000000001 0.6265625 0.428125 0.6265625
8 0.22031250000000008 0.621875 0.11562500000000009 0.621875 0.11562500000000009 0.665625 0.22031250000000008 0.665625
10 0.41406250000000017 0.9515625 0.3203125000000001 0.9515625 0.3203125000000001 0.9890625 0.41406250000000017 0.9890625
28 0.4203125 0.6390625 0.33281250000000007 0.6390625 0.33281250000000007 0.6765625 0.4203125 0.6765625
9 0.22031250000000008 0.5703125 0.11718750000000008 0.5703125 0.11718750000000008 0.6140625 0.22031250000000008 0.6140625
57 0.5203125000000002 0.871875 0.4265625000000002 0.871875 0.4265625000000002 0.9125 0.5203125000000002 0.9125
15 0.5296875000000001 0.715625 0.4328125 0.715625 0.4328125000000001 0.759375 0.5296875000000002 0.759375
32 0.5140625000000002 0.9796875 0.4234375000000002 0.9796875 0.4234375000000002 1 0.5140625000000002 1
21 0.3109375000000001 0.8578125 0.2171875000000001 0.8578125 0.2171875000000001 0.8984375 0.3109375000000001 0.8984375
19 0.4187500000000002 0.846875 0.32500000000000007 0.846875 0.32500000000000007 0.884375 0.4187500000000002 0.884375
46 0.54375 0.3109375000000001 0.45 0.3109375000000001 0.45 0.4453125 0.54375 0.4453125
31 0.4296875 0.534375 0.3359375000000001 0.534375 0.3359375000000001 0.5765625 0.4296875 0.5765625
34 0.5390625 0.459375 0.4453125 0.459375 0.4453125 0.5 0.5390625 0.5
41 0.3062500000000001 0.9640625 0.21250000000000008 0.9640625 0.21250000000000008 1 0.3062500000000001 1
18 0.534375 0.5625 0.44375 0.5625 0.44375 0.6015625 0.534375 0.6015625
14 0.64375 0.521875 0.55 0.521875 0.55 0.578125 0.64375 0.578125
3 0.2078125000000001 0.884375 0.10312500000000009 0.884375 0.1031250000000001 0.925 0.2078125000000001 0.925
37 0.4328125 0.4828125 0.3390625000000001 0.4828125 0.3390625000000001 0.525 0.4328125 0.525
5 0.2156250000000001 0.78125 0.11093750000000009 0.78125 0.11093750000000009 0.821875 0.2156250000000001 0.821875
48 0.2171875000000001 0.4671875 0.12031250000000004 0.4671875 0.12031250000000004 0.5078125 0.2171875000000001 0.5078125
33 0.5359375 0.6109375 0.4390625 0.6109375 0.4390625 0.6546875 0.5359375 0.6546875
13 0.6312500000000002 0.8859375 0.5343750000000002 0.8859375 0.5343750000000002 0.940625 0.6312500000000002 0.940625
50 0.65625 0.30937500000000007 0.553125 0.30937500000000007 0.553125 0.3828125000000001 0.65625 0.3828125000000001
53 0.3187500000000001 0.6484375 0.2250000000000001 0.6484375 0.2250000000000001 0.690625 0.3187500000000001 0.690625
25 0.4218750000000001 0.690625 0.3312500000000001 0.690625 0.3312500000000001 0.73125 0.42187500000000017 0.73125
36 0.3203125000000001 0.546875 0.2296875000000001 0.546875 0.2296875000000001 0.5875 0.3203125000000001 0.5875
24 0.42187500000000017 0.7421875 0.3281250000000001 0.7421875 0.3281250000000001 0.78125 0.42187500000000017 0.78125
38 0.32500000000000007 0.49375 0.2312500000000001 0.49375 0.2312500000000001 0.534375 0.32500000000000007 0.534375
54 0.3281250000000001 0.4421875 0.2312500000000001 0.4421875 0.2312500000000001 0.484375 0.3281250000000001 0.484375
35 0.534375 0.6640625 0.4375 0.6640625 0.4375 0.70625 0.534375 0.70625
0 0.2171875000000001 0.51875 0.11718750000000004 0.51875 0.11718750000000007 0.5625 0.2171875000000001 0.5625
20 0.22812500000000005 0.3078125 0.12187500000000004 0.3078125 0.12187500000000004 0.4046875 0.22812500000000008 0.4046875
58 0.5171875000000001 0.928125 0.4265625000000002 0.928125 0.4265625000000002 0.9640625 0.5171875000000001 0.9640625
43 0.4156250000000002 0.9 0.3218750000000001 0.9 0.3218750000000001 0.9375 0.4156250000000002 0.9375
56 0.3125000000000001 0.9078125 0.2156250000000001 0.9078125 0.2156250000000001 0.95 0.3125000000000001 0.95
39 0.3296875000000001 0.3890625 0.2328125000000001 0.3890625 0.2328125000000001 0.4296875 0.3296875000000001 0.4296875
55 0.5265625000000002 0.7671875 0.42968750000000017 0.7671875 0.42968750000000017 0.8078125 0.5265625000000002 0.8078125
59 0.3203125000000001 0.703125 0.2234375000000001 0.703125 0.2234375000000001 0.74375 0.3203125000000001 0.74375
47 0.6406250000000001 0.5875 0.540625 0.5875 0.5406250000000001 0.875 0.6406250000000002 0.875
6 0.2156250000000001 0.7265625 0.11250000000000009 0.7265625 0.11250000000000009 0.76875 0.2156250000000001 0.76875
51 0.3140625000000001 0.7546875 0.22031250000000008 0.7546875 0.22031250000000008 0.7953125 0.3140625000000001 0.7953125
2 0.20312500000000008 0.940625 0.10156250000000014 0.940625 0.10156250000000014 0.978125 0.20312500000000008 0.978125
4 0.21093750000000008 0.834375 0.10468750000000009 0.834375 0.10468750000000009 0.8734375 0.21093750000000008 0.8734375
11 0.21875000000000008 0.415625 0.12187500000000004 0.415625 0.12187500000000004 0.45625 0.21875000000000008 0.45625