49 0.884375 0.7640625000000002 0.7875000000000002 0.7640625000000002 0.7875000000000002 0.86875 0.884375 0.86875
59 0.5515625 0.2968750000000001 0.4671875 0.2968750000000001 0.4671875 0.3531250000000001 0.5515625 0.3531250000000001
33 0.7671875 0.1531250000000001 0.6734375 0.1531250000000001 0.6734375 0.2093750000000001 0.7671875 0.2093750000000001
44 0.7718750000000002 0.784375 0.6812500000000001 0.784375 0.6812500000000001 0.865625 0.7718750000000002 0.865625
21 0.55625 0.5234375 0.46875 0.5234375 0.46875 0.5859375 0.55625 0.5859375
41 0.5671875000000001 0.6765625 0.4703125 0.6765625 0.4703125000000001 0.7421875 0.5671875000000002 0.7421875
6 0.453125 0.3343750000000001 0.365625 0.3343750000000001 0.36562500000000003 0.3906250000000001 0.453125 0.3906250000000001
9 0.4484375 0.10312500000000005 0.365625 0.10312500000000005 0.365625 0.16093750000000004 0.4484375 0.16093750000000004
55 0.7671875 0.38750000000000007 0.6734375 0.38750000000000007 0.6734375 0.4468750000000001 0.7671875 0.4468750000000002
8 0.4484375 0.17968750000000006 0.365625 0.17968750000000006 0.365625 0.2375000000000001 0.4484375 0.2375000000000001
45 0.6640625000000002 0.7609375 0.5765625000000002 0.7609375 0.5765625000000002 0.8625 0.6640625000000002 0.8625
23 0.6578125 0.4296875 0.5703125 0.4296875 0.5703125 0.4875 0.6578125 0.4875
24 0.6578125 0.3515625000000001 0.5703125 0.3515625000000001 0.5703125 0.4078125 0.6578125 0.4078125
30 0.9328125 7.070421754452296e-17 0.221875 2.71718508560819e-17 0.22187500000000004 0.98125 0.9328125 0.98125
38 0.5484375 6.218909526920153e-17 0.4671875 5.72139676476654e-17 0.4671875 0.04218750000000006 0.5484375 0.042187500000000065
19 0.6609375 0.50625 0.5734375 0.50625 0.5734375 0.565625 0.6609375 0.565625
56 0.5578125 0.6 0.4703125 0.6 0.4703125 0.6625 0.5578125 0.6625
16 0.765625 0.46562500000000007 0.675 0.465625 0.675 0.5265625 0.765625 0.5265625000000002
47 0.8765625 0.10468750000000009 0.7765625 0.10468750000000009 0.7765625 0.5515625000000002 0.8765625 0.5515625000000002
14 0.8703125 0.0109375000000001 0.78125 0.010937500000000095 0.78125 0.0875000000000001 0.8703125 0.0875000000000001
40 0.7609375 0.0015625000000000877 0.6734375 0.0015625000000000825 0.6734375 0.05468750000000009 0.7609375 0.05468750000000009
0 0.4453125 0.02500000000000005 0.3625 0.025000000000000043 0.3625 0.08125000000000004 0.4453125 0.08125000000000004
10 0.659375 0.6625 0.5734375 0.6625 0.5734375 0.721875 0.659375 0.721875
2 0.4515625 0.6421875 0.3656250000000001 0.6421875 0.3656250000000001 0.7015625 0.4515625 0.7015625
3 0.4546875 0.5625 0.3671875000000001 0.5625 0.3671875000000001 0.6234375 0.4546875 0.6234375
15 0.7671875 0.30937500000000007 0.6734375 0.30937500000000007 0.6734375 0.3687500000000001 0.7671875 0.3687500000000001
51 0.5515625 0.37187500000000007 0.4703125 0.37187500000000007 0.4703125 0.428125 0.5515625 0.428125
27 0.55 0.14375000000000007 0.4671875 0.14375000000000004 0.4671875 0.19687500000000008 0.55 0.19687500000000008
1 0.4546875000000001 0.7203125 0.3687500000000001 0.7203125 0.3687500000000001 0.7796875 0.4546875000000002 0.7796875
42 0.5546875 0.4484375 0.4703125 0.4484375 0.4703125 0.5078125 0.5546875 0.5078125
29 0.6578125 0.12031250000000009 0.5703125 0.12031250000000009 0.5703125 0.1765625000000001 0.6578125 0.1765625000000001
53 0.5515625 0.22031250000000008 0.4671875 0.22031250000000008 0.4671875 0.2750000000000001 0.5515625 0.2750000000000001
18 0.7625 0.0750000000000001 0.6734375 0.0750000000000001 0.6734375 0.1312500000000001 0.7625 0.1312500000000001
52 0.5562500000000001 0.759375 0.4734375000000002 0.759375 0.4734375000000002 0.859375 0.5562500000000001 0.859375
31 0.65625 0.043750000000000074 0.56875 0.04375000000000007 0.56875 0.09687500000000007 0.65625 0.09687500000000009
7 0.446875 0.2609375000000001 0.3640625 0.2609375000000001 0.3640625 0.3140625000000001 0.446875 0.3140625000000001
5 0.4546875 0.409375 0.3671875000000001 0.409375 0.3671875000000001 0.4703125 0.4546875 0.4703125
35 0.765625 0.2312500000000001 0.675 0.2312500000000001 0.675 0.2890625000000001 0.765625 0.2890625000000001
13 0.8796875 0.5625000000000002 0.7828125 0.5625000000000002 0.7828125 0.6484375000000002 0.8796875 0.6484375000000002
4 0.453125 0.4875 0.3703125000000001 0.4875 0.3703125000000001 0.5453125 0.453125 0.5453125
36 0.55 0.06562500000000007 0.465625 0.06562500000000007 0.465625 0.12031250000000007 0.55 0.12031250000000009
32 0.7718750000000001 0.7031250000000001 0.675 0.703125 0.675 0.7656250000000001 0.7718750000000002 0.7656250000000002
43 0.6609375 0.584375 0.575 0.584375 0.575 0.64375 0.6609375 0.64375
58 0.76875 0.6250000000000001 0.6765625 0.625 0.6765625 0.6875000000000001 0.76875 0.6875000000000002
57 0.76875 0.5468750000000001 0.675 0.546875 0.675 0.6062500000000001 0.76875 0.6062500000000002
25 0.6578125 0.2750000000000001 0.5703125 0.2750000000000001 0.5703125 0.3312500000000001 0.6578125 0.3312500000000001
28 0.65625 0.1984375000000001 0.56875 0.1984375000000001 0.56875 0.2515625000000001 0.65625 0.2515625000000001
17 0.45312500000000017 0.8 0.3671875000000001 0.8 0.3671875000000001 0.859375 0.45312500000000017 0.859375
47 0.22968750000000004 0.12343750000000002 0.09687500000000002 0.1234375 0.09687500000000007 0.9953125 0.2296875000000001 0.9953125