22 0.7125 0.2015625000000001 0.45 0.2015625000000001 0.45 0.3265625000000001 0.7125 0.3265625000000001
34 0.8453125 9.61539088393039e-17 0.725 8.878689293818311e-17 0.725 0.03281250000000009 0.8453125 0.0328125000000001
30 1 6.984313776387249e-17 0.140625 1.7221595613009655e-17 0.14062500000000006 1 1 1
20 0.4296875 0.14375000000000004 0.321875 0.14375000000000004 0.321875 0.32812500000000006 0.4296875 0.3281250000000001
11 0.428125 0.04218750000000005 0.3203125 0.042187500000000044 0.3203125 0.11718750000000004 0.428125 0.11718750000000004
26 0.7078125 0.11875000000000009 0.590625 0.11875000000000009 0.590625 0.1937500000000001 0.7078125 0.1937500000000001
39 0.56875 0.09531250000000006 0.4546875 0.09531250000000006 0.4546875 0.17031250000000006 0.56875 0.1703125000000001
50 0.9859375 0.18437500000000012 0.8578125 0.1843750000000001 0.8578125 0.3281250000000001 0.9859375 0.3281250000000001
54 0.5609375 6.218909526920153e-17 0.4546875 5.568315914873122e-17 0.4546875 0.06875000000000006 0.5609375 0.06875000000000006
48 0.4265625 4.563722837447558e-17 0.31875 3.903561672282188e-17 0.31875 0.015625000000000045 0.4265625 0.01562500000000005
12 0.703125 0.01562500000000008 0.590625 0.015625000000000073 0.590625 0.09062500000000008 0.703125 0.0906250000000001
46 0.8453125 0.0562500000000001 0.725 0.05625000000000009 0.725 0.32500000000000007 0.8453125 0.32500000000000007