28 0.6015625 0.59375 0.575 0.59375 0.575 0.640625 0.6015625 0.640625
32 0.8375 0.6390625000000002 0.809375 0.6390625000000002 0.809375 0.6890625000000001 0.8375 0.6890625000000001
5 0.696875 0.46875 0.66875 0.46875 0.66875 0.5203125 0.696875 0.5203125
31 0.53125 0.59375 0.503125 0.59375 0.503125 0.64375 0.53125 0.64375
48 0.4828125 0.4796875 0.4546875 0.4796875 0.4546875 0.5296875 0.4828125 0.5296875
27 0.5734375 0.5359375 0.5453125 0.5359375 0.5453125 0.5828125 0.5734375 0.5828125
6 0.659375 0.471875 0.6328125 0.471875 0.6328125 0.5234375 0.659375 0.5234375
54 0.4671875 0.540625 0.4390625 0.540625 0.4390625 0.5875 0.4671875 0.5875
9 0.55625 0.4765625 0.528125 0.4765625 0.528125 0.5265625 0.55625 0.5265625
24 0.6734375 0.5875 0.6453125 0.5875 0.6453125 0.6375 0.6734375 0.6375
47 0.7437500000000001 0.7031250000000001 0.540625 0.703125 0.5406250000000001 0.7593750000000001 0.7437500000000001 0.7593750000000001
42 0.715625 0.5296875 0.6875 0.5296875 0.6875 0.5765625 0.715625 0.5765625
39 0.4328125 0.540625 0.4015625 0.540625 0.4015625 0.5921875 0.4328125 0.5921875
17 0.871875 0.46093750000000017 0.84375 0.46093750000000017 0.84375 0.5078125000000002 0.871875 0.5078125000000002
40 0.5140625 0.653125 0.4859375 0.653125 0.4859375 0.703125 0.5140625 0.703125
19 0.7453125 0.5859375000000001 0.7171875 0.5859375 0.7171875 0.6328125000000001 0.7453125 0.6328125000000002
45 0.8765625 0.5781250000000002 0.8296875 0.5781250000000002 0.8296875 0.6296875000000002 0.8765625 0.6296875000000002
10 0.8140625 0.5828125000000002 0.7890625 0.5828125000000002 0.7890625 0.6328125000000002 0.8140625 0.6328125000000002
25 0.6390625 0.590625 0.6109375 0.590625 0.6109375 0.640625 0.6390625 0.640625
30 0.9484375 0.38750000000000007 0.03281250000000004 0.3875 0.03281250000000007 0.80625 0.9484375 0.80625
3 0.7671875 0.46406250000000016 0.7390625 0.46406250000000016 0.7390625 0.5156250000000002 0.7671875 0.5156250000000002
58 0.8015625 0.6406250000000002 0.775 0.6406250000000002 0.775 0.6906250000000002 0.8015625 0.6906250000000002
53 0.609375 0.534375 0.58125 0.534375 0.58125 0.58125 0.609375 0.58125
7 0.625 0.4734375 0.5984375 0.4734375 0.5984375 0.5234375 0.625 0.5234375
22 0.3937500000000001 0.5390625 0.3468750000000001 0.5390625 0.3468750000000001 0.6515625 0.3937500000000001 0.6515625
44 0.88125 0.6343750000000001 0.8453125 0.6343750000000001 0.8453125 0.6843750000000002 0.88125 0.6843750000000002
26 0.425 0.5984375 0.3937500000000001 0.5984375 0.3937500000000001 0.65 0.425 0.65
34 0.4796875 0.65625 0.45 0.65625 0.45 0.7078125 0.4796875 0.7078125
57 0.765625 0.6421875000000001 0.7390625 0.6421875000000001 0.7390625 0.6921875000000002 0.765625 0.6921875000000002
1 0.834375 0.4671875000000002 0.809375 0.4671875000000002 0.809375 0.5109375000000002 0.834375 0.5109375000000002
0 0.5203125 0.478125 0.4921875 0.478125 0.4921875 0.525 0.5203125 0.525
20 0.4125 0.478125 0.3468750000000001 0.478125 0.3468750000000001 0.534375 0.4125 0.534375
33 0.5859375 0.65 0.5578125 0.65 0.5578125 0.7 0.5859375 0.7
46 0.4421875 0.659375 0.34843750000000007 0.659375 0.34843750000000007 0.709375 0.4421875 0.709375
29 0.5671875 0.5953125 0.5375 0.5953125 0.5375 0.6421875 0.5671875 0.6421875
35 0.6234375 0.646875 0.5953125 0.646875 0.5953125 0.6984375 0.6234375 0.6984375
50 0.3968750000000001 0.7171875 0.3453125000000001 0.7171875 0.3453125000000001 0.775 0.3968750000000001 0.775
38 0.503125 0.5390625 0.475 0.5390625 0.475 0.5859375 0.503125 0.5859375
18 0.5515625 0.6515625 0.5234375 0.6515625 0.5234375 0.7015625 0.5515625 0.7015625
12 0.459375 0.596875 0.4296875 0.596875 0.4296875 0.6484375 0.459375 0.6484375
41 0.8203125 0.5234375000000002 0.79375 0.5234375000000002 0.79375 0.5703125000000002 0.8203125 0.5703125000000002
4 0.73125 0.4671875000000001 0.7046875 0.4671875 0.7046875 0.5171875000000001 0.73125 0.5171875000000001
52 0.8765625 0.5218750000000002 0.828125 0.5218750000000002 0.828125 0.5687500000000002 0.8765625 0.5687500000000002
16 0.7296875 0.64375 0.7015625 0.64375 0.7015625 0.690625 0.7296875 0.6906250000000002
8 0.590625 0.4734375 0.5625 0.4734375 0.5625 0.5265625 0.590625 0.5265625
51 0.68125 0.53125 0.653125 0.53125 0.653125 0.578125 0.68125 0.578125
43 0.7796875 0.5843750000000002 0.753125 0.5843750000000002 0.753125 0.6343750000000001 0.7796875 0.6343750000000001
56 0.7859375 0.5250000000000001 0.7578125 0.5250000000000001 0.7578125 0.5718750000000001 0.7859375 0.5718750000000001
14 0.534375 0.7125 0.49375 0.7125 0.4937500000000001 0.7671875 0.5343750000000002 0.7671875
36 0.5390625 0.5375 0.509375 0.5375 0.509375 0.584375 0.5390625 0.584375
2 0.8015625 0.46406250000000016 0.7734375 0.46406250000000016 0.7734375 0.5140625000000002 0.8015625 0.5140625000000002
11 0.4484375 0.4796875 0.4203125 0.4796875 0.4203125 0.53125 0.4484375 0.53125
55 0.69375 0.6453125 0.665625 0.6453125 0.665625 0.6921875 0.69375 0.6921875
21 0.7515625 0.5281250000000001 0.725 0.528125 0.725 0.5750000000000001 0.7515625 0.5750000000000002
49 0.8859375 0.6937500000000002 0.8390625 0.6937500000000002 0.8390625 0.7484375000000002 0.8859375 0.7484375000000002
13 0.7875000000000001 0.6984375000000002 0.75 0.6984375000000002 0.7500000000000001 0.7515625000000001 0.7875000000000002 0.7515625000000001
15 0.659375 0.6453125 0.63125 0.6453125 0.63125 0.696875 0.659375 0.696875
59 0.6453125 0.53125 0.6171875 0.53125 0.6171875 0.58125 0.6453125 0.58125
23 0.7078125 0.5859375 0.68125 0.5859375 0.68125 0.6359375 0.7078125 0.6359375
37 0.496875 0.5953125 0.4671875 0.5953125 0.4671875 0.6453125 0.496875 0.6453125