6 0.30468750000000006 0.309375 0.26875 0.309375 0.26875000000000004 0.3828125 0.3046875000000001 0.3828125
47 0.45781250000000007 0.690625 0.14218750000000008 0.690625 0.14218750000000008 0.775 0.4578125000000002 0.775
46 0.690625 0.5875 0.5671875 0.5875 0.5671875 0.659375 0.690625 0.659375
53 0.3734375000000001 0.403125 0.3375000000000001 0.403125 0.3375000000000001 0.4734375 0.3734375000000001 0.4734375
16 0.21093750000000008 0.5953125 0.17343750000000008 0.5953125 0.17343750000000008 0.665625 0.21093750000000008 0.665625
32 0.06562500000000007 0.6 0.02656250000000008 0.6 0.02656250000000008 0.6734375 0.06562500000000009 0.6734375
37 0.5296875 0.490625 0.49375 0.490625 0.49375 0.5640625 0.5296875 0.5640625
27 0.421875 0.4015625 0.3859375000000001 0.4015625 0.3859375000000001 0.471875 0.421875 0.471875
35 0.3578125000000001 0.5921875 0.3203125000000001 0.5921875 0.3203125000000001 0.6640625 0.3578125000000001 0.6640625
13 0.13281250000000008 0.6953125 0.08125000000000009 0.6953125 0.08125000000000009 0.7703125 0.13281250000000008 0.7703125
40 0.5046875 0.5890625 0.46875 0.5890625 0.46875 0.659375 0.5046875 0.659375
57 0.1609375000000001 0.596875 0.12500000000000008 0.596875 0.12500000000000008 0.6671875 0.1609375000000001 0.6671875
36 0.4703125 0.4 0.4328125 0.4 0.4328125 0.4734375 0.4703125 0.4734375
30 1 0.08281250000000007 1.0141606305439019e-17 0.0828125 6.305017504985202e-17 0.946875 1 0.946875
55 0.2593750000000001 0.5953125 0.2218750000000001 0.5953125 0.2218750000000001 0.6640625 0.2593750000000001 0.6640625
11 0.5890625 0.3031250000000001 0.5546875 0.3031250000000001 0.5546875 0.37187500000000007 0.5890625 0.37187500000000007
17 0.020312500000000046 0.3203125 3.922696778518866e-17 0.3203125 4.353236668844107e-17 0.390625 0.02031250000000005 0.390625
29 0.43125 0.496875 0.39531250000000007 0.496875 0.39531250000000007 0.5671875 0.43125 0.5671875
10 0.09375000000000007 0.503125 0.057812500000000065 0.503125 0.057812500000000065 0.575 0.09375000000000007 0.575
31 0.48125 0.49375 0.446875 0.49375 0.446875 0.565625 0.48125 0.565625
7 0.35156250000000006 0.3078125 0.315625 0.3078125 0.31562500000000004 0.38125 0.3515625000000001 0.38125
45 0.04687500000000007 0.5078125 6.218909526920153e-17 0.5078125 6.668584523482072e-17 0.58125 0.04687500000000007 0.58125
24 0.28593750000000007 0.5 0.2500000000000001 0.5 0.2500000000000001 0.571875 0.28593750000000007 0.571875
5 0.25781250000000006 0.3140625 0.2203125 0.3140625 0.22031250000000005 0.3875 0.2578125000000001 0.3875
18 0.4546875 0.590625 0.41875 0.590625 0.41875 0.6609375 0.4546875 0.6609375
44 0.025000000000000078 0.6015625 7.367015901120797e-17 0.6015625 7.797555791446039e-17 0.671875 0.025000000000000078 0.671875
22 0.6890625 0.39531250000000007 0.6265625 0.39531250000000007 0.6265625 0.5640625 0.6890625 0.5640625
41 0.08750000000000005 0.409375 0.051562500000000046 0.409375 0.05156250000000005 0.4828125 0.08750000000000006 0.4828125
56 0.13593750000000004 0.4078125 0.10000000000000005 0.4078125 0.10000000000000005 0.478125 0.13593750000000004 0.478125
38 0.5171875 0.4 0.4828125 0.4 0.4828125 0.4703125 0.5171875 0.4703125
4 0.20937500000000003 0.3171875 0.17343750000000005 0.3171875 0.17343750000000005 0.3875 0.2093750000000001 0.3875
39 0.6140625 0.39531250000000007 0.578125 0.39531250000000007 0.578125 0.46875 0.6140625 0.46875
49 0.03281250000000009 0.696875 8.534257381558118e-17 0.696875 8.993499931238375e-17 0.771875 0.0328125000000001 0.771875
21 0.18281250000000004 0.4078125 0.14687500000000003 0.4078125 0.14687500000000003 0.478125 0.18281250000000004 0.478125
9 0.446875 0.3062500000000001 0.4109375 0.3062500000000001 0.4109375 0.37968750000000007 0.446875 0.37968750000000007
50 0.6953125000000001 0.6828125 0.6296875 0.6828125 0.6296875000000001 0.759375 0.6953125000000002 0.759375
51 0.2765625000000001 0.4078125 0.2406250000000001 0.4078125 0.2406250000000001 0.4765625 0.2765625000000001 0.4765625
14 0.51875 0.6875 0.4671875 0.6875 0.4671875000000001 0.7625 0.5187500000000002 0.7625
2 0.11562500000000005 0.31875 0.07968750000000005 0.31875 0.07968750000000005 0.390625 0.11562500000000005 0.390625
48 0.5421875 0.3031250000000001 0.50625 0.3031250000000001 0.50625 0.3750000000000001 0.5421875 0.3750000000000001
23 0.2375000000000001 0.5015625 0.20312500000000008 0.5015625 0.20312500000000008 0.5734375 0.2375000000000001 0.5734375
43 0.14218750000000008 0.503125 0.10625000000000004 0.503125 0.10625000000000007 0.575 0.14218750000000008 0.575
59 0.32500000000000007 0.403125 0.2890625000000001 0.403125 0.2890625000000001 0.475 0.32500000000000007 0.475
34 0.553125 0.5890625 0.5171875 0.5890625 0.5171875 0.659375 0.553125 0.659375
0 0.49375 0.3031250000000001 0.4578125 0.3031250000000001 0.4578125 0.3781250000000001 0.49375 0.3781250000000001
8 0.4 0.30937500000000007 0.3625 0.309375 0.36250000000000004 0.384375 0.4 0.3843750000000001
28 0.3828125000000001 0.4984375 0.3468750000000001 0.4984375 0.3468750000000001 0.56875 0.3828125000000001 0.56875
15 0.3078125000000001 0.59375 0.27031250000000007 0.59375 0.27031250000000007 0.6640625 0.3078125000000001 0.6640625
1 0.06718750000000004 0.31875 0.03281250000000004 0.31875 0.03281250000000004 0.390625 0.06718750000000004 0.390625
20 0.684375 0.30156250000000007 0.603125 0.30156250000000007 0.603125 0.3703125000000001 0.684375 0.3703125000000001
19 0.19062500000000007 0.5015625 0.15468750000000003 0.5015625 0.15468750000000006 0.575 0.1906250000000001 0.575
42 0.2296875000000001 0.40625 0.19531250000000006 0.40625 0.19531250000000006 0.4765625 0.2296875000000001 0.4765625
54 0.5640625 0.3984375000000001 0.53125 0.3984375000000001 0.53125 0.46875 0.5640625 0.46875
12 0.578125 0.4890625 0.5421875 0.4890625 0.5421875 0.5625 0.578125 0.5625
25 0.3343750000000001 0.5 0.2984375000000001 0.5 0.2984375000000001 0.5703125 0.3343750000000001 0.5703125
3 0.16250000000000003 0.3171875 0.12656250000000005 0.3171875 0.12656250000000005 0.3890625 0.16250000000000003 0.3890625
26 0.6265625 0.490625 0.5921875 0.490625 0.5921875 0.5640625 0.6265625 0.5640625
33 0.40625 0.5921875 0.3687500000000001 0.5921875 0.3687500000000001 0.6640625 0.40625 0.6640625
52 0.04218750000000006 0.4109375 5.032532940246154e-17 0.4109375 5.4917754899264124e-17 0.4859375 0.04218750000000006 0.4859375
58 0.11250000000000009 0.6 0.07656250000000006 0.6 0.07656250000000007 0.66875 0.11250000000000009 0.66875