24 0.30937500000000007 0.5203125 0.2734375000000001 0.5203125 0.2734375000000001 0.6 0.30937500000000007 0.6
21 0.21875000000000008 0.4328125 0.17968750000000006 0.4328125 0.17968750000000006 0.515625 0.21875000000000008 0.515625
54 0.5578125 0.4296875 0.5234375 0.4296875 0.5234375 0.5078125 0.5578125 0.5078125
36 0.475 0.43125 0.4390625 0.43125 0.4390625 0.5046875 0.475 0.5046875
25 0.3531250000000001 0.5203125 0.3187500000000001 0.5203125 0.3187500000000001 0.5984375 0.3531250000000001 0.5984375
35 0.3750000000000001 0.6125 0.3375000000000001 0.6125 0.3375000000000001 0.69375 0.3750000000000001 0.69375
28 0.3968750000000001 0.51875 0.36406250000000007 0.51875 0.36406250000000007 0.5953125 0.3968750000000001 0.5953125
22 0.6671875 0.4265625 0.6078125 0.4265625 0.6078125 0.5953125 0.6671875 0.5953125
32 0.10937500000000008 0.615625 0.06718750000000007 0.615625 0.06718750000000008 0.709375 0.10937500000000008 0.709375
50 0.6765625000000001 0.703125 0.6125 0.703125 0.6125 0.7875 0.6765625000000002 0.7875
34 0.55 0.6125 0.515625 0.6125 0.515625 0.690625 0.55 0.690625
56 0.17500000000000004 0.434375 0.13593750000000004 0.434375 0.13593750000000004 0.5203125 0.17500000000000004 0.5203125
44 0.06406250000000008 0.6171875 0.015625000000000076 0.6171875 0.01562500000000008 0.6984375 0.06406250000000009 0.6984375
29 0.4390625 0.5171875 0.40625 0.5171875 0.40625 0.5953125 0.4390625 0.5953125
14 0.51875 0.7046875 0.46875 0.7046875 0.4687500000000001 0.7875 0.5187500000000002 0.7875
33 0.4171875 0.6140625 0.3812500000000001 0.6140625 0.3812500000000001 0.69375 0.4171875 0.69375
7 0.36718750000000006 0.34375000000000006 0.334375 0.34375 0.33437500000000003 0.41875 0.3671875000000001 0.41875
49 0.06875000000000009 0.7109375 0.0031250000000000873 0.7109375 0.003125000000000093 0.80625 0.06875000000000009 0.80625
16 0.24375000000000008 0.615625 0.20312500000000008 0.615625 0.20312500000000008 0.6984375 0.24375000000000008 0.6984375
43 0.18125000000000008 0.5234375 0.13906250000000003 0.5234375 0.13906250000000006 0.6140625 0.18125000000000008 0.6140625
45 0.09375000000000007 0.5203125 0.029687500000000068 0.5203125 0.02968750000000007 0.609375 0.09375000000000007 0.609375
42 0.2609375000000001 0.4328125 0.2234375000000001 0.4328125 0.2234375000000001 0.5140625 0.2609375000000001 0.5140625
20 0.659375 0.34062500000000007 0.5859375 0.34062500000000007 0.5859375 0.415625 0.659375 0.415625
41 0.13281250000000006 0.4328125 0.09062500000000004 0.4328125 0.09062500000000005 0.5203125 0.13281250000000006 0.5203125
6 0.32812500000000006 0.3421875 0.290625 0.3421875 0.290625 0.421875 0.3281250000000001 0.421875
3 0.20156250000000003 0.340625 0.16250000000000003 0.340625 0.16250000000000003 0.43125 0.2015625000000001 0.43125
1 0.11562500000000005 0.3453125 0.07656250000000005 0.3453125 0.07656250000000005 0.43125 0.11562500000000005 0.43125
19 0.2250000000000001 0.5234375 0.18593750000000003 0.5234375 0.18593750000000006 0.6078125 0.2250000000000001 0.6078125
40 0.5046875 0.6125 0.4703125 0.6125 0.4703125 0.6875 0.5046875 0.6875
48 0.5359375 0.34062500000000007 0.503125 0.34062500000000007 0.503125 0.41875 0.5359375 0.41875
10 0.13750000000000007 0.5234375 0.09687500000000007 0.5234375 0.09687500000000007 0.6125 0.1375000000000001 0.6125
51 0.3031250000000001 0.43125 0.2671875000000001 0.43125 0.2671875000000001 0.5109375 0.3031250000000001 0.5109375
12 0.5703125 0.51875 0.534375 0.51875 0.534375 0.5953125 0.5703125 0.5953125
55 0.28593750000000007 0.615625 0.2484375000000001 0.615625 0.2484375000000001 0.6953125 0.28593750000000007 0.6953125
13 0.1703125000000001 0.7109375 0.1140625000000001 0.7109375 0.1140625000000001 0.80625 0.1703125000000001 0.80625
26 0.6125 0.5171875 0.578125 0.5171875 0.578125 0.59375 0.6125 0.59375
58 0.1546875000000001 0.6171875 0.11250000000000009 0.6171875 0.11250000000000009 0.7078125 0.1546875000000001 0.7078125
8 0.409375 0.34062500000000007 0.375 0.34062500000000007 0.37500000000000006 0.421875 0.409375 0.421875
0 0.49375 0.3390625000000001 0.4609375 0.3390625000000001 0.4609375 0.41875 0.49375 0.41875
39 0.6 0.4296875 0.5671875 0.4296875 0.5671875 0.503125 0.6 0.503125
59 0.3453125000000001 0.43125 0.30937500000000007 0.43125 0.30937500000000007 0.50625 0.3453125000000001 0.50625
23 0.2671875000000001 0.521875 0.2296875000000001 0.521875 0.2296875000000001 0.60625 0.2671875000000001 0.60625
30 1 0.22500000000000003 2.7554552980815448e-17 0.225 6.592044098535362e-17 0.8515625 1 0.8515625
53 0.38750000000000007 0.43125 0.3531250000000001 0.43125 0.3531250000000001 0.5078125 0.38750000000000007 0.5078125
17 0.06875000000000005 0.34375 0.035937500000000046 0.34375 0.03593750000000005 0.421875 0.06875000000000005 0.421875
38 0.515625 0.4296875 0.48125 0.4296875 0.48125 0.5046875 0.515625 0.5046875
57 0.1984375000000001 0.615625 0.15625000000000008 0.615625 0.15625000000000008 0.70625 0.1984375000000001 0.70625
11 0.5765625 0.3390625000000001 0.5453125 0.3390625000000001 0.5453125 0.4125 0.5765625 0.4125
31 0.4828125 0.5171875 0.45 0.5171875 0.45 0.5953125 0.4828125 0.5953125
47 0.46562500000000007 0.7109375 0.1703125000000001 0.7109375 0.1703125000000001 0.8 0.4656250000000002 0.8
4 0.24375000000000005 0.340625 0.20625 0.340625 0.20625000000000004 0.4296875 0.24375000000000008 0.4296875
5 0.28437500000000004 0.340625 0.246875 0.340625 0.24687500000000004 0.4296875 0.2843750000000001 0.4296875
15 0.3312500000000001 0.6140625 0.2921875000000001 0.6140625 0.2921875000000001 0.69375 0.3312500000000001 0.69375
2 0.15781250000000005 0.3421875 0.12031250000000004 0.3421875 0.12031250000000004 0.43125 0.15781250000000005 0.43125
46 0.6703125 0.609375 0.559375 0.609375 0.559375 0.6859375 0.6703125 0.6859375
9 0.4515625 0.34062500000000007 0.41875 0.34062500000000007 0.41875 0.4171875 0.4515625 0.4171875
27 0.4296875 0.43125 0.3968750000000001 0.43125 0.3968750000000001 0.503125 0.4296875 0.503125
52 0.09062500000000005 0.4328125 0.03281250000000006 0.4328125 0.032812500000000064 0.5140625 0.09062500000000007 0.5140625
37 0.528125 0.5171875 0.490625 0.5171875 0.490625 0.596875 0.528125 0.596875
18 0.4609375 0.6125 0.428125 0.6125 0.428125 0.6890625 0.4609375 0.6890625