41 0.5546875 0.15625000000000006 0.5125 0.15625000000000006 0.5125 0.18437500000000007 0.5546875 0.1843750000000001
53 0.5625 0.3843750000000001 0.51875 0.3843750000000001 0.51875 0.4125 0.5625 0.4125
52 0.5578125 0.09687500000000007 0.515625 0.09687500000000007 0.515625 0.14375000000000007 0.5578125 0.1437500000000001
7 0.6125 0.36406250000000007 0.5671875 0.36406250000000007 0.5671875 0.3921875000000001 0.6125 0.3921875000000001
35 0.4625 0.3750000000000001 0.41875 0.3750000000000001 0.41875 0.4046875 0.4625 0.4046875
57 0.4578125 0.2234375000000001 0.4140625 0.2234375000000001 0.4140625 0.2515625000000001 0.4578125 0.2515625000000001
28 0.5125 0.3937500000000001 0.46875 0.3937500000000001 0.46875 0.421875 0.5125 0.421875
5 0.6125 0.28593750000000007 0.56875 0.28593750000000007 0.56875 0.3140625000000001 0.6125 0.3140625000000001
55 0.4609375 0.2984375000000001 0.415625 0.2984375000000001 0.415625 0.3265625000000001 0.4609375 0.3265625000000001
49 0.4046875 0.10000000000000005 0.3609375 0.10000000000000005 0.3609375 0.13906250000000003 0.4046875 0.13906250000000003
22 0.56875 0.6078125 0.4703125 0.6078125 0.4703125 0.6609375 0.56875 0.6609375
10 0.5078125 0.16718750000000004 0.4640625 0.16718750000000004 0.4640625 0.19218750000000004 0.5078125 0.19218750000000004
23 0.509375 0.2796875000000001 0.465625 0.2796875000000001 0.465625 0.3062500000000001 0.509375 0.3062500000000001
8 0.6140625 0.4 0.56875 0.4 0.56875 0.4296875 0.6140625 0.4296875
32 0.4578125 0.14687500000000003 0.4140625 0.14687500000000003 0.4140625 0.17343750000000005 0.4578125 0.17343750000000005
50 0.4171875 0.61875 0.3703125000000001 0.61875 0.3703125000000001 0.6640625 0.4171875 0.6640625
15 0.4609375 0.3375000000000001 0.4171875 0.3375000000000001 0.4171875 0.3656250000000001 0.4609375 0.3656250000000001
39 0.5671875 0.571875 0.521875 0.571875 0.521875 0.603125 0.5671875 0.603125
14 0.4140625 0.478125 0.3687500000000001 0.478125 0.3687500000000001 0.5203125 0.4140625 0.5203125
48 0.615625 0.5140625 0.571875 0.5140625 0.571875 0.5453125 0.615625 0.5453125
56 0.559375 0.19218750000000007 0.5171875 0.19218750000000004 0.5171875 0.22031250000000008 0.559375 0.22031250000000008
34 0.465625 0.525 0.421875 0.525 0.421875 0.55625 0.465625 0.55625
38 0.5640625 0.4953125 0.5203125 0.4953125 0.5203125 0.5265625 0.5640625 0.5265625
20 0.6171875 0.5890625 0.571875 0.5890625 0.571875 0.6609375 0.6171875 0.6609375
45 0.5078125 0.09843750000000007 0.4640625 0.09843750000000007 0.4640625 0.14531250000000004 0.5078125 0.14531250000000004
29 0.5140625 0.4296875 0.46875 0.4296875 0.46875 0.4609375 0.5140625 0.4609375
31 0.5140625 0.46875 0.46875 0.46875 0.46875 0.4984375 0.5140625 0.4984375
30 0.6843750000000001 0.03125000000000007 0.334375 0.03125000000000004 0.33437500000000003 0.978125 0.6843750000000002 0.978125
59 0.5609375 0.3453125000000001 0.51875 0.3453125000000001 0.51875 0.3734375000000001 0.5609375 0.3734375000000001
27 0.5625 0.421875 0.5203125 0.421875 0.5203125 0.45 0.5625 0.45
46 0.4671875 0.5640625 0.4203125 0.5640625 0.4203125 0.6609375 0.4671875 0.6609375
36 0.5640625 0.4578125 0.5203125 0.4578125 0.5203125 0.4890625 0.5640625 0.4890625
12 0.515625 0.54375 0.4703125 0.54375 0.4703125 0.575 0.515625 0.575
9 0.6140625 0.4375 0.5703125 0.4375 0.5703125 0.46875 0.6140625 0.46875
13 0.40625 0.19531250000000006 0.3640625 0.19531250000000006 0.3640625 0.2328125000000001 0.40625 0.2328125000000001
16 0.459375 0.2609375000000001 0.415625 0.2609375000000001 0.415625 0.2890625000000001 0.459375 0.2890625000000001
51 0.5609375 0.3078125000000001 0.5203125 0.3078125000000001 0.5203125 0.3359375000000001 0.5609375 0.3359375000000001
54 0.565625 0.534375 0.5203125 0.534375 0.5203125 0.565625 0.565625 0.565625
11 0.6171875 0.553125 0.5734375 0.553125 0.5734375 0.584375 0.6171875 0.584375
47 0.4125 0.24062500000000003 0.3625 0.240625 0.36250000000000004 0.475 0.4125 0.475
3 0.609375 0.2093750000000001 0.5671875 0.2093750000000001 0.5671875 0.2375000000000001 0.609375 0.2375000000000001
24 0.5109375 0.31718750000000007 0.4671875 0.31718750000000007 0.4671875 0.3453125000000001 0.5109375 0.3453125000000001
17 0.6078125 0.09375000000000007 0.5671875 0.09375000000000007 0.5671875 0.12031250000000009 0.6078125 0.12031250000000009
58 0.45625 0.18593750000000003 0.4140625 0.18593750000000003 0.4140625 0.21093750000000008 0.45625 0.21093750000000008
25 0.5109375 0.35625000000000007 0.4671875 0.35625000000000007 0.4671875 0.3843750000000001 0.5109375 0.3843750000000001
42 0.5609375 0.2687500000000001 0.5171875 0.2687500000000001 0.5171875 0.2968750000000001 0.5609375 0.2968750000000001
0 0.615625 0.4765625 0.5703125 0.4765625 0.5703125 0.5078125 0.615625 0.5078125
18 0.4640625 0.4515625 0.4203125 0.4515625 0.4203125 0.48125 0.4640625 0.48125
44 0.45625 0.09843750000000005 0.4125 0.09843750000000004 0.4125 0.13593750000000004 0.45625 0.13593750000000004
2 0.6078125 0.1703125000000001 0.5671875 0.1703125000000001 0.5671875 0.1984375000000001 0.6078125 0.1984375000000001
40 0.4640625 0.4890625 0.4203125 0.4890625 0.4203125 0.5171875 0.4640625 0.5171875
21 0.559375 0.2312500000000001 0.51875 0.2312500000000001 0.51875 0.2593750000000001 0.559375 0.2593750000000001
33 0.4625 0.4125 0.41875 0.4125 0.41875 0.44375 0.4625 0.44375
37 0.5140625 0.50625 0.46875 0.50625 0.46875 0.5375 0.5140625 0.5375
19 0.509375 0.24218750000000008 0.465625 0.24218750000000008 0.465625 0.2687500000000001 0.509375 0.2687500000000001
6 0.6125 0.32500000000000007 0.56875 0.32500000000000007 0.56875 0.3531250000000001 0.6125 0.3531250000000001
1 0.6078125 0.1312500000000001 0.5671875 0.1312500000000001 0.5671875 0.1593750000000001 0.6078125 0.1593750000000001
4 0.6125 0.2484375000000001 0.56875 0.2484375000000001 0.56875 0.2750000000000001 0.6125 0.2750000000000001
43 0.509375 0.20312500000000008 0.465625 0.20312500000000008 0.465625 0.2312500000000001 0.509375 0.2312500000000001
26 0.5171875 0.5796875 0.471875 0.5796875 0.471875 0.6125 0.5171875 0.6125