58 0.4031250000000002 0.8625 0.35625000000000007 0.8625 0.35625000000000007 0.8984375 0.4031250000000002 0.8984375
25 0.459375 0.653125 0.4140625 0.653125 0.4140625 0.6859375 0.459375 0.6859375
7 0.5765625 0.6390625 0.53125 0.6390625 0.53125 0.6703125 0.5765625 0.6703125
34 0.3984375000000001 0.4546875 0.3546875000000001 0.4546875 0.3546875000000001 0.4875 0.3984375000000001 0.4875
48 0.571875 0.4640625 0.528125 0.4640625 0.528125 0.496875 0.571875 0.496875
44 0.40625000000000017 0.953125 0.3578125000000001 0.953125 0.3578125000000001 1 0.40625000000000017 1
37 0.459375 0.4765625 0.4125 0.4765625 0.4125 0.509375 0.459375 0.509375
18 0.4 0.54375 0.3546875000000001 0.54375 0.3546875000000001 0.5765625 0.4 0.5765625
54 0.5140625 0.4421875 0.46875 0.4421875 0.46875 0.475 0.5140625 0.475
57 0.4031250000000002 0.8171875 0.35625000000000007 0.8171875 0.35625000000000007 0.8515625 0.4031250000000002 0.8515625
21 0.5218750000000002 0.79375 0.47187500000000016 0.79375 0.47187500000000016 0.8296875 0.5218750000000002 0.8296875
42 0.5187500000000002 0.753125 0.46875000000000017 0.753125 0.46875000000000017 0.7875 0.5187500000000002 0.7875
49 0.3453125000000001 0.9484375 0.2953125000000001 0.9484375 0.2953125000000001 1 0.3453125000000001 1
50 0.33593750000000006 0.328125 0.2859375 0.328125 0.28593750000000007 0.3859375 0.3359375000000001 0.3859375
39 0.5140625 0.4015625 0.46875 0.4015625 0.46875 0.4328125 0.5140625 0.4328125
9 0.5734375 0.5515625 0.5296875 0.5515625 0.5296875 0.584375 0.5734375 0.584375
46 0.39687500000000003 0.3296875 0.3515625 0.3296875 0.35156250000000006 0.4421875 0.3968750000000001 0.4421875
19 0.4593750000000002 0.7875 0.40937500000000016 0.7875 0.40937500000000016 0.821875 0.4593750000000002 0.821875
8 0.5734375 0.5953125 0.5296875 0.5953125 0.5296875 0.628125 0.5734375 0.628125
47 0.34062500000000007 0.5421875 0.2875000000000001 0.5421875 0.2875000000000001 0.8359375 0.34062500000000007 0.8359375
20 0.5703125 0.3343750000000001 0.5265625 0.3343750000000001 0.5265625 0.409375 0.5703125 0.409375
36 0.515625 0.53125 0.471875 0.53125 0.471875 0.5640625 0.515625 0.5640625
27 0.5171875 0.575 0.4734375 0.575 0.4734375 0.60625 0.5171875 0.60625
2 0.5812500000000002 0.8640625 0.5343750000000002 0.8640625 0.5343750000000002 0.8984375 0.5812500000000002 0.8984375
38 0.5140625 0.4875 0.4703125 0.4875 0.4703125 0.51875 0.5140625 0.51875
26 0.45625 0.3890625000000001 0.4109375 0.3890625000000001 0.4109375 0.4203125 0.45625 0.4203125
35 0.4015625 0.6328125 0.3546875000000001 0.6328125 0.3546875000000001 0.6671875 0.4015625 0.6671875
16 0.4031250000000002 0.7703125 0.35625000000000007 0.7703125 0.35625000000000007 0.8046875 0.4031250000000002 0.8046875
33 0.4015625 0.5875 0.3546875000000001 0.5875 0.3546875000000001 0.621875 0.4015625 0.621875
56 0.5234375000000002 0.8390625 0.4734375000000002 0.8390625 0.4734375000000002 0.875 0.5234375000000002 0.875
0 0.5734375 0.50625 0.5296875 0.50625 0.5296875 0.540625 0.5734375 0.540625
5 0.5781250000000002 0.728125 0.5328125000000001 0.728125 0.5328125000000001 0.7625 0.5781250000000002 0.7625
52 0.5250000000000001 0.9328125 0.4781250000000002 0.9328125 0.4781250000000002 0.9890625 0.5250000000000001 0.9890625
31 0.459375 0.5203125 0.4125 0.5203125 0.4125 0.553125 0.459375 0.553125
53 0.51875 0.6203125 0.4734375 0.6203125 0.4734375 0.6515625 0.51875 0.6515625
55 0.40312500000000007 0.7234375 0.35625000000000007 0.7234375 0.35625000000000007 0.7578125 0.4031250000000002 0.7578125
40 0.3984375000000001 0.4984375 0.3546875000000001 0.4984375 0.3546875000000001 0.5296875 0.3984375000000001 0.5296875
24 0.4625000000000001 0.6984375 0.415625 0.6984375 0.4156250000000001 0.73125 0.4625000000000002 0.73125
30 0.6546875000000001 0.003125000000000056 0.259375 0.003125000000000032 0.259375 1 0.6546875000000002 1
17 0.5859375000000002 0.9578125 0.5390625000000002 0.9578125 0.5390625000000002 0.9890625 0.5859375000000002 0.9890625
4 0.5796875000000001 0.7734375 0.5343750000000002 0.7734375 0.5343750000000002 0.80625 0.5796875000000001 0.80625
32 0.4046875000000002 0.909375 0.3578125000000001 0.909375 0.3578125000000001 0.946875 0.4046875000000002 0.946875
45 0.4656250000000002 0.9265625 0.41718750000000016 0.9265625 0.41718750000000016 0.996875 0.4656250000000002 0.996875
29 0.459375 0.5640625 0.4140625 0.5640625 0.4140625 0.596875 0.459375 0.596875
22 0.5140625 0.3312500000000001 0.4078125 0.3312500000000001 0.4078125 0.38750000000000007 0.5140625 0.38750000000000007
3 0.5796875000000001 0.81875 0.5328125000000001 0.81875 0.5328125000000001 0.853125 0.5796875000000001 0.853125
13 0.3453125000000001 0.8421875 0.2953125000000001 0.8421875 0.2953125000000001 0.8921875 0.3453125000000001 0.8921875
1 0.5828125000000002 0.9109375 0.5375000000000002 0.9109375 0.5375000000000002 0.9421875 0.5828125000000002 0.9421875
15 0.403125 0.678125 0.35625000000000007 0.678125 0.35625000000000007 0.7125 0.403125 0.7125
51 0.5203125000000001 0.709375 0.4765625 0.709375 0.4765625000000001 0.740625 0.5203125000000002 0.740625
6 0.578125 0.6828125 0.53125 0.6828125 0.53125 0.715625 0.578125 0.715625
28 0.4609375 0.609375 0.4140625 0.609375 0.4140625 0.64375 0.4609375 0.64375
14 0.3390625000000001 0.4859375 0.2906250000000001 0.4859375 0.2906250000000001 0.5328125 0.3390625000000001 0.5328125
59 0.51875 0.6625 0.475 0.6625 0.475 0.6953125 0.51875 0.6953125
11 0.571875 0.421875 0.528125 0.421875 0.528125 0.453125 0.571875 0.453125
10 0.46406250000000016 0.878125 0.4125000000000002 0.878125 0.4125000000000002 0.915625 0.46406250000000016 0.915625
12 0.4578125 0.43125 0.4109375 0.43125 0.4109375 0.4640625 0.4578125 0.4640625
41 0.5234375000000002 0.8890625 0.47656250000000017 0.8890625 0.47656250000000017 0.9234375 0.5234375000000002 0.9234375
23 0.46093750000000017 0.7421875 0.4109375000000002 0.7421875 0.4109375000000002 0.7765625 0.46093750000000017 0.7765625
43 0.4625000000000002 0.8328125 0.4125000000000002 0.8328125 0.4125000000000002 0.86875 0.4625000000000002 0.86875