17 0.3734375 0.043750000000000046 0.3359375 0.043750000000000046 0.3359375 0.07031250000000004 0.3734375 0.07031250000000004
59 0.3875 0.30468750000000006 0.346875 0.3046875 0.346875 0.33281250000000007 0.3875 0.33281250000000007
9 0.32500000000000007 0.396875 0.2843750000000001 0.396875 0.2843750000000001 0.4265625 0.32500000000000007 0.4265625
35 0.484375 0.34062500000000007 0.440625 0.34062500000000007 0.440625 0.3734375000000001 0.484375 0.3734375000000001
58 0.5140625 0.14218750000000005 0.4734375 0.14218750000000005 0.4734375 0.17031250000000003 0.5140625 0.17031250000000003
53 0.38125000000000003 0.34218750000000003 0.3421875 0.3421875 0.34218750000000003 0.37187500000000007 0.3812500000000001 0.37187500000000007
0 0.3187500000000001 0.434375 0.2796875000000001 0.434375 0.2796875000000001 0.465625 0.3187500000000001 0.465625
21 0.40625 0.18750000000000006 0.365625 0.18750000000000006 0.365625 0.2156250000000001 0.40625 0.2156250000000001
40 0.465625 0.4578125 0.425 0.4578125 0.425 0.490625 0.465625 0.490625
12 0.40625 0.509375 0.3656250000000001 0.509375 0.3656250000000001 0.5390625 0.40625 0.5390625
47 0.559375 0.2140625000000001 0.484375 0.2140625000000001 0.484375 0.4375 0.559375 0.4375
37 0.4140625 0.471875 0.3734375000000001 0.471875 0.3734375000000001 0.503125 0.4140625 0.503125
29 0.425 0.39531250000000007 0.3843750000000001 0.39531250000000007 0.3843750000000001 0.4265625 0.425 0.4265625
55 0.4953125 0.26250000000000007 0.4546875 0.26250000000000007 0.4546875 0.2906250000000001 0.4953125 0.2906250000000001
25 0.4375 0.3187500000000001 0.396875 0.3187500000000001 0.396875 0.34843750000000007 0.4375 0.34843750000000007
10 0.46875 0.12031250000000004 0.425 0.12031250000000004 0.425 0.14687500000000003 0.46875 0.14687500000000003
44 0.5296875 0.050000000000000065 0.4859375 0.050000000000000065 0.4859375 0.08906250000000007 0.5296875 0.08906250000000007
3 0.359375 0.16406250000000006 0.315625 0.16406250000000006 0.315625 0.19218750000000004 0.359375 0.19218750000000004
5 0.346875 0.240625 0.30625 0.240625 0.30625 0.26875 0.346875 0.26875
33 0.4765625 0.3781250000000001 0.4359375 0.3781250000000001 0.4359375 0.4125 0.4765625 0.4125
42 0.4 0.22812500000000005 0.359375 0.228125 0.359375 0.25625000000000003 0.4 0.2562500000000001
8 0.33125000000000004 0.3578125 0.290625 0.3578125 0.290625 0.3859375 0.3312500000000001 0.3859375
1 0.3703125 0.08281250000000004 0.3296875 0.08281250000000004 0.3296875 0.11093750000000005 0.3703125 0.11093750000000005
11 0.3062500000000001 0.509375 0.2671875000000001 0.509375 0.2671875000000001 0.5375 0.3062500000000001 0.5375
24 0.4421875 0.2796875000000001 0.4015625 0.2796875000000001 0.4015625 0.3078125000000001 0.4421875 0.3078125000000001
36 0.3687500000000001 0.41875 0.3312500000000001 0.41875 0.3312500000000001 0.45 0.3687500000000001 0.45
2 0.3640625 0.12187500000000004 0.3203125 0.12187500000000004 0.3203125 0.15312500000000004 0.3640625 0.15312500000000004
30 0.6359375 4.793344112287687e-17 0.146875 1.798699986247675e-17 0.14687500000000006 0.9828125 0.6359375000000002 0.9828125
52 0.4265625 0.04843750000000005 0.3828125 0.04843750000000004 0.3828125 0.09531250000000005 0.4265625 0.09531250000000005
39 0.3546875000000001 0.5328125 0.3140625000000001 0.5328125 0.3140625000000001 0.5640625 0.3546875000000001 0.5640625
26 0.4015625 0.546875 0.3609375000000001 0.546875 0.3609375000000001 0.578125 0.4015625 0.578125
31 0.41875 0.4328125 0.3781250000000001 0.4328125 0.3781250000000001 0.4625 0.41875 0.4625
56 0.4140625 0.14687500000000003 0.3703125 0.14687500000000003 0.3703125 0.17656250000000004 0.4140625 0.17656250000000004
50 0.4984375 0.584375 0.4484375 0.584375 0.4484375 0.640625 0.4984375 0.640625
6 0.3421875 0.28125 0.3015625 0.28125 0.3015625 0.309375 0.3421875 0.309375
18 0.4703125 0.41875 0.4296875 0.41875 0.4296875 0.45 0.4703125 0.45
23 0.4484375 0.2406250000000001 0.4078125 0.2406250000000001 0.4078125 0.2687500000000001 0.4484375 0.2687500000000001
16 0.5015625 0.2218750000000001 0.4609375 0.2218750000000001 0.4609375 0.2531250000000001 0.5015625 0.2531250000000001
34 0.459375 0.4953125 0.41875 0.4953125 0.41875 0.5265625 0.459375 0.5265625
45 0.478125 0.04843750000000006 0.434375 0.04843750000000006 0.434375 0.10468750000000004 0.478125 0.10468750000000004
20 0.30156250000000007 0.546875 0.2578125000000001 0.546875 0.2578125000000001 0.6125 0.30156250000000007 0.6125
32 0.5203125 0.10000000000000005 0.4796875 0.10000000000000005 0.4796875 0.12812500000000004 0.5203125 0.12812500000000004
22 0.3984375000000001 0.5703125 0.3046875000000001 0.5703125 0.3046875000000001 0.625 0.3984375000000001 0.625
57 0.5078125 0.18281250000000004 0.4671875 0.18281250000000004 0.4671875 0.21093750000000008 0.5078125 0.21093750000000008
51 0.39375 0.26562500000000006 0.353125 0.265625 0.353125 0.29375000000000007 0.39375 0.29375000000000007
4 0.3546875 0.2015625 0.3109375 0.2015625 0.3109375 0.2296875 0.3546875 0.2296875
7 0.3359375 0.3203125 0.2953125 0.3203125 0.2953125 0.3484375 0.3359375 0.3484375
19 0.4546875 0.2000000000000001 0.4140625 0.2000000000000001 0.4140625 0.22812500000000008 0.4546875 0.22812500000000008
46 0.453125 0.534375 0.4046875 0.534375 0.4046875 0.63125 0.453125 0.63125
41 0.4171875 0.10625000000000004 0.3765625 0.10625000000000004 0.3765625 0.13437500000000005 0.4171875 0.13437500000000005
13 0.56875 0.16250000000000006 0.51875 0.16250000000000003 0.51875 0.21250000000000008 0.56875 0.21250000000000008
49 0.5859375 0.050000000000000065 0.534375 0.050000000000000065 0.534375 0.10312500000000006 0.5859375 0.10312500000000009
15 0.4890625 0.30156250000000007 0.4484375 0.30156250000000007 0.4484375 0.33281250000000007 0.4890625 0.33281250000000007
48 0.3125000000000001 0.471875 0.2718750000000001 0.471875 0.2718750000000001 0.5015625 0.3125000000000001 0.5015625
38 0.36406250000000007 0.4578125 0.3265625000000001 0.4578125 0.3265625000000001 0.4890625 0.36406250000000007 0.4890625
27 0.3750000000000001 0.38281250000000006 0.3375000000000001 0.3828125 0.3375000000000001 0.4109375 0.3750000000000001 0.4109375
28 0.4296875 0.35625000000000007 0.3890625 0.35625000000000007 0.38906250000000003 0.3859375000000001 0.4296875 0.3859375000000001
43 0.4609375 0.16093750000000004 0.4203125 0.16093750000000004 0.4203125 0.18906250000000005 0.4609375 0.18906250000000005
54 0.3593750000000001 0.4953125 0.3203125000000001 0.4953125 0.3203125000000001 0.5265625 0.3593750000000001 0.5265625
14 0.51875 0.440625 0.475 0.440625 0.475 0.484375 0.51875 0.484375