39 0.53125 0.40625 0.440625 0.40625 0.440625 0.4375 0.53125 0.4375
33 0.7671875 0.5937500000000001 0.6765625 0.59375 0.6765625 0.6265625000000001 0.7671875 0.6265625000000001
5 0.4187500000000002 0.7421875 0.3218750000000001 0.7421875 0.3218750000000001 0.7734375 0.4187500000000002 0.7734375
7 0.4171875 0.653125 0.3203125000000001 0.653125 0.3203125000000001 0.684375 0.4171875 0.684375
36 0.534375 0.5390625 0.44375 0.5390625 0.44375 0.5703125 0.534375 0.5703125
52 0.5390625000000002 0.9421875 0.44843750000000016 0.9421875 0.44843750000000016 0.9953125 0.5390625000000002 0.9953125
8 0.41875 0.6078125 0.3187500000000001 0.6078125 0.3187500000000001 0.6390625 0.41875 0.6390625
22 0.65 0.34062500000000007 0.440625 0.34062500000000007 0.440625 0.3906250000000001 0.65 0.3906250000000001
9 0.41875 0.5609375 0.3187500000000001 0.5609375 0.3187500000000001 0.59375 0.41875 0.59375
59 0.534375 0.6734375 0.4453125 0.6734375 0.4453125 0.7046875 0.534375 0.7046875
3 0.42187500000000017 0.83125 0.32500000000000007 0.83125 0.32500000000000007 0.8625 0.42187500000000017 0.8625
44 0.7671875000000001 0.953125 0.6828125000000002 0.953125 0.6828125000000002 0.9953125 0.7671875000000001 0.9953125
40 0.7625 0.5046875000000001 0.675 0.5046875 0.675 0.5359375000000001 0.7625 0.5359375000000002
1 0.42187500000000017 0.9203125 0.3218750000000001 0.9203125 0.3218750000000001 0.9515625 0.42187500000000017 0.9515625
23 0.6515625000000002 0.7515625 0.5609375000000002 0.7515625 0.5609375000000002 0.7828125 0.6515625000000002 0.7828125
32 0.7718750000000002 0.9078125 0.6781250000000002 0.9078125 0.6781250000000002 0.940625 0.7718750000000002 0.940625
13 0.8875 0.8390625 0.7937500000000002 0.8390625 0.7937500000000002 0.8828125 0.8875 0.8828125
29 0.6515625 0.571875 0.5609375 0.571875 0.5609375 0.603125 0.6515625 0.603125
14 0.8875 0.5015625000000001 0.79375 0.5015625000000001 0.79375 0.5500000000000002 0.8875 0.5500000000000002
46 0.759375 0.3390625000000001 0.675 0.3390625000000001 0.675 0.4468750000000001 0.759375 0.4468750000000002
4 0.4156250000000002 0.7859375 0.3218750000000001 0.7859375 0.3218750000000001 0.8171875 0.4156250000000002 0.8171875
21 0.5343750000000002 0.8078125 0.4437500000000002 0.8078125 0.4437500000000002 0.8390625 0.5343750000000002 0.8390625
57 0.7656250000000002 0.81875 0.6781250000000002 0.81875 0.6781250000000002 0.85 0.7656250000000002 0.85
10 0.6578125000000001 0.8859375 0.5640625000000001 0.8859375 0.5640625000000001 0.9171875 0.6578125000000001 0.9171875
49 0.903125 0.9484375 0.7968750000000002 0.9484375 0.7968750000000002 0.9953125 0.903125 0.9953125
53 0.534375 0.628125 0.44375 0.628125 0.44375 0.659375 0.534375 0.659375
48 0.41875 0.471875 0.3218750000000001 0.471875 0.3218750000000001 0.503125 0.41875 0.503125
58 0.7671875000000001 0.8640625 0.6781250000000002 0.8640625 0.6781250000000002 0.8953125 0.7671875000000001 0.8953125
26 0.6515625 0.39531250000000007 0.5578125 0.39531250000000007 0.5578125 0.4265625 0.6515625 0.4265625
55 0.7640625000000002 0.7296875 0.6750000000000002 0.7296875 0.6750000000000002 0.7609375 0.7640625000000002 0.7609375000000002
17 0.4187500000000002 0.965625 0.3218750000000001 0.965625 0.3218750000000001 0.996875 0.4187500000000002 0.996875
34 0.7625 0.4625000000000001 0.675 0.4625 0.675 0.4937500000000001 0.7625 0.4937500000000002
18 0.7625 0.55 0.675 0.55 0.675 0.58125 0.7625 0.5812500000000002
45 0.6562500000000002 0.9296875 0.5656250000000002 0.9296875 0.5656250000000002 0.9921875 0.6562500000000002 0.9921875
51 0.5312500000000001 0.71875 0.4421875 0.71875 0.44218750000000007 0.75 0.5312500000000002 0.75
56 0.5375000000000002 0.853125 0.4437500000000002 0.853125 0.4437500000000002 0.884375 0.5375000000000002 0.884375
20 0.4171875 0.33906250000000004 0.3203125 0.3390625 0.32031250000000006 0.4140625 0.4171875 0.4140625
41 0.5375000000000002 0.896875 0.4437500000000002 0.896875 0.4437500000000002 0.9296875 0.5375000000000002 0.9296875
50 0.8796875 0.3359375000000001 0.7890625 0.3359375000000001 0.7890625 0.3828125000000001 0.8796875 0.3828125000000001
24 0.6546875000000001 0.70625 0.5640625 0.70625 0.5640625000000001 0.7375 0.6546875000000002 0.7375
35 0.7640625 0.6375000000000001 0.675 0.6375 0.675 0.6703125000000001 0.7640625 0.6703125000000002
19 0.6546875000000002 0.7953125 0.5640625000000001 0.7953125 0.5640625000000001 0.8265625 0.6546875000000002 0.8265625
0 0.41875 0.5171875 0.3187500000000001 0.5171875 0.3187500000000001 0.55 0.41875 0.55
43 0.6546875000000002 0.8421875 0.5640625000000001 0.8421875 0.5640625000000001 0.8734375 0.6546875000000002 0.8734375
47 0.8875 0.5578125000000002 0.79375 0.5578125000000002 0.7937500000000001 0.828125 0.8875 0.828125
11 0.4140625 0.428125 0.32500000000000007 0.428125 0.32500000000000007 0.459375 0.4140625 0.459375
31 0.6515625 0.528125 0.5609375 0.528125 0.5609375 0.559375 0.6515625 0.559375
30 1 6.850368032730508e-17 0.11875 1.4542680739874818e-17 0.11875000000000006 1 1 1
2 0.4187500000000002 0.875 0.32500000000000007 0.875 0.32500000000000007 0.9078125 0.4187500000000002 0.9078125
38 0.534375 0.4953125 0.44375 0.4953125 0.44375 0.5265625 0.534375 0.5265625
16 0.7640625000000002 0.7750000000000001 0.6750000000000002 0.775 0.6750000000000002 0.80625 0.7640625000000002 0.80625
25 0.6515625 0.6625 0.5609375 0.6625 0.5609375 0.69375 0.6515625 0.69375
54 0.534375 0.45 0.44375 0.45 0.44375 0.48125 0.534375 0.48125
28 0.6515625 0.61875 0.5609375 0.61875 0.5609375 0.646875 0.6515625 0.646875
27 0.5296875 0.584375 0.4421875 0.584375 0.4421875 0.615625 0.5296875 0.615625
15 0.7640625 0.6843750000000001 0.675 0.684375 0.675 0.7156250000000001 0.7640625 0.7156250000000002
6 0.4171875000000001 0.696875 0.3203125000000001 0.696875 0.3203125000000001 0.728125 0.41718750000000016 0.728125
37 0.6546875 0.4828125 0.5609375 0.4828125 0.5609375 0.5140625 0.6546875 0.5140625
42 0.5343750000000002 0.7640625 0.4437500000000002 0.7640625 0.4437500000000002 0.7953125 0.5343750000000002 0.7953125
12 0.6515625 0.4390625 0.5609375 0.4390625 0.5609375 0.4703125 0.6515625 0.4703125