42 0.3125000000000001 0.5640625 0.27812500000000007 0.5640625 0.27812500000000007 0.615625 0.3125000000000001 0.615625
28 0.4625 0.6203125 0.428125 0.6203125 0.428125 0.6734375 0.4625 0.6734375
20 0.734375 0.4906250000000001 0.659375 0.490625 0.659375 0.5406250000000001 0.734375 0.5406250000000001
48 0.6046875 0.4921875 0.5734375 0.4921875 0.5734375 0.5390625 0.6046875 0.5390625
26 0.6875 0.6140625 0.653125 0.6140625 0.653125 0.665625 0.6875 0.665625
52 0.1281250000000001 0.5703125 0.07031250000000007 0.5703125 0.07031250000000007 0.6203125 0.1281250000000001 0.6203125
15 0.3921875000000001 0.6890625 0.3578125000000001 0.6890625 0.3578125000000001 0.7421875 0.3921875000000001 0.7421875
56 0.2218750000000001 0.56875 0.18750000000000008 0.56875 0.18750000000000008 0.61875 0.2218750000000001 0.61875
43 0.2296875000000001 0.6296875 0.19531250000000008 0.6296875 0.19531250000000008 0.6828125 0.2296875000000001 0.6828125
7 0.428125 0.4984375 0.39531250000000007 0.4984375 0.39531250000000007 0.5453125 0.428125 0.5453125
57 0.2500000000000001 0.69375 0.2156250000000001 0.69375 0.2156250000000001 0.746875 0.2500000000000001 0.746875
29 0.5078125 0.61875 0.4734375 0.61875 0.4734375 0.6703125 0.5078125 0.6703125
6 0.3828125000000001 0.4984375 0.3500000000000001 0.4984375 0.3500000000000001 0.5453125 0.3828125000000001 0.5453125
9 0.5171875 0.4953125 0.484375 0.4953125 0.484375 0.5421875 0.5171875 0.5421875
31 0.553125 0.61875 0.51875 0.61875 0.51875 0.6703125 0.553125 0.6703125
45 0.1375000000000001 0.6328125 0.06562500000000007 0.6328125 0.06562500000000007 0.6859375 0.1375000000000001 0.6859375
38 0.584375 0.5546875 0.55 0.5546875 0.55 0.6046875 0.584375 0.6046875
58 0.20312500000000008 0.696875 0.1671875000000001 0.696875 0.1671875000000001 0.7484375 0.20312500000000008 0.7484375
53 0.4515625 0.559375 0.4171875 0.559375 0.4171875 0.609375 0.4515625 0.609375
35 0.4390625000000001 0.6890625 0.403125 0.6890625 0.40312500000000007 0.740625 0.4390625000000002 0.740625
1 0.15156250000000007 0.5046875 0.11875000000000005 0.5046875 0.11875000000000006 0.553125 0.1515625000000001 0.553125
14 0.5812500000000002 0.7484375 0.5343750000000002 0.7484375 0.5343750000000002 0.803125 0.5812500000000002 0.803125
44 0.10937500000000008 0.7 0.05937500000000009 0.7 0.05937500000000009 0.753125 0.10937500000000008 0.753125
46 0.7484375000000001 0.6765625000000001 0.6359375 0.6765625 0.6359375 0.7296875 0.7484375000000002 0.7296875000000002
37 0.5984375 0.615625 0.5640625 0.615625 0.5640625 0.66875 0.5984375 0.66875
33 0.4859375000000001 0.6859375 0.4515625 0.6859375 0.4515625000000001 0.7390625 0.4859375000000002 0.7390625
47 0.5265625000000002 0.753125 0.23437500000000008 0.753125 0.23437500000000008 0.8171875 0.5265625000000002 0.8171875
21 0.2656250000000001 0.565625 0.2312500000000001 0.565625 0.2312500000000001 0.615625 0.2656250000000001 0.615625
39 0.6734375 0.553125 0.6390625 0.553125 0.6390625 0.6046875 0.6734375 0.6046875
12 0.64375 0.615625 0.609375 0.615625 0.609375 0.6671875 0.64375 0.6671875
19 0.27812500000000007 0.6296875 0.24375000000000008 0.6296875 0.24375000000000008 0.6828125 0.27812500000000007 0.6828125
4 0.2921875000000001 0.503125 0.2578125000000001 0.503125 0.2578125000000001 0.55 0.2921875000000001 0.55
2 0.2000000000000001 0.5046875 0.16562500000000005 0.5046875 0.16562500000000008 0.5515625 0.2000000000000001 0.5515625
25 0.4171875 0.6234375 0.3828125000000001 0.6234375 0.3828125000000001 0.675 0.4171875 0.675
22 0.74375 0.5484375000000001 0.6828125 0.5484375 0.6828125 0.6640625000000001 0.74375 0.6640625000000002
16 0.2984375000000001 0.6921875 0.2640625000000001 0.6921875 0.2640625000000001 0.7453125 0.2984375000000001 0.7453125
40 0.5781250000000001 0.6828125 0.54375 0.6828125 0.5437500000000001 0.734375 0.5781250000000002 0.734375
49 0.10312500000000009 0.7671875 0.05312500000000009 0.7671875 0.0531250000000001 0.821875 0.10312500000000009 0.821875
51 0.3593750000000001 0.5640625 0.3265625000000001 0.5640625 0.3265625000000001 0.6140625 0.3593750000000001 0.6140625
11 0.6484375 0.4921875 0.615625 0.4921875 0.615625 0.5390625 0.6484375 0.5390625
17 0.10468750000000007 0.5078125 0.07031250000000007 0.5078125 0.07031250000000007 0.5546875 0.10468750000000009 0.5546875
30 0.934375 0.37968750000000007 0.025000000000000043 0.3796875 0.025000000000000078 0.8921875 0.934375 0.8921875
23 0.3234375000000001 0.6265625 0.2890625000000001 0.6265625 0.2890625000000001 0.6796875 0.3234375000000001 0.6796875
59 0.4046875 0.5609375 0.37187500000000007 0.5609375 0.37187500000000007 0.6109375 0.4046875 0.6109375
13 0.2250000000000001 0.7609375 0.1750000000000001 0.7609375 0.1750000000000001 0.81875 0.2250000000000001 0.81875
5 0.3375000000000001 0.5 0.3031250000000001 0.5 0.3031250000000001 0.5484375 0.3375000000000001 0.5484375
55 0.3453125000000001 0.690625 0.3109375000000001 0.690625 0.3109375000000001 0.74375 0.3453125000000001 0.74375
50 0.7562500000000002 0.7421875000000001 0.7062500000000002 0.7421875 0.7062500000000002 0.7984375000000001 0.7562500000000002 0.7984375000000001
3 0.2453125000000001 0.5015625 0.21093750000000008 0.5015625 0.21093750000000008 0.5515625 0.2453125000000001 0.5515625
10 0.1828125000000001 0.6328125 0.14843750000000008 0.6328125 0.14843750000000008 0.6859375 0.1828125000000001 0.6859375
54 0.6296875 0.5515625 0.5953125 0.5515625 0.5953125 0.6046875 0.6296875 0.6046875
8 0.471875 0.4953125 0.4390625 0.4953125 0.4390625 0.5421875 0.471875 0.5421875
27 0.4953125 0.5578125 0.4609375 0.5578125 0.4609375 0.6078125 0.4953125 0.6078125
18 0.5328125000000001 0.6828125 0.4984375 0.6828125 0.4984375000000001 0.7359375 0.5328125000000001 0.7359375
24 0.3703125000000001 0.625 0.3359375000000001 0.625 0.3359375000000001 0.678125 0.3703125000000001 0.678125
0 0.5609375 0.4921875 0.5265625 0.4921875 0.5265625 0.540625 0.5609375 0.540625
36 0.540625 0.5546875 0.50625 0.5546875 0.50625 0.6046875 0.540625 0.6046875
41 0.17343750000000008 0.5671875 0.1390625000000001 0.5671875 0.1390625000000001 0.61875 0.17343750000000008 0.61875
34 0.6234375000000001 0.68125 0.5890625 0.68125 0.5890625 0.734375 0.6234375000000002 0.734375
32 0.1546875000000001 0.6984375 0.11875000000000009 0.6984375 0.11875000000000009 0.7515625 0.1546875000000001 0.7515625