36 0.5296875 0.4453125 0.496875 0.4453125 0.496875 0.4765625 0.5296875 0.4765625
50 0.4046875 0.6296875 0.3734375000000001 0.6296875 0.3734375000000001 0.6734375 0.4046875 0.6734375
51 0.53125 0.2734375000000001 0.496875 0.2734375000000001 0.496875 0.3046875000000001 0.53125 0.3046875000000001
32 0.44375 0.09062500000000004 0.409375 0.09062500000000004 0.409375 0.12187500000000004 0.44375 0.12187500000000004
39 0.53125 0.575 0.496875 0.575 0.496875 0.60625 0.53125 0.60625
44 0.44375 0.03593750000000005 0.4125 0.03593750000000005 0.4125 0.07656250000000005 0.44375 0.07656250000000005
1 0.5734375 0.07812500000000007 0.5375 0.07812500000000007 0.5375 0.10937500000000007 0.5734375 0.10937500000000008
41 0.5296875 0.10000000000000005 0.4953125 0.10000000000000005 0.4953125 0.13125000000000003 0.5296875 0.13125000000000003
57 0.4453125 0.17656250000000004 0.4140625 0.17656250000000004 0.4140625 0.2078125000000001 0.4453125 0.2078125000000001
13 0.403125 0.14375000000000004 0.3703125 0.14375000000000004 0.3703125 0.18750000000000006 0.403125 0.18750000000000006
23 0.4875 0.24375000000000008 0.45625 0.24375000000000008 0.45625 0.2718750000000001 0.4875 0.2718750000000001
10 0.4859375 0.11093750000000005 0.453125 0.11093750000000005 0.453125 0.14218750000000005 0.4859375 0.14218750000000005
8 0.5734375 0.3812500000000001 0.5375 0.3812500000000001 0.5375 0.4125 0.5734375 0.4125
31 0.4875 0.459375 0.45625 0.459375 0.45625 0.4875 0.4875 0.4875
40 0.446875 0.48125 0.415625 0.48125 0.415625 0.509375 0.446875 0.509375
43 0.4859375 0.15468750000000003 0.453125 0.15468750000000003 0.453125 0.18593750000000003 0.4859375 0.18593750000000003
3 0.5734375 0.16406250000000006 0.5375 0.16406250000000006 0.5375 0.19531250000000006 0.5734375 0.19531250000000008
20 0.5734375 0.596875 0.5390625 0.596875 0.5390625 0.671875 0.5734375 0.671875
34 0.446875 0.521875 0.415625 0.521875 0.415625 0.553125 0.446875 0.553125
24 0.4859375 0.2843750000000001 0.4546875 0.2843750000000001 0.4546875 0.3156250000000001 0.4859375 0.3156250000000001
9 0.5734375 0.425 0.5390625 0.425 0.5390625 0.45625 0.5734375 0.45625
53 0.5296875 0.3593750000000001 0.496875 0.3593750000000001 0.496875 0.3906250000000001 0.5296875 0.3906250000000001
0 0.5734375 0.46875 0.5375 0.46875 0.5375 0.5 0.5734375 0.5
11 0.5734375 0.553125 0.540625 0.553125 0.540625 0.584375 0.5734375 0.584375
12 0.4875 0.54375 0.4546875 0.54375 0.4546875 0.575 0.4875 0.575
6 0.5734375 0.2953125000000001 0.5390625 0.2953125000000001 0.5390625 0.3265625000000001 0.5734375 0.3265625000000001
27 0.5296875 0.403125 0.4984375 0.403125 0.4984375 0.434375 0.5296875 0.434375
15 0.4453125 0.3062500000000001 0.4140625 0.3062500000000001 0.4140625 0.3375000000000001 0.4453125 0.3375000000000001
54 0.53125 0.5328125 0.4984375 0.5328125 0.4984375 0.5640625 0.53125 0.5640625
16 0.4453125 0.21875000000000008 0.4140625 0.21875000000000008 0.4140625 0.2500000000000001 0.4453125 0.2500000000000001
5 0.5734375 0.2515625000000001 0.5375 0.2515625000000001 0.5375 0.2828125000000001 0.5734375 0.2828125000000001
42 0.5296875 0.2296875000000001 0.496875 0.2296875000000001 0.496875 0.2609375000000001 0.5296875 0.2609375000000001
33 0.4453125 0.3921875000000001 0.4125 0.3921875000000001 0.4125 0.425 0.4453125 0.425
25 0.4875 0.3281250000000001 0.4546875 0.3281250000000001 0.4546875 0.3593750000000001 0.4875 0.3593750000000001
22 0.5296875 0.61875 0.4546875 0.61875 0.4546875 0.6703125 0.5296875 0.6703125
35 0.4453125 0.3500000000000001 0.4140625 0.3500000000000001 0.4140625 0.3812500000000001 0.4453125 0.3812500000000001
47 0.4015625 0.19843750000000004 0.3703125 0.19843750000000004 0.37031250000000004 0.4578125 0.4015625 0.4578125
48 0.5734375 0.5109375 0.5375 0.5109375 0.5375 0.5421875 0.5734375 0.5421875
49 0.403125 0.035937500000000046 0.36875 0.035937500000000046 0.36875 0.07968750000000005 0.403125 0.07968750000000005
29 0.4875 0.415625 0.4546875 0.415625 0.4546875 0.446875 0.4875 0.446875
7 0.5734375 0.3390625000000001 0.5390625 0.3390625000000001 0.5390625 0.3671875000000001 0.5734375 0.3671875000000001
14 0.4046875 0.4671875 0.37187500000000007 0.4671875 0.37187500000000007 0.5125 0.4046875 0.5125
26 0.4875 0.5859375 0.4546875 0.5859375 0.4546875 0.6171875 0.4875 0.6171875
58 0.4453125 0.13281250000000006 0.4125 0.13281250000000006 0.4125 0.16406250000000006 0.4453125 0.16406250000000006
45 0.4859375 0.039062500000000056 0.4515625 0.039062500000000056 0.4515625 0.09843750000000005 0.4859375 0.09843750000000007
17 0.5734375 0.034375000000000065 0.5390625 0.034375000000000065 0.5390625 0.06562500000000007 0.5734375 0.06562500000000007
2 0.5734375 0.12031250000000007 0.5390625 0.12031250000000004 0.5390625 0.15156250000000007 0.5734375 0.1515625000000001
4 0.5734375 0.2078125000000001 0.5390625 0.2078125000000001 0.5390625 0.2390625000000001 0.5734375 0.2390625000000001
46 0.446875 0.565625 0.415625 0.565625 0.415625 0.671875 0.446875 0.671875
19 0.4875 0.19843750000000004 0.453125 0.19843750000000004 0.453125 0.2296875000000001 0.4875 0.2296875000000001
30 0.6625000000000001 0.00937500000000006 0.334375 0.009375000000000041 0.33437500000000003 1 0.6625000000000002 1
38 0.5296875 0.4890625 0.4984375 0.4890625 0.4984375 0.5203125 0.5296875 0.5203125
55 0.4453125 0.26250000000000007 0.4140625 0.26250000000000007 0.4140625 0.29375000000000007 0.4453125 0.29375000000000007
56 0.5296875 0.14375000000000004 0.4953125 0.14375000000000004 0.4953125 0.17500000000000004 0.5296875 0.17500000000000004
37 0.4875 0.5015625 0.4546875 0.5015625 0.4546875 0.5328125 0.4875 0.5328125
59 0.5296875 0.3156250000000001 0.496875 0.3156250000000001 0.496875 0.3468750000000001 0.5296875 0.3468750000000001
21 0.53125 0.18593750000000003 0.496875 0.18593750000000003 0.496875 0.2171875000000001 0.53125 0.2171875000000001
52 0.528125 0.03593750000000006 0.49375 0.03593750000000005 0.49375 0.08593750000000007 0.528125 0.08593750000000007
28 0.4875 0.37187500000000007 0.45625 0.37187500000000007 0.45625 0.4 0.4875 0.4
18 0.4453125 0.4359375 0.4140625 0.4359375 0.4140625 0.4671875 0.4453125 0.4671875