41 0.3875 0.19531250000000006 0.3453125 0.19531250000000006 0.3453125 0.2515625 0.3875 0.2515625000000001
3 0.4328125 0.2906250000000001 0.3921875 0.2906250000000001 0.3921875 0.3453125000000001 0.4328125 0.3453125000000001
15 0.2953125000000001 0.465625 0.2515625000000001 0.465625 0.2515625000000001 0.5203125 0.2953125000000001 0.5203125
44 0.29375 0.08593750000000003 0.25 0.08593750000000003 0.25 0.15468750000000003 0.29375 0.15468750000000003
22 0.3890625000000001 0.8984375 0.2984375000000001 0.8984375 0.2984375000000001 0.95625 0.3890625000000001 0.95625
39 0.3890625000000001 0.8421875 0.34843750000000007 0.8421875 0.34843750000000007 0.8953125 0.3890625000000001 0.8953125
36 0.3890625000000001 0.6640625 0.34843750000000007 0.6640625 0.34843750000000007 0.7171875 0.3890625000000001 0.7171875
25 0.3437500000000001 0.5 0.3031250000000001 0.5 0.3031250000000001 0.553125 0.3437500000000001 0.553125
23 0.3421875000000001 0.38125 0.30156250000000007 0.38125 0.30156250000000007 0.434375 0.3421875000000001 0.434375
56 0.3875 0.25468750000000007 0.346875 0.2546875 0.346875 0.30937500000000007 0.3875 0.30937500000000007
57 0.2953125 0.284375 0.2515625 0.284375 0.2515625 0.3390625 0.2953125 0.3390625
48 0.43281250000000016 0.7515625 0.3937500000000001 0.7515625 0.3937500000000001 0.803125 0.43281250000000016 0.803125
30 0.47343750000000007 0.057812500000000044 0.1671875 0.057812500000000024 0.16718750000000007 0.9921875 0.4734375000000002 0.9921875
16 0.29531250000000003 0.34375 0.2515625 0.34375 0.2515625 0.4 0.2953125000000001 0.4
52 0.3875 0.10625000000000004 0.346875 0.10625000000000004 0.346875 0.19062500000000004 0.3875 0.19062500000000004
21 0.38750000000000007 0.3140625 0.346875 0.3140625 0.34687500000000004 0.36718750000000006 0.38750000000000007 0.3671875000000001
43 0.3421875 0.259375 0.3015625 0.259375 0.3015625 0.3140625 0.3421875 0.3140625
6 0.43125 0.4640625 0.3937500000000001 0.4640625 0.3937500000000001 0.5171875 0.43125 0.5171875
0 0.4328125000000001 0.69375 0.3921875000000001 0.69375 0.3921875000000001 0.746875 0.43281250000000016 0.746875
31 0.3437500000000001 0.6765625 0.3031250000000001 0.6765625 0.3031250000000001 0.7296875 0.3437500000000001 0.7296875
12 0.3437500000000001 0.7953125 0.3000000000000001 0.7953125 0.3000000000000001 0.85 0.3437500000000001 0.85
1 0.43125 0.17500000000000004 0.390625 0.17500000000000004 0.390625 0.22812500000000008 0.43125 0.22812500000000008
53 0.3890625000000001 0.5484375 0.34843750000000007 0.5484375 0.34843750000000007 0.6015625 0.3890625000000001 0.6015625
49 0.24375 0.07343750000000002 0.196875 0.07343750000000002 0.196875 0.14843750000000006 0.24375 0.14843750000000006
18 0.2968750000000001 0.6484375 0.2531250000000001 0.6484375 0.2531250000000001 0.7015625 0.2968750000000001 0.7015625
14 0.2484375000000001 0.646875 0.20312500000000008 0.646875 0.20312500000000008 0.703125 0.2484375000000001 0.703125
47 0.24687500000000004 0.3390625 0.2015625 0.3390625 0.20156250000000003 0.640625 0.2468750000000001 0.640625
35 0.2968750000000001 0.5265625 0.2531250000000001 0.5265625 0.2531250000000001 0.58125 0.2968750000000001 0.58125
7 0.4328125 0.5234375 0.39531250000000007 0.5234375 0.39531250000000007 0.5734375 0.4328125 0.5734375
58 0.29375 0.2234375 0.25 0.2234375 0.25 0.2796875 0.29375 0.2796875
8 0.4328125 0.5796875 0.3937500000000001 0.5796875 0.3937500000000001 0.63125 0.4328125 0.63125
40 0.2968750000000001 0.7078125 0.25468750000000007 0.7078125 0.25468750000000007 0.7609375 0.2968750000000001 0.7609375
10 0.3421875 0.2 0.3 0.2 0.3 0.2546875 0.3421875 0.2546875
33 0.2968750000000001 0.5859375 0.2531250000000001 0.5859375 0.2531250000000001 0.6421875 0.2968750000000001 0.6421875
54 0.3890625000000001 0.78125 0.34843750000000007 0.78125 0.34843750000000007 0.834375 0.3890625000000001 0.834375
37 0.3437500000000001 0.7359375 0.30156250000000007 0.7359375 0.30156250000000007 0.7890625 0.3437500000000001 0.7890625
24 0.3421875000000001 0.440625 0.30156250000000007 0.440625 0.30156250000000007 0.49375 0.3421875000000001 0.49375
55 0.2953125000000001 0.40625 0.2515625000000001 0.40625 0.2515625000000001 0.4609375 0.2953125000000001 0.4609375
34 0.2968750000000001 0.7671875 0.2531250000000001 0.7671875 0.2531250000000001 0.821875 0.2968750000000001 0.821875
38 0.3890625000000001 0.7234375 0.3500000000000001 0.7234375 0.3500000000000001 0.7765625 0.3890625000000001 0.7765625
45 0.3421875 0.09687500000000004 0.2984375 0.09687500000000004 0.2984375 0.19687500000000005 0.3421875 0.19687500000000005
5 0.43125 0.40625 0.3937500000000001 0.40625 0.3937500000000001 0.459375 0.43125 0.459375
50 0.2484375000000001 0.7078125 0.2015625000000001 0.7078125 0.2015625000000001 0.7640625 0.2484375000000001 0.7640625
2 0.43125 0.23437500000000008 0.3921875 0.23437500000000008 0.3921875 0.2875000000000001 0.43125 0.2875000000000001
27 0.3890625000000001 0.6078125 0.3500000000000001 0.6078125 0.3500000000000001 0.659375 0.3890625000000001 0.659375
19 0.34218750000000003 0.3203125 0.3 0.3203125 0.30000000000000004 0.3734375 0.3421875000000001 0.3734375
9 0.4328125 0.6375 0.3937500000000001 0.6375 0.3937500000000001 0.6890625 0.4328125 0.6890625
4 0.43125 0.3500000000000001 0.39375 0.3500000000000001 0.39375000000000004 0.403125 0.43125 0.403125
59 0.3890625000000001 0.4921875 0.34843750000000007 0.4921875 0.34843750000000007 0.54375 0.3890625000000001 0.54375
13 0.2453125 0.2765625 0.2 0.2765625 0.2 0.3328125 0.2453125 0.3328125
17 0.4296875 0.11562500000000005 0.3921875 0.11562500000000005 0.3921875 0.17031250000000003 0.4296875 0.17031250000000003
51 0.3890625000000001 0.4328125 0.34843750000000007 0.4328125 0.34843750000000007 0.484375 0.3890625000000001 0.484375
26 0.3421875000000001 0.8546875 0.3000000000000001 0.8546875 0.3000000000000001 0.909375 0.3421875000000001 0.909375
46 0.2968750000000001 0.8296875 0.2531250000000001 0.8296875 0.2531250000000001 0.9640625 0.2968750000000001 0.9640625
29 0.3437500000000001 0.61875 0.3031250000000001 0.61875 0.3031250000000001 0.671875 0.3437500000000001 0.671875
28 0.3437500000000001 0.559375 0.3031250000000001 0.559375 0.3031250000000001 0.6125 0.3437500000000001 0.6125
11 0.4312500000000002 0.8109375 0.3937500000000001 0.8109375 0.3937500000000001 0.8609375 0.4312500000000002 0.8609375
32 0.29375 0.16093750000000004 0.25 0.16093750000000004 0.25 0.2171875 0.29375 0.2171875
42 0.3890625000000001 0.37343750000000003 0.34843750000000007 0.3734375 0.34843750000000007 0.4265625 0.3890625000000001 0.4265625
20 0.4312500000000002 0.8671875 0.3937500000000001 0.8671875 0.3937500000000001 0.95 0.4312500000000002 0.95