13 0.26250000000000007 0.43125 0.2218750000000001 0.43125 0.2218750000000001 0.4796875 0.26250000000000007 0.4796875
34 0.628125 0.3765625000000001 0.5890625 0.3765625000000001 0.5890625 0.4203125 0.628125 0.4203125
37 0.6046875 0.3265625000000001 0.565625 0.3265625000000001 0.565625 0.37187500000000007 0.6046875 0.37187500000000007
25 0.4234375 0.3281250000000001 0.384375 0.3281250000000001 0.384375 0.3687500000000001 0.4234375 0.3687500000000001
58 0.21875000000000008 0.378125 0.17968750000000006 0.378125 0.17968750000000006 0.4265625 0.21875000000000008 0.4265625
55 0.35625000000000007 0.3796875 0.31718750000000007 0.3796875 0.31718750000000007 0.425 0.35625000000000007 0.425
41 0.19218750000000004 0.2796875 0.15312500000000004 0.2796875 0.15312500000000004 0.3234375 0.19218750000000004 0.3234375
32 0.17343750000000005 0.38125 0.13125000000000003 0.38125 0.13125000000000003 0.4265625 0.17343750000000005 0.4265625
59 0.415625 0.27812500000000007 0.3765625 0.27812500000000007 0.3765625 0.3203125000000001 0.415625 0.3203125000000001
0 0.56875 0.22656250000000008 0.5296875 0.22656250000000008 0.5296875 0.27031250000000007 0.56875 0.27031250000000007
36 0.5484375 0.2765625000000001 0.509375 0.2765625000000001 0.509375 0.3203125000000001 0.5484375 0.3203125000000001
50 0.5859375 0.428125 0.54375 0.428125 0.54375 0.4765625 0.5859375 0.4765625
35 0.446875 0.37968750000000007 0.4078125 0.37968750000000007 0.4078125 0.425 0.446875 0.425
16 0.3109375000000001 0.3796875 0.27031250000000007 0.3796875 0.27031250000000007 0.425 0.3109375000000001 0.425
15 0.4015625 0.38125000000000003 0.3609375000000001 0.38125 0.3609375000000001 0.425 0.4015625 0.425
20 0.7234375 0.22812500000000008 0.6640625 0.22812500000000008 0.6640625 0.2687500000000001 0.7234375 0.2687500000000001
4 0.3046875 0.228125 0.2671875 0.228125 0.2671875 0.271875 0.3046875 0.271875
26 0.6921875 0.32500000000000007 0.6546875 0.32500000000000007 0.6546875 0.3703125000000001 0.6921875 0.3703125000000001
9 0.525 0.22812500000000008 0.4859375 0.22812500000000008 0.4859375 0.27031250000000007 0.525 0.27031250000000007
19 0.28750000000000003 0.328125 0.2484375 0.328125 0.24843750000000003 0.371875 0.2875000000000001 0.371875
47 0.4921875 0.43125 0.2671875000000001 0.43125 0.2671875000000001 0.4765625 0.4921875 0.4765625
38 0.5921875 0.2765625000000001 0.5546875 0.2765625000000001 0.5546875 0.3203125000000001 0.5921875 0.3203125000000001
33 0.4921875 0.3765625000000001 0.4515625 0.3765625000000001 0.4515625 0.4265625 0.4921875 0.4265625
31 0.5578125 0.3265625000000001 0.51875 0.3265625000000001 0.51875 0.37187500000000007 0.5578125 0.37187500000000007
17 0.12812500000000004 0.23125 0.08906250000000002 0.23125 0.08906250000000002 0.2703125 0.12812500000000004 0.2703125
48 0.6125 0.22656250000000008 0.5734375 0.22656250000000008 0.5734375 0.27031250000000007 0.6125 0.27031250000000007
21 0.28125 0.278125 0.2421875 0.278125 0.2421875 0.321875 0.28125 0.321875
45 0.15312500000000004 0.328125 0.08125000000000004 0.328125 0.08125000000000004 0.375 0.15312500000000004 0.375
1 0.17343750000000005 0.23125 0.13437500000000005 0.23125 0.13437500000000005 0.2734375 0.17343750000000005 0.2734375
53 0.459375 0.2765625000000001 0.421875 0.2765625000000001 0.421875 0.3218750000000001 0.459375 0.3218750000000001
2 0.2171875 0.2296875 0.17812500000000003 0.2296875 0.17812500000000003 0.271875 0.2171875 0.271875
28 0.46875 0.3265625000000001 0.4296875 0.3265625000000001 0.4296875 0.37187500000000007 0.46875 0.37187500000000007
24 0.3765625 0.32812500000000006 0.3390625 0.328125 0.33906250000000004 0.37187500000000007 0.3765625000000001 0.37187500000000007
11 0.65625 0.22812500000000008 0.61875 0.22812500000000008 0.61875 0.2687500000000001 0.65625 0.2687500000000001
39 0.6828125 0.2765625000000001 0.64375 0.2765625000000001 0.64375 0.3203125000000001 0.6828125 0.3203125000000001
6 0.39375 0.22968750000000004 0.3546875 0.2296875 0.3546875 0.27031250000000007 0.39375 0.27031250000000007
52 0.14531250000000004 0.2796875 0.08593750000000004 0.2796875 0.08593750000000004 0.3203125 0.14531250000000004 0.3203125
30 0.928125 0.17968750000000006 0.06093750000000002 0.1796875 0.06093750000000005 0.5062500000000001 0.928125 0.5062500000000002
51 0.3703125 0.27812500000000007 0.33125 0.278125 0.33125 0.32031250000000006 0.3703125 0.3203125000000001
44 0.12656250000000005 0.38125 0.07812500000000004 0.38125 0.07812500000000004 0.4265625 0.12656250000000005 0.4265625
43 0.24375000000000005 0.328125 0.2046875 0.328125 0.20468750000000005 0.371875 0.24375000000000008 0.371875
10 0.19687500000000005 0.328125 0.15937500000000004 0.328125 0.15937500000000004 0.371875 0.19687500000000005 0.371875
14 0.5390625 0.428125 0.4984375 0.428125 0.4984375 0.4765625 0.5390625 0.4765625
8 0.48125 0.22812500000000008 0.4421875 0.22812500000000008 0.4421875 0.2718750000000001 0.48125 0.2718750000000001
42 0.325 0.278125 0.2875 0.278125 0.2875 0.321875 0.325 0.321875
23 0.33281250000000007 0.328125 0.2953125 0.328125 0.29531250000000003 0.371875 0.33281250000000007 0.371875
12 0.65 0.3265625000000001 0.609375 0.3265625000000001 0.609375 0.3703125000000001 0.65 0.3703125000000001
40 0.58125 0.3765625000000001 0.5421875 0.3765625000000001 0.5421875 0.4203125 0.58125 0.4203125
57 0.2656250000000001 0.3796875 0.2250000000000001 0.3796875 0.2250000000000001 0.425 0.2656250000000001 0.425
3 0.2609375 0.228125 0.221875 0.228125 0.221875 0.271875 0.2609375 0.271875
18 0.5375 0.3781250000000001 0.4984375 0.3781250000000001 0.4984375 0.421875 0.5375 0.421875
29 0.5140625 0.3281250000000001 0.475 0.3281250000000001 0.475 0.37187500000000007 0.5140625 0.37187500000000007
5 0.3484375 0.2296875 0.309375 0.2296875 0.309375 0.2703125 0.3484375 0.2703125
7 0.4375 0.22812500000000008 0.4 0.22812500000000008 0.4 0.2718750000000001 0.4375 0.2718750000000001
54 0.6390625 0.2734375000000001 0.5984375 0.2734375000000001 0.5984375 0.3187500000000001 0.6390625 0.3187500000000001
27 0.503125 0.2765625000000001 0.465625 0.2765625000000001 0.465625 0.3203125000000001 0.503125 0.3203125000000001
56 0.2375 0.278125 0.19843750000000004 0.278125 0.19843750000000004 0.3234375 0.2375 0.3234375
49 0.12343750000000005 0.43125 0.07187500000000005 0.43125 0.07187500000000005 0.4796875 0.12343750000000005 0.4796875
46 0.734375 0.3734375000000001 0.6359375 0.3734375000000001 0.6359375 0.4203125000000001 0.734375 0.4203125000000002
22 0.7265625 0.2734375000000001 0.6859375 0.2734375000000001 0.6859375 0.3703125000000001 0.7265625 0.3703125000000001