13 0.2453125000000001 0.7953125 0.17968750000000008 0.7953125 0.1796875000000001 0.9609375 0.2453125000000001 0.9609375
33 0.5015625000000001 0.6109375 0.45 0.6109375 0.45000000000000007 0.7859375 0.5015625000000001 0.7859375
5 0.3125 0.09375000000000003 0.2609375 0.09375000000000003 0.2609375 0.25625 0.3125 0.25625
45 0.07031250000000006 0.4484375 5.4917754899264124e-17 0.4484375 6.505936120470315e-17 0.6140625 0.07031250000000007 0.6140625
14 0.5906250000000002 0.7921875 0.5343750000000002 0.7921875 0.5343750000000002 0.9578125 0.5906250000000002 0.9578125
42 0.28593750000000007 0.2703125 0.2328125 0.2703125 0.23281250000000003 0.4359375 0.28593750000000007 0.4359375
38 0.6296875 0.2609375000000001 0.578125 0.2609375000000001 0.578125 0.4265625 0.6296875 0.4265625
4 0.2546875 0.09375000000000003 0.2046875 0.09375000000000003 0.2046875 0.25625 0.2546875 0.25625
40 0.6156250000000001 0.615625 0.5640625 0.615625 0.5640625000000001 0.78125 0.6156250000000002 0.78125
51 0.34062500000000007 0.265625 0.2921875 0.265625 0.29218750000000004 0.43125 0.34062500000000007 0.43125
2 0.13906250000000003 0.09843750000000001 0.08593750000000003 0.0984375 0.08593750000000003 0.2640625 0.13906250000000003 0.2640625
50 0.6609375000000002 0.7921875 0.5953125000000001 0.7921875 0.5953125000000001 0.9578125 0.6609375000000002 0.9578125
31 0.584375 0.4453125 0.5359375 0.4453125 0.5359375 0.603125 0.584375 0.603125
59 0.39843750000000006 0.26562500000000006 0.3484375 0.265625 0.34843750000000007 0.43125 0.3984375000000001 0.43125
24 0.35625000000000007 0.440625 0.3062500000000001 0.440625 0.3062500000000001 0.60625 0.35625000000000007 0.60625
36 0.571875 0.2609375000000001 0.5203125 0.2609375000000001 0.5203125 0.4265625 0.571875 0.4265625
58 0.1609375000000001 0.625 0.10781250000000009 0.625 0.10781250000000009 0.790625 0.1609375000000001 0.790625
1 0.07812500000000003 0.0984375 0.02656250000000001 0.0984375 0.026562500000000024 0.2640625 0.07812500000000003 0.2640625
16 0.2750000000000001 0.6203125 0.2218750000000001 0.6203125 0.2218750000000001 0.7859375 0.2750000000000001 0.7859375
41 0.11093750000000005 0.26875 0.057812500000000024 0.26875 0.05781250000000003 0.440625 0.11093750000000005 0.440625
57 0.2171875000000001 0.6203125 0.16406250000000008 0.6203125 0.16406250000000008 0.7859375 0.2171875000000001 0.7859375
27 0.5140625 0.2656250000000001 0.4625 0.2656250000000001 0.4625 0.428125 0.5140625 0.428125
18 0.5593750000000001 0.615625 0.5078125 0.615625 0.5078125000000001 0.7875 0.5593750000000002 0.7875
9 0.5421875 0.08593750000000007 0.4921875 0.08593750000000007 0.4921875 0.2515625000000001 0.5421875 0.2515625000000001
39 0.746875 0.2609375000000001 0.6953125 0.2609375000000001 0.6953125 0.42656250000000007 0.746875 0.4265625000000002
32 0.09843750000000008 0.6203125 0.046875000000000076 0.6203125 0.04687500000000009 0.7921875 0.0984375000000001 0.7921875
53 0.45625 0.2656250000000001 0.40625 0.2656250000000001 0.40625 0.43125 0.45625 0.43125
19 0.2453125000000001 0.4453125 0.19218750000000004 0.4453125 0.19218750000000007 0.6109375 0.2453125000000001 0.6109375
10 0.12812500000000007 0.44375 0.07656250000000005 0.44375 0.07656250000000006 0.615625 0.1281250000000001 0.615625
56 0.17031250000000003 0.26875 0.11718750000000004 0.26875 0.11718750000000004 0.440625 0.17031250000000003 0.440625
35 0.4437500000000001 0.615625 0.3921875000000001 0.615625 0.3921875000000001 0.7875 0.4437500000000002 0.7875
37 0.64375 0.440625 0.5921875 0.440625 0.5921875 0.603125 0.64375 0.603125
52 0.05156250000000003 0.2703125 3.3103733789451887e-17 0.2703125 4.324534009489091e-17 0.4359375 0.051562500000000046 0.4359375
49 0.0593750000000001 0.8 9.797174393178826e-17 0.8 1.0792199917486051e-16 0.9625 0.05937500000000011 0.9625
30 1 6.123233995736766e-17 0 0 6.123233995736766e-17 1 1 1
15 0.38750000000000007 0.6203125 0.3343750000000001 0.6203125 0.3343750000000001 0.7859375 0.38750000000000007 0.7859375
21 0.22812500000000005 0.2703125 0.17500000000000004 0.2703125 0.17500000000000004 0.4359375 0.22812500000000008 0.4359375
0 0.5984375 0.08593750000000007 0.55 0.08593750000000007 0.55 0.2515625000000001 0.5984375 0.2515625000000001
48 0.6578125 0.08125000000000007 0.6078125 0.08125000000000007 0.6078125 0.2531250000000001 0.6578125 0.2531250000000001
34 0.6734375000000001 0.6125 0.621875 0.6125 0.6218750000000001 0.778125 0.6734375000000001 0.778125
54 0.6875 0.2562500000000001 0.634375 0.2562500000000001 0.634375 0.43125 0.6875 0.43125
12 0.7015625 0.4375 0.6515625 0.4375 0.6515625 0.603125 0.7015625 0.603125
44 0.042187500000000086 0.6203125 0.0015625000000000755 0.6203125 0.0015625000000000864 0.7921875 0.0421875000000001 0.7921875
8 0.484375 0.09375000000000006 0.4359375 0.09375000000000004 0.4359375 0.2562500000000001 0.484375 0.2562500000000001
29 0.528125 0.4453125 0.48125 0.4453125 0.48125 0.603125 0.528125 0.603125
43 0.18593750000000006 0.4453125 0.13281250000000006 0.4453125 0.13281250000000006 0.6109375 0.1859375000000001 0.6109375
22 0.8359375 0.2609375000000001 0.7515625 0.2609375000000001 0.7515625 0.6109375000000001 0.8359375 0.6109375000000001
26 0.759375 0.4375000000000001 0.709375 0.4375 0.709375 0.6031250000000001 0.759375 0.6031250000000001
47 0.5296875000000002 0.8 0.2531250000000001 0.8 0.2531250000000001 0.9578125 0.5296875000000002 0.9578125
46 0.83125 0.6078125000000001 0.678125 0.6078125 0.6781250000000001 0.7828125000000001 0.83125 0.7828125000000001
17 0.017187500000000022 0.103125 0.0015625000000000124 0.103125 0.0015625000000000222 0.2609375 0.017187500000000033 0.2609375
23 0.2984375000000001 0.4453125 0.2500000000000001 0.4453125 0.2500000000000001 0.6078125 0.2984375000000001 0.6078125
11 0.715625 0.0828125000000001 0.665625 0.0828125000000001 0.665625 0.2484375000000001 0.715625 0.2484375000000001
3 0.19531250000000003 0.09375000000000003 0.14375 0.09375000000000003 0.14375000000000002 0.265625 0.19531250000000006 0.265625
28 0.4703125 0.4453125 0.421875 0.4453125 0.421875 0.603125 0.4703125 0.603125
7 0.4265625 0.09375000000000004 0.378125 0.09375000000000004 0.378125 0.2562500000000001 0.4265625 0.2562500000000001
55 0.3296875000000001 0.6203125 0.2796875000000001 0.6203125 0.2796875000000001 0.7859375 0.3296875000000001 0.7859375
6 0.3703125 0.09375000000000004 0.31875 0.09375000000000004 0.31875 0.25625000000000003 0.3703125 0.2562500000000001
25 0.4125 0.4453125 0.36406250000000007 0.4453125 0.36406250000000007 0.5984375 0.4125 0.5984375
20 0.8328125 0.0828125000000001 0.7234375 0.0828125000000001 0.7234375 0.2484375000000001 0.8328125 0.2484375000000001