50 0.3421875000000001 0.7 0.27812500000000007 0.7 0.27812500000000007 0.740625 0.3421875000000001 0.740625
40 0.4140625000000001 0.7 0.3546875000000001 0.7 0.3546875000000001 0.740625 0.41406250000000017 0.740625
7 0.6390625 0.5421875 0.5765625 0.5421875 0.5765625 0.5828125 0.6390625 0.5828125
0 0.6375000000000001 0.690625 0.578125 0.690625 0.5781250000000001 0.73125 0.6375000000000002 0.73125
44 0.4140625 0.19531250000000006 0.3546875 0.19531250000000006 0.3546875 0.24531250000000004 0.4140625 0.2453125000000001
9 0.6390625 0.640625 0.5765625 0.640625 0.5765625 0.68125 0.6390625 0.68125
29 0.4890625 0.625 0.4296875 0.625 0.4296875 0.665625 0.4890625 0.665625
27 0.5640625 0.6171875 0.5046875 0.6171875 0.5046875 0.6578125 0.5640625 0.6578125
2 0.6390625 0.29375000000000007 0.5765625 0.29375000000000007 0.5765625 0.3359375000000001 0.6390625 0.3359375000000001
48 0.6375000000000002 0.7390625 0.5781250000000002 0.7390625 0.5781250000000002 0.7796875 0.6375000000000002 0.7796875
30 0.6968750000000001 0.18750000000000006 0.24375 0.18750000000000006 0.24375000000000005 0.9078125 0.6968750000000001 0.9078125
25 0.4875 0.5265625 0.428125 0.5265625 0.428125 0.5671875 0.4875 0.5671875
52 0.565625 0.19531250000000006 0.503125 0.19531250000000006 0.503125 0.2609375000000001 0.565625 0.2609375000000001
16 0.4140625 0.403125 0.3546875000000001 0.403125 0.3546875000000001 0.44375 0.4140625 0.44375
31 0.4890625 0.6765625 0.4296875 0.6765625 0.4296875 0.7171875 0.4890625 0.7171875
13 0.34218750000000003 0.3546875 0.2796875 0.3546875 0.27968750000000003 0.3953125 0.3421875000000001 0.3953125
26 0.4890625000000002 0.821875 0.4265625000000002 0.821875 0.4265625000000002 0.8625 0.4890625000000002 0.8625
34 0.41406250000000017 0.7484375 0.3546875000000001 0.7484375 0.3546875000000001 0.7890625 0.41406250000000017 0.7890625
38 0.5640625000000001 0.7140625 0.5046875 0.7140625 0.5046875000000001 0.7546875 0.5640625000000001 0.7546875
6 0.6390625 0.4921875 0.575 0.4921875 0.575 0.5328125 0.6390625 0.5328125
43 0.4875 0.3296875000000001 0.428125 0.3296875000000001 0.428125 0.3703125000000001 0.4875 0.3703125000000001
55 0.4140625 0.453125 0.3546875000000001 0.453125 0.3546875000000001 0.49375 0.4140625 0.49375
21 0.565625 0.3687500000000001 0.5015625 0.3687500000000001 0.5015625 0.409375 0.565625 0.409375
45 0.4875 0.19687500000000005 0.428125 0.19687500000000005 0.428125 0.2718750000000001 0.4875 0.2718750000000001
4 0.6390625 0.3937500000000001 0.5765625 0.3937500000000001 0.5765625 0.434375 0.6390625 0.434375
56 0.565625 0.3203125000000001 0.503125 0.3203125000000001 0.503125 0.3609375000000001 0.565625 0.3609375000000001
11 0.6375000000000002 0.7890625 0.5781250000000002 0.7890625 0.5781250000000002 0.8296875 0.6375000000000002 0.8296875
17 0.6375 0.19531250000000008 0.578125 0.19531250000000008 0.578125 0.23593750000000008 0.6375 0.23593750000000008
19 0.4890625 0.3781250000000001 0.4296875 0.3781250000000001 0.4296875 0.41875 0.4890625 0.41875
58 0.415625 0.30625 0.353125 0.30625 0.353125 0.34687500000000004 0.415625 0.3468750000000001
5 0.6390625 0.4421875 0.5765625 0.4421875 0.5765625 0.4828125 0.6390625 0.4828125
24 0.4890625 0.478125 0.4296875 0.478125 0.4296875 0.5171875 0.4890625 0.5171875
32 0.4171875 0.25468750000000007 0.353125 0.2546875 0.353125 0.29687500000000006 0.4171875 0.2968750000000001
49 0.3421875 0.19687500000000005 0.2765625 0.19687500000000005 0.2765625 0.246875 0.3421875 0.246875
37 0.48906250000000007 0.7234375 0.4296875 0.7234375 0.4296875000000001 0.7640625 0.4890625000000002 0.7640625
15 0.4140625 0.5015625 0.3546875000000001 0.5015625 0.3546875000000001 0.5421875 0.4140625 0.5421875
20 0.6390625000000002 0.8390625 0.5796875000000001 0.8390625 0.5796875000000001 0.903125 0.6390625000000002 0.903125
47 0.3437500000000001 0.4046875 0.2796875000000001 0.4046875 0.2796875000000001 0.6421875 0.3437500000000001 0.6421875
8 0.6390625 0.5921875 0.575 0.5921875 0.575 0.6328125 0.6390625 0.6328125
41 0.5640625 0.2687500000000001 0.5015625 0.2687500000000001 0.5015625 0.3109375000000001 0.5640625 0.3109375000000001
33 0.4171875 0.6015625 0.3531250000000001 0.6015625 0.3531250000000001 0.6421875 0.4171875 0.6421875
18 0.4140625 0.65 0.3546875000000001 0.65 0.3546875000000001 0.690625 0.4140625 0.690625
51 0.5640625 0.46875 0.5046875 0.46875 0.5046875 0.509375 0.5640625 0.509375
39 0.5640625000000001 0.8125 0.5015625000000001 0.8125 0.5015625000000001 0.853125 0.5640625000000001 0.853125
35 0.4140625 0.5515625 0.3546875000000001 0.5515625 0.3546875000000001 0.5921875 0.4140625 0.5921875
28 0.490625 0.5765625 0.43125 0.5765625 0.43125 0.6171875 0.490625 0.6171875
10 0.4890625 0.2796875000000001 0.4265625 0.2796875000000001 0.4265625 0.3203125000000001 0.4890625 0.3203125000000001
12 0.4890625000000002 0.7734375 0.42968750000000017 0.7734375 0.42968750000000017 0.8140625 0.4890625000000002 0.8140625
54 0.5640625000000001 0.7640625 0.5046875000000002 0.7640625 0.5046875000000002 0.8046875 0.5640625000000001 0.8046875
46 0.41718750000000016 0.8 0.3546875000000001 0.8 0.3546875000000001 0.903125 0.41718750000000016 0.903125
59 0.5640625 0.5171875 0.5046875 0.5171875 0.5046875 0.5578125 0.5640625 0.5578125
53 0.5640625 0.5671875 0.5015625 0.5671875 0.5015625 0.6078125 0.5640625 0.6078125
23 0.4890625 0.428125 0.4296875 0.428125 0.4296875 0.46875 0.4890625 0.46875
22 0.5656250000000002 0.8625 0.42500000000000016 0.8625 0.42500000000000016 0.903125 0.5656250000000002 0.903125
36 0.5640625 0.665625 0.5046875 0.665625 0.5046875 0.70625 0.5640625 0.70625
3 0.6390625 0.3437500000000001 0.5765625 0.3437500000000001 0.5765625 0.3859375000000001 0.6390625 0.3859375000000001
42 0.5640625 0.41875 0.5015625 0.41875 0.5015625 0.459375 0.5640625 0.459375
57 0.4140625 0.35468750000000004 0.3546875 0.3546875 0.35468750000000004 0.39531250000000007 0.4140625 0.39531250000000007
1 0.6375 0.2453125000000001 0.578125 0.2453125000000001 0.578125 0.28593750000000007 0.6375 0.28593750000000007
14 0.3421875000000001 0.6515625 0.2828125000000001 0.6515625 0.2828125000000001 0.690625 0.3421875000000001 0.690625