56 0.7796875 0.3625000000000001 0.7265625 0.3625000000000001 0.7265625 0.4187500000000002 0.7796875 0.4187500000000002
29 0.4 0.4234375 0.3468750000000001 0.4234375 0.3468750000000001 0.4796875 0.4 0.4796875
13 0.7375 0.5484375000000001 0.68125 0.5484375 0.68125 0.6140625000000001 0.7375 0.6140625000000002
46 0.18593750000000003 0.484375 0.05156250000000007 0.484375 0.05156250000000007 0.540625 0.18593750000000003 0.540625
16 0.6765625 0.4859375 0.6203125 0.4859375 0.6203125 0.5421875 0.6765625 0.5421875
51 0.5953125 0.36406250000000007 0.5421875 0.36406250000000007 0.5421875 0.4203125 0.5953125 0.4203125
54 0.22812500000000008 0.3640625 0.17500000000000004 0.3640625 0.17500000000000004 0.4203125 0.22812500000000008 0.4203125
26 0.15625000000000006 0.425 0.10312500000000005 0.425 0.10312500000000005 0.478125 0.15625000000000006 0.478125
53 0.4734375 0.36406250000000007 0.4203125 0.36406250000000007 0.4203125 0.4203125 0.4734375 0.4203125
28 0.4609375 0.425 0.4078125 0.425 0.4078125 0.478125 0.4609375 0.478125
4 0.6859375 0.30156250000000007 0.6328125 0.30156250000000007 0.6328125 0.3578125000000001 0.6859375 0.3578125000000001
48 0.2625 0.3046875 0.20625 0.3046875 0.20625 0.3578125 0.2625 0.3578125
57 0.7390625 0.4843750000000001 0.6828125 0.484375 0.6828125 0.5406250000000001 0.7390625 0.5406250000000001
35 0.4921875 0.4859375 0.4390625 0.4859375 0.4390625 0.5421875 0.4921875 0.5421875
24 0.5828125 0.425 0.5296875 0.425 0.5296875 0.48125 0.5828125 0.48125
25 0.521875 0.425 0.46875 0.425 0.46875 0.478125 0.521875 0.478125
45 0.9375 0.4234375000000002 0.8375 0.4234375000000002 0.8375 0.47968750000000016 0.9375 0.47968750000000016
47 0.675 0.5453125 0.3781250000000001 0.5453125 0.3781250000000001 0.6140625 0.675 0.6140625
8 0.44375 0.3046875000000001 0.390625 0.3046875000000001 0.390625 0.3578125000000001 0.44375 0.3578125000000001
3 0.75 0.30156250000000007 0.69375 0.30156250000000007 0.69375 0.3578125000000001 0.75 0.3578125000000001
40 0.3078125000000001 0.4859375 0.2515625000000001 0.4859375 0.2515625000000001 0.5390625 0.3078125000000001 0.5390625
17 0.9359375 0.3031250000000001 0.8796875 0.3031250000000001 0.8796875 0.35625000000000007 0.9359375 0.35625000000000007
42 0.65625 0.36406250000000007 0.603125 0.36406250000000007 0.603125 0.4203125 0.65625 0.4203125
33 0.4328125 0.484375 0.3765625000000001 0.484375 0.3765625000000001 0.540625 0.4328125 0.540625
52 0.9375 0.3609375000000001 0.8515625 0.3609375000000001 0.8515625 0.4187500000000002 0.9375 0.4187500000000002
43 0.7703125 0.4234375000000001 0.7140625 0.4234375 0.7140625 0.4796875000000001 0.7703125 0.47968750000000016
9 0.384375 0.30312500000000003 0.328125 0.303125 0.328125 0.35937500000000006 0.384375 0.3593750000000001
59 0.5328125 0.36406250000000007 0.4796875 0.36406250000000007 0.4796875 0.4203125 0.5328125 0.4203125
19 0.70625 0.425 0.653125 0.425 0.653125 0.48125 0.70625 0.48125
20 0.13750000000000004 0.303125 0.05312500000000005 0.303125 0.05312500000000005 0.35625 0.13750000000000004 0.35625
18 0.3687500000000001 0.484375 0.3156250000000001 0.484375 0.3156250000000001 0.540625 0.3687500000000001 0.540625
2 0.8125 0.3031250000000001 0.75625 0.3031250000000001 0.75625 0.35625000000000007 0.8125 0.35625000000000007
55 0.6140625 0.4859375 0.5609375 0.4859375 0.5609375 0.5421875 0.6140625 0.5421875
37 0.2796875000000001 0.425 0.2234375000000001 0.425 0.2234375000000001 0.478125 0.2796875000000001 0.478125
41 0.84375 0.3625000000000001 0.7875 0.3625000000000001 0.7875 0.4187500000000002 0.84375 0.4187500000000002
14 0.3687500000000001 0.546875 0.3125000000000001 0.546875 0.3125000000000001 0.6125 0.3687500000000001 0.6125
7 0.503125 0.3046875000000001 0.45 0.3046875000000001 0.45 0.3578125000000001 0.503125 0.3578125000000001
22 0.10625000000000004 0.3640625 0.05312500000000005 0.3640625 0.053125000000000054 0.4796875 0.10625000000000004 0.4796875
12 0.2171875000000001 0.4234375 0.16406250000000006 0.4234375 0.16406250000000006 0.4796875 0.2171875000000001 0.4796875
27 0.4125 0.36562500000000003 0.3593750000000001 0.365625 0.3593750000000001 0.41875 0.4125 0.41875
6 0.565625 0.3046875000000001 0.509375 0.3046875000000001 0.509375 0.3578125000000001 0.565625 0.3578125000000001
47 0.8484375 0.2000000000000001 0.4828125 0.2000000000000001 0.4828125 0.23437500000000008 0.8484375 0.23437500000000008
21 0.71875 0.36406250000000007 0.6625 0.36406250000000007 0.6625 0.4203125 0.71875 0.4203125
15 0.5546875 0.4859375 0.4984375 0.4859375 0.4984375 0.5421875 0.5546875 0.5421875
1 0.875 0.3031250000000001 0.81875 0.3031250000000001 0.81875 0.35625000000000007 0.875 0.35625000000000007
58 0.8 0.4859375000000002 0.74375 0.4859375000000002 0.74375 0.5421875000000002 0.8 0.5421875000000002
5 0.6265625 0.3046875000000001 0.5703125 0.3046875000000001 0.5703125 0.3578125000000001 0.6265625 0.3578125000000001
44 0.940625 0.48437500000000017 0.871875 0.48437500000000017 0.871875 0.5421875000000002 0.940625 0.5421875000000002
32 0.8625 0.48437500000000017 0.80625 0.48437500000000017 0.80625 0.5437500000000002 0.8625 0.5437500000000002
11 0.19843750000000004 0.303125 0.14531250000000004 0.303125 0.14531250000000004 0.35625 0.19843750000000004 0.35625
30 0.9640625 0.24687500000000004 0.029687500000000033 0.246875 0.029687500000000054 0.6312500000000001 0.9640625 0.6312500000000002
38 0.2906250000000001 0.365625 0.2375000000000001 0.365625 0.2375000000000001 0.41875 0.2906250000000001 0.41875
0 0.3234375 0.3046875 0.2671875 0.3046875 0.2671875 0.3578125 0.3234375 0.3578125
31 0.3390625000000001 0.425 0.28593750000000007 0.425 0.28593750000000007 0.478125 0.3390625000000001 0.478125
23 0.6453125 0.425 0.5921875 0.425 0.5921875 0.478125 0.6453125 0.478125
10 0.83125 0.4234375000000002 0.775 0.4234375000000002 0.775 0.47968750000000016 0.83125 0.47968750000000016
36 0.3531250000000001 0.3640625 0.2968750000000001 0.3640625 0.2968750000000001 0.4203125 0.3531250000000001 0.4203125
39 0.16875000000000004 0.3625 0.11562500000000005 0.3625 0.11562500000000005 0.41875 0.16875000000000004 0.41875
34 0.2484375000000001 0.4859375 0.19218750000000004 0.4859375 0.19218750000000004 0.5390625 0.2484375000000001 0.5390625
49 0.9421875 0.5468750000000002 0.8703125 0.5468750000000002 0.8703125 0.6156250000000002 0.9421875 0.6156250000000002
50 0.3078125000000001 0.546875 0.2515625000000001 0.546875 0.2515625000000001 0.6125 0.3078125000000001 0.6125