6 0.428125 0.16562500000000005 0.378125 0.16562500000000005 0.378125 0.22031250000000008 0.428125 0.22031250000000008
38 0.6828125 0.22812500000000008 0.63125 0.22812500000000008 0.63125 0.2875000000000001 0.6828125 0.2875000000000001
18 0.615625 0.3609375000000001 0.5625 0.3609375000000001 0.5625 0.4234375 0.615625 0.4234375
16 0.321875 0.359375 0.265625 0.359375 0.26562500000000006 0.4234375 0.3218750000000001 0.4234375
3 0.259375 0.16250000000000003 0.20625 0.16250000000000003 0.20625 0.21875 0.259375 0.21875
4 0.315625 0.16250000000000003 0.265625 0.16250000000000003 0.265625 0.21875 0.315625 0.21875
9 0.5953125 0.16562500000000008 0.5453125 0.16562500000000008 0.5453125 0.2218750000000001 0.5953125 0.2218750000000001
19 0.29375 0.290625 0.240625 0.290625 0.240625 0.3515625 0.29375 0.3515625
55 0.38125000000000003 0.3609375 0.3265625 0.3609375 0.32656250000000003 0.4234375 0.3812500000000001 0.4234375
45 0.11562500000000005 0.2875 0.017187500000000033 0.2875 0.01718750000000004 0.3515625 0.11562500000000005 0.3515625
30 0.9015625 0.09531250000000005 1.1672414804373211e-17 0.0953125 3.865291459808834e-17 0.5359375000000001 0.9015625 0.5359375000000002
59 0.4546875 0.22812500000000008 0.4046875 0.22812500000000008 0.4046875 0.28593750000000007 0.4546875 0.28593750000000007
54 0.740625 0.22812500000000008 0.6890625 0.22812500000000008 0.6890625 0.2890625000000001 0.740625 0.2890625000000001
58 0.20156250000000003 0.359375 0.14531250000000004 0.359375 0.14531250000000004 0.4234375 0.2015625000000001 0.4234375
7 0.4828125 0.16562500000000005 0.434375 0.16562500000000005 0.434375 0.2218750000000001 0.4828125 0.2218750000000001
37 0.7 0.29375000000000007 0.646875 0.29375000000000007 0.646875 0.3546875000000001 0.7 0.3546875000000001
1 0.14375000000000002 0.159375 0.09218750000000002 0.159375 0.09218750000000002 0.215625 0.14375000000000004 0.215625
15 0.4390625 0.3609375000000001 0.3859375 0.3609375000000001 0.38593750000000004 0.4234375 0.4390625 0.4234375
44 0.07656250000000005 0.3578125 0.006250000000000045 0.3578125 0.006250000000000049 0.421875 0.07656250000000005 0.421875
20 0.8484375 0.1671875000000001 0.76875 0.1671875000000001 0.76875 0.2234375000000001 0.8484375 0.2234375000000001
21 0.2859375 0.225 0.2328125 0.225 0.2328125 0.284375 0.2859375 0.284375
25 0.46875 0.29375000000000007 0.415625 0.29375000000000007 0.415625 0.3546875000000001 0.46875 0.3546875000000001
43 0.234375 0.290625 0.18125000000000005 0.290625 0.18125000000000005 0.3515625 0.234375 0.3515625
31 0.640625 0.29375000000000007 0.5890625 0.29375000000000007 0.5890625 0.3546875000000001 0.640625 0.3546875000000001
17 0.08750000000000002 0.159375 0.034375000000000024 0.159375 0.034375000000000024 0.2140625 0.08750000000000002 0.2140625
22 0.8625 0.2296875000000001 0.8015625 0.2296875000000001 0.8015625 0.3578125000000001 0.8625 0.3578125000000001
49 0.07187500000000005 0.428125 5.2430191088496056e-17 0.428125 5.73096431788488e-17 0.5078125 0.07187500000000006 0.5078125
29 0.584375 0.29375000000000007 0.53125 0.29375000000000007 0.53125 0.3546875000000001 0.584375 0.3546875000000001
42 0.3421875 0.2265625 0.290625 0.2265625 0.290625 0.2859375 0.3421875 0.2859375
12 0.759375 0.2953125000000001 0.70625 0.2953125000000001 0.70625 0.35625000000000007 0.759375 0.35625000000000007
32 0.14062500000000006 0.3578125 0.07968750000000005 0.3578125 0.07968750000000005 0.421875 0.14062500000000006 0.421875
39 0.796875 0.2296875000000001 0.74375 0.2296875000000001 0.74375 0.2890625000000001 0.796875 0.2890625000000001
48 0.70625 0.1671875000000001 0.65625 0.1671875000000001 0.65625 0.2234375000000001 0.70625 0.2234375000000001
51 0.3984375 0.22656250000000006 0.3484375 0.2265625 0.3484375 0.28593750000000007 0.3984375 0.28593750000000007
0 0.6515625 0.1671875000000001 0.6015625 0.1671875000000001 0.6015625 0.2234375000000001 0.6515625 0.2234375000000001
2 0.203125 0.1609375 0.1484375 0.1609375 0.14843750000000003 0.2171875 0.203125 0.2171875
14 0.6203125 0.4328125 0.565625 0.4328125 0.565625 0.509375 0.6203125 0.509375
46 0.8703125 0.3609375000000001 0.7375 0.3609375000000001 0.7375 0.42500000000000016 0.8703125 0.42500000000000016
40 0.6765625 0.3625000000000001 0.621875 0.3625000000000001 0.621875 0.4234375 0.6765625 0.4234375
47 0.559375 0.43125 0.2640625000000001 0.43125 0.2640625000000001 0.509375 0.559375 0.509375
28 0.5265625 0.29375000000000007 0.4734375 0.29375000000000007 0.4734375 0.3546875000000001 0.5265625 0.3546875000000001
50 0.68125 0.4328125 0.625 0.4328125 0.625 0.509375 0.68125 0.509375
33 0.5578125 0.3609375000000001 0.503125 0.3609375000000001 0.503125 0.425 0.5578125 0.425
23 0.3515625 0.2921875 0.3 0.2921875 0.3 0.3515625 0.3515625 0.3515625
10 0.17500000000000004 0.290625 0.12031250000000004 0.290625 0.12031250000000004 0.3515625 0.17500000000000004 0.3515625
13 0.2578125000000001 0.4296875 0.2000000000000001 0.4296875 0.2000000000000001 0.509375 0.2578125000000001 0.509375
5 0.371875 0.16406250000000006 0.321875 0.16406250000000006 0.321875 0.22031250000000005 0.371875 0.22031250000000008
56 0.2265625 0.2234375 0.17343750000000005 0.2234375 0.17343750000000005 0.284375 0.2265625 0.284375
57 0.26093750000000004 0.359375 0.20625 0.359375 0.20625000000000004 0.4234375 0.2609375000000001 0.4234375
35 0.4984375 0.3609375000000001 0.4453125 0.3609375000000001 0.4453125 0.425 0.4984375 0.425
34 0.734375 0.3625000000000001 0.6796875 0.3625000000000001 0.6796875 0.4234375000000001 0.734375 0.4234375000000002
36 0.6265625 0.22812500000000008 0.575 0.22812500000000008 0.575 0.2875000000000001 0.6265625 0.2875000000000001
8 0.5390625 0.16562500000000005 0.4890625 0.16562500000000005 0.4890625 0.2218750000000001 0.5390625 0.2218750000000001
11 0.7609375 0.1671875000000001 0.7125 0.1671875000000001 0.7125 0.2218750000000001 0.7609375 0.2218750000000001
26 0.8109375 0.2953125000000001 0.7625 0.2953125000000001 0.7625 0.3546875000000001 0.8109375 0.3546875000000001
41 0.16875000000000004 0.2234375 0.11406250000000004 0.2234375 0.11406250000000004 0.2828125 0.16875000000000004 0.2828125
24 0.409375 0.29218750000000004 0.3578125 0.2921875 0.3578125 0.353125 0.409375 0.3531250000000001
27 0.5703125 0.22812500000000008 0.51875 0.22812500000000008 0.51875 0.2875000000000001 0.5703125 0.2875000000000001
52 0.10937500000000004 0.2203125 0.025000000000000022 0.2203125 0.02500000000000003 0.28125 0.10937500000000004 0.28125
53 0.5125 0.22812500000000008 0.4609375 0.22812500000000008 0.4609375 0.2875000000000001 0.5125 0.2875000000000001