50 0.6406250000000001 0.6796875 0.559375 0.6796875 0.5593750000000001 0.7359375 0.6406250000000002 0.7359375
20 0.3140625000000001 0.8671875 0.2453125000000001 0.8671875 0.2453125000000001 0.94375 0.3140625000000001 0.94375
51 0.39531250000000007 0.37812500000000004 0.3265625000000001 0.378125 0.3265625000000001 0.434375 0.39531250000000007 0.434375
48 0.3156250000000001 0.734375 0.24375000000000008 0.734375 0.24375000000000008 0.79375 0.3156250000000001 0.79375
59 0.39531250000000007 0.4421875 0.3265625000000001 0.4421875 0.3265625000000001 0.5015625 0.39531250000000007 0.5015625
43 0.4734375 0.19375000000000003 0.4046875 0.19375000000000003 0.4046875 0.2531250000000001 0.4734375 0.2531250000000001
10 0.4734375 0.12968750000000004 0.4046875 0.12968750000000004 0.4046875 0.18906250000000005 0.4734375 0.18906250000000005
54 0.39531250000000007 0.76875 0.3265625000000001 0.76875 0.3265625000000001 0.8140625 0.39531250000000007 0.8140625
44 0.5515625 0.03437500000000006 0.4828125 0.03437500000000006 0.4828125 0.09062500000000007 0.5515625 0.09062500000000007
33 0.55 0.5515625 0.48125 0.5515625 0.48125 0.6109375 0.55 0.6109375
5 0.3140625 0.34375 0.2453125 0.34375 0.24531250000000004 0.403125 0.3140625000000001 0.403125
8 0.3156250000000001 0.540625 0.24375000000000008 0.540625 0.24375000000000008 0.596875 0.3156250000000001 0.596875
45 0.475 0.03281250000000005 0.403125 0.03281250000000004 0.403125 0.12187500000000004 0.475 0.12187500000000004
13 0.6421875 0.22812500000000008 0.5609375 0.22812500000000008 0.5609375 0.2875000000000001 0.6421875 0.2875000000000001
15 0.5515625 0.421875 0.4828125 0.421875 0.4828125 0.48125 0.5515625 0.48125
22 0.4734375000000002 0.8734375 0.3265625000000001 0.8734375 0.3265625000000001 0.9390625 0.4734375000000002 0.9390625
39 0.3937500000000001 0.8203125 0.32500000000000007 0.8203125 0.32500000000000007 0.8671875 0.3937500000000001 0.8671875
34 0.5500000000000002 0.74375 0.4812500000000002 0.74375 0.4812500000000002 0.803125 0.5500000000000002 0.803125
3 0.315625 0.2125 0.24375 0.2125 0.24375 0.271875 0.315625 0.271875
1 0.315625 0.08281250000000004 0.246875 0.08281250000000002 0.246875 0.13906250000000003 0.315625 0.13906250000000003
17 0.315625 0.029687500000000033 0.246875 0.029687500000000033 0.246875 0.07343750000000003 0.315625 0.07343750000000004
30 0.6656250000000001 0.0031250000000000513 0.1671875 0.003125000000000021 0.16718750000000007 0.9703125 0.6656250000000001 0.9703125
16 0.5515625 0.2921875000000001 0.4828125 0.2921875000000001 0.4828125 0.3515625000000001 0.5515625 0.3515625000000001
56 0.396875 0.17968750000000006 0.325 0.17968750000000006 0.325 0.23906250000000004 0.396875 0.2390625000000001
29 0.471875 0.5859375 0.403125 0.5859375 0.403125 0.6421875 0.471875 0.6421875
41 0.396875 0.11562500000000005 0.325 0.11562500000000005 0.325 0.17500000000000004 0.396875 0.17500000000000004
19 0.475 0.2609375000000001 0.403125 0.2609375000000001 0.403125 0.31718750000000007 0.475 0.31718750000000007
58 0.5515625 0.16406250000000006 0.4828125 0.16406250000000006 0.4828125 0.2234375000000001 0.5515625 0.2234375000000001
57 0.5515625 0.22812500000000008 0.4828125 0.22812500000000008 0.4828125 0.2875000000000001 0.5515625 0.2875000000000001
11 0.3140625000000001 0.8015625 0.2453125000000001 0.8015625 0.2453125000000001 0.8578125 0.3140625000000001 0.8578125
0 0.3156250000000001 0.6703125 0.24375000000000008 0.6703125 0.24375000000000008 0.7296875 0.3156250000000001 0.7296875
53 0.39531250000000007 0.50625 0.3265625000000001 0.50625 0.3265625000000001 0.565625 0.39531250000000007 0.565625
28 0.471875 0.51875 0.403125 0.51875 0.403125 0.578125 0.471875 0.578125
4 0.3140625 0.2796875 0.2453125 0.2796875 0.2453125 0.3359375 0.3140625 0.3359375
14 0.6375 0.6140625 0.559375 0.6140625 0.559375 0.6734375 0.6375 0.6734375
38 0.39531250000000007 0.7015625 0.3265625000000001 0.7015625 0.3265625000000001 0.7609375 0.39531250000000007 0.7609375
37 0.47343750000000007 0.7140625 0.4046875 0.7140625 0.4046875000000001 0.7703125 0.4734375000000002 0.7703125
49 0.6421875 0.03437500000000007 0.5609375 0.034375000000000065 0.5609375 0.09375000000000008 0.6421875 0.09375000000000008
26 0.47187500000000016 0.83125 0.4031250000000002 0.83125 0.4031250000000002 0.875 0.47187500000000016 0.875
9 0.3156250000000001 0.6046875 0.24375000000000008 0.6046875 0.24375000000000008 0.6640625 0.3156250000000001 0.6640625
36 0.39531250000000007 0.6375 0.3265625000000001 0.6375 0.3265625000000001 0.696875 0.39531250000000007 0.696875
18 0.55 0.6171875 0.48125 0.6171875 0.48125 0.6734375 0.55 0.6734375
2 0.315625 0.14687500000000003 0.246875 0.14687500000000003 0.246875 0.20625 0.315625 0.20625
27 0.3937500000000001 0.5734375 0.32500000000000007 0.5734375 0.32500000000000007 0.6296875 0.3937500000000001 0.6296875
55 0.5515625 0.3593750000000001 0.4828125 0.3593750000000001 0.4828125 0.415625 0.5515625 0.415625
23 0.4734375 0.32500000000000007 0.4046875 0.32500000000000007 0.4046875 0.3843750000000001 0.4734375 0.3843750000000001
42 0.39687500000000003 0.31093750000000003 0.325 0.3109375 0.32500000000000007 0.37031250000000004 0.3968750000000001 0.3703125000000001
12 0.47187500000000016 0.778125 0.4031250000000002 0.778125 0.4031250000000002 0.8234375 0.47187500000000016 0.8234375
35 0.5515625 0.4875 0.4828125 0.4875 0.4828125 0.54375 0.5515625 0.54375
46 0.5500000000000002 0.8109375 0.4781250000000002 0.8109375 0.4781250000000002 0.9375 0.5500000000000002 0.9375
32 0.5515625 0.09843750000000007 0.4828125 0.09843750000000007 0.4828125 0.15781250000000008 0.5515625 0.15781250000000008
25 0.4734375 0.4546875 0.4046875 0.4546875 0.4046875 0.5140625 0.4734375 0.5140625
52 0.3953125 0.029687500000000044 0.3234375 0.029687500000000044 0.3234375 0.10625000000000004 0.3953125 0.10625000000000004
24 0.4734375 0.3906250000000001 0.4046875 0.3906250000000001 0.4046875 0.446875 0.4734375 0.446875
47 0.6421875 0.2953125000000001 0.5578125 0.2953125000000001 0.5578125 0.60625 0.6421875 0.60625
40 0.55 0.6796875 0.48125 0.6796875 0.48125000000000007 0.7390625 0.5500000000000002 0.7390625
21 0.396875 0.24687500000000004 0.325 0.246875 0.325 0.30625 0.396875 0.3062500000000001
6 0.3140625000000001 0.409375 0.2453125000000001 0.409375 0.2453125000000001 0.46875 0.3140625000000001 0.46875
7 0.3156250000000001 0.4765625 0.24375000000000008 0.4765625 0.24375000000000008 0.5328125 0.3156250000000001 0.5328125
31 0.471875 0.65 0.403125 0.65 0.403125 0.70625 0.471875 0.70625