56 0.4234375000000001 0.71875 0.3703125000000001 0.71875 0.3703125000000001 0.76875 0.4234375000000002 0.76875
29 0.48125 0.3625000000000001 0.428125 0.3625000000000001 0.428125 0.4125 0.48125 0.4125
13 0.6078125000000001 0.6765625 0.5453125 0.6765625 0.5453125000000001 0.7296875 0.6078125000000002 0.7296875
46 0.5375 0.08437500000000006 0.484375 0.08437500000000006 0.484375 0.2093750000000001 0.5375 0.2093750000000001
16 0.5390625 0.61875 0.4859375 0.61875 0.4859375 0.671875 0.5390625 0.671875
51 0.425 0.5453125 0.37187500000000007 0.5453125 0.37187500000000007 0.5953125 0.425 0.5953125
54 0.425 0.2015625000000001 0.371875 0.2015625000000001 0.371875 0.2515625000000001 0.425 0.2515625000000001
26 0.4796875 0.13281250000000006 0.4296875 0.13281250000000006 0.4296875 0.18281250000000004 0.4796875 0.18281250000000004
53 0.425 0.43125 0.37187500000000007 0.43125 0.37187500000000007 0.48125 0.425 0.48125
28 0.4796875 0.4203125 0.4296875 0.4203125 0.4296875 0.4703125 0.4796875 0.4703125
4 0.3671875000000001 0.63125 0.3140625000000001 0.63125 0.3140625000000001 0.68125 0.3671875000000001 0.68125
48 0.365625 0.22968750000000004 0.315625 0.2296875 0.315625 0.2828125 0.365625 0.2828125000000001
57 0.5390625000000001 0.678125 0.4859375 0.678125 0.4859375000000001 0.73125 0.5390625000000002 0.73125
35 0.5390625 0.4484375 0.4859375 0.4484375 0.4859375 0.4984375 0.5390625 0.4984375
24 0.4828125 0.534375 0.4296875 0.534375 0.4296875 0.584375 0.4828125 0.584375
25 0.4796875 0.4765625 0.4296875 0.4765625 0.4296875 0.5265625 0.4796875 0.5265625
45 0.4812500000000002 0.8234375 0.4281250000000002 0.8234375 0.4281250000000002 0.9171875 0.4812500000000002 0.9171875
47 0.6078125 0.3906250000000001 0.54375 0.3906250000000001 0.54375 0.6703125 0.6078125 0.6703125
8 0.3671875000000001 0.403125 0.31718750000000007 0.403125 0.31718750000000007 0.453125 0.3671875000000001 0.453125
3 0.3671875000000001 0.6890625 0.3140625000000001 0.6890625 0.3140625000000001 0.7421875 0.3671875000000001 0.7421875
40 0.5359375 0.2734375000000001 0.4859375 0.2734375000000001 0.4859375 0.3265625000000001 0.5359375 0.3265625000000001
17 0.36406250000000007 0.8640625 0.3140625000000001 0.8640625 0.3140625000000001 0.9171875 0.36406250000000007 0.9171875
42 0.425 0.603125 0.37187500000000007 0.603125 0.37187500000000007 0.653125 0.425 0.653125
33 0.5390625 0.3890625000000001 0.4859375 0.3890625000000001 0.4859375 0.4421875 0.5390625 0.4421875
52 0.4234375000000002 0.8359375 0.3703125000000001 0.8359375 0.3703125000000001 0.9171875 0.4234375000000002 0.9171875
43 0.48125000000000007 0.70625 0.428125 0.70625 0.4281250000000001 0.759375 0.4812500000000002 0.759375
9 0.36718750000000006 0.34375000000000006 0.3140625 0.34375 0.3140625 0.39687500000000003 0.3671875000000001 0.3968750000000001
59 0.425 0.4875 0.37187500000000007 0.4875 0.37187500000000007 0.5375 0.425 0.5375
19 0.4828125 0.65 0.4296875 0.65 0.4296875 0.7 0.4828125 0.7
20 0.3640625 0.08593750000000004 0.3140625 0.08593750000000004 0.3140625 0.16562500000000005 0.3640625 0.16562500000000005
18 0.5390625 0.33281250000000007 0.4859375 0.33281250000000007 0.4859375 0.3828125000000001 0.5390625 0.3828125000000001
2 0.36406250000000007 0.746875 0.3140625000000001 0.746875 0.3140625000000001 0.8 0.36406250000000007 0.8
55 0.5390625 0.5625 0.4859375 0.5625 0.4859375 0.6125 0.5390625 0.6125
37 0.4796875 0.2468750000000001 0.4296875 0.2468750000000001 0.4296875 0.3000000000000001 0.4796875 0.3000000000000001
41 0.4234375000000002 0.7765625 0.3703125000000001 0.7765625 0.3703125000000001 0.8296875 0.4234375000000002 0.8296875
14 0.60625 0.3296875000000001 0.54375 0.3296875000000001 0.54375 0.3828125000000001 0.60625 0.3828125000000001
7 0.3671875000000001 0.459375 0.31718750000000007 0.459375 0.31718750000000007 0.509375 0.3671875000000001 0.509375
22 0.48125 0.08593750000000006 0.371875 0.08593750000000004 0.371875 0.13593750000000004 0.48125 0.13593750000000004
12 0.48125 0.19062500000000004 0.428125 0.19062500000000004 0.428125 0.2406250000000001 0.48125 0.2406250000000001
27 0.4234375 0.3734375000000001 0.3734375000000001 0.3734375000000001 0.3734375000000001 0.4234375 0.4234375 0.4234375
6 0.3656250000000001 0.5140625 0.3156250000000001 0.5140625 0.3156250000000001 0.5671875 0.3656250000000001 0.5671875
47 0.2500000000000001 0.4890625 0.21875000000000008 0.4890625 0.21875000000000008 0.8328125 0.2500000000000001 0.8328125
21 0.425 0.659375 0.37187500000000007 0.659375 0.37187500000000007 0.7125 0.425 0.7125
15 0.5390625 0.5046875 0.4859375 0.5046875 0.4859375 0.5578125 0.5390625 0.5578125
1 0.36406250000000007 0.8046875 0.3140625000000001 0.8046875 0.3140625000000001 0.8578125 0.36406250000000007 0.8578125
58 0.5406250000000001 0.7359375 0.48750000000000016 0.7359375 0.48750000000000016 0.7890625 0.5406250000000001 0.7890625
5 0.3656250000000001 0.571875 0.3156250000000001 0.571875 0.3156250000000001 0.625 0.3656250000000001 0.625
44 0.5390625000000002 0.8546875 0.4859375000000002 0.8546875 0.4859375000000002 0.9203125 0.5390625000000002 0.9203125
32 0.5421875000000002 0.79375 0.4859375000000002 0.79375 0.4859375000000002 0.846875 0.5421875000000002 0.846875
11 0.365625 0.17343750000000005 0.315625 0.17343750000000005 0.315625 0.22343750000000004 0.365625 0.2234375000000001
30 0.6234375000000001 0.06406250000000005 0.2609375 0.06406250000000002 0.26093750000000004 0.9421875 0.6234375000000002 0.9421875
38 0.4234375 0.2593750000000001 0.3734375 0.2593750000000001 0.3734375 0.30937500000000007 0.4234375 0.30937500000000007
0 0.3671875 0.28593750000000007 0.3171875 0.2859375 0.3171875 0.33906250000000004 0.3671875 0.3390625000000001
31 0.4796875 0.3046875000000001 0.4296875 0.3046875000000001 0.4296875 0.3546875000000001 0.4796875 0.3546875000000001
23 0.4796875 0.5921875 0.4296875 0.5921875 0.4296875 0.6421875 0.4796875 0.6421875
10 0.4812500000000002 0.765625 0.4281250000000002 0.765625 0.4281250000000002 0.81875 0.4812500000000002 0.81875
36 0.425 0.3156250000000001 0.371875 0.3156250000000001 0.37187500000000007 0.3687500000000001 0.425 0.3687500000000001
39 0.4234375 0.14375000000000004 0.3703125 0.14375000000000004 0.3703125 0.19375000000000003 0.4234375 0.19375000000000003
34 0.5359375 0.2171875000000001 0.4859375 0.2171875000000001 0.4859375 0.27031250000000007 0.5359375 0.27031250000000007
49 0.6093750000000002 0.8546875 0.5437500000000002 0.8546875 0.5437500000000002 0.9203125 0.6093750000000002 0.9203125
50 0.60625 0.2734375000000001 0.54375 0.2734375000000001 0.54375 0.3265625000000001 0.60625 0.3265625000000001