50 0.440625 0.26250000000000007 0.359375 0.2625 0.359375 0.31875000000000003 0.440625 0.3187500000000001
20 0.753125 0.05468750000000009 0.684375 0.05468750000000009 0.684375 0.13281250000000008 0.753125 0.13281250000000008
51 0.6734375 0.5625 0.6046875 0.5625 0.6046875 0.61875 0.6734375 0.61875
48 0.753125 0.2062500000000001 0.6828125 0.2062500000000001 0.6828125 0.2640625000000001 0.753125 0.2640625000000001
59 0.6734375 0.496875 0.6046875 0.496875 0.6046875 0.5546875 0.6734375 0.5546875
43 0.5937500000000002 0.74375 0.5250000000000001 0.74375 0.5250000000000001 0.8015625 0.5937500000000002 0.8015625
10 0.5937500000000002 0.8078125 0.5250000000000001 0.8078125 0.5250000000000001 0.865625 0.5937500000000002 0.865625
54 0.6734375 0.1859375000000001 0.6046875 0.1859375000000001 0.6046875 0.2312500000000001 0.6734375 0.2312500000000001
44 0.5171875000000001 0.9046875 0.44843750000000016 0.9046875 0.44843750000000016 0.9609375 0.5171875000000001 0.9609375
33 0.5171875 0.3890625000000001 0.4484375 0.3890625000000001 0.4484375 0.446875 0.5171875 0.446875
5 0.753125 0.5937500000000001 0.684375 0.59375 0.684375 0.6531250000000001 0.753125 0.6531250000000002
8 0.753125 0.4000000000000001 0.6828125 0.4 0.6828125 0.4562500000000001 0.753125 0.45625000000000016
45 0.5953125000000001 0.8734375 0.5250000000000001 0.8734375 0.5250000000000001 0.9625 0.5953125000000001 0.9625
13 0.4390625000000001 0.7078125 0.3578125000000001 0.7078125 0.3578125000000001 0.7671875 0.4390625000000002 0.7671875
15 0.5171875 0.5171875 0.4484375 0.5171875 0.4484375 0.575 0.5171875 0.575
22 0.6734375 0.05937500000000008 0.5265625 0.05937500000000007 0.5265625 0.12500000000000006 0.6734375 0.12500000000000008
39 0.6734375 0.13281250000000008 0.6046875 0.13281250000000008 0.6046875 0.17968750000000008 0.6734375 0.17968750000000008
34 0.51875 0.19687500000000005 0.45 0.19687500000000005 0.45 0.25468750000000007 0.51875 0.25468750000000007
3 0.753125 0.7250000000000001 0.6828125 0.725 0.6828125 0.784375 0.7531250000000002 0.7843750000000002
1 0.7515625000000001 0.8578125 0.6828125000000002 0.8578125 0.6828125000000002 0.9140625 0.7515625000000001 0.9140625
17 0.7515625000000001 0.921875 0.6828125000000002 0.921875 0.6828125000000002 0.9671875 0.7515625000000001 0.9671875
30 0.83125 0.02968750000000007 0.334375 0.029687500000000044 0.33437500000000003 0.9921875 0.83125 0.9921875
16 0.5171875 0.6453125 0.4484375 0.6453125 0.4484375 0.703125 0.5171875 0.703125
56 0.6734375000000001 0.7578125 0.6031250000000001 0.7578125 0.6031250000000001 0.815625 0.6734375000000001 0.815625
29 0.5953125 0.35625000000000007 0.5265625 0.35625000000000007 0.5265625 0.4125 0.5953125 0.4125
41 0.6734375000000001 0.821875 0.6031250000000001 0.821875 0.6031250000000001 0.88125 0.6734375000000001 0.88125
19 0.5953125000000001 0.6796875 0.525 0.6796875 0.5250000000000001 0.7359375 0.5953125000000001 0.7359375
58 0.5171875000000001 0.775 0.44843750000000016 0.775 0.44843750000000016 0.8328125 0.5171875000000001 0.8328125
57 0.5171875000000001 0.709375 0.4484375 0.709375 0.4484375000000001 0.7671875 0.5171875000000001 0.7671875
11 0.7515625 0.14062500000000008 0.6828125 0.14062500000000008 0.6828125 0.19687500000000008 0.7515625 0.19687500000000008
0 0.753125 0.2687500000000001 0.6828125 0.2687500000000001 0.6828125 0.3265625000000001 0.753125 0.3265625000000001
53 0.6734375 0.4328125 0.6046875 0.4328125 0.6046875 0.490625 0.6734375 0.490625
28 0.5953125 0.4203125 0.5265625 0.4203125 0.5265625 0.478125 0.5953125 0.478125
4 0.753125 0.6609375000000001 0.684375 0.6609375 0.684375 0.7171875000000001 0.753125 0.7171875000000002
14 0.440625 0.32500000000000007 0.3625 0.325 0.36250000000000004 0.38281250000000006 0.440625 0.3828125000000001
38 0.6734375 0.2390625000000001 0.6046875 0.2390625000000001 0.6046875 0.2968750000000001 0.6734375 0.2968750000000001
37 0.5953125 0.22812500000000008 0.5265625 0.22812500000000008 0.5265625 0.2843750000000001 0.5953125 0.2843750000000001
49 0.4390625000000002 0.9015625 0.3578125000000001 0.9015625 0.3578125000000001 0.959375 0.4390625000000002 0.959375
26 0.5953125 0.12343750000000006 0.5265625 0.12343750000000005 0.5265625 0.16718750000000007 0.5953125 0.1671875000000001
9 0.753125 0.3343750000000001 0.6828125 0.3343750000000001 0.6828125 0.3921875000000001 0.753125 0.3921875000000001
36 0.6734375 0.3031250000000001 0.6046875 0.3031250000000001 0.6046875 0.3609375000000001 0.6734375 0.3609375000000001
18 0.51875 0.32500000000000007 0.45 0.32500000000000007 0.45 0.3812500000000001 0.51875 0.3812500000000001
2 0.7515625000000001 0.7890625000000001 0.6828125000000002 0.7890625 0.6828125000000002 0.85 0.7515625000000001 0.85
27 0.6734375 0.3687500000000001 0.6046875 0.3687500000000001 0.6046875 0.425 0.6734375 0.425
55 0.5171875 0.58125 0.4484375 0.58125 0.4484375 0.6375 0.5171875 0.6375
23 0.59375 0.6140625 0.525 0.6140625 0.525 0.671875 0.59375 0.671875
42 0.6734375 0.6265625 0.603125 0.6265625 0.603125 0.6859375 0.6734375 0.6859375
12 0.5953125 0.17500000000000007 0.5265625 0.17500000000000004 0.5265625 0.22031250000000008 0.5953125 0.22031250000000008
35 0.5171875 0.453125 0.4484375 0.453125 0.4484375 0.509375 0.5171875 0.509375
46 0.5203125 0.06250000000000006 0.45 0.06250000000000004 0.45 0.18750000000000006 0.5203125 0.18750000000000006
32 0.5171875000000001 0.8390625 0.44843750000000016 0.8390625 0.44843750000000016 0.8984375 0.5171875000000001 0.8984375
25 0.5953125 0.484375 0.5265625 0.484375 0.5265625 0.5421875 0.5953125 0.5421875
52 0.6734375000000001 0.8890625 0.6031250000000001 0.8890625 0.6031250000000001 0.965625 0.6734375000000001 0.965625
24 0.59375 0.55 0.525 0.55 0.525 0.60625 0.59375 0.60625
47 0.4421875 0.3921875 0.3593750000000001 0.3921875 0.3593750000000001 0.7015625 0.4421875 0.7015625
40 0.51875 0.2609375000000001 0.45 0.2609375000000001 0.45 0.3187500000000001 0.51875 0.3187500000000001
21 0.6734375000000001 0.6921875 0.603125 0.6921875 0.6031250000000001 0.75 0.6734375000000001 0.75
6 0.753125 0.5281250000000001 0.684375 0.528125 0.684375 0.5875000000000001 0.753125 0.5875000000000001
7 0.753125 0.46562500000000007 0.6828125 0.465625 0.6828125 0.5218750000000001 0.753125 0.5218750000000002
31 0.5953125 0.2921875000000001 0.5265625 0.2921875000000001 0.5265625 0.34843750000000007 0.5953125 0.34843750000000007