20 0.8109375 0.853125 0.7390625000000002 0.853125 0.7390625000000002 0.9375 0.8109375 0.9375
2 0.8125 0.1843750000000001 0.740625 0.1843750000000001 0.740625 0.2390625000000001 0.8125 0.2390625000000001
29 0.646875 0.5921875 0.575 0.5921875 0.575 0.6453125 0.646875 0.6453125
58 0.565625 0.2000000000000001 0.49375 0.2000000000000001 0.49375 0.2531250000000001 0.565625 0.2531250000000001
27 0.728125 0.5765625000000001 0.65625 0.5765625 0.65625 0.6296875000000001 0.728125 0.6296875000000002
56 0.7296875 0.2156250000000001 0.6578125 0.2156250000000001 0.6578125 0.2687500000000001 0.7296875 0.2687500000000001
43 0.646875 0.2312500000000001 0.575 0.2312500000000001 0.575 0.2843750000000001 0.646875 0.2843750000000001
48 0.809375 0.7281250000000001 0.7375000000000002 0.7281250000000001 0.7375000000000002 0.7828125000000001 0.809375 0.7828125000000001
12 0.6468750000000002 0.7734375 0.5750000000000002 0.7734375 0.5750000000000002 0.8265625 0.6468750000000002 0.8265625
16 0.5640625 0.3203125000000001 0.4921875 0.3203125000000001 0.4921875 0.3734375000000001 0.5640625 0.3734375000000001
39 0.7281250000000001 0.81875 0.6562500000000002 0.81875 0.6562500000000002 0.8734375 0.7281250000000001 0.8734375
0 0.809375 0.6687500000000002 0.7375 0.6687500000000002 0.7375 0.7218750000000002 0.809375 0.7218750000000002
36 0.728125 0.6375000000000001 0.65625 0.6375 0.65625 0.6921875000000001 0.728125 0.6921875000000002
47 0.484375 0.3296875000000001 0.3953125 0.3296875000000001 0.39531250000000007 0.6265625 0.484375 0.6265625
32 0.565625 0.13906250000000006 0.49375 0.13906250000000003 0.49375 0.19218750000000007 0.565625 0.1921875000000001
17 0.8109375 0.0671875000000001 0.7421875 0.0671875000000001 0.7421875 0.11718750000000008 0.8109375 0.11718750000000008
6 0.809375 0.4265625000000002 0.740625 0.4265625000000002 0.740625 0.4812500000000002 0.809375 0.4812500000000002
41 0.7296875 0.1546875000000001 0.6578125 0.1546875000000001 0.6578125 0.2093750000000001 0.7296875 0.2093750000000001
28 0.646875 0.5328125 0.575 0.5328125 0.575 0.584375 0.646875 0.584375
45 0.65 0.06562500000000007 0.575 0.06562500000000007 0.575 0.1625000000000001 0.65 0.1625000000000001
15 0.5640625 0.4390625 0.4921875 0.4390625 0.4921875 0.49375 0.5640625 0.49375
23 0.646875 0.3515625000000001 0.575 0.3515625000000001 0.575 0.4046875 0.646875 0.4046875
51 0.728125 0.3968750000000001 0.659375 0.3968750000000001 0.659375 0.4484375000000001 0.728125 0.44843750000000016
40 0.5625000000000001 0.6828125 0.4953125 0.6828125 0.4953125000000001 0.7359375 0.5625000000000002 0.7359375
13 0.48125 0.2656250000000001 0.396875 0.2656250000000001 0.396875 0.3218750000000001 0.48125 0.3218750000000001
3 0.8109375 0.2453125000000001 0.7390625 0.2453125000000001 0.7390625 0.3000000000000001 0.8109375 0.3000000000000001
10 0.6484375 0.17187500000000008 0.5765625 0.17187500000000008 0.5765625 0.2234375000000001 0.6484375 0.2234375000000001
50 0.48125000000000007 0.696875 0.3968750000000001 0.696875 0.3968750000000001 0.753125 0.4812500000000002 0.753125
9 0.809375 0.6078125000000002 0.7375 0.6078125000000002 0.7375 0.6593750000000002 0.809375 0.6593750000000002
55 0.5640625 0.37968750000000007 0.4921875 0.37968750000000007 0.4921875 0.434375 0.5640625 0.434375
49 0.484375 0.06406250000000005 0.396875 0.06406250000000005 0.396875 0.13281250000000006 0.484375 0.13281250000000006
26 0.6468750000000002 0.834375 0.5750000000000002 0.834375 0.5750000000000002 0.8859375 0.6468750000000002 0.8859375
57 0.565625 0.2609375000000001 0.49375 0.2609375000000001 0.49375 0.3140625000000001 0.565625 0.3140625000000001
31 0.646875 0.653125 0.575 0.653125 0.575 0.703125 0.646875 0.703125
5 0.8125 0.3671875000000001 0.740625 0.3671875000000001 0.740625 0.4203125000000002 0.8125 0.4203125000000002
1 0.8125 0.12500000000000008 0.740625 0.12500000000000008 0.740625 0.1781250000000001 0.8125 0.1781250000000001
46 0.5640625000000001 0.8046875 0.49218750000000017 0.8046875 0.49218750000000017 0.9328125 0.5640625000000001 0.9328125
14 0.4796875 0.634375 0.39531250000000007 0.634375 0.39531250000000007 0.690625 0.4796875 0.690625
42 0.7265625 0.3359375000000001 0.659375 0.3359375000000001 0.659375 0.3890625000000001 0.7265625 0.3890625000000001
24 0.646875 0.4109375 0.575 0.4109375 0.575 0.465625 0.646875 0.465625
25 0.646875 0.471875 0.575 0.471875 0.575 0.525 0.646875 0.525
53 0.7296875 0.5171875000000001 0.6578125 0.5171875 0.6578125 0.5703125000000001 0.7296875 0.5703125000000002
35 0.5640625 0.5 0.4921875 0.5 0.4921875 0.5546875 0.5640625 0.5546875
4 0.8125 0.3062500000000001 0.740625 0.3062500000000001 0.740625 0.3593750000000001 0.8125 0.3593750000000001
18 0.5640625 0.621875 0.4921875 0.621875 0.4921875 0.675 0.5640625 0.675
59 0.7296875 0.4562500000000001 0.6578125 0.45625 0.6578125 0.5093750000000001 0.7296875 0.5093750000000001
44 0.565625 0.06406250000000006 0.49375 0.06406250000000006 0.49375 0.13125000000000006 0.565625 0.1312500000000001
34 0.5625000000000002 0.74375 0.4937500000000002 0.74375 0.4937500000000002 0.7953125 0.5625000000000002 0.7953125
19 0.646875 0.2921875000000001 0.575 0.2921875000000001 0.575 0.3453125000000001 0.646875 0.3453125000000001
37 0.64375 0.7125 0.575 0.7125 0.5750000000000001 0.7640625 0.6437500000000002 0.7640625
8 0.809375 0.5468750000000002 0.7375 0.5468750000000002 0.7375 0.5984375000000002 0.809375 0.5984375000000002
38 0.7281250000000001 0.7000000000000001 0.65625 0.7 0.6562500000000001 0.7515625000000001 0.7281250000000001 0.7515625000000001
30 0.9015625 0.04062500000000008 0.3578125 0.04062500000000004 0.35781250000000003 0.959375 0.9015625 0.959375
7 0.809375 0.48750000000000016 0.7375 0.48750000000000016 0.7375 0.5390625000000002 0.809375 0.5390625000000002
11 0.8125 0.7921875000000002 0.7406250000000002 0.7921875000000002 0.7406250000000002 0.84375 0.8125 0.84375
54 0.7296875000000002 0.7578125000000001 0.6578125000000001 0.7578125 0.6578125000000001 0.8125 0.7296875000000002 0.8125
52 0.73125 0.06562500000000009 0.65625 0.06562500000000009 0.65625 0.1468750000000001 0.73125 0.1468750000000001
21 0.728125 0.2765625000000001 0.65625 0.2765625000000001 0.65625 0.3296875000000001 0.728125 0.3296875000000001
22 0.7312500000000002 0.88125 0.5734375000000002 0.88125 0.5734375000000002 0.934375 0.7312500000000002 0.934375
33 0.5640625 0.559375 0.4921875 0.559375 0.4921875 0.615625 0.5640625 0.615625