56 0.6265625000000001 0.7140625 0.5765625 0.7140625 0.5765625000000001 0.7640625 0.6265625000000001 0.7640625
29 0.571875 0.3656250000000001 0.5203125 0.3656250000000001 0.5203125 0.415625 0.571875 0.415625
13 0.45781250000000007 0.675 0.3968750000000001 0.675 0.3968750000000001 0.7265625 0.4578125000000002 0.7265625
46 0.5171875 0.09531250000000006 0.465625 0.09531250000000006 0.465625 0.2171875000000001 0.5171875 0.2171875000000001
16 0.5140625 0.61875 0.4640625 0.61875 0.4640625 0.66875 0.5140625 0.66875
51 0.6265625 0.5453125 0.5765625 0.5453125 0.5765625 0.5953125 0.6265625 0.5953125
54 0.6265625 0.2093750000000001 0.5765625 0.2093750000000001 0.5765625 0.2593750000000001 0.6265625 0.2593750000000001
26 0.571875 0.14218750000000008 0.521875 0.14218750000000005 0.521875 0.19218750000000007 0.571875 0.1921875000000001
53 0.6265625 0.434375 0.5765625 0.434375 0.5765625 0.4828125 0.6265625 0.4828125
28 0.5703125 0.4234375 0.5203125 0.4234375 0.5203125 0.471875 0.5703125 0.471875
4 0.6828125 0.628125 0.6328125 0.628125 0.6328125 0.678125 0.6828125 0.678125
48 0.6828125 0.2375000000000001 0.6328125 0.2375000000000001 0.6328125 0.2875000000000001 0.6828125 0.2875000000000001
57 0.515625 0.675 0.4640625 0.675 0.4640625 0.725 0.515625 0.725
35 0.5140625 0.45 0.4640625 0.45 0.4640625 0.5 0.5140625 0.5
24 0.5703125 0.534375 0.5203125 0.534375 0.5203125 0.5828125 0.5703125 0.5828125
25 0.5703125 0.478125 0.5203125 0.478125 0.5203125 0.528125 0.5703125 0.528125
45 0.5718750000000001 0.8171875 0.5203125000000002 0.8171875 0.5203125000000002 0.909375 0.5718750000000001 0.909375
47 0.459375 0.39531250000000007 0.3968750000000001 0.39531250000000007 0.3968750000000001 0.66875 0.459375 0.66875
8 0.68125 0.40625 0.63125 0.40625 0.63125 0.45625 0.68125 0.45625
3 0.6828125 0.6859375 0.6328125 0.6859375 0.6328125000000001 0.7375 0.6828125000000002 0.7375
40 0.515625 0.2796875000000001 0.465625 0.2796875000000001 0.465625 0.3296875000000001 0.515625 0.3296875000000001
17 0.6828125000000002 0.85625 0.6343750000000001 0.85625 0.6343750000000001 0.9078125 0.6828125000000002 0.9078125
42 0.6265625 0.6015625 0.5765625 0.6015625 0.5765625 0.6515625 0.6265625 0.6515625
33 0.515625 0.3937500000000001 0.4640625 0.3937500000000001 0.4640625 0.44375 0.515625 0.44375
52 0.6296875000000002 0.8296875 0.5765625000000002 0.8296875 0.5765625000000002 0.909375 0.6296875000000002 0.909375
43 0.5718750000000001 0.7046875 0.5203125 0.7046875 0.5203125000000001 0.7546875 0.5718750000000001 0.7546875
9 0.68125 0.3500000000000001 0.63125 0.3500000000000001 0.63125 0.4 0.68125 0.4
59 0.6265625 0.4890625 0.5765625 0.4890625 0.5765625 0.5375 0.6265625 0.5375
19 0.5703125 0.646875 0.5203125 0.646875 0.5203125 0.696875 0.5703125 0.696875
20 0.6828125 0.09531250000000008 0.6328125 0.09531250000000006 0.6328125 0.17343750000000008 0.6828125 0.17343750000000008
18 0.515625 0.3375000000000001 0.465625 0.3375000000000001 0.465625 0.38750000000000007 0.515625 0.38750000000000007
2 0.6828125000000002 0.7421875 0.6328125000000002 0.7421875 0.6328125000000002 0.79375 0.6828125000000002 0.79375
55 0.5140625 0.5625 0.4640625 0.5625 0.4640625 0.6125 0.5140625 0.6125
37 0.5703125 0.2531250000000001 0.5203125 0.2531250000000001 0.5203125 0.3031250000000001 0.5703125 0.3031250000000001
41 0.6265625000000001 0.7703125 0.5765625000000002 0.7703125 0.5765625000000002 0.821875 0.6265625000000001 0.821875
14 0.459375 0.3359375000000001 0.3984375 0.3359375000000001 0.39843750000000006 0.3859375000000001 0.459375 0.3859375000000001
7 0.68125 0.4609375 0.63125 0.4609375 0.63125 0.5109375 0.68125 0.5109375
22 0.6265625 0.09531250000000006 0.5203125 0.09531250000000006 0.5203125 0.14531250000000007 0.6265625 0.1453125000000001
12 0.571875 0.19687500000000008 0.521875 0.19687500000000005 0.521875 0.2468750000000001 0.571875 0.2468750000000001
27 0.6265625 0.3765625000000001 0.5765625 0.3765625000000001 0.5765625 0.4265625 0.6265625 0.4265625
6 0.6828125 0.515625 0.6328125 0.515625 0.6328125 0.565625 0.6828125 0.565625
47 0.7765625 0.49218750000000017 0.7453125 0.49218750000000017 0.7453125 0.8265625 0.7765625000000002 0.8265625
21 0.6265625 0.6578125 0.575 0.6578125 0.575 0.7078125 0.6265625 0.7078125
15 0.5140625 0.50625 0.4640625 0.50625 0.4640625 0.55625 0.5140625 0.55625
1 0.6828125000000002 0.8 0.6328125000000002 0.8 0.6328125000000002 0.8515625 0.6828125000000002 0.8515625
58 0.5140625000000002 0.7328125 0.4625000000000002 0.7328125 0.4625000000000002 0.7828125 0.5140625000000002 0.7828125
5 0.6828125 0.571875 0.6328125 0.571875 0.6328125 0.621875 0.6828125 0.621875
44 0.5156250000000002 0.8484375 0.4625000000000002 0.8484375 0.4625000000000002 0.9125 0.5156250000000002 0.9125
32 0.5156250000000002 0.7890625 0.4625000000000002 0.7890625 0.4625000000000002 0.840625 0.5156250000000002 0.840625
11 0.6828125 0.18125000000000008 0.634375 0.18125000000000008 0.634375 0.2312500000000001 0.6828125 0.2312500000000001
30 0.7343750000000001 0.07500000000000007 0.38125 0.07500000000000004 0.38125000000000003 0.934375 0.7343750000000002 0.934375
38 0.6265625 0.2656250000000001 0.5765625 0.2656250000000001 0.5765625 0.3156250000000001 0.6265625 0.3156250000000001
0 0.68125 0.29375000000000007 0.63125 0.29375000000000007 0.63125 0.3437500000000001 0.68125 0.3437500000000001
31 0.5703125 0.3109375000000001 0.5203125 0.3109375000000001 0.5203125 0.3609375000000001 0.5703125 0.3609375000000001
23 0.5703125 0.590625 0.5203125 0.590625 0.5203125 0.640625 0.5703125 0.640625
10 0.5718750000000001 0.7609375 0.5203125000000002 0.7609375 0.5203125000000002 0.8109375 0.5718750000000001 0.8109375
36 0.6265625 0.3218750000000001 0.5765625 0.3218750000000001 0.5765625 0.37187500000000007 0.6265625 0.37187500000000007
39 0.6265625 0.1531250000000001 0.5765625 0.1531250000000001 0.5765625 0.20312500000000008 0.6265625 0.20312500000000008
34 0.515625 0.2250000000000001 0.465625 0.2250000000000001 0.465625 0.2750000000000001 0.515625 0.2750000000000001
49 0.4593750000000002 0.8484375 0.39531250000000007 0.8484375 0.39531250000000007 0.9140625 0.4593750000000002 0.9140625
50 0.459375 0.2796875000000001 0.3984375 0.2796875000000001 0.3984375 0.3312500000000001 0.459375 0.3312500000000001