49 0.7296875 0.1375000000000001 0.6453125 0.1375000000000001 0.6453125 0.2328125000000001 0.7296875 0.2328125000000001
3 0.40625 0.33437500000000003 0.33125 0.334375 0.33125000000000004 0.38750000000000007 0.40625 0.38750000000000007
46 0.6343750000000001 0.8671875 0.5562500000000001 0.8671875 0.5562500000000001 1 0.6343750000000001 1
54 0.4812500000000002 0.815625 0.40625000000000017 0.815625 0.40625000000000017 0.871875 0.4812500000000002 0.871875
40 0.6343750000000001 0.753125 0.5593750000000002 0.753125 0.5593750000000002 0.809375 0.6343750000000001 0.809375
14 0.7171875000000002 0.7265625 0.6359375000000002 0.7265625 0.6359375000000002 0.7984375 0.7171875000000002 0.7984375
9 0.4078125000000001 0.675 0.33281250000000007 0.675 0.33281250000000007 0.728125 0.4078125000000002 0.728125
58 0.6421875 0.2828125000000001 0.5609375 0.2828125000000001 0.5609375 0.3390625000000001 0.6421875 0.3390625000000001
30 0.859375 0.08750000000000006 0.159375 0.08750000000000002 0.15937500000000007 1 0.859375 1
56 0.484375 0.3031250000000001 0.40625 0.3031250000000001 0.40625 0.35625000000000007 0.484375 0.35625000000000007
38 0.4812500000000002 0.7609375 0.40625000000000017 0.7609375 0.40625000000000017 0.8140625 0.4812500000000002 0.8140625
57 0.6421875 0.3453125000000001 0.5609375 0.3453125000000001 0.5609375 0.4015625 0.6421875 0.4015625
2 0.40625 0.275 0.33125 0.275 0.33125 0.3296875 0.40625 0.3296875000000001
42 0.4828125 0.4203125 0.4078125 0.4203125 0.4078125 0.4734375 0.4828125 0.4734375
32 0.6421875 0.22031250000000008 0.5609375 0.22031250000000008 0.5609375 0.2796875000000001 0.6421875 0.2796875000000001
24 0.559375 0.4921875 0.48125 0.4921875 0.48125 0.5453125 0.559375 0.5453125
34 0.6328125000000002 0.809375 0.5578125000000002 0.809375 0.5578125000000002 0.865625 0.6328125000000002 0.865625
51 0.4828125 0.4796875 0.4078125 0.4796875 0.4078125 0.53125 0.4828125 0.53125
35 0.6375 0.58125 0.559375 0.58125 0.559375 0.6359375 0.6375 0.6359375
0 0.40625000000000017 0.73125 0.33281250000000007 0.73125 0.33281250000000007 0.784375 0.40625000000000017 0.784375
1 0.40625 0.21718750000000003 0.33125 0.2171875 0.33125 0.27031250000000007 0.40625 0.27031250000000007
16 0.6390625 0.4046875 0.559375 0.4046875 0.559375 0.4609375 0.6390625 0.4609375
17 0.40625 0.15468750000000003 0.33125 0.15468750000000003 0.33125 0.21093750000000006 0.40625 0.21093750000000008
15 0.6375 0.5203125 0.559375 0.5203125 0.559375 0.5765625 0.6375 0.5765625
52 0.484375 0.15156250000000004 0.4046875 0.15156250000000004 0.4046875 0.2375000000000001 0.484375 0.2375000000000001
29 0.559375 0.665625 0.48125 0.665625 0.48125 0.7203125 0.559375 0.7203125
6 0.4078125 0.50625 0.33281250000000007 0.50625 0.33281250000000007 0.559375 0.4078125 0.559375
47 0.7203125000000001 0.38750000000000007 0.6359375 0.38750000000000007 0.6359375 0.728125 0.7203125000000001 0.728125
33 0.6375 0.6375 0.5578125 0.6375 0.5578125 0.69375 0.6375 0.69375
5 0.40625 0.45 0.33281250000000007 0.45 0.33281250000000007 0.5015625 0.40625 0.5015625
44 0.6453125 0.1437500000000001 0.5640625 0.1437500000000001 0.5640625 0.2171875000000001 0.6453125 0.2171875000000001
37 0.5578125000000002 0.778125 0.47968750000000016 0.778125 0.47968750000000016 0.834375 0.5578125000000002 0.834375
11 0.40625000000000017 0.840625 0.3343750000000001 0.840625 0.3343750000000001 0.89375 0.40625000000000017 0.89375
21 0.484375 0.3609375000000001 0.40625 0.3609375000000001 0.40625 0.4171875 0.484375 0.4171875
53 0.4828125 0.5921875 0.4078125 0.5921875 0.4078125 0.6453125 0.4828125 0.6453125
22 0.5578125000000002 0.925 0.4031250000000002 0.925 0.4031250000000002 1 0.5578125000000002 1
59 0.4828125 0.5359375 0.4078125 0.5359375 0.4078125 0.5875 0.4828125 0.5875
23 0.5609375 0.434375 0.4828125 0.434375 0.4828125 0.4890625 0.5609375 0.4890625
45 0.5640625 0.14843750000000006 0.484375 0.14843750000000006 0.484375 0.2515625000000001 0.5640625 0.2515625000000001
7 0.4078125 0.5640625 0.33281250000000007 0.5640625 0.33281250000000007 0.615625 0.4078125 0.615625
25 0.5578125 0.55 0.4828125 0.55 0.4828125 0.603125 0.5578125 0.603125
20 0.40625000000000017 0.8953125 0.3343750000000001 0.8953125 0.3343750000000001 1 0.40625000000000017 1
12 0.5562500000000001 0.834375 0.4812500000000002 0.834375 0.4812500000000002 0.890625 0.5562500000000001 0.890625
19 0.5609375 0.3765625000000001 0.4828125 0.3765625000000001 0.4828125 0.4296875 0.5609375 0.4296875
13 0.725 0.3125000000000001 0.640625 0.3125000000000001 0.640625 0.3843750000000001 0.725 0.3843750000000001
26 0.5562500000000001 0.890625 0.4812500000000002 0.890625 0.4812500000000002 0.946875 0.5562500000000001 0.946875
39 0.4812500000000002 0.8734375 0.40625000000000017 0.8734375 0.40625000000000017 0.928125 0.4812500000000002 0.928125
43 0.5625 0.3156250000000001 0.484375 0.3156250000000001 0.484375 0.37187500000000007 0.5625 0.37187500000000007
27 0.48125 0.65 0.40625 0.65 0.40625 0.703125 0.48125 0.703125
36 0.48125000000000007 0.7046875 0.40625 0.7046875 0.4062500000000001 0.759375 0.4812500000000002 0.759375
4 0.4078125 0.3921875 0.33281250000000007 0.3921875 0.33281250000000007 0.4453125 0.4078125 0.4453125
18 0.6359375 0.6953125 0.55625 0.6953125 0.5562500000000001 0.7515625 0.6359375000000002 0.7515625
48 0.40625000000000017 0.7859375 0.33281250000000007 0.7859375 0.33281250000000007 0.8390625 0.40625000000000017 0.8390625
41 0.484375 0.24218750000000008 0.40625 0.24218750000000008 0.40625 0.30156250000000007 0.484375 0.30156250000000007
10 0.5625 0.2562500000000001 0.484375 0.2562500000000001 0.484375 0.30937500000000007 0.5625 0.30937500000000007
8 0.4078125 0.61875 0.33281250000000007 0.61875 0.33281250000000007 0.671875 0.4078125 0.671875
55 0.6375 0.4640625 0.559375 0.4640625 0.559375 0.51875 0.6375 0.51875
50 0.7125000000000001 0.94375 0.6328125000000002 0.94375 0.6328125000000002 1 0.7125000000000001 1
31 0.5593750000000001 0.7234375 0.48125 0.7234375 0.48125000000000007 0.7765625 0.5593750000000002 0.7765625
28 0.559375 0.6078125 0.48125 0.6078125 0.48125 0.6625 0.559375 0.6625