39 0.4140625 0.5015625 0.37187500000000007 0.5015625 0.37187500000000007 0.53125 0.4140625 0.53125
10 0.409375 0.10781250000000005 0.36875 0.10781250000000005 0.36875 0.13906250000000003 0.409375 0.13906250000000003
21 0.3734375 0.17656250000000004 0.3296875 0.17656250000000004 0.3296875 0.21093750000000006 0.3734375 0.21093750000000008
31 0.446875 0.3968750000000001 0.4046875 0.3968750000000001 0.4046875 0.4265625 0.446875 0.4265625
48 0.3609375000000001 0.4515625 0.3187500000000001 0.4515625 0.3187500000000001 0.48125 0.3609375000000001 0.48125
0 0.35625000000000007 0.4171875 0.3140625000000001 0.4171875 0.3140625000000001 0.446875 0.35625000000000007 0.446875
44 0.45 0.03593750000000005 0.40625 0.035937500000000046 0.40625 0.07812500000000004 0.45 0.07812500000000004
5 0.3328125 0.2375 0.29375 0.2375 0.29375 0.26875 0.3328125 0.26875
20 0.3703125000000001 0.525 0.3265625000000001 0.525 0.3265625000000001 0.590625 0.3703125000000001 0.590625
19 0.4171875 0.17968750000000006 0.3765625 0.17968750000000006 0.3765625 0.21093750000000008 0.4171875 0.21093750000000008
8 0.34843750000000007 0.34375 0.30625 0.34375 0.30625 0.375 0.34843750000000007 0.375
56 0.3671875 0.14375000000000004 0.3265625 0.14375000000000004 0.3265625 0.17500000000000004 0.3671875 0.17500000000000004
58 0.459375 0.11718750000000004 0.4171875 0.11718750000000004 0.4171875 0.15000000000000005 0.459375 0.15000000000000005
2 0.321875 0.13437500000000005 0.28125 0.13437500000000005 0.28125 0.16718750000000004 0.321875 0.16718750000000004
47 0.540625 0.17031250000000003 0.475 0.17031250000000003 0.475 0.37968750000000007 0.540625 0.37968750000000007
40 0.496875 0.409375 0.4546875 0.409375 0.4546875 0.440625 0.496875 0.440625
50 0.5671875 0.525 0.5203125 0.525 0.5203125 0.578125 0.5671875 0.578125
15 0.478125 0.26250000000000007 0.4359375 0.26250000000000007 0.4359375 0.29375000000000007 0.478125 0.29375000000000007
54 0.4078125 0.465625 0.3671875000000001 0.465625 0.3671875000000001 0.4953125 0.4078125 0.4953125
11 0.3656250000000001 0.4890625 0.3234375000000001 0.4890625 0.3234375000000001 0.5171875 0.3656250000000001 0.5171875
41 0.365625 0.10781250000000005 0.3234375 0.10781250000000005 0.3234375 0.14218750000000005 0.365625 0.14218750000000005
28 0.4375 0.3234375000000001 0.396875 0.3234375000000001 0.396875 0.3531250000000001 0.4375 0.3531250000000001
22 0.4671875 0.5390625 0.3750000000000001 0.5390625 0.3750000000000001 0.5859375 0.4671875 0.5859375
35 0.4828125 0.2984375000000001 0.440625 0.2984375000000001 0.440625 0.3296875000000001 0.4828125 0.3296875000000001
45 0.40625 0.04531250000000005 0.3625 0.04531250000000005 0.3625 0.10468750000000004 0.40625 0.10468750000000004
59 0.384375 0.28437500000000004 0.3453125 0.284375 0.3453125 0.31562500000000004 0.384375 0.3156250000000001
32 0.4546875 0.08125000000000006 0.4109375 0.08125000000000004 0.4109375 0.11562500000000005 0.4546875 0.11562500000000005
12 0.4578125 0.4703125 0.4140625 0.4703125 0.4140625 0.5 0.4578125 0.5
52 0.3578125 0.05625000000000004 0.3171875 0.05625000000000004 0.3171875 0.10781250000000005 0.3578125 0.10781250000000005
30 0.6968750000000001 5.1473435776662193e-17 0.14375 1.7604297737743203e-17 0.14375000000000007 0.9328125 0.6968750000000001 0.9328125
4 0.3296875 0.203125 0.2890625 0.203125 0.2890625 0.2328125 0.3296875 0.2328125
16 0.4671875 0.18906250000000005 0.4265625 0.18906250000000005 0.4265625 0.2218750000000001 0.4671875 0.2218750000000001
29 0.4421875 0.3593750000000001 0.4015625 0.3593750000000001 0.4015625 0.3906250000000001 0.4421875 0.3906250000000001
57 0.4625 0.15312500000000004 0.4203125 0.15312500000000004 0.4203125 0.18437500000000004 0.4625 0.18437500000000004
51 0.3796875 0.24843750000000003 0.3390625 0.2484375 0.3390625 0.27968750000000003 0.3796875 0.2796875000000001
34 0.5015625 0.446875 0.4609375 0.446875 0.4609375 0.4765625 0.5015625 0.4765625
9 0.3515625000000001 0.3796875 0.3109375000000001 0.3796875 0.3109375000000001 0.4109375 0.3515625000000001 0.4109375
37 0.453125 0.4328125 0.4109375 0.4328125 0.4109375 0.4625 0.453125 0.4625
42 0.375 0.21406250000000004 0.334375 0.2140625 0.334375 0.24531250000000004 0.375 0.2453125000000001
25 0.43125 0.2875000000000001 0.390625 0.2875000000000001 0.390625 0.3187500000000001 0.43125 0.3187500000000001
7 0.3421875 0.3078125 0.3015625 0.3078125 0.3015625 0.3390625 0.3421875 0.3390625
14 0.54375 0.3859375000000001 0.5 0.3859375000000001 0.5 0.4265625 0.54375 0.4265625
55 0.4734375 0.2250000000000001 0.43125 0.2250000000000001 0.43125 0.2562500000000001 0.4734375 0.2562500000000001
33 0.4890625 0.3359375000000001 0.4453125 0.3359375000000001 0.4453125 0.3671875000000001 0.4890625 0.3671875000000001
27 0.3921875 0.35781250000000003 0.353125 0.3578125 0.353125 0.38593750000000004 0.3921875000000001 0.3859375000000001
24 0.4265625 0.2515625000000001 0.3859375 0.2515625000000001 0.3859375 0.2812500000000001 0.4265625 0.2812500000000001
1 0.315625 0.09843750000000004 0.275 0.09843750000000004 0.275 0.12968750000000004 0.315625 0.12968750000000004
6 0.3375 0.271875 0.2953125 0.271875 0.2953125 0.3046875 0.3375 0.3046875
49 0.4984375 0.026562500000000055 0.453125 0.026562500000000055 0.453125 0.08125000000000006 0.4984375 0.08125000000000007
26 0.4625 0.5078125 0.41875 0.5078125 0.41875 0.5375 0.4625 0.5375
36 0.3984375000000001 0.39375000000000004 0.3578125000000001 0.39375 0.3578125000000001 0.4234375 0.3984375000000001 0.4234375
13 0.5109375 0.12500000000000006 0.465625 0.12500000000000006 0.465625 0.16875000000000004 0.5109375 0.16875000000000004
43 0.4140625 0.14375000000000004 0.3734375 0.14375000000000004 0.3734375 0.17500000000000004 0.4140625 0.17500000000000004
53 0.3890625 0.32031250000000006 0.3484375 0.3203125 0.3484375 0.35156250000000006 0.3890625 0.3515625000000001
23 0.4234375 0.2140625000000001 0.3828125 0.2140625000000001 0.3828125 0.2453125000000001 0.4234375 0.2453125000000001
46 0.515625 0.484375 0.465625 0.484375 0.465625 0.578125 0.515625 0.578125
38 0.403125 0.4296875 0.3625000000000001 0.4296875 0.3625000000000001 0.459375 0.403125 0.459375
17 0.3125 0.06562500000000004 0.2734375 0.06562500000000004 0.2734375 0.09687500000000004 0.3125 0.09687500000000004
3 0.3265625 0.16718750000000004 0.284375 0.16718750000000004 0.284375 0.2 0.3265625 0.2
18 0.4921875 0.37187500000000007 0.45 0.37187500000000007 0.45 0.403125 0.4921875 0.403125