58 0.18593750000000003 0.4421875 0.14687500000000003 0.4421875 0.14687500000000003 0.4984375 0.18593750000000003 0.4984375
50 0.725 0.484375 0.68125 0.484375 0.68125 0.54375 0.725 0.54375
36 0.5203125 0.31718750000000007 0.48125 0.31718750000000007 0.48125 0.3687500000000001 0.5203125 0.3687500000000001
53 0.4328125 0.31718750000000007 0.3921875 0.31718750000000007 0.3921875 0.37187500000000007 0.4328125 0.37187500000000007
32 0.14218750000000005 0.4421875 0.09687500000000004 0.4421875 0.09687500000000006 0.503125 0.14218750000000005 0.503125
57 0.23593750000000008 0.4421875 0.19531250000000006 0.4421875 0.19531250000000006 0.496875 0.23593750000000008 0.496875
20 0.7125 0.2531250000000001 0.6328125 0.2531250000000001 0.6328125 0.3062500000000001 0.7125 0.3062500000000001
3 0.2265625 0.2625 0.18593750000000003 0.2625 0.18593750000000003 0.3171875 0.2265625 0.3171875
22 0.71875 0.30937500000000007 0.6546875 0.30937500000000007 0.6546875 0.4234375 0.71875 0.4234375
42 0.29531250000000003 0.3203125 0.25625 0.3203125 0.25625000000000003 0.375 0.2953125000000001 0.375
55 0.3312500000000001 0.4390625 0.2906250000000001 0.4390625 0.2906250000000001 0.49375 0.3312500000000001 0.49375
5 0.3203125 0.2609375 0.278125 0.2609375 0.278125 0.3171875 0.3203125 0.3171875
11 0.6265625 0.2578125000000001 0.5875 0.2578125000000001 0.5875 0.30937500000000007 0.6265625 0.30937500000000007
26 0.6640625 0.3703125000000001 0.6234375 0.3703125000000001 0.6234375 0.421875 0.6640625 0.421875
23 0.3062500000000001 0.3796875 0.2671875000000001 0.3796875 0.2671875000000001 0.43125 0.3062500000000001 0.43125
30 1 0.08437500000000006 0.0031250000000000097 0.084375 0.0031250000000000457 0.6640625000000001 1 0.6640625000000002
38 0.5640625 0.3156250000000001 0.5234375 0.3156250000000001 0.5234375 0.3671875000000001 0.5640625 0.3671875000000001
18 0.5125 0.43125 0.471875 0.43125 0.471875 0.4875 0.5125 0.4875
49 0.10468750000000007 0.50625 0.032812500000000064 0.50625 0.032812500000000064 0.5703125 0.10468750000000009 0.5703125
35 0.421875 0.4359375 0.3812500000000001 0.4359375 0.3812500000000001 0.4890625 0.421875 0.4890625
13 0.22656250000000008 0.5015625 0.15781250000000005 0.5015625 0.15781250000000008 0.5640625 0.22656250000000008 0.5640625
37 0.5765625 0.37187500000000007 0.5375 0.37187500000000007 0.5375 0.4265625 0.5765625 0.4265625
52 0.10312500000000005 0.3234375 0.042187500000000044 0.3234375 0.042187500000000044 0.3796875 0.10312500000000005 0.3796875
31 0.5328125 0.3734375000000001 0.49375 0.3734375000000001 0.49375 0.4265625 0.5328125 0.4265625
14 0.59375 0.4890625 0.5515625 0.4890625 0.5515625 0.5484375 0.59375 0.5484375
44 0.09062500000000005 0.4453125 0.037500000000000054 0.4453125 0.03750000000000006 0.503125 0.09062500000000007 0.503125
19 0.2593750000000001 0.3796875 0.22031250000000008 0.3796875 0.22031250000000008 0.434375 0.2593750000000001 0.434375
41 0.15781250000000005 0.3234375 0.11250000000000004 0.3234375 0.11250000000000004 0.3828125 0.15781250000000005 0.3828125
25 0.3984375000000001 0.37812500000000004 0.3593750000000001 0.378125 0.3593750000000001 0.4296875 0.3984375000000001 0.4296875
33 0.46875 0.434375 0.4265625 0.434375 0.4265625 0.490625 0.46875 0.490625
10 0.16562500000000005 0.384375 0.12031250000000004 0.384375 0.12031250000000004 0.4390625 0.16562500000000005 0.4390625
29 0.4890625 0.3750000000000001 0.4484375 0.3750000000000001 0.4484375 0.4265625 0.4890625 0.4265625
56 0.20156250000000003 0.3234375 0.16093750000000004 0.3234375 0.16093750000000004 0.375 0.2015625000000001 0.375
40 0.55625 0.43125 0.5171875 0.43125 0.5171875 0.484375 0.55625 0.484375
21 0.2515625 0.321875 0.2078125 0.321875 0.20781250000000004 0.378125 0.2515625000000001 0.378125
48 0.584375 0.2562500000000001 0.5453125 0.2562500000000001 0.5453125 0.3109375000000001 0.584375 0.3109375000000001
59 0.38593750000000004 0.31875000000000003 0.346875 0.31875 0.34687500000000004 0.37187500000000007 0.3859375000000001 0.37187500000000007
2 0.18125000000000005 0.2625 0.13750000000000004 0.2625 0.13750000000000004 0.31875 0.18125000000000005 0.31875
4 0.271875 0.2625 0.2328125 0.2625 0.2328125 0.3171875 0.271875 0.3171875
54 0.6078125 0.3140625000000001 0.5671875 0.3140625000000001 0.5671875 0.3687500000000001 0.6078125 0.3687500000000001
28 0.44375 0.3750000000000001 0.4046875 0.3750000000000001 0.4046875 0.4296875 0.44375 0.4296875
15 0.3765625000000001 0.4359375 0.3343750000000001 0.4359375 0.3343750000000001 0.4921875 0.3765625000000001 0.4921875
43 0.21250000000000008 0.38125 0.17187500000000006 0.38125 0.17187500000000006 0.4359375 0.21250000000000008 0.4359375
1 0.12968750000000004 0.2625 0.09062500000000002 0.2625 0.09062500000000004 0.3171875 0.12968750000000004 0.3171875
51 0.34062500000000007 0.3203125 0.3015625 0.3203125 0.30156250000000007 0.371875 0.34062500000000007 0.371875
17 0.08125000000000003 0.2640625 0.04218750000000003 0.2640625 0.04218750000000003 0.3171875 0.08125000000000004 0.3171875
12 0.6203125 0.3703125000000001 0.58125 0.3703125000000001 0.58125 0.425 0.6203125 0.425
27 0.4765625 0.31718750000000007 0.4390625 0.31718750000000007 0.4390625 0.3687500000000001 0.4765625 0.3687500000000001
46 0.721875 0.4265625 0.60625 0.4265625 0.60625 0.4828125 0.721875 0.4828125
0 0.5421875 0.2578125000000001 0.5015625 0.2578125000000001 0.5015625 0.3125000000000001 0.5421875 0.3125000000000001
16 0.2843750000000001 0.4390625 0.24218750000000008 0.4390625 0.24218750000000008 0.4953125 0.2843750000000001 0.4953125
47 0.5484375 0.4921875 0.2296875000000001 0.4921875 0.2296875000000001 0.5625 0.5484375 0.5625
24 0.3531250000000001 0.378125 0.3125000000000001 0.378125 0.3125000000000001 0.4328125 0.3531250000000001 0.4328125
45 0.10781250000000005 0.384375 0.03906250000000004 0.384375 0.03906250000000005 0.440625 0.10781250000000005 0.440625
6 0.3640625 0.26093750000000004 0.325 0.2609375 0.325 0.31718750000000007 0.3640625 0.31718750000000007
8 0.4546875 0.2593750000000001 0.4140625 0.2593750000000001 0.4140625 0.3140625000000001 0.4546875 0.3140625000000001
39 0.6515625 0.3125000000000001 0.6109375 0.3125000000000001 0.6109375 0.3671875000000001 0.6515625 0.3671875000000001
34 0.6015625 0.4296875 0.5609375 0.4296875 0.5609375 0.484375 0.6015625 0.484375
7 0.409375 0.2593750000000001 0.3703125 0.2593750000000001 0.3703125 0.3140625000000001 0.409375 0.3140625000000001
9 0.4984375 0.2578125000000001 0.4578125 0.2578125000000001 0.4578125 0.3140625000000001 0.4984375 0.3140625000000001