51 0.2250000000000001 0.565625 0.1843750000000001 0.565625 0.1843750000000001 0.61875 0.2250000000000001 0.61875
0 0.4296875 0.5078125 0.3890625000000001 0.5078125 0.3890625000000001 0.5578125 0.4296875 0.5578125
8 0.34062500000000007 0.5078125 0.3000000000000001 0.5078125 0.3000000000000001 0.5609375 0.34062500000000007 0.5609375
22 0.6125 0.565625 0.546875 0.565625 0.546875 0.6875 0.6125 0.6875
55 0.2156250000000001 0.6890625 0.1750000000000001 0.6890625 0.1750000000000001 0.7390625 0.2156250000000001 0.7390625
13 0.11250000000000009 0.75 0.05937500000000009 0.75 0.05937500000000009 0.80625 0.11250000000000009 0.80625
36 0.40625 0.56875 0.3656250000000001 0.56875 0.3656250000000001 0.621875 0.40625 0.621875
43 0.10312500000000009 0.6265625 0.06250000000000007 0.6265625 0.06250000000000008 0.6828125 0.10312500000000009 0.6828125
32 0.03281250000000009 0.6875 8.419446744138054e-17 0.6875 8.763878656398247e-17 0.74375 0.03281250000000009 0.74375
9 0.3843750000000001 0.5078125 0.3437500000000001 0.5078125 0.3437500000000001 0.5578125 0.3843750000000001 0.5578125
35 0.3046875000000001 0.6890625 0.2640625000000001 0.6890625 0.2640625000000001 0.7421875 0.3046875000000001 0.7421875
30 0.9890625 0.34375000000000006 4.209723372069027e-17 0.34375 7.443556326067507e-17 0.871875 0.9890625 0.871875
47 0.37187500000000007 0.746875 0.11562500000000009 0.746875 0.11562500000000009 0.80625 0.37187500000000007 0.80625
37 0.4640625 0.628125 0.4234375 0.628125 0.4234375 0.68125 0.4640625 0.68125
39 0.5421875 0.56875 0.5015625 0.56875 0.5015625 0.621875 0.5421875 0.621875
54 0.496875 0.5671875 0.45625 0.5671875 0.45625 0.6203125 0.496875 0.6203125
7 0.2953125000000001 0.50625 0.25468750000000007 0.50625 0.25468750000000007 0.559375 0.2953125000000001 0.559375
14 0.42968750000000017 0.7484375 0.3765625000000001 0.7484375 0.3765625000000001 0.8078125 0.42968750000000017 0.8078125
15 0.2593750000000001 0.6890625 0.21875000000000008 0.6890625 0.21875000000000008 0.7421875 0.2593750000000001 0.7421875
3 0.11406250000000007 0.5046875 0.07343750000000007 0.5046875 0.07343750000000007 0.5578125 0.1140625000000001 0.5578125
4 0.15781250000000008 0.50625 0.11718750000000004 0.50625 0.11718750000000007 0.559375 0.15781250000000008 0.559375
38 0.4515625 0.56875 0.4125 0.56875 0.4125 0.61875 0.4515625 0.61875
1 0.023437500000000062 0.50625 6.199774420683476e-17 0.50625 6.525071226706992e-17 0.559375 0.023437500000000066 0.559375
27 0.3625000000000001 0.56875 0.3218750000000001 0.56875 0.3218750000000001 0.621875 0.3625000000000001 0.621875
26 0.553125 0.6296875 0.5125 0.6296875 0.5125 0.6796875 0.553125 0.6796875
6 0.2484375000000001 0.50625 0.2078125000000001 0.50625 0.2078125000000001 0.559375 0.2484375000000001 0.559375
53 0.31718750000000007 0.56875 0.2765625000000001 0.56875 0.2765625000000001 0.621875 0.31718750000000007 0.621875
21 0.1359375000000001 0.5671875 0.09531250000000006 0.5671875 0.09531250000000006 0.6203125 0.1359375000000001 0.6203125
50 0.6140625000000002 0.7515625 0.5437500000000002 0.7515625 0.5437500000000002 0.8109375 0.6140625000000002 0.8109375
28 0.3281250000000001 0.628125 0.2875000000000001 0.628125 0.2875000000000001 0.68125 0.3281250000000001 0.68125
16 0.1687500000000001 0.6890625 0.1281250000000001 0.6890625 0.1281250000000001 0.7390625 0.1687500000000001 0.7390625
12 0.5078125 0.6296875 0.4671875 0.6296875 0.4671875 0.6828125 0.5078125 0.6828125
48 0.4734375 0.5078125 0.4328125 0.5078125 0.4328125 0.5578125 0.4734375 0.5578125
52 0.010937500000000072 0.5640625 0.0015625000000000695 0.5640625 0.0015625000000000725 0.6203125 0.010937500000000076 0.6203125
46 0.6109375000000001 0.6890625 0.490625 0.6890625 0.4906250000000001 0.7390625 0.6109375000000001 0.7390625
20 0.6125 0.5078125 0.5234375 0.5078125 0.5234375 0.5578125 0.6125 0.5578125
19 0.1468750000000001 0.6296875 0.10781250000000009 0.6296875 0.10781250000000009 0.6828125 0.1468750000000001 0.6828125
56 0.09062500000000007 0.5671875 0.05156250000000007 0.5671875 0.05156250000000007 0.6171875 0.09062500000000007 0.6171875
40 0.4390625000000001 0.6875 0.3984375000000001 0.6875 0.3984375000000001 0.7375 0.4390625000000002 0.7375
49 0.014062500000000097 0.7484375 0.0015625000000000916 0.7484375 0.0015625000000000955 0.8078125 0.0140625000000001 0.8078125
45 0.01562500000000008 0.6265625 7.673177600907635e-17 0.6265625 8.017609513167828e-17 0.6828125 0.015625000000000083 0.6828125
42 0.18125000000000008 0.5671875 0.14062500000000008 0.5671875 0.14062500000000008 0.6203125 0.18125000000000008 0.6203125
23 0.1921875000000001 0.628125 0.1515625000000001 0.628125 0.1515625000000001 0.68125 0.1921875000000001 0.68125
10 0.05781250000000008 0.628125 0.017187500000000078 0.628125 0.01718750000000008 0.68125 0.057812500000000086 0.68125
58 0.07968750000000009 0.6875 0.03906250000000009 0.6875 0.03906250000000009 0.74375 0.07968750000000009 0.74375
18 0.39531250000000007 0.6890625 0.3546875000000001 0.6890625 0.3546875000000001 0.7421875 0.39531250000000007 0.7421875
44 0.006250000000000087 0.6890625 8.438581850374731e-17 0.6890625 8.783013762634924e-17 0.7453125 0.006250000000000091 0.7453125
2 0.06875000000000006 0.5046875 0.028125000000000067 0.5046875 0.028125000000000067 0.5578125 0.06875000000000006 0.5578125
31 0.4171875 0.628125 0.3765625000000001 0.628125 0.3765625000000001 0.68125 0.4171875 0.68125
59 0.2718750000000001 0.56875 0.2312500000000001 0.56875 0.2312500000000001 0.61875 0.2718750000000001 0.61875
24 0.2375000000000001 0.628125 0.19687500000000008 0.628125 0.19687500000000008 0.68125 0.2375000000000001 0.68125
29 0.3734375000000001 0.6296875 0.33281250000000007 0.6296875 0.33281250000000007 0.6828125 0.3734375000000001 0.6828125
57 0.1218750000000001 0.6890625 0.0828125000000001 0.6890625 0.0828125000000001 0.7390625 0.1218750000000001 0.7390625
41 0.045312500000000075 0.5671875 0.004687500000000069 0.5671875 0.004687500000000073 0.6234375 0.045312500000000075 0.6234375
33 0.3500000000000001 0.6890625 0.30937500000000007 0.6890625 0.30937500000000007 0.7421875 0.3500000000000001 0.7421875
11 0.51875 0.5078125 0.478125 0.5078125 0.478125 0.5609375 0.51875 0.5609375
25 0.2843750000000001 0.628125 0.2406250000000001 0.628125 0.2406250000000001 0.68125 0.2843750000000001 0.68125
34 0.4843750000000001 0.6890625 0.44375 0.6890625 0.4437500000000001 0.7390625 0.48437500000000017 0.7390625
5 0.20312500000000008 0.50625 0.16250000000000003 0.50625 0.16250000000000006 0.559375 0.20312500000000008 0.559375