38 0.4078125 0.596875 0.37187500000000007 0.596875 0.37187500000000007 0.6625 0.4078125 0.6625
13 0.10937500000000008 0.815625 0.05937500000000009 0.815625 0.0593750000000001 0.8875 0.10937500000000008 0.8875
35 0.2812500000000001 0.7375 0.24375000000000008 0.7375 0.24375000000000008 0.80625 0.2812500000000001 0.80625
40 0.3984375000000001 0.7359375 0.3625000000000001 0.7359375 0.3625000000000001 0.8015625 0.3984375000000001 0.8015625
12 0.45781250000000007 0.665625 0.421875 0.665625 0.4218750000000001 0.73125 0.4578125000000002 0.73125
15 0.2406250000000001 0.740625 0.20312500000000008 0.740625 0.20312500000000008 0.8078125 0.2406250000000001 0.8078125
2 0.07500000000000007 0.5328125 0.03750000000000007 0.5328125 0.037500000000000075 0.6 0.07500000000000007 0.6
26 0.4953125000000001 0.665625 0.459375 0.665625 0.4593750000000001 0.73125 0.49531250000000016 0.73125
37 0.4171875000000001 0.665625 0.3812500000000001 0.665625 0.3812500000000001 0.73125 0.41718750000000016 0.73125
32 0.0390625000000001 0.74375 9.10831056865844e-17 0.74375 9.538850458983681e-17 0.8140625 0.0390625000000001 0.8140625
5 0.19531250000000006 0.53125 0.15781250000000005 0.53125 0.15781250000000008 0.596875 0.19531250000000008 0.596875
59 0.2531250000000001 0.5984375 0.2156250000000001 0.5984375 0.2156250000000001 0.665625 0.2531250000000001 0.665625
24 0.22031250000000008 0.66875 0.1843750000000001 0.66875 0.1843750000000001 0.7359375 0.22031250000000008 0.7359375
8 0.3125000000000001 0.53125 0.2765625000000001 0.53125 0.2765625000000001 0.5953125 0.3125000000000001 0.5953125
42 0.17343750000000008 0.6015625 0.1359375000000001 0.6015625 0.1359375000000001 0.66875 0.17343750000000008 0.66875
43 0.10156250000000008 0.6734375 0.06406250000000009 0.6734375 0.06406250000000009 0.7421875 0.10156250000000008 0.7421875
47 0.3390625000000001 0.809375 0.11250000000000009 0.809375 0.11250000000000009 0.884375 0.3390625000000001 0.884375
30 0.89375 0.37031250000000004 4.5350201780925416e-17 0.3703125 8.352473872309682e-17 0.99375 0.89375 0.99375
51 0.2140625000000001 0.6015625 0.1765625000000001 0.6015625 0.1765625000000001 0.6671875 0.2140625000000001 0.6671875
44 0.023437500000000094 0.746875 9.146580781131795e-17 0.746875 9.577120671457036e-17 0.8171875 0.0234375000000001 0.8171875
34 0.43750000000000017 0.7328125 0.40156250000000016 0.7328125 0.40156250000000016 0.8 0.43750000000000017 0.8
55 0.2015625000000001 0.740625 0.16406250000000008 0.740625 0.16406250000000008 0.8078125 0.2015625000000001 0.8078125
41 0.054687500000000076 0.603125 0.014062500000000071 0.603125 0.014062500000000078 0.671875 0.05468750000000009 0.671875
46 0.5453125000000002 0.73125 0.4390625000000002 0.73125 0.4390625000000002 0.8 0.5453125000000002 0.8
22 0.5437500000000001 0.5921875 0.4859375 0.5921875 0.4859375000000001 0.7296875 0.5437500000000002 0.7296875
58 0.07968750000000009 0.7453125 0.042187500000000086 0.7453125 0.04218750000000009 0.815625 0.07968750000000009 0.815625
31 0.3781250000000001 0.6671875 0.3437500000000001 0.6671875 0.3437500000000001 0.73125 0.3781250000000001 0.73125
1 0.03437500000000007 0.534375 6.544206332943669e-17 0.534375 6.955611117032232e-17 0.6015625 0.03437500000000008 0.6015625
9 0.3500000000000001 0.5296875 0.3140625000000001 0.5296875 0.3140625000000001 0.59375 0.3500000000000001 0.59375
27 0.3296875000000001 0.6 0.2953125000000001 0.6 0.2953125000000001 0.6640625 0.3296875000000001 0.6640625
25 0.2609375000000001 0.6703125 0.2250000000000001 0.6703125 0.2250000000000001 0.734375 0.2609375000000001 0.734375
52 0.02656250000000008 0.6046875 7.405286113594152e-17 0.6046875 7.816690897682716e-17 0.671875 0.02656250000000008 0.671875
10 0.06093750000000009 0.6765625 0.023437500000000083 0.6765625 0.023437500000000087 0.74375 0.06093750000000009 0.74375
19 0.14218750000000008 0.671875 0.10468750000000009 0.671875 0.10468750000000009 0.740625 0.14218750000000008 0.740625
4 0.15312500000000007 0.5328125 0.11718750000000004 0.5328125 0.11718750000000007 0.6 0.1531250000000001 0.6
54 0.4453125 0.5953125 0.409375 0.5953125 0.409375 0.6625 0.4453125 0.6625
48 0.4265625 0.5296875 0.3921875000000001 0.5296875 0.3921875000000001 0.59375 0.4265625 0.59375
17 0.02031250000000007 0.534375 6.544206332943669e-17 0.534375 6.955611117032232e-17 0.6015625 0.020312500000000074 0.6015625
56 0.09375000000000008 0.603125 0.056250000000000064 0.603125 0.05625000000000008 0.671875 0.09375000000000008 0.671875
21 0.13437500000000008 0.6015625 0.09531250000000006 0.6015625 0.09531250000000008 0.66875 0.13437500000000008 0.66875
16 0.1593750000000001 0.7421875 0.1218750000000001 0.7421875 0.1218750000000001 0.8109375 0.1593750000000001 0.8109375
57 0.12031250000000009 0.7453125 0.0828125000000001 0.7453125 0.0828125000000001 0.8125 0.12031250000000009 0.8125
36 0.3687500000000001 0.596875 0.33281250000000007 0.596875 0.33281250000000007 0.6625 0.3687500000000001 0.6625
0 0.3890625000000001 0.5296875 0.3531250000000001 0.5296875 0.3531250000000001 0.59375 0.3890625000000001 0.59375
53 0.2906250000000001 0.5984375 0.25468750000000007 0.5984375 0.25468750000000007 0.665625 0.2906250000000001 0.665625
11 0.4625 0.5296875 0.4296875 0.5296875 0.4296875 0.59375 0.4625 0.59375
33 0.3218750000000001 0.7359375 0.2843750000000001 0.7359375 0.2843750000000001 0.80625 0.3218750000000001 0.80625
49 0.031250000000000104 0.8171875 1.0007660561782277e-16 0.8171875 1.0457335558344195e-16 0.890625 0.03125000000000011 0.890625
50 0.5484375000000001 0.8046875 0.4890625000000002 0.8046875 0.4890625000000002 0.875 0.5484375000000001 0.875
3 0.11718750000000007 0.5328125 0.07656250000000006 0.5328125 0.07656250000000006 0.596875 0.11718750000000008 0.596875
29 0.3390625000000001 0.6671875 0.3031250000000001 0.6671875 0.3031250000000001 0.73125 0.3390625000000001 0.73125
28 0.30156250000000007 0.6671875 0.2656250000000001 0.6671875 0.2656250000000001 0.734375 0.30156250000000007 0.734375
39 0.4859375 0.5953125 0.4484375 0.5953125 0.4484375 0.6609375 0.4859375 0.6609375
7 0.2734375000000001 0.53125 0.23593750000000008 0.53125 0.23593750000000008 0.5953125 0.2734375000000001 0.5953125
6 0.2328125000000001 0.53125 0.19531250000000006 0.53125 0.19531250000000006 0.596875 0.2328125000000001 0.596875
14 0.3906250000000001 0.8046875 0.3421875000000001 0.8046875 0.3421875000000001 0.8765625 0.3906250000000001 0.8765625
45 0.032812500000000085 0.6734375 8.247230788007957e-17 0.6734375 8.677770678333199e-17 0.74375 0.03281250000000009 0.74375
20 0.540625 0.5234375 0.4671875 0.5234375 0.4671875 0.590625 0.540625 0.590625
18 0.3593750000000001 0.7359375 0.3234375000000001 0.7359375 0.3234375000000001 0.803125 0.3593750000000001 0.803125
23 0.1828125000000001 0.671875 0.1453125000000001 0.671875 0.1453125000000001 0.7375 0.1828125000000001 0.7375