11 0.253125 0.10156250000000004 0.184375 0.10156250000000004 0.184375 0.19687500000000005 0.253125 0.19687500000000005
41 1 0.19687500000000013 0.9375 0.19687500000000013 0.9375 0.2921875000000001 1 0.2921875000000001
38 0.3609375 0.19687500000000005 0.2921875 0.19687500000000005 0.2921875 0.29375 0.3609375 0.29375
47 0.825 0.48125000000000007 0.4703125 0.48125 0.4703125 0.5828125000000001 0.825 0.5828125000000002
43 0.9171875 0.29375000000000007 0.8484375 0.29375000000000007 0.8484375 0.38750000000000007 0.9171875 0.38750000000000007
39 0.2171875 0.19687500000000002 0.14843750000000006 0.196875 0.14843750000000006 0.29375 0.2171875 0.29375
2 0.971875 0.10156250000000011 0.903125 0.10156250000000008 0.903125 0.1968750000000001 0.971875 0.19687500000000013
18 0.45 0.38750000000000007 0.3812500000000001 0.38750000000000007 0.3812500000000001 0.484375 0.45 0.484375
7 0.6109375 0.10156250000000007 0.5421875 0.10156250000000004 0.5421875 0.19687500000000008 0.6109375 0.19687500000000008
58 0.9515625 0.3890625000000001 0.8828125 0.3890625000000001 0.8828125 0.48437500000000017 0.9515625 0.48437500000000017
1 1 0.10156250000000014 0.975 0.10156250000000014 0.975 0.19531250000000014 1 0.19531250000000014
24 0.7015625 0.29375000000000007 0.6328125 0.29375000000000007 0.6328125 0.38750000000000007 0.7015625 0.38750000000000007
14 0.46875 0.484375 0.3968750000000001 0.484375 0.3968750000000001 0.58125 0.46875 0.58125
56 0.9359375 0.1953125000000001 0.8671875 0.19531250000000008 0.8671875 0.2921875000000001 0.9359375 0.2921875000000001
48 0.325 0.10156250000000004 0.25625 0.10156250000000004 0.25625 0.19687500000000005 0.325 0.19687500000000005
29 0.4859375 0.2921875000000001 0.4171875 0.2921875000000001 0.4171875 0.3890625000000001 0.4859375 0.3890625000000001
40 0.3781250000000001 0.38906250000000003 0.30937500000000007 0.3890625 0.30937500000000007 0.484375 0.3781250000000001 0.484375
21 0.8640625 0.19687500000000008 0.7953125 0.19687500000000008 0.7953125 0.2921875000000001 0.8640625 0.2921875000000001
20 0.18125000000000002 0.1 0.05625000000000002 0.1 0.05625000000000002 0.1953125 0.18125000000000005 0.1953125
50 0.32500000000000007 0.484375 0.2531250000000001 0.484375 0.2531250000000001 0.584375 0.32500000000000007 0.584375
45 1 0.2906250000000001 0.9703125 0.2906250000000001 0.9703125 0.38750000000000007 1 0.38750000000000007
9 0.46875 0.10156250000000004 0.4 0.10156250000000004 0.4 0.19687500000000005 0.46875 0.19687500000000005
0 0.396875 0.10156250000000004 0.328125 0.10156250000000004 0.328125 0.19687500000000005 0.396875 0.19687500000000005
44 1 0.3890625000000001 0.9875 0.3890625000000001 0.9875 0.4859375000000002 1 0.4859375000000002
59 0.6484375 0.19687500000000008 0.5796875 0.19687500000000008 0.5796875 0.2921875000000001 0.6484375 0.2921875000000001
31 0.4140625 0.29375000000000007 0.3453125 0.29375 0.3453125 0.38906250000000003 0.4140625 0.3890625000000001
33 0.5234375 0.38750000000000007 0.4515625 0.38750000000000007 0.4515625 0.484375 0.5234375 0.484375
3 0.9 0.10156250000000008 0.83125 0.10156250000000008 0.83125 0.19687500000000008 0.9 0.19687500000000008
4 0.828125 0.10156250000000008 0.759375 0.10156250000000008 0.759375 0.19687500000000008 0.828125 0.19687500000000008
35 0.5953125 0.38750000000000007 0.5265625 0.38750000000000007 0.5265625 0.4828125 0.5953125 0.4828125
51 0.71875 0.19687500000000008 0.653125 0.19687500000000008 0.653125 0.2921875000000001 0.71875 0.2921875000000001
23 0.7734375 0.2921875000000001 0.7046875 0.2921875000000001 0.7046875 0.3890625000000001 0.7734375 0.3890625000000001
52 1 0.19531250000000014 0.978125 0.19531250000000014 0.978125 0.2921875000000001 1 0.2921875000000001
5 0.75625 0.10156250000000008 0.6875 0.10156250000000008 0.6875 0.19687500000000008 0.75625 0.19687500000000008
27 0.503125 0.19687500000000005 0.434375 0.19687500000000005 0.434375 0.2921875000000001 0.503125 0.2921875000000001
22 0.14531250000000004 0.1984375 0.057812500000000024 0.1984375 0.05781250000000003 0.3890625 0.14531250000000004 0.3890625
57 0.8796875 0.38750000000000007 0.8109375 0.38750000000000007 0.8109375 0.48437500000000017 0.8796875 0.48437500000000017
10 0.9890625 0.2921875000000001 0.9203125 0.2921875000000001 0.9203125 0.38750000000000007 0.9890625 0.38750000000000007
6 0.684375 0.10156250000000008 0.615625 0.10156250000000008 0.615625 0.19687500000000008 0.684375 0.19687500000000008
37 0.34218750000000003 0.2953125 0.2734375 0.2953125 0.27343750000000006 0.3890625 0.3421875000000001 0.3890625
55 0.7375 0.3890625000000001 0.66875 0.3890625000000001 0.66875 0.4843750000000001 0.7375 0.48437500000000017
13 0.9 0.48437500000000017 0.828125 0.48437500000000017 0.828125 0.5812500000000002 0.9 0.5812500000000002
28 0.5578125 0.29375000000000007 0.4890625 0.29375000000000007 0.4890625 0.3890625000000001 0.5578125 0.3890625000000001
16 0.809375 0.3890625000000001 0.7375 0.3890625000000001 0.7375 0.4828125000000002 0.809375 0.4828125000000002
53 0.578125 0.19687500000000008 0.50625 0.19687500000000005 0.50625 0.29375000000000007 0.578125 0.29375000000000007
32 1 0.3890625000000001 0.9546875 0.3890625000000001 0.9546875 0.48437500000000017 1 0.48437500000000017
54 0.2890625 0.19687500000000005 0.2203125 0.19687500000000005 0.2203125 0.29375 0.2890625 0.29375
15 0.6671875 0.38750000000000007 0.5984375 0.38750000000000007 0.5984375 0.4828125 0.6671875 0.4828125
26 0.20000000000000004 0.29375 0.13125000000000003 0.29375 0.13125000000000003 0.3890625 0.2000000000000001 0.3890625
8 0.5390625 0.10156250000000004 0.4703125 0.10156250000000004 0.4703125 0.19843750000000004 0.5390625 0.19843750000000004
19 0.8453125 0.2921875000000001 0.7765625 0.2921875000000001 0.7765625 0.38750000000000007 0.8453125 0.38750000000000007
34 0.3062500000000001 0.3890625 0.2375000000000001 0.3890625 0.2375000000000001 0.484375 0.3062500000000001 0.484375
25 0.6296875 0.29375000000000007 0.5609375 0.29375000000000007 0.5609375 0.38750000000000007 0.6296875 0.38750000000000007
46 0.23593750000000008 0.3875 0.057812500000000044 0.3875 0.05781250000000006 0.484375 0.23593750000000008 0.484375
36 0.4328125 0.19687500000000005 0.3640625 0.19687500000000005 0.3640625 0.2921875000000001 0.4328125 0.2921875000000001
12 0.27187500000000003 0.29375 0.203125 0.29375 0.20312500000000006 0.3890625 0.2718750000000001 0.3890625
30 1 0.007812500000000062 0.028125 0.007812500000000003 0.02812500000000004 0.6359375 1 0.6359375000000002
42 0.7921875 0.1984375000000001 0.7234375 0.1984375000000001 0.7234375 0.2921875000000001 0.7921875 0.2921875000000001