34 0.5453125 0.50625 0.509375 0.50625 0.509375 0.553125 0.5453125 0.553125
24 0.76875 0.44843750000000016 0.734375 0.44843750000000016 0.734375 0.49218750000000017 0.76875 0.49218750000000017
30 1 0.20312500000000006 0.034375000000000024 0.203125 0.03437500000000005 0.6562500000000001 1 0.6562500000000002
39 0.49375 0.3984375000000001 0.4578125 0.3984375000000001 0.4578125 0.4453125 0.49375 0.4453125
47 0.8484375 0.5546875000000001 0.5609375 0.5546875 0.5609375 0.6109375000000001 0.8484375 0.6109375000000001
36 0.615625 0.3984375000000001 0.58125 0.3984375000000001 0.58125 0.4421875 0.615625 0.4421875
48 0.5546875 0.3453125000000001 0.5171875 0.3453125000000001 0.5171875 0.3921875000000001 0.5546875 0.3921875000000001
37 0.565625 0.4515625 0.5296875 0.4515625 0.5296875 0.4984375 0.565625 0.4984375
16 0.83125 0.5000000000000002 0.796875 0.5000000000000002 0.796875 0.5437500000000002 0.83125 0.5437500000000002
8 0.675 0.3437500000000001 0.6375 0.3437500000000001 0.6375 0.3906250000000001 0.675 0.3906250000000001
9 0.634375 0.3437500000000001 0.596875 0.3437500000000001 0.596875 0.3906250000000001 0.634375 0.3906250000000001
35 0.7109375 0.5046875 0.6765625 0.5046875 0.6765625 0.55 0.7109375 0.55
59 0.7359375 0.39531250000000007 0.7015625 0.39531250000000007 0.7015625 0.4390625000000001 0.7359375 0.4390625000000002
57 0.871875 0.5000000000000002 0.8375 0.5000000000000002 0.8375 0.5437500000000002 0.871875 0.5437500000000002
33 0.6703125 0.5046875 0.634375 0.5046875 0.634375 0.553125 0.6703125 0.553125
5 0.7921875 0.3421875000000001 0.7578125 0.3421875000000001 0.7578125 0.3859375000000001 0.7921875 0.3859375000000001
22 0.45 0.3984375000000001 0.3937500000000001 0.3984375000000001 0.3937500000000001 0.5015625 0.45 0.5015625
58 0.9125 0.4968750000000002 0.878125 0.4968750000000002 0.878125 0.5421875000000002 0.9125 0.5421875000000002
23 0.8078125 0.4468750000000002 0.7734375 0.4468750000000002 0.7734375 0.4937500000000002 0.8078125 0.4937500000000002
41 0.9359375 0.3921875000000001 0.8984375 0.3921875000000001 0.8984375 0.4390625000000002 0.9359375 0.4390625000000002
21 0.8546875 0.3921875000000001 0.8203125 0.3921875000000001 0.8203125 0.4390625000000002 0.8546875 0.4390625000000002
42 0.815625 0.3937500000000001 0.78125 0.3937500000000001 0.78125 0.43750000000000017 0.815625 0.43750000000000017
7 0.7140625 0.3437500000000001 0.678125 0.3437500000000001 0.678125 0.3890625000000001 0.7140625 0.3890625000000001
32 0.953125 0.4968750000000002 0.9171875 0.4968750000000002 0.9171875 0.5437500000000002 0.953125 0.5437500000000002
43 0.8890625 0.4437500000000002 0.8546875 0.4437500000000002 0.8546875 0.4890625000000002 0.8890625 0.4890625000000002
54 0.534375 0.3984375000000001 0.5 0.3984375000000001 0.5 0.4453125 0.534375 0.4453125
0 0.59375 0.3453125000000001 0.55625 0.3453125000000001 0.55625 0.3921875000000001 0.59375 0.3921875000000001
6 0.753125 0.3421875000000001 0.71875 0.3421875000000001 0.71875 0.38750000000000007 0.753125 0.38750000000000007
45 0.996875 0.4421875000000002 0.9421875 0.4421875000000002 0.9421875 0.48750000000000016 0.996875 0.48750000000000016
56 0.89375 0.3921875000000001 0.8609375 0.3921875000000001 0.8609375 0.4359375000000002 0.89375 0.4359375000000002
31 0.6046875 0.4515625 0.5703125 0.4515625 0.5703125 0.496875 0.6046875 0.496875
51 0.775 0.39531250000000007 0.740625 0.39531250000000007 0.740625 0.43750000000000017 0.775 0.43750000000000017
2 0.9109375 0.3390625000000001 0.8765625 0.3390625000000001 0.8765625 0.3843750000000001 0.9109375 0.3843750000000001
17 0.9890625 0.3390625000000001 0.9578125 0.3390625000000001 0.9578125 0.37968750000000007 0.9890625 0.37968750000000007
49 1 0.5484375000000001 0.9515625 0.5484375000000001 0.9515625 0.5968750000000002 1 0.5968750000000002
11 0.5125 0.3468750000000001 0.478125 0.3468750000000001 0.478125 0.3906250000000001 0.5125 0.3906250000000001
40 0.5859375 0.50625 0.5515625 0.50625 0.5515625 0.5515625 0.5859375 0.5515625
25 0.728125 0.45000000000000007 0.69375 0.45 0.69375 0.4937500000000001 0.728125 0.4937500000000002
18 0.6296875 0.5046875 0.5921875 0.5046875 0.5921875 0.5515625 0.6296875 0.5515625
10 0.9296875 0.44531250000000017 0.89375 0.44531250000000017 0.89375 0.4890625000000002 0.9296875 0.4890625000000002
1 0.95 0.3390625000000001 0.91875 0.3390625000000001 0.91875 0.3812500000000001 0.95 0.3812500000000001
3 0.871875 0.3390625000000001 0.8375 0.3390625000000001 0.8375 0.3859375000000001 0.871875 0.3859375000000001
12 0.525 0.453125 0.4875 0.453125 0.4875 0.5 0.525 0.5
29 0.646875 0.45 0.6125 0.45 0.6125 0.4953125 0.646875 0.4953125
53 0.6953125 0.3968750000000001 0.6609375 0.3968750000000001 0.6609375 0.440625 0.6953125 0.440625
46 0.503125 0.5078125 0.3937500000000001 0.5078125 0.3937500000000001 0.5546875 0.503125 0.5546875
15 0.7515625 0.5015625000000001 0.715625 0.5015625 0.715625 0.5484375000000001 0.7515625 0.5484375000000001
14 0.5578125 0.5609375 0.51875 0.5609375 0.51875 0.6125 0.5578125 0.6125
27 0.6546875 0.3968750000000001 0.621875 0.3968750000000001 0.621875 0.4390625 0.6546875 0.4390625
50 0.4328125 0.5640625 0.3921875000000001 0.5640625 0.3921875000000001 0.6140625 0.4328125 0.6140625
52 0.9921875 0.3906250000000001 0.9390625 0.3906250000000001 0.9390625 0.4343750000000002 0.9921875 0.4343750000000002
55 0.790625 0.5015625000000001 0.75625 0.5015625000000001 0.75625 0.5468750000000002 0.790625 0.5468750000000002
20 0.471875 0.3468750000000001 0.396875 0.3468750000000001 0.39687500000000003 0.3906250000000001 0.471875 0.3906250000000001
26 0.484375 0.453125 0.446875 0.453125 0.446875 0.5 0.484375 0.5
28 0.6875 0.45 0.653125 0.45 0.653125 0.4953125 0.6875 0.4953125
4 0.8328125 0.34062500000000007 0.7984375 0.34062500000000007 0.7984375 0.3859375000000001 0.8328125 0.3859375000000001
13 0.90625 0.5515625000000002 0.85 0.5515625000000002 0.85 0.5984375000000002 0.90625 0.5984375000000002
19 0.8484375 0.44531250000000017 0.8140625 0.44531250000000017 0.8140625 0.4906250000000002 0.8484375 0.4906250000000002
38 0.575 0.3984375000000001 0.540625 0.3984375000000001 0.540625 0.4421875 0.575 0.4421875
44 1 0.49531250000000016 0.9578125 0.49531250000000016 0.9578125 0.5406250000000001 1 0.5406250000000001