47 0.47656250000000017 0.734375 0.22656250000000008 0.734375 0.22656250000000008 0.8734375 0.47656250000000017 0.8734375
7 0.415625 0.13750000000000004 0.3703125 0.13750000000000004 0.3703125 0.2765625000000001 0.415625 0.2765625000000001
29 0.5046875 0.4328125 0.4578125 0.4328125 0.4578125 0.575 0.5046875 0.575
16 0.2734375000000001 0.5828125 0.22656250000000008 0.5828125 0.22656250000000008 0.7234375 0.2734375000000001 0.7234375
0 0.56875 0.13906250000000006 0.521875 0.13906250000000003 0.521875 0.2734375000000001 0.56875 0.2734375000000001
17 0.05625000000000002 0.134375 0.009375000000000017 0.134375 0.009375000000000026 0.26875 0.05625000000000002 0.26875
20 0.771875 0.13437500000000008 0.675 0.13437500000000008 0.675 0.2718750000000001 0.771875 0.2718750000000001
43 0.19687500000000008 0.4328125 0.15000000000000005 0.4328125 0.15000000000000008 0.5703125 0.19687500000000008 0.5703125
41 0.13281250000000006 0.2796875 0.08437500000000005 0.2796875 0.08437500000000005 0.421875 0.13281250000000006 0.421875
21 0.23593750000000005 0.2828125 0.18906250000000005 0.2828125 0.18906250000000005 0.421875 0.23593750000000008 0.421875
27 0.490625 0.2875000000000001 0.4453125 0.2875000000000001 0.4453125 0.425 0.490625 0.425
14 0.5296875000000002 0.7390625 0.4828125000000002 0.7390625 0.4828125000000002 0.8796875 0.5296875000000002 0.8796875
2 0.15937500000000002 0.134375 0.1125 0.134375 0.11250000000000002 0.26875 0.15937500000000004 0.26875
35 0.4281250000000001 0.5859375 0.37968750000000007 0.5859375 0.37968750000000007 0.728125 0.4281250000000002 0.728125
45 0.09218750000000006 0.4296875 0.006250000000000052 0.4296875 0.006250000000000061 0.5703125 0.09218750000000006 0.5703125
19 0.2468750000000001 0.4328125 0.2015625000000001 0.4328125 0.2015625000000001 0.575 0.2468750000000001 0.575
15 0.3765625000000001 0.5859375 0.3281250000000001 0.5859375 0.3281250000000001 0.7234375 0.3765625000000001 0.7234375
51 0.33906250000000004 0.2828125 0.2921875 0.2828125 0.29218750000000004 0.421875 0.3390625000000001 0.421875
12 0.6578125 0.4359375 0.6109375 0.4359375 0.6109375 0.575 0.6578125 0.575
10 0.14531250000000007 0.4296875 0.09843750000000004 0.4296875 0.09843750000000005 0.5703125 0.1453125000000001 0.5703125
1 0.10781250000000002 0.134375 0.06093750000000002 0.134375 0.06093750000000002 0.271875 0.10781250000000005 0.271875
39 0.696875 0.2843750000000001 0.65 0.2843750000000001 0.65 0.425 0.696875 0.425
42 0.28750000000000003 0.284375 0.240625 0.284375 0.24062500000000003 0.425 0.2875000000000001 0.425
6 0.3640625 0.13906250000000003 0.31875 0.13906250000000003 0.31875 0.27343750000000006 0.3640625 0.2734375000000001
23 0.2984375000000001 0.4375 0.2531250000000001 0.4375 0.2531250000000001 0.571875 0.2984375000000001 0.571875
5 0.3125 0.13437500000000005 0.265625 0.13437500000000005 0.265625 0.26875 0.3125 0.26875
30 1 6.123233995736766e-17 0 0 6.075396230145073e-17 0.9921875 1 0.9921875
58 0.17187500000000008 0.5828125 0.12500000000000008 0.5828125 0.12500000000000008 0.7234375 0.17187500000000008 0.7234375
25 0.4015625 0.4359375 0.3546875000000001 0.4359375 0.3546875000000001 0.575 0.4015625 0.575
4 0.2625 0.13906250000000003 0.215625 0.13906250000000003 0.215625 0.2734375 0.2625 0.2734375
28 0.4515625 0.4359375 0.4046875 0.4359375 0.4046875 0.575 0.4515625 0.575
37 0.6046875 0.4359375 0.559375 0.4359375 0.559375 0.575 0.6046875 0.575
32 0.12031250000000009 0.5828125 0.07187500000000006 0.5828125 0.07187500000000008 0.7234375 0.12031250000000009 0.7234375
18 0.5296875000000001 0.5859375 0.4828125 0.5859375 0.4828125000000001 0.728125 0.5296875000000002 0.728125
59 0.39062500000000006 0.2828125 0.34375 0.2828125 0.34375000000000006 0.421875 0.3906250000000001 0.421875
49 0.0640625000000001 0.7359375 0.0031250000000000904 0.7359375 0.0031250000000000986 0.8765625 0.0640625000000001 0.8765625
26 0.709375 0.4359375 0.6625 0.4359375 0.6625 0.575 0.709375 0.575
46 0.7734375 0.5828125000000001 0.6359375 0.5828125 0.6359375 0.7234375000000001 0.7734375 0.7234375000000002
33 0.4796875000000001 0.5828125 0.43125 0.5828125 0.4312500000000001 0.728125 0.47968750000000016 0.728125
53 0.440625 0.2843750000000001 0.39375 0.2843750000000001 0.39375000000000004 0.425 0.440625 0.425
54 0.6453125 0.2843750000000001 0.5984375 0.2843750000000001 0.5984375 0.4296875 0.6453125 0.4296875
57 0.2234375000000001 0.5828125 0.1750000000000001 0.5828125 0.1750000000000001 0.7234375 0.2234375000000001 0.7234375
24 0.3515625000000001 0.4328125 0.3046875000000001 0.4328125 0.3046875000000001 0.5703125 0.3515625000000001 0.5703125
31 0.5546875 0.4359375 0.509375 0.4359375 0.509375 0.575 0.5546875 0.575
38 0.59375 0.2843750000000001 0.5453125 0.2843750000000001 0.5453125 0.425 0.59375 0.425
22 0.7734375 0.2843750000000001 0.7 0.2843750000000001 0.7 0.5781250000000001 0.7734375 0.5781250000000002
56 0.18437500000000004 0.2796875 0.13906250000000003 0.2796875 0.13906250000000003 0.421875 0.18437500000000004 0.421875
8 0.465625 0.13750000000000004 0.41875 0.13750000000000004 0.41875 0.2765625000000001 0.465625 0.2765625000000001
34 0.6328125 0.5859375 0.584375 0.5859375 0.584375 0.7234375 0.6328125 0.7234375
44 0.06562500000000007 0.5828125 0.004687500000000071 0.5828125 0.00468750000000008 0.7234375 0.06562500000000009 0.7234375
55 0.3265625000000001 0.5828125 0.27812500000000007 0.5828125 0.27812500000000007 0.7234375 0.3265625000000001 0.7234375
9 0.51875 0.13906250000000003 0.471875 0.13906250000000003 0.471875 0.2734375000000001 0.51875 0.2734375000000001
52 0.07968750000000005 0.2796875 0.009375000000000033 0.2796875 0.009375000000000041 0.41875 0.07968750000000005 0.41875
50 0.6328125000000002 0.7421875 0.5843750000000002 0.7421875 0.5843750000000002 0.88125 0.6328125000000002 0.88125
3 0.2125 0.13437500000000002 0.165625 0.134375 0.16562500000000002 0.26875 0.2125 0.26875
40 0.58125 0.5859375 0.5328125 0.5859375 0.5328125000000001 0.728125 0.5812500000000002 0.728125
13 0.2218750000000001 0.7390625 0.17343750000000008 0.7390625 0.17343750000000008 0.8765625 0.2218750000000001 0.8765625
48 0.61875 0.1375000000000001 0.571875 0.1375000000000001 0.571875 0.2765625000000001 0.61875 0.2765625000000001
36 0.5421875 0.2843750000000001 0.4953125 0.2843750000000001 0.4953125 0.425 0.5421875 0.425
11 0.671875 0.1375000000000001 0.625 0.1375000000000001 0.625 0.2765625000000001 0.671875 0.2765625000000001