46 0.484375 0.653125 0.38750000000000007 0.653125 0.38750000000000007 0.696875 0.484375 0.696875
12 0.503125 0.60625 0.471875 0.60625 0.471875 0.65 0.503125 0.65
49 0.93125 0.7031250000000002 0.875 0.7031250000000002 0.875 0.7500000000000002 0.93125 0.7500000000000002
24 0.7140625 0.60625 0.6828125 0.60625 0.6828125 0.65 0.7140625 0.65
35 0.6609375 0.6546875 0.63125 0.6546875 0.63125 0.6984375 0.6609375 0.6984375
3 0.803125 0.5140625000000002 0.7703125 0.5140625000000002 0.7703125 0.5578125000000002 0.803125 0.5578125000000002
42 0.7546875 0.5609375000000001 0.7234375 0.5609375 0.7234375 0.6031250000000001 0.7546875 0.6031250000000001
29 0.6078125 0.60625 0.5765625 0.60625 0.5765625 0.6484375 0.6078125 0.6484375
0 0.5640625 0.5125 0.53125 0.5125 0.53125 0.55625 0.5640625 0.55625
26 0.46875 0.60625 0.434375 0.60625 0.434375 0.65 0.46875 0.65
9 0.5984375 0.5125 0.5671875 0.5125 0.5671875 0.55625 0.5984375 0.55625
38 0.546875 0.559375 0.515625 0.559375 0.515625 0.6015625 0.546875 0.6015625
58 0.8421875 0.6546875000000002 0.8109375 0.6546875000000002 0.8109375 0.6984375000000002 0.8421875 0.6984375000000002
15 0.6984375 0.6546875 0.6671875 0.6546875 0.6671875 0.6984375 0.6984375 0.6984375
25 0.678125 0.6078125 0.6484375 0.6078125 0.6484375 0.65 0.678125 0.65
41 0.8609375 0.5609375000000002 0.8265625 0.5609375000000002 0.8265625 0.6046875000000002 0.8609375 0.6046875000000002
54 0.5125 0.559375 0.48125 0.559375 0.48125 0.603125 0.5125 0.603125
40 0.55625 0.6546875 0.525 0.6546875 0.525 0.6984375 0.55625 0.6984375
6 0.7 0.5140625 0.6671875 0.5140625 0.6671875 0.5578125 0.7 0.5578125
28 0.64375 0.60625 0.6125 0.60625 0.6125 0.65 0.64375 0.65
20 0.4625 0.5125 0.3906250000000001 0.5125 0.3906250000000001 0.55625 0.4625 0.55625
33 0.628125 0.6546875 0.596875 0.6546875 0.596875 0.6984375 0.628125 0.6984375
45 0.9171875 0.6078125000000002 0.85625 0.6078125000000002 0.85625 0.6515625000000002 0.9171875 0.6515625000000002
5 0.734375 0.5140625000000001 0.703125 0.5140625 0.703125 0.5578125 0.734375 0.5578125000000002
44 0.9234375 0.6562500000000002 0.8796875 0.6562500000000002 0.8796875 0.7000000000000002 0.9234375 0.7000000000000002
53 0.6515625 0.5609375 0.6203125 0.5609375 0.6203125 0.603125 0.6515625 0.603125
8 0.63125 0.5140625 0.6 0.5140625 0.6 0.5578125 0.63125 0.5578125
37 0.5390625 0.60625 0.5078125 0.60625 0.5078125 0.65 0.5390625 0.65
32 0.878125 0.6546875000000002 0.84375 0.6546875000000002 0.84375 0.7000000000000002 0.878125 0.7000000000000002
7 0.665625 0.5140625 0.634375 0.5140625 0.634375 0.5578125 0.665625 0.5578125
34 0.5203125 0.653125 0.4890625 0.653125 0.4890625 0.696875 0.5203125 0.696875
47 0.784375 0.7031250000000001 0.5796875 0.703125 0.5796875000000001 0.7500000000000001 0.7843750000000002 0.7500000000000002
14 0.5765625000000001 0.7015625 0.5328125 0.7015625 0.5328125000000001 0.7484375 0.5765625000000002 0.7484375
43 0.81875 0.6078125000000002 0.7875 0.6078125000000002 0.7875 0.6515625000000002 0.81875 0.6515625000000002
52 0.9125 0.5609375000000002 0.8625 0.5609375000000002 0.8625 0.6046875000000002 0.9125 0.6046875000000002
10 0.853125 0.6078125000000002 0.821875 0.6078125000000002 0.821875 0.6500000000000001 0.853125 0.6500000000000001
2 0.8375 0.5140625000000002 0.80625 0.5140625000000002 0.80625 0.5578125000000002 0.8375 0.5578125000000002
11 0.49375 0.5125 0.4625 0.5125 0.4625 0.55625 0.49375 0.55625
51 0.7203125 0.5609375 0.6890625 0.5609375 0.6890625 0.6015625 0.7203125 0.6015625
19 0.784375 0.6078125000000002 0.753125 0.6078125000000002 0.753125 0.6500000000000001 0.784375 0.6500000000000001
4 0.76875 0.5140625000000002 0.7375 0.5140625000000002 0.7375 0.5578125000000002 0.76875 0.5578125000000002
21 0.7890625 0.5593750000000002 0.7578125 0.5593750000000002 0.7578125 0.6031250000000001 0.7890625 0.6031250000000001
59 0.684375 0.5609375 0.6546875 0.5609375 0.6546875 0.603125 0.684375 0.603125
23 0.7484375 0.6078125000000001 0.7171875 0.6078125 0.7171875 0.6500000000000001 0.7484375 0.6500000000000001
39 0.4765625 0.559375 0.44375 0.559375 0.44375 0.603125 0.4765625 0.603125
36 0.58125 0.559375 0.55 0.559375 0.55 0.603125 0.58125 0.603125
48 0.5296875 0.5125 0.4984375 0.5125 0.4984375 0.55625 0.5296875 0.55625
56 0.8234375 0.5609375000000002 0.7921875 0.5609375000000002 0.7921875 0.6046875000000002 0.8234375 0.6046875000000002
17 0.9078125 0.5156250000000002 0.875 0.5156250000000002 0.875 0.5593750000000002 0.9078125 0.5593750000000002
18 0.5921875 0.6546875 0.5609375 0.6546875 0.5609375 0.6984375 0.5921875 0.6984375
50 0.4406250000000001 0.703125 0.3859375000000001 0.703125 0.3859375000000001 0.75 0.44062500000000016 0.75
22 0.440625 0.5578125 0.3890625000000001 0.5578125 0.3890625000000001 0.6515625 0.440625 0.6515625
31 0.5734375 0.60625 0.5421875 0.60625 0.5421875 0.65 0.5734375 0.65
16 0.7703125 0.6546875000000002 0.7390625 0.6546875000000002 0.7390625 0.6984375000000002 0.7703125 0.6984375000000002
57 0.80625 0.6546875000000002 0.775 0.6546875000000002 0.775 0.6984375000000002 0.80625 0.6984375000000002
1 0.8734375 0.5156250000000002 0.840625 0.5156250000000002 0.840625 0.5593750000000002 0.8734375 0.5593750000000002
30 0.9515625 0.4015625000000001 0.057812500000000044 0.4015625 0.057812500000000065 0.8015625 0.9515625 0.8015625
55 0.734375 0.6546875000000001 0.703125 0.6546875 0.703125 0.6984375 0.734375 0.6984375000000002
13 0.828125 0.7031250000000002 0.7875 0.7031250000000002 0.7875000000000001 0.7500000000000002 0.828125 0.7500000000000002
27 0.615625 0.5609375 0.584375 0.5609375 0.584375 0.6015625 0.615625 0.6015625