23 0.5609375 0.10781250000000006 0.4765625 0.10781250000000005 0.4765625 0.14687500000000006 0.5609375 0.1468750000000001
22 0.584375 0.5421875 0.3937500000000001 0.5421875 0.3937500000000001 0.609375 0.584375 0.609375
59 0.4640625 0.19687500000000005 0.384375 0.19687500000000005 0.384375 0.23593750000000008 0.4640625 0.23593750000000008
37 0.575 0.40625 0.4875 0.40625 0.4875 0.446875 0.575 0.446875
29 0.5671875 0.3062500000000001 0.4859375 0.3062500000000001 0.4859375 0.3468750000000001 0.5671875 0.3468750000000001
0 0.3828125000000001 0.37031250000000004 0.2953125000000001 0.3703125 0.2953125000000001 0.4109375 0.3828125000000001 0.4109375
57 0.65625 0.028125000000000074 0.571875 0.028125000000000067 0.571875 0.06718750000000008 0.65625 0.0671875000000001
30 0.8890625 5.692694105411524e-17 0.040625 4.975127621536122e-18 0.040625000000000064 1 0.8890625 1
25 0.5625 0.2062500000000001 0.48125 0.2062500000000001 0.48125 0.2468750000000001 0.5625 0.2468750000000001
46 0.678125 0.4796875 0.5890625 0.4796875 0.5890625 0.6078125 0.678125 0.6078125
36 0.4765625 0.3453125000000001 0.3921875 0.3453125000000001 0.3921875 0.3859375000000001 0.4765625 0.3859375000000001
15 0.6640625 0.17968750000000008 0.5765625 0.17968750000000008 0.5765625 0.22031250000000008 0.6640625 0.22031250000000008
3 0.365625 0.02500000000000004 0.28125 0.025000000000000033 0.28125 0.06562500000000004 0.365625 0.06562500000000004
38 0.4734375 0.3937500000000001 0.3937500000000001 0.3937500000000001 0.3937500000000001 0.4328125 0.4734375 0.4328125
39 0.4859375 0.490625 0.39531250000000007 0.490625 0.39531250000000007 0.534375 0.4859375 0.534375
9 0.37968750000000007 0.32031250000000006 0.2953125 0.3203125 0.29531250000000003 0.36406250000000007 0.37968750000000007 0.36406250000000007
6 0.3703125 0.17343750000000005 0.2859375 0.17343750000000005 0.2859375 0.21406250000000004 0.3703125 0.2140625000000001
14 0.775 0.4156250000000001 0.6859375 0.415625 0.6859375 0.4609375000000001 0.775 0.46093750000000017
7 0.3765625 0.22187500000000004 0.2890625 0.221875 0.2890625 0.26562500000000006 0.3765625 0.2656250000000001
26 0.5828125 0.5015625 0.49375 0.5015625 0.49375 0.5453125 0.5828125 0.5453125
34 0.6734375 0.428125 0.5859375 0.428125 0.5859375 0.471875 0.6734375 0.471875
19 0.5609375 0.056250000000000064 0.4734375 0.056250000000000064 0.4734375 0.09531250000000006 0.5609375 0.09531250000000006
2 0.3609375 3.9226967785188664e-17 0.2796875 3.425184016365254e-17 0.2796875 0.015625000000000038 0.3609375 0.015625000000000045
35 0.6640625 0.2312500000000001 0.5796875 0.2312500000000001 0.5796875 0.2718750000000001 0.6640625 0.2718750000000001
18 0.671875 0.3281250000000001 0.5828125 0.3281250000000001 0.5828125 0.37187500000000007 0.671875 0.37187500000000007
58 0.6546875 7.500961644777537e-17 0.5703125 6.984313776387249e-17 0.5703125 0.015625000000000076 0.6546875 0.015625000000000076
8 0.3796875 0.27187500000000003 0.290625 0.271875 0.290625 0.31562500000000004 0.3796875 0.3156250000000001
40 0.671875 0.37968750000000007 0.584375 0.37968750000000007 0.584375 0.4203125 0.671875 0.4203125
4 0.36875 0.07500000000000004 0.284375 0.07500000000000004 0.284375 0.11562500000000005 0.36875 0.11562500000000005
56 0.45625 0.001562500000000051 0.375 0.0015625000000000458 0.375 0.03593750000000005 0.45625 0.03593750000000005
24 0.5625 0.15625000000000006 0.478125 0.15625000000000006 0.478125 0.19687500000000008 0.5625 0.19687500000000008
53 0.46875 0.2468750000000001 0.3875 0.2468750000000001 0.3875 0.2875000000000001 0.46875 0.2875000000000001
50 0.7890625 0.5625000000000001 0.6921875 0.5625 0.6921875 0.6109375000000001 0.7890625 0.6109375000000001
5 0.3671875 0.12500000000000006 0.2859375 0.12500000000000006 0.2859375 0.16562500000000005 0.3671875 0.16562500000000005
27 0.46875 0.2968750000000001 0.3890625 0.2968750000000001 0.3890625 0.3359375000000001 0.46875 0.3359375000000001
48 0.3859375000000001 0.41875 0.2984375000000001 0.41875 0.2984375000000001 0.459375 0.3859375000000001 0.459375
54 0.478125 0.44375 0.3937500000000001 0.44375 0.3937500000000001 0.484375 0.478125 0.484375
51 0.4640625 0.14843750000000006 0.3828125 0.14843750000000006 0.3828125 0.18750000000000006 0.4640625 0.18750000000000006
31 0.571875 0.35625000000000007 0.4875 0.35625000000000007 0.4875 0.39531250000000007 0.571875 0.39531250000000007
47 0.771875 0.06093750000000009 0.675 0.06093750000000009 0.675 0.4125000000000001 0.771875 0.4125000000000002
55 0.6609375 0.1296875000000001 0.5765625 0.1296875000000001 0.5765625 0.1703125000000001 0.6609375 0.1703125000000001
11 0.3828125000000001 0.46875 0.30156250000000007 0.46875 0.30156250000000007 0.5078125 0.3828125000000001 0.5078125
12 0.578125 0.4546875 0.490625 0.4546875 0.490625 0.4953125 0.578125 0.4953125
33 0.671875 0.2796875000000001 0.5828125 0.2796875000000001 0.5828125 0.3234375000000001 0.671875 0.3234375000000001
21 0.4625 0.04687500000000005 0.378125 0.04687500000000004 0.378125 0.08750000000000005 0.4625 0.08750000000000006
42 0.459375 0.09687500000000006 0.3796875 0.09687500000000004 0.3796875 0.13750000000000004 0.459375 0.13750000000000004
20 0.3843750000000001 0.5171875 0.3000000000000001 0.5171875 0.3000000000000001 0.6078125 0.3843750000000001 0.6078125
28 0.565625 0.2562500000000001 0.484375 0.2562500000000001 0.484375 0.2968750000000001 0.565625 0.2968750000000001
16 0.659375 0.07812500000000008 0.575 0.07812500000000007 0.575 0.11875000000000009 0.659375 0.11875000000000009
13 0.7625 8.763878656398247e-17 0.66875 8.189825469297925e-17 0.66875 0.05937500000000009 0.7625 0.05937500000000009
43 0.5578125 0.004687500000000063 0.4734375 0.004687500000000058 0.4734375 0.04375000000000006 0.5578125 0.04375000000000007