30 0.7359375000000001 5.3291270869146544e-17 0.134375 1.6456191363542558e-17 0.13437500000000008 1 0.7359375000000001 1
56 0.4265625000000002 0.815625 0.36406250000000007 0.815625 0.36406250000000007 0.859375 0.4265625000000002 0.859375
51 0.425 0.653125 0.3656250000000001 0.653125 0.3656250000000001 0.696875 0.425 0.696875
1 0.3578125000000001 0.8890625 0.2953125000000001 0.8890625 0.2953125000000001 0.934375 0.3578125000000001 0.934375
57 0.5671875000000002 0.7765625 0.5046875000000002 0.7765625 0.5046875000000002 0.81875 0.5671875000000002 0.81875
18 0.565625 0.453125 0.503125 0.453125 0.503125 0.5 0.565625 0.5
13 0.6406250000000002 0.7765625 0.5781250000000002 0.7765625 0.5781250000000002 0.8203125 0.6406250000000002 0.8203125
3 0.35625000000000007 0.7796875 0.29375000000000007 0.7796875 0.29375000000000007 0.8265625 0.35625000000000007 0.8265625
40 0.565625 0.403125 0.50625 0.403125 0.50625 0.446875 0.565625 0.446875
7 0.3593750000000001 0.5640625 0.2968750000000001 0.5640625 0.2968750000000001 0.6078125 0.3593750000000001 0.6078125
2 0.3578125000000001 0.8359375 0.2953125000000001 0.8359375 0.2953125000000001 0.8796875 0.3578125000000001 0.8796875
48 0.3609375 0.3546875 0.2984375 0.3546875 0.2984375 0.3984375 0.3609375000000001 0.3984375
17 0.3546875000000001 0.946875 0.2953125000000001 0.946875 0.2953125000000001 0.9890625 0.3546875000000001 0.9890625
42 0.42656250000000007 0.70625 0.36406250000000007 0.70625 0.36406250000000007 0.75 0.4265625000000002 0.75
37 0.496875 0.3750000000000001 0.4375 0.3750000000000001 0.4375 0.41875 0.496875 0.41875
46 0.5671875 0.2140625000000001 0.5046875 0.2140625000000001 0.5046875 0.3453125000000001 0.5671875 0.3453125000000001
50 0.6375 0.3187500000000001 0.571875 0.3187500000000001 0.571875 0.36406250000000007 0.6375 0.36406250000000007
43 0.4968750000000002 0.8 0.4343750000000002 0.8 0.4343750000000002 0.84375 0.4968750000000002 0.84375
23 0.4937500000000001 0.6921875 0.4359375 0.6921875 0.4359375000000001 0.734375 0.4937500000000002 0.734375
26 0.4328125 0.21250000000000008 0.3671875 0.21250000000000008 0.3671875 0.2734375000000001 0.4328125 0.2734375000000001
21 0.4281250000000002 0.7625 0.3625000000000001 0.7625 0.3625000000000001 0.80625 0.4281250000000002 0.80625
29 0.4953125 0.4796875 0.4328125 0.4796875 0.4328125 0.521875 0.4953125 0.521875
45 0.5000000000000002 0.9078125 0.4343750000000002 0.9078125 0.4343750000000002 0.984375 0.5000000000000002 0.984375
39 0.4328125 0.2828125000000001 0.3640625 0.2828125000000001 0.3640625 0.3296875000000001 0.4328125 0.3296875000000001
9 0.3625000000000001 0.4578125 0.2968750000000001 0.4578125 0.2968750000000001 0.503125 0.3625000000000001 0.503125
22 0.5 0.21250000000000008 0.434375 0.21250000000000008 0.434375 0.3125000000000001 0.5 0.3125000000000001
24 0.49375 0.640625 0.434375 0.640625 0.434375 0.68125 0.49375 0.68125
53 0.4265625 0.546875 0.36406250000000007 0.546875 0.36406250000000007 0.590625 0.4265625 0.590625
54 0.43125 0.3343750000000001 0.3640625 0.3343750000000001 0.36406250000000007 0.3812500000000001 0.43125 0.3812500000000001
49 0.6437500000000002 0.9375 0.5781250000000002 0.9375 0.5781250000000002 0.984375 0.6437500000000002 0.984375
38 0.4265625 0.3890625000000001 0.36406250000000007 0.3890625000000001 0.36406250000000007 0.4328125 0.4265625 0.4328125
5 0.3578125000000001 0.671875 0.2953125000000001 0.671875 0.2953125000000001 0.715625 0.3578125000000001 0.715625
44 0.5687500000000002 0.884375 0.5062500000000002 0.884375 0.5062500000000002 0.984375 0.5687500000000002 0.984375
8 0.3609375000000001 0.509375 0.2984375000000001 0.509375 0.2984375000000001 0.5546875 0.3609375000000001 0.5546875
10 0.4984375000000002 0.85625 0.4359375000000002 0.85625 0.4359375000000002 0.896875 0.4984375000000002 0.896875
27 0.4265625 0.49375 0.36406250000000007 0.49375 0.36406250000000007 0.5375 0.4265625 0.5375
28 0.49375 0.53125 0.434375 0.53125 0.434375 0.5734375 0.49375 0.5734375
6 0.3578125000000001 0.61875 0.2953125000000001 0.61875 0.2953125000000001 0.6625 0.3578125000000001 0.6625
31 0.4953125 0.4265625 0.4359375 0.4265625 0.4359375 0.46875 0.4953125 0.46875
25 0.49375 0.584375 0.434375 0.584375 0.434375 0.628125 0.49375 0.628125
41 0.4281250000000002 0.8703125 0.3656250000000001 0.8703125 0.3656250000000001 0.915625 0.4281250000000002 0.915625
59 0.425 0.6 0.3656250000000001 0.6 0.3656250000000001 0.64375 0.425 0.64375
35 0.5640625 0.5609375 0.5015625 0.5609375 0.5015625 0.6046875 0.5640625 0.6046875
12 0.496875 0.3203125000000001 0.434375 0.3203125000000001 0.434375 0.3656250000000001 0.496875 0.3656250000000001
55 0.565625 0.6671875 0.503125 0.6671875 0.503125 0.709375 0.565625 0.709375
47 0.6359375 0.528125 0.5734375 0.528125 0.5734375 0.7625 0.6359375000000002 0.7625
19 0.4937500000000002 0.746875 0.4343750000000002 0.746875 0.4343750000000002 0.7875 0.4937500000000002 0.7875
11 0.3625 0.3 0.3 0.3 0.3 0.3453125 0.3625 0.3453125
33 0.56875 0.5078125 0.503125 0.5078125 0.503125 0.5515625 0.56875 0.5515625
14 0.6359375 0.4734375 0.5703125 0.4734375 0.5703125 0.51875 0.6359375 0.51875
36 0.428125 0.4421875 0.3656250000000001 0.4421875 0.3656250000000001 0.4859375 0.428125 0.4859375
34 0.565625 0.3515625000000001 0.503125 0.3515625000000001 0.503125 0.39531250000000007 0.565625 0.39531250000000007
58 0.5687500000000002 0.8296875 0.5062500000000002 0.8296875 0.5062500000000002 0.871875 0.5687500000000002 0.871875
15 0.565625 0.6140625 0.503125 0.6140625 0.503125 0.6578125 0.565625 0.6578125
16 0.5640625000000001 0.721875 0.5015625 0.721875 0.5015625000000001 0.7625 0.5640625000000001 0.7625
4 0.3546875000000001 0.7265625 0.2921875000000001 0.7265625 0.2921875000000001 0.7703125 0.3546875000000001 0.7703125
20 0.3625 0.2109375 0.296875 0.2109375 0.296875 0.2921875 0.3625 0.2921875
52 0.42968750000000017 0.9265625 0.36406250000000007 0.9265625 0.36406250000000007 0.9890625 0.42968750000000017 0.9890625
0 0.3609375000000001 0.40625 0.2984375000000001 0.40625 0.2984375000000001 0.45 0.3609375000000001 0.45