10 0.975 0.4500000000000002 0.934375 0.4500000000000002 0.934375 0.5593750000000002 0.975 0.5593750000000002
30 1 6.123233995736766e-17 0 0 5.836207402186604e-17 0.953125 1 0.953125
0 0.6 0.22812500000000008 0.559375 0.22812500000000008 0.559375 0.3390625000000001 0.6 0.3390625000000001
48 0.5546875 0.2296875000000001 0.515625 0.2296875000000001 0.515625 0.34062500000000007 0.5546875 0.34062500000000007
16 0.859375 0.5609375000000002 0.81875 0.5609375000000002 0.81875 0.6718750000000002 0.859375 0.6718750000000002
17 1 0.21875000000000008 0.984375 0.21875000000000008 0.984375 0.3312500000000001 1 0.3312500000000001
6 0.7796875 0.22656250000000008 0.7390625 0.22656250000000008 0.7390625 0.3375000000000001 0.7796875 0.3375000000000001
41 0.9859375 0.3359375000000001 0.9421875 0.3359375000000001 0.9421875 0.44843750000000016 0.9859375 0.44843750000000016
39 0.4890625 0.34062500000000007 0.4484375 0.34062500000000007 0.4484375 0.45 0.4890625 0.45
19 0.88125 0.44843750000000016 0.840625 0.44843750000000016 0.840625 0.5609375000000002 0.88125 0.5609375000000002
15 0.7703125 0.5593750000000002 0.728125 0.5593750000000002 0.728125 0.6718750000000002 0.7703125 0.6718750000000002
14 0.6125 0.671875 0.5609375 0.671875 0.5609375000000001 0.784375 0.6125000000000002 0.784375
59 0.7578125 0.3375000000000001 0.7171875 0.3375000000000001 0.7171875 0.4484375000000001 0.7578125 0.44843750000000016
49 1 0.6734375000000001 0.9703125 0.6734375000000001 0.9703125 0.7890625000000002 1 0.7890625000000002
9 0.64375 0.22812500000000008 0.603125 0.22812500000000008 0.603125 0.3390625000000001 0.64375 0.3390625000000001
22 0.4453125 0.3375000000000001 0.3828125 0.3375000000000001 0.38281250000000006 0.565625 0.4453125 0.565625
56 0.9390625 0.3375000000000001 0.9 0.3375000000000001 0.9 0.4468750000000002 0.9390625 0.4468750000000002
4 0.8703125 0.2250000000000001 0.83125 0.2250000000000001 0.83125 0.3359375000000001 0.8703125 0.3359375000000001
37 0.5671875 0.45 0.5265625 0.45 0.5265625 0.5609375 0.5671875 0.5609375
40 0.590625 0.559375 0.55 0.559375 0.55 0.6703125 0.590625 0.6703125
5 0.825 0.22656250000000008 0.784375 0.22656250000000008 0.784375 0.3359375000000001 0.825 0.3359375000000001
57 0.90625 0.5625000000000002 0.865625 0.5625000000000002 0.865625 0.6718750000000002 0.90625 0.6718750000000002
31 0.6109375 0.45 0.5703125 0.45 0.5703125 0.5609375 0.6109375 0.5609375
28 0.7 0.4484375 0.659375 0.4484375 0.659375 0.559375 0.7 0.559375
54 0.534375 0.3390625000000001 0.49375 0.3390625000000001 0.49375 0.4515625 0.534375 0.4515625
13 0.93125 0.6718750000000002 0.878125 0.6718750000000002 0.878125 0.7875000000000002 0.93125 0.7875000000000002
20 0.4671875 0.2296875000000001 0.3796875 0.2296875000000001 0.3796875 0.34062500000000007 0.4671875 0.34062500000000007
46 0.4984375 0.559375 0.3828125000000001 0.559375 0.3828125000000001 0.671875 0.4984375 0.671875
51 0.8015625 0.3375000000000001 0.7625 0.3375000000000001 0.7625 0.44843750000000016 0.8015625 0.44843750000000016
38 0.578125 0.3390625000000001 0.5390625 0.3390625000000001 0.5390625 0.45 0.578125 0.45
43 0.928125 0.44843750000000016 0.8875 0.44843750000000016 0.8875 0.5593750000000002 0.928125 0.5593750000000002
44 1 0.5609375000000002 0.9796875 0.5609375000000002 0.9796875 0.6718750000000002 1 0.6718750000000002
21 0.89375 0.3359375000000001 0.853125 0.3359375000000001 0.853125 0.44843750000000016 0.89375 0.44843750000000016
26 0.4796875 0.45 0.4390625 0.45 0.4390625 0.5609375 0.4796875 0.5609375
18 0.6328125 0.5578125 0.59375 0.5578125 0.59375 0.6703125 0.6328125 0.6703125
33 0.678125 0.559375 0.6375 0.559375 0.6375 0.675 0.678125 0.675
45 1 0.4468750000000002 0.9671875 0.4468750000000002 0.9671875 0.5593750000000002 1 0.5593750000000002
42 0.8484375 0.3359375000000001 0.8078125 0.3359375000000001 0.8078125 0.44843750000000016 0.8484375 0.44843750000000016
50 0.4484375000000001 0.6765625 0.37968750000000007 0.6765625 0.37968750000000007 0.7890625 0.44843750000000016 0.7890625
34 0.5453125 0.5609375 0.5046875 0.5609375 0.5046875 0.6703125 0.5453125 0.6703125
8 0.6890625 0.22656250000000008 0.6484375 0.22656250000000008 0.6484375 0.3390625000000001 0.6890625 0.3390625000000001
1 1 0.2234375000000001 0.9671875 0.2234375000000001 0.9671875 0.3343750000000001 1 0.3343750000000001
55 0.8140625 0.5609375000000002 0.7734375 0.5609375000000002 0.7734375 0.6718750000000002 0.8140625 0.6718750000000002
47 0.8734375 0.6734375000000001 0.615625 0.6734375 0.6156250000000001 0.7890625000000001 0.8734375 0.7890625000000002
24 0.7921875 0.44843750000000016 0.7515625 0.44843750000000016 0.7515625 0.5593750000000002 0.7921875 0.5593750000000002
23 0.8359375 0.4500000000000002 0.796875 0.4500000000000002 0.796875 0.5609375000000002 0.8359375 0.5609375000000002
58 0.9515625 0.5609375000000002 0.9109375 0.5609375000000002 0.9109375 0.6718750000000002 0.9515625 0.6718750000000002
29 0.6546875 0.45 0.6140625 0.45 0.6140625 0.559375 0.6546875 0.559375
36 0.6234375 0.3390625000000001 0.5828125 0.3390625000000001 0.5828125 0.4484375 0.6234375 0.4484375
11 0.5109375 0.2312500000000001 0.471875 0.2312500000000001 0.471875 0.34062500000000007 0.5109375 0.34062500000000007
52 1 0.3343750000000001 0.9734375 0.3343750000000001 0.9734375 0.4468750000000002 1 0.4468750000000002
53 0.7109375 0.3375000000000001 0.6703125 0.3375000000000001 0.6703125 0.45 0.7109375 0.45
25 0.74375 0.45000000000000007 0.7046875 0.45 0.7046875 0.5609375000000001 0.74375 0.5609375000000002
27 0.665625 0.3390625000000001 0.628125 0.3390625000000001 0.628125 0.4484375 0.665625 0.4484375
12 0.521875 0.45 0.48125 0.45 0.48125 0.5625 0.521875 0.5625
35 0.7234375 0.5609375 0.684375 0.5609375 0.684375 0.671875 0.7234375 0.671875
7 0.7328125 0.22656250000000008 0.69375 0.22656250000000008 0.69375 0.3375000000000001 0.7328125 0.3375000000000001
32 0.9984375 0.5609375000000002 0.9578125 0.5609375000000002 0.9578125 0.6718750000000002 0.9984375 0.6718750000000002
2 0.9609375 0.2234375000000001 0.9203125 0.2234375000000001 0.9203125 0.3343750000000001 0.9609375 0.3343750000000001
3 0.915625 0.2234375000000001 0.875 0.2234375000000001 0.875 0.3343750000000001 0.915625 0.3343750000000001