40 0.5046875 0.625 0.4703125 0.625 0.4703125 0.696875 0.5046875 0.696875
28 0.409375 0.5484375 0.3750000000000001 0.5484375 0.3750000000000001 0.621875 0.409375 0.621875
11 0.5734375 0.4 0.5359375 0.4 0.5359375 0.4734375 0.5734375 0.4734375
1 0.15000000000000005 0.3984375 0.11406250000000004 0.3984375 0.11406250000000004 0.4734375 0.15000000000000005 0.4734375
27 0.4375 0.4765625 0.4046875 0.4765625 0.4046875 0.54375 0.4375 0.54375
44 0.1140625000000001 0.6234375 0.07187500000000006 0.6234375 0.07187500000000008 0.69375 0.1140625000000001 0.69375
7 0.3812500000000001 0.4 0.3468750000000001 0.4 0.3468750000000001 0.471875 0.3812500000000001 0.471875
5 0.30156250000000007 0.4 0.2671875000000001 0.4 0.2671875000000001 0.471875 0.30156250000000007 0.471875
32 0.15625000000000008 0.621875 0.12031250000000009 0.621875 0.12031250000000009 0.69375 0.15625000000000008 0.69375
8 0.41875 0.4 0.3843750000000001 0.4 0.3843750000000001 0.475 0.41875 0.475
23 0.2906250000000001 0.55 0.2578125000000001 0.55 0.2578125000000001 0.61875 0.2906250000000001 0.61875
52 0.12812500000000007 0.471875 0.07500000000000007 0.471875 0.07500000000000007 0.5453125 0.1281250000000001 0.5453125
3 0.22656250000000008 0.4 0.19218750000000004 0.4 0.19218750000000004 0.4703125 0.22656250000000008 0.4703125
59 0.3625000000000001 0.4734375 0.32500000000000007 0.4734375 0.32500000000000007 0.5484375 0.3625000000000001 0.5484375
47 0.4468750000000001 0.696875 0.22812500000000008 0.696875 0.22812500000000008 0.7734375 0.4468750000000002 0.7734375
33 0.428125 0.6234375 0.3937500000000001 0.6234375 0.3937500000000001 0.6984375 0.428125 0.6984375
24 0.3312500000000001 0.5484375 0.2968750000000001 0.5484375 0.2968750000000001 0.6203125 0.3312500000000001 0.6203125
25 0.3703125000000001 0.5484375 0.3359375000000001 0.5484375 0.3359375000000001 0.61875 0.3703125000000001 0.61875
58 0.1937500000000001 0.621875 0.1609375000000001 0.621875 0.1609375000000001 0.69375 0.1937500000000001 0.69375
46 0.65 0.625 0.546875 0.625 0.546875 0.7 0.65 0.7
45 0.1375000000000001 0.5453125 0.07343750000000007 0.5453125 0.07343750000000007 0.6203125 0.1375000000000001 0.6203125
14 0.4953125000000001 0.696875 0.4484375 0.696875 0.4484375000000001 0.771875 0.49531250000000016 0.771875
49 0.12656250000000008 0.6953125 0.06875000000000009 0.6953125 0.06875000000000009 0.7703125 0.12656250000000008 0.7703125
48 0.534375 0.4015625 0.4984375 0.4015625 0.4984375 0.4734375 0.534375 0.4734375
17 0.10937500000000004 0.3984375 0.07500000000000004 0.3984375 0.07500000000000005 0.471875 0.10937500000000004 0.471875
13 0.2218750000000001 0.6953125 0.1781250000000001 0.6953125 0.1781250000000001 0.7703125 0.2218750000000001 0.7703125
18 0.465625 0.6234375 0.43125 0.6234375 0.43125 0.6984375 0.465625 0.6984375
50 0.6515625 0.6984375 0.59375 0.6984375 0.5937500000000001 0.775 0.6515625000000002 0.775
56 0.2062500000000001 0.471875 0.17187500000000006 0.471875 0.17187500000000006 0.546875 0.2062500000000001 0.546875
16 0.2718750000000001 0.621875 0.2375000000000001 0.621875 0.2375000000000001 0.6953125 0.2718750000000001 0.6953125
37 0.5234375 0.55 0.4890625 0.55 0.4890625 0.6234375 0.5234375 0.6234375
20 0.65 0.3984375000000001 0.5703125 0.3984375000000001 0.5703125 0.475 0.65 0.475
54 0.553125 0.475 0.515625 0.475 0.515625 0.55 0.553125 0.55
21 0.2453125000000001 0.471875 0.2093750000000001 0.471875 0.2093750000000001 0.5453125 0.2453125000000001 0.5453125
9 0.45625 0.4015625 0.421875 0.4015625 0.421875 0.4734375 0.45625 0.4734375
53 0.4 0.475 0.3656250000000001 0.475 0.3656250000000001 0.5484375 0.4 0.5484375
12 0.5625 0.5515625 0.528125 0.5515625 0.528125 0.625 0.5625 0.625
55 0.3109375000000001 0.6234375 0.2765625000000001 0.6234375 0.2765625000000001 0.696875 0.3109375000000001 0.696875
2 0.18906250000000005 0.4 0.15468750000000003 0.4 0.15468750000000003 0.4703125 0.18906250000000005 0.4703125
29 0.4484375 0.55 0.4140625 0.55 0.4140625 0.621875 0.4484375 0.621875
42 0.2843750000000001 0.475 0.2484375000000001 0.475 0.2484375000000001 0.5484375 0.2843750000000001 0.5484375
0 0.4953125 0.4015625 0.4609375 0.4015625 0.4609375 0.475 0.4953125 0.475
51 0.3218750000000001 0.475 0.2875000000000001 0.475 0.2875000000000001 0.546875 0.3218750000000001 0.546875
19 0.2531250000000001 0.546875 0.21875000000000008 0.546875 0.21875000000000008 0.6203125 0.2531250000000001 0.6203125
38 0.5125 0.475 0.4796875 0.475 0.4796875 0.546875 0.5125 0.546875
41 0.16718750000000007 0.471875 0.13125000000000003 0.471875 0.13125000000000006 0.5453125 0.1671875000000001 0.5453125
34 0.54375 0.6234375 0.509375 0.6234375 0.509375 0.696875 0.54375 0.696875
10 0.1750000000000001 0.5484375 0.14218750000000008 0.5484375 0.14218750000000008 0.61875 0.1750000000000001 0.61875
35 0.3890625000000001 0.6234375 0.3546875000000001 0.6234375 0.3546875000000001 0.6984375 0.3890625000000001 0.6984375
57 0.2328125000000001 0.6234375 0.2000000000000001 0.6234375 0.2000000000000001 0.6953125 0.2328125000000001 0.6953125
15 0.3500000000000001 0.621875 0.3140625000000001 0.621875 0.3140625000000001 0.696875 0.3500000000000001 0.696875
31 0.4859375 0.55 0.4515625 0.55 0.4515625 0.6234375 0.4859375 0.6234375
22 0.65 0.471875 0.5953125 0.471875 0.5953125 0.625 0.65 0.625
30 0.9859375 0.23593750000000005 0.046875000000000035 0.2359375 0.04687500000000007 0.8953125 0.9859375 0.8953125
43 0.2140625000000001 0.546875 0.17968750000000008 0.546875 0.17968750000000008 0.6203125 0.2140625000000001 0.6203125
36 0.475 0.4765625 0.440625 0.4765625 0.440625 0.5484375 0.475 0.5484375
6 0.34062500000000007 0.3984375 0.3062500000000001 0.3984375 0.3062500000000001 0.471875 0.34062500000000007 0.471875
4 0.2640625000000001 0.3984375 0.2312500000000001 0.3984375 0.2312500000000001 0.471875 0.2640625000000001 0.471875