11 0.89375 0.06562500000000011 0.8296875 0.06562500000000011 0.8296875 0.1546875000000001 0.89375 0.1546875000000001
41 0.17968750000000003 0.1546875 0.1125 0.1546875 0.11250000000000002 0.2453125 0.17968750000000006 0.2453125
38 0.79375 0.1546875000000001 0.7265625 0.1546875000000001 0.7265625 0.2468750000000001 0.79375 0.2468750000000001
47 0.6234375 0.425 0.2875000000000001 0.425 0.2875000000000001 0.521875 0.6234375 0.521875
43 0.2640625 0.246875 0.2 0.246875 0.2 0.3359375 0.2640625 0.3359375
39 0.928125 0.15468750000000012 0.8640625 0.1546875000000001 0.8640625 0.2468750000000001 0.928125 0.2468750000000001
2 0.2140625 0.06562500000000002 0.1484375 0.06562500000000002 0.1484375 0.15468750000000003 0.2140625 0.15468750000000003
18 0.70625 0.3359375000000001 0.6421875 0.3359375000000001 0.6421875 0.428125 0.70625 0.428125
7 0.55625 0.06562500000000007 0.4890625 0.06562500000000007 0.4890625 0.15468750000000006 0.55625 0.1546875000000001
58 0.23125000000000004 0.3375 0.16718750000000004 0.3375 0.16718750000000004 0.4265625 0.2312500000000001 0.4265625
1 0.14375 0.06562500000000002 0.0796875 0.065625 0.07968750000000001 0.153125 0.14375 0.153125
24 0.46875 0.2468750000000001 0.403125 0.2468750000000001 0.403125 0.3359375000000001 0.46875 0.3359375000000001
14 0.6921875 0.428125 0.625 0.428125 0.625 0.5203125 0.6921875 0.5203125
56 0.246875 0.15312500000000004 0.1828125 0.15312500000000004 0.18281250000000002 0.2453125 0.246875 0.2453125
48 0.8265625 0.0656250000000001 0.759375 0.06562500000000009 0.759375 0.1546875000000001 0.8265625 0.1546875000000001
29 0.6734375 0.2453125000000001 0.609375 0.2453125000000001 0.609375 0.3375000000000001 0.6734375 0.3375000000000001
40 0.7765625 0.3375000000000001 0.709375 0.3375000000000001 0.709375 0.42656250000000007 0.7765625 0.4265625000000002
21 0.315625 0.15468750000000003 0.25 0.15468750000000003 0.25 0.2453125 0.315625 0.2453125
20 1 0.06406250000000012 0.896875 0.0640625000000001 0.896875 0.15312500000000012 1 0.15312500000000012
50 0.8296875 0.4281250000000002 0.7625 0.4281250000000002 0.7625 0.5218750000000002 0.8296875 0.5218750000000002
45 0.12812500000000004 0.2453125 0.009375000000000031 0.2453125 0.009375000000000036 0.3375 0.12812500000000004 0.3375
9 0.690625 0.06562500000000007 0.625 0.06562500000000007 0.625 0.1546875000000001 0.690625 0.1546875000000001
0 0.759375 0.06562500000000009 0.6921875 0.06562500000000009 0.6921875 0.1546875000000001 0.759375 0.1546875000000001
44 0.09531250000000005 0.3375 0.009375000000000041 0.3375 0.009375000000000046 0.4296875 0.09531250000000005 0.4296875
59 0.5203125 0.15468750000000003 0.453125 0.15468750000000003 0.453125 0.2453125000000001 0.5203125 0.2453125000000001
31 0.7421875 0.2468750000000001 0.6765625 0.2468750000000001 0.6765625 0.3375000000000001 0.7421875 0.3375000000000001
33 0.640625 0.3359375000000001 0.5734375 0.3359375000000001 0.5734375 0.428125 0.640625 0.428125
3 0.28125 0.06562500000000003 0.215625 0.06562500000000002 0.215625 0.15468750000000003 0.28125 0.15468750000000003
4 0.35 0.06562500000000004 0.284375 0.06562500000000004 0.284375 0.15468750000000003 0.35 0.15468750000000003
35 0.5703125 0.3359375000000001 0.50625 0.3359375000000001 0.50625 0.425 0.5703125 0.425
51 0.4515625 0.15468750000000003 0.3875 0.15468750000000003 0.3875 0.2453125000000001 0.4515625 0.2453125000000001
23 0.4015625 0.24531250000000004 0.3359375 0.2453125 0.3359375 0.3375 0.4015625 0.3375000000000001
52 0.11093750000000002 0.153125 0.009375000000000019 0.153125 0.009375000000000026 0.2453125 0.11093750000000005 0.2453125
5 0.41875 0.06562500000000004 0.3515625 0.06562500000000004 0.3515625 0.15468750000000003 0.41875 0.15468750000000003
27 0.6578125 0.1546875000000001 0.5921875 0.1546875000000001 0.5921875 0.2453125000000001 0.6578125 0.2453125000000001
49 0.08125000000000006 0.428125 0.009375000000000053 0.428125 0.009375000000000059 0.521875 0.08125000000000007 0.521875
22 1 0.15781250000000013 0.93125 0.15781250000000013 0.93125 0.3375000000000001 1 0.3375000000000001
57 0.30000000000000004 0.3359375 0.234375 0.3359375 0.23437500000000006 0.428125 0.3000000000000001 0.428125
10 0.19687500000000005 0.2453125 0.13281250000000006 0.2453125 0.13281250000000006 0.334375 0.19687500000000005 0.334375
6 0.4859375 0.06562500000000006 0.4203125 0.06562500000000004 0.4203125 0.15468750000000003 0.4859375 0.15468750000000003
37 0.8109375 0.2484375000000001 0.74375 0.2484375000000001 0.74375 0.3375000000000001 0.8109375 0.3375000000000001
55 0.4359375 0.3375000000000001 0.3703125 0.3375000000000001 0.37031250000000004 0.4265625 0.4359375 0.4265625
13 0.2828125000000001 0.428125 0.2156250000000001 0.428125 0.2156250000000001 0.5203125 0.2828125000000001 0.5203125
28 0.6046875 0.2468750000000001 0.540625 0.2468750000000001 0.540625 0.3375000000000001 0.6046875 0.3375000000000001
16 0.36875 0.3375 0.3015625 0.3375 0.30156250000000007 0.425 0.3687500000000001 0.425
17 0.0765625 0.0640625 0.009375000000000008 0.0640625 0.009375000000000014 0.153125 0.07656250000000002 0.153125
53 0.5890625 0.15468750000000006 0.521875 0.15468750000000003 0.521875 0.2468750000000001 0.5890625 0.2468750000000001
32 0.16406250000000006 0.3375 0.09687500000000004 0.3375 0.09687500000000004 0.4265625 0.16406250000000006 0.4265625
54 0.8609375 0.1546875000000001 0.79375 0.1546875000000001 0.79375 0.2468750000000001 0.8609375 0.2468750000000001
15 0.503125 0.3359375000000001 0.4359375 0.3359375000000001 0.4359375 0.425 0.503125 0.425
26 0.9453125 0.2468750000000001 0.8796875 0.2468750000000001 0.8796875 0.3375000000000001 0.9453125 0.3375000000000001
8 0.6234375 0.06562500000000007 0.5578125 0.06562500000000007 0.5578125 0.15781250000000008 0.6234375 0.15781250000000008
19 0.3328125 0.2453125 0.2671875 0.2453125 0.2671875 0.334375 0.3328125 0.334375
34 0.8453125 0.3375000000000001 0.778125 0.3375000000000001 0.778125 0.4265625000000002 0.8453125 0.4265625000000002
25 0.5375 0.2468750000000001 0.471875 0.2468750000000001 0.471875 0.3359375000000001 0.5375 0.3359375000000001
46 1 0.3343750000000001 0.8453125 0.3343750000000001 0.8453125 0.4265625000000002 1 0.4265625000000002
36 0.725 0.1546875000000001 0.6578125 0.1546875000000001 0.6578125 0.2453125000000001 0.725 0.2453125000000001
12 0.878125 0.2468750000000001 0.8109375 0.2468750000000001 0.8109375 0.3375000000000001 0.878125 0.3375000000000001
30 1 6.123233995736766e-17 0 0 3.492156888193625e-17 0.5703125000000001 1 0.5703125000000002
42 0.384375 0.15625000000000006 0.31875 0.15625000000000006 0.31875 0.24531250000000004 0.384375 0.2453125000000001