46 0.625 0.653125 0.559375 0.653125 0.559375 0.725 0.625 0.725
17 0.8203125 0.11093750000000009 0.7625 0.11093750000000009 0.7625 0.14843750000000008 0.8203125 0.14843750000000008
58 0.6203125 0.2000000000000001 0.5546875 0.2000000000000001 0.5546875 0.2406250000000001 0.6203125 0.2406250000000001
5 0.8265625 0.3265625000000001 0.7671875 0.3265625000000001 0.7671875 0.3656250000000001 0.8265625 0.3656250000000001
18 0.621875 0.515625 0.55625 0.515625 0.55625 0.55625 0.621875 0.55625
10 0.690625 0.17968750000000008 0.6265625 0.17968750000000008 0.6265625 0.22031250000000008 0.690625 0.22031250000000008
3 0.825 0.2390625000000001 0.765625 0.2390625000000001 0.765625 0.2796875000000001 0.825 0.2796875000000001
29 0.69375 0.49375 0.6296875 0.49375 0.6296875 0.534375 0.69375 0.534375
57 0.6203125 0.2453125000000001 0.5546875 0.2453125000000001 0.5546875 0.28593750000000007 0.6203125 0.28593750000000007
34 0.6234375 0.60625 0.559375 0.60625 0.559375 0.646875 0.6234375 0.646875
11 0.8296875 0.6328125000000002 0.771875 0.6328125000000002 0.771875 0.6703125000000002 0.8296875 0.6703125000000002
37 0.69375 0.5828125 0.6296875 0.5828125 0.6296875 0.6234375 0.69375 0.6234375
40 0.6234375 0.5609375 0.559375 0.5609375 0.559375 0.6015625 0.6234375 0.6015625
31 0.69375 0.5390625 0.6296875 0.5390625 0.6296875 0.5796875 0.69375 0.5796875
4 0.8265625 0.2828125000000001 0.7671875 0.2828125000000001 0.7671875 0.3203125000000001 0.8265625 0.3203125000000001
55 0.621875 0.3359375000000001 0.55625 0.3359375000000001 0.55625 0.3765625000000001 0.621875 0.3765625000000001
22 0.7656250000000001 0.7015625000000001 0.63125 0.7015625 0.6312500000000001 0.7640625000000001 0.7656250000000002 0.7640625000000002
54 0.7640625 0.6125 0.7015625 0.6125 0.7015625 0.6531250000000001 0.7640625 0.6531250000000002
35 0.621875 0.425 0.55625 0.425 0.55625 0.465625 0.621875 0.465625
49 0.5453125 0.09062500000000007 0.4765625 0.09062500000000007 0.4765625 0.14687500000000006 0.5453125 0.1468750000000001
56 0.759375 0.2156250000000001 0.696875 0.2156250000000001 0.696875 0.2531250000000001 0.759375 0.2531250000000001
50 0.5515625 0.625 0.4828125 0.625 0.4828125 0.6828125 0.5515625 0.6828125
12 0.6953125 0.628125 0.6296875 0.628125 0.6296875 0.66875 0.6953125 0.66875
53 0.7609375 0.43437500000000007 0.6984375 0.434375 0.6984375 0.4750000000000001 0.7609375 0.4750000000000002
48 0.8296875 0.5890625000000002 0.7703125 0.5890625000000002 0.7703125 0.6281250000000002 0.8296875 0.6281250000000002
23 0.690625 0.3140625000000001 0.628125 0.3140625000000001 0.628125 0.3546875000000001 0.690625 0.3546875000000001
6 0.8265625 0.3703125000000001 0.7671875 0.3703125000000001 0.7671875 0.40937500000000016 0.8265625 0.40937500000000016
41 0.759375 0.1703125000000001 0.696875 0.1703125000000001 0.696875 0.21093750000000008 0.759375 0.21093750000000008
19 0.690625 0.27031250000000007 0.6265625 0.27031250000000007 0.6265625 0.3109375000000001 0.690625 0.3109375000000001
26 0.696875 0.671875 0.63125 0.671875 0.63125 0.7125 0.696875 0.7125
15 0.621875 0.3812500000000001 0.55625 0.3812500000000001 0.55625 0.421875 0.621875 0.421875
7 0.828125 0.41406250000000017 0.76875 0.41406250000000017 0.76875 0.4546875000000002 0.828125 0.4546875000000002
2 0.825 0.19531250000000008 0.765625 0.19531250000000008 0.765625 0.23593750000000008 0.825 0.23593750000000008
13 0.546875 0.24218750000000008 0.478125 0.24218750000000008 0.478125 0.2828125000000001 0.546875 0.2828125000000001
25 0.6921875 0.403125 0.628125 0.403125 0.628125 0.44375 0.6921875 0.44375
28 0.69375 0.4484375 0.6296875 0.4484375 0.6296875 0.4890625 0.69375 0.4890625
59 0.7609375 0.3921875000000001 0.6984375 0.3921875000000001 0.6984375 0.4312500000000001 0.7609375 0.4312500000000002
8 0.828125 0.4578125000000002 0.76875 0.4578125000000002 0.76875 0.4984375000000002 0.828125 0.4984375000000002
27 0.7625 0.4796875000000001 0.7 0.4796875 0.7 0.51875 0.7625 0.5187500000000002
9 0.828125 0.5031250000000002 0.76875 0.5031250000000002 0.76875 0.5421875000000002 0.828125 0.5421875000000002
33 0.621875 0.471875 0.5546875 0.471875 0.5546875 0.5125 0.621875 0.5125
45 0.6875 0.10000000000000009 0.625 0.10000000000000009 0.625 0.1765625000000001 0.6875 0.1765625000000001
39 0.7640625 0.6562500000000001 0.7015625 0.65625 0.7015625 0.6968750000000001 0.7640625 0.6968750000000001
0 0.8234375 0.5484375000000001 0.7640625 0.5484375000000001 0.7640625 0.5875000000000001 0.8234375 0.5875000000000001
44 0.6171875 0.09531250000000006 0.5515625 0.09531250000000006 0.5515625 0.15000000000000008 0.6171875 0.15000000000000008
36 0.759375 0.5250000000000001 0.7 0.525 0.7 0.5640625000000001 0.759375 0.5640625000000001
43 0.6890625 0.2250000000000001 0.6265625 0.2250000000000001 0.6265625 0.2656250000000001 0.6890625 0.2656250000000001
1 0.825 0.1515625000000001 0.765625 0.1515625000000001 0.765625 0.1906250000000001 0.825 0.1906250000000001
20 0.83125 0.6765625000000002 0.771875 0.6765625000000002 0.7718750000000001 0.7578125000000002 0.83125 0.7578125000000002
51 0.7609375 0.3468750000000001 0.6984375 0.3468750000000001 0.6984375 0.3859375000000001 0.7609375 0.3859375000000001
38 0.7625 0.5687500000000001 0.7015625 0.56875 0.7015625 0.6078125000000001 0.7625 0.6078125000000002
52 0.7578125 0.10468750000000009 0.6953125 0.10468750000000009 0.6953125 0.1671875000000001 0.7578125 0.1671875000000001
47 0.55 0.2875000000000001 0.48125 0.2875000000000001 0.48125 0.53125 0.55 0.53125
42 0.7609375 0.30156250000000007 0.6984375 0.30156250000000007 0.6984375 0.3421875000000001 0.7609375 0.3421875000000001
21 0.759375 0.2593750000000001 0.696875 0.2593750000000001 0.696875 0.3000000000000001 0.759375 0.3000000000000001
32 0.6203125 0.1546875000000001 0.5546875 0.1546875000000001 0.5546875 0.19531250000000008 0.6203125 0.19531250000000008
16 0.621875 0.2906250000000001 0.55625 0.2906250000000001 0.55625 0.3312500000000001 0.621875 0.3312500000000001
14 0.55 0.534375 0.48125 0.534375 0.48125 0.575 0.55 0.575
30 0.89375 0.08593750000000008 0.45625 0.08593750000000007 0.4562500000000001 0.959375 0.89375 0.959375
24 0.6921875 0.3593750000000001 0.628125 0.3593750000000001 0.628125 0.4 0.6921875 0.4