33 0.5546875 0.5609375 0.5015625 0.5609375 0.5015625 0.6046875 0.5546875 0.6046875
6 0.7203125 0.6671875 0.6671875 0.6671875 0.6671875 0.7078125 0.7203125 0.7078125
29 0.6125 0.540625 0.5625 0.540625 0.5625 0.5796875 0.6125 0.5796875
45 0.6078125000000002 0.9203125 0.5484375000000001 0.9203125 0.5484375000000001 0.9953125 0.6078125000000002 0.9953125
18 0.5578125 0.5140625 0.5046875 0.5140625 0.5046875 0.55625 0.5578125 0.55625
24 0.609375 0.68125 0.559375 0.68125 0.559375 0.7234375 0.609375 0.7234375
28 0.6140625 0.5875 0.5609375 0.5875 0.5609375 0.6296875 0.6140625 0.6296875
35 0.553125 0.609375 0.5 0.609375 0.5 0.6515625 0.553125 0.6515625
16 0.5500000000000002 0.7546875 0.4968750000000002 0.7546875 0.4968750000000002 0.7984375 0.5500000000000002 0.7984375
14 0.4984375 0.5109375 0.4390625 0.5109375 0.4390625 0.5546875 0.4984375 0.5546875
13 0.49218750000000017 0.80625 0.42968750000000017 0.80625 0.42968750000000017 0.853125 0.49218750000000017 0.853125
17 0.7125000000000001 0.9421875 0.6625000000000002 0.9421875 0.6625000000000002 0.9828125 0.7125000000000001 0.9828125
23 0.6093750000000002 0.728125 0.5562500000000001 0.728125 0.5562500000000001 0.7734375 0.6093750000000002 0.7734375
31 0.615625 0.49375 0.5625 0.49375 0.5625 0.534375 0.615625 0.534375
11 0.7234375 0.4 0.6765625 0.4 0.6765625 0.4390625 0.7234375 0.4390625
55 0.5531250000000001 0.7046875 0.496875 0.7046875 0.49687500000000007 0.7484375 0.5531250000000002 0.7484375
2 0.7156250000000002 0.8484375 0.6656250000000001 0.8484375 0.6656250000000001 0.89375 0.7156250000000002 0.89375
36 0.66875 0.5078125 0.61875 0.5078125 0.61875 0.546875 0.66875 0.546875
47 0.4953125000000001 0.5609375 0.4359375 0.5609375 0.4359375000000001 0.8 0.49531250000000016 0.8
58 0.5500000000000002 0.853125 0.4906250000000002 0.853125 0.4906250000000002 0.9 0.5500000000000002 0.9
26 0.6234375 0.3531250000000001 0.5671875 0.3531250000000001 0.5671875 0.3968750000000001 0.6234375 0.3968750000000001
51 0.6656250000000001 0.690625 0.615625 0.690625 0.6156250000000001 0.7328125 0.6656250000000001 0.7328125
56 0.6640625000000002 0.83125 0.6109375000000001 0.83125 0.6109375000000001 0.8765625 0.6640625000000002 0.8765625
40 0.55625 0.4671875 0.50625 0.4671875 0.50625 0.509375 0.55625 0.509375
10 0.6062500000000002 0.871875 0.5500000000000002 0.871875 0.5500000000000002 0.91875 0.6062500000000002 0.91875
21 0.6640625000000002 0.784375 0.6109375000000001 0.784375 0.6109375000000001 0.828125 0.6640625000000002 0.828125
41 0.6625000000000002 0.878125 0.6062500000000002 0.878125 0.6062500000000002 0.9265625 0.6625000000000002 0.9265625
1 0.7156250000000002 0.896875 0.6625000000000002 0.896875 0.6625000000000002 0.940625 0.7156250000000002 0.940625
54 0.671875 0.4171875 0.621875 0.4171875 0.621875 0.4578125 0.671875 0.4578125
20 0.728125 0.3218750000000001 0.678125 0.3218750000000001 0.678125 0.39531250000000007 0.728125 0.39531250000000007
9 0.7203125 0.5328125 0.6734375 0.5328125 0.6734375 0.571875 0.7203125 0.571875
30 0.7812500000000001 0.10781250000000006 0.409375 0.10781250000000005 0.4093750000000001 1 0.7812500000000002 1
32 0.5484375000000001 0.9015625 0.4859375000000002 0.9015625 0.4859375000000002 0.95 0.5484375000000001 0.95
27 0.66875 0.553125 0.61875 0.553125 0.61875 0.5921875 0.66875 0.5921875
52 0.6625000000000002 0.9234375 0.6093750000000002 0.9234375 0.6093750000000002 0.9875 0.6625000000000002 0.9875
53 0.6671875 0.5984375 0.6171875 0.5984375 0.6171875 0.6390625 0.6671875 0.6390625
43 0.6093750000000002 0.825 0.5531250000000002 0.825 0.5531250000000002 0.8703125 0.6093750000000002 0.8703125
0 0.7234375 0.4875 0.6703125 0.4875 0.6703125 0.5265625 0.7234375 0.5265625
15 0.5515625 0.65625 0.4984375 0.65625 0.4984375 0.7 0.5515625 0.7
34 0.5609375 0.421875 0.5078125 0.421875 0.5078125 0.4625 0.5609375 0.4625
5 0.7187500000000001 0.7125 0.66875 0.7125 0.6687500000000001 0.7546875 0.7187500000000002 0.7546875
44 0.5453125000000002 0.95 0.4859375000000002 0.95 0.4859375000000002 1 0.5453125000000002 1
3 0.7171875000000002 0.803125 0.6640625000000002 0.803125 0.6640625000000002 0.846875 0.7171875000000002 0.846875
19 0.6078125000000002 0.7765625 0.5546875000000002 0.7765625 0.5546875000000002 0.821875 0.6078125000000002 0.821875
4 0.7203125000000001 0.7578125 0.6671875000000002 0.7578125 0.6671875000000002 0.803125 0.7203125000000001 0.803125
48 0.7234375 0.4453125 0.6734375 0.4453125 0.6734375 0.4828125 0.7234375 0.4828125
46 0.5625 0.3500000000000001 0.509375 0.3500000000000001 0.509375 0.4171875 0.5625 0.4171875
57 0.5500000000000002 0.803125 0.4937500000000002 0.803125 0.4937500000000002 0.8484375 0.5500000000000002 0.8484375
8 0.721875 0.578125 0.671875 0.578125 0.671875 0.615625 0.721875 0.615625
42 0.6625000000000002 0.7375 0.6125000000000002 0.7375 0.6125000000000002 0.7796875 0.6625000000000002 0.7796875
59 0.665625 0.64375 0.615625 0.64375 0.615625 0.6859375 0.665625 0.6859375
7 0.71875 0.621875 0.671875 0.621875 0.671875 0.6625 0.71875 0.6625
22 0.678125 0.3125000000000001 0.571875 0.3125000000000001 0.571875 0.3687500000000001 0.678125 0.3687500000000001
38 0.66875 0.4625 0.621875 0.4625 0.621875 0.5015625 0.66875 0.5015625
12 0.6171875 0.4 0.5640625 0.4 0.5640625 0.4421875 0.6171875 0.4421875
37 0.6171875 0.4484375 0.5640625 0.4484375 0.5640625 0.4890625 0.6171875 0.4890625
49 0.4828125000000002 0.9546875 0.41718750000000016 0.9546875 0.41718750000000016 1 0.4828125000000002 1
39 0.6734375 0.3703125000000001 0.6203125 0.3703125000000001 0.6203125 0.4125 0.6734375 0.4125
50 0.503125 0.3890625000000001 0.446875 0.3890625000000001 0.446875 0.459375 0.503125 0.459375
25 0.6109375 0.634375 0.5609375 0.634375 0.5609375 0.6765625 0.6109375 0.6765625