22 0.4328125000000001 0.7015625 0.3296875000000001 0.7015625 0.3296875000000001 0.7671875 0.43281250000000016 0.7671875
9 0.32500000000000007 0.5015625 0.27812500000000007 0.5015625 0.27812500000000007 0.5421875 0.32500000000000007 0.5421875
52 0.36875 0.10000000000000005 0.321875 0.10000000000000005 0.321875 0.16406250000000006 0.36875 0.16406250000000006
26 0.434375 0.671875 0.3812500000000001 0.671875 0.3812500000000001 0.7125 0.434375 0.7125
58 0.4828125 0.18906250000000005 0.4296875 0.18906250000000005 0.4296875 0.2328125000000001 0.4828125 0.2328125000000001
15 0.4859375 0.3750000000000001 0.4328125 0.3750000000000001 0.4328125 0.4171875 0.4859375 0.4171875
36 0.3765625000000001 0.5234375 0.3265625000000001 0.5234375 0.3265625000000001 0.5640625 0.3765625000000001 0.5640625
8 0.3234375000000001 0.4578125 0.2765625000000001 0.4578125 0.2765625000000001 0.4984375 0.3234375000000001 0.4984375
44 0.4828125 0.08125000000000006 0.4296875 0.08125000000000004 0.4296875 0.14062500000000006 0.4828125 0.14062500000000006
37 0.4328125 0.5828125 0.3828125000000001 0.5828125 0.3828125000000001 0.6234375 0.4328125 0.6234375
45 0.425 0.09218750000000005 0.3734375 0.09218750000000005 0.3734375 0.17187500000000006 0.425 0.17187500000000006
21 0.371875 0.25312500000000004 0.321875 0.253125 0.321875 0.29531250000000003 0.371875 0.2953125000000001
47 0.546875 0.2750000000000001 0.490625 0.2750000000000001 0.490625 0.5296875 0.546875 0.5296875
54 0.3781250000000001 0.6125 0.3281250000000001 0.6125 0.3281250000000001 0.6515625 0.3781250000000001 0.6515625
2 0.31875 0.19375000000000003 0.275 0.19375000000000003 0.275 0.2359375 0.31875 0.2359375
43 0.4265625 0.2171875000000001 0.375 0.2171875000000001 0.375 0.2593750000000001 0.4265625 0.2593750000000001
27 0.3750000000000001 0.4796875 0.3281250000000001 0.4796875 0.3281250000000001 0.51875 0.3750000000000001 0.51875
5 0.32031250000000006 0.325 0.2734375 0.325 0.27343750000000006 0.365625 0.3203125000000001 0.365625
51 0.37187500000000007 0.34375000000000006 0.3234375 0.34375 0.32343750000000004 0.384375 0.37187500000000007 0.3843750000000001
7 0.3218750000000001 0.4140625 0.2750000000000001 0.4140625 0.2750000000000001 0.4546875 0.3218750000000001 0.4546875
28 0.43125 0.446875 0.37968750000000007 0.446875 0.37968750000000007 0.4875 0.43125 0.4875
25 0.4296875 0.4 0.37968750000000007 0.4 0.37968750000000007 0.440625 0.4296875 0.440625
33 0.4890625 0.465625 0.434375 0.465625 0.434375 0.5078125 0.4890625 0.5078125
56 0.371875 0.21093750000000006 0.321875 0.2109375 0.321875 0.2515625 0.371875 0.2515625000000001
10 0.4265625 0.17187500000000006 0.375 0.17187500000000006 0.375 0.2156250000000001 0.4265625 0.2156250000000001
39 0.37968750000000007 0.65625 0.3296875000000001 0.65625 0.3296875000000001 0.696875 0.37968750000000007 0.696875
42 0.371875 0.30000000000000004 0.321875 0.3 0.321875 0.34062500000000007 0.371875 0.34062500000000007
11 0.32500000000000007 0.634375 0.27812500000000007 0.634375 0.27812500000000007 0.671875 0.32500000000000007 0.671875
0 0.32500000000000007 0.546875 0.2765625000000001 0.546875 0.2765625000000001 0.5859375 0.32500000000000007 0.5859375
34 0.4890625 0.6046875 0.4375 0.6046875 0.4375 0.6453125 0.4890625 0.6453125
49 0.540625 0.07343750000000007 0.484375 0.07343750000000007 0.484375 0.13593750000000004 0.540625 0.13593750000000004
13 0.54375 0.2296875000000001 0.4890625 0.2296875000000001 0.4890625 0.2734375000000001 0.54375 0.2734375000000001
14 0.55 0.53125 0.49375 0.53125 0.49375 0.575 0.55 0.575
46 0.4890625 0.653125 0.4390625 0.653125 0.4390625 0.725 0.4890625 0.725
24 0.428125 0.3546875000000001 0.378125 0.3546875000000001 0.37812500000000004 0.39531250000000007 0.428125 0.39531250000000007
1 0.3171875 0.15000000000000005 0.2703125 0.15000000000000005 0.2703125 0.19062500000000004 0.3171875 0.19062500000000004
20 0.3265625000000001 0.675 0.2796875000000001 0.675 0.2796875000000001 0.7578125 0.3265625000000001 0.7578125
55 0.4859375 0.3281250000000001 0.4328125 0.3281250000000001 0.4328125 0.37187500000000007 0.4859375 0.37187500000000007
30 0.5703125000000001 0.06718750000000004 0.2359375 0.06718750000000002 0.23593750000000005 0.975 0.5703125000000002 0.975
38 0.3765625000000001 0.56875 0.3281250000000001 0.56875 0.3281250000000001 0.6078125 0.3765625000000001 0.6078125
18 0.4875 0.5140625 0.434375 0.5140625 0.434375 0.5546875 0.4875 0.5546875
31 0.43125 0.5375 0.3812500000000001 0.5375 0.3812500000000001 0.578125 0.43125 0.578125
16 0.484375 0.2812500000000001 0.43125 0.2812500000000001 0.43125 0.32500000000000007 0.484375 0.32500000000000007
6 0.3203125000000001 0.36875 0.2734375000000001 0.36875 0.2734375000000001 0.409375 0.3203125000000001 0.409375
29 0.43125 0.4921875 0.37968750000000007 0.4921875 0.37968750000000007 0.5328125 0.43125 0.5328125
53 0.3750000000000001 0.4328125 0.3265625000000001 0.4328125 0.3265625000000001 0.4734375 0.3750000000000001 0.4734375
40 0.4875 0.559375 0.4375 0.559375 0.4375 0.6 0.4875 0.6
3 0.3203125 0.2390625 0.2734375 0.2390625 0.2734375 0.2796875 0.3203125 0.2796875
19 0.4265625 0.26250000000000007 0.3765625 0.26250000000000007 0.3765625 0.3046875000000001 0.4265625 0.3046875000000001
4 0.3203125 0.28125 0.2734375 0.28125 0.2734375 0.321875 0.3203125 0.321875
23 0.428125 0.30937500000000007 0.3765625 0.30937500000000007 0.3765625 0.3500000000000001 0.428125 0.3500000000000001
59 0.3750000000000001 0.38906250000000003 0.32500000000000007 0.3890625 0.32500000000000007 0.4296875 0.3750000000000001 0.4296875
50 0.5515625 0.625 0.4953125 0.625 0.4953125 0.684375 0.5515625 0.684375
41 0.371875 0.16406250000000006 0.321875 0.16406250000000006 0.321875 0.20781250000000004 0.371875 0.2078125000000001
17 0.3171875 0.10781250000000005 0.2703125 0.10781250000000005 0.2703125 0.14843750000000006 0.3171875 0.14843750000000006
35 0.4875 0.421875 0.434375 0.421875 0.434375 0.4625 0.4875 0.4625
12 0.434375 0.628125 0.3828125000000001 0.628125 0.3828125000000001 0.66875 0.434375 0.66875
32 0.48125 0.14375000000000004 0.428125 0.14375000000000004 0.428125 0.18906250000000005 0.48125 0.18906250000000005
57 0.4828125 0.23593750000000008 0.4296875 0.23593750000000008 0.4296875 0.27812500000000007 0.4828125 0.27812500000000007
48 0.32500000000000007 0.590625 0.27812500000000007 0.590625 0.27812500000000007 0.628125 0.32500000000000007 0.628125