2 0.6484375 0.1781250000000001 0.578125 0.1781250000000001 0.578125 0.25468750000000007 0.6484375 0.25468750000000007
47 0.6046875 0.5484375 0.22031250000000008 0.5484375 0.22031250000000008 0.7640625 0.6046875000000002 0.7640625
42 0.5171875 0.3031250000000001 0.44375 0.3031250000000001 0.44375 0.38750000000000007 0.5171875 0.38750000000000007
28 0.3203125000000001 0.4578125 0.2453125000000001 0.4578125 0.2453125000000001 0.5484375 0.3203125000000001 0.5484375
16 0.5765625 0.4609375 0.5 0.4609375 0.5 0.5515625 0.5765625 0.5515625
44 0.8484375 0.3625000000000001 0.753125 0.3625000000000001 0.753125 0.4625000000000002 0.8484375 0.4625000000000002
32 0.7671875 0.3968750000000001 0.6921875 0.3968750000000001 0.6921875 0.48125000000000007 0.7671875 0.4812500000000002
1 0.709375 0.1546875000000001 0.6390625 0.1546875000000001 0.6390625 0.23437500000000008 0.709375 0.23437500000000008
9 0.19843750000000004 0.3203125 0.12656250000000005 0.3203125 0.12656250000000005 0.4046875 0.19843750000000004 0.4046875
37 0.11406250000000007 0.53125 0.03593750000000007 0.53125 0.035937500000000074 0.625 0.1140625000000001 0.625
12 0.037500000000000075 0.5546875 6.792962714020475e-17 0.5546875 7.347880794884119e-17 0.6453125 0.037500000000000075 0.6453125
24 0.4546875 0.4125 0.37968750000000007 0.4125 0.37968750000000007 0.5015625 0.4546875 0.5015625
48 0.06093750000000005 0.3625 4.4393446469091554e-17 0.3625 4.9942627277728e-17 0.453125 0.06093750000000005 0.453125
10 0.7109375 0.3234375000000001 0.6359375 0.3234375000000001 0.6359375 0.4109375 0.7109375 0.4109375
56 0.6421875 0.26250000000000007 0.5703125 0.26250000000000007 0.5703125 0.3437500000000001 0.6421875 0.3437500000000001
21 0.5796875 0.2828125000000001 0.5046875 0.2828125000000001 0.5046875 0.3671875000000001 0.5796875 0.3671875000000001
18 0.2390625000000001 0.578125 0.1609375000000001 0.578125 0.1609375000000001 0.675 0.2390625000000001 0.675
5 0.4625 0.23593750000000008 0.390625 0.23593750000000008 0.390625 0.31718750000000007 0.4625 0.31718750000000007
8 0.26562500000000006 0.2984375 0.19375000000000003 0.2984375 0.19375000000000003 0.3828125 0.2656250000000001 0.3828125
7 0.33125 0.2765625 0.259375 0.2765625 0.259375 0.3609375 0.33125 0.3609375
4 0.525 0.21093750000000008 0.453125 0.21093750000000008 0.453125 0.2953125000000001 0.525 0.2953125000000001
55 0.5109375 0.484375 0.4328125 0.484375 0.4328125 0.575 0.5109375 0.575
51 0.4515625 0.32500000000000007 0.378125 0.32500000000000007 0.37812500000000004 0.4109375 0.4515625 0.4109375
0 0.12968750000000004 0.3375 0.057812500000000044 0.3375 0.057812500000000044 0.428125 0.12968750000000004 0.428125
52 0.7953125 0.21093750000000008 0.6921875 0.21093750000000008 0.6921875 0.3046875000000001 0.7953125 0.3046875000000001
25 0.3890625000000001 0.4359375 0.3140625000000001 0.4359375 0.3140625000000001 0.525 0.3890625000000001 0.525
59 0.38593750000000004 0.3453125 0.3140625 0.3453125 0.3140625 0.4328125 0.3859375000000001 0.4328125
45 0.821875 0.2843750000000001 0.7 0.2843750000000001 0.7 0.3906250000000001 0.821875 0.3906250000000001
35 0.3765625000000001 0.53125 0.3000000000000001 0.53125 0.3000000000000001 0.625 0.3765625000000001 0.625
15 0.4453125 0.5078125 0.3671875000000001 0.5078125 0.3671875000000001 0.5984375 0.4453125 0.5984375
3 0.5875 0.19531250000000006 0.515625 0.19531250000000006 0.515625 0.2765625000000001 0.5875 0.2765625000000001
41 0.7046875 0.24218750000000008 0.63125 0.24218750000000008 0.63125 0.3234375000000001 0.7046875 0.3234375000000001
14 0.2312500000000001 0.6796875 0.1515625000000001 0.6796875 0.1515625000000001 0.7828125 0.2312500000000001 0.7828125
6 0.3984375 0.25781250000000006 0.3265625 0.2578125 0.3265625 0.3375 0.3984375 0.3375000000000001
53 0.3203125000000001 0.3671875 0.2453125000000001 0.3671875 0.2453125000000001 0.4546875 0.3203125000000001 0.4546875
30 0.8953125 0.045312500000000054 5.549180808636444e-18 0.0453125 5.606586127346476e-17 0.8703125 0.8953125 0.8703125
36 0.18437500000000004 0.4109375 0.11093750000000005 0.4109375 0.11093750000000005 0.5015625 0.18437500000000004 0.5015625
49 0.8765625 0.44062500000000016 0.778125 0.44062500000000016 0.778125 0.5500000000000002 0.8765625 0.5500000000000002
38 0.11562500000000005 0.4359375 0.04218750000000006 0.4359375 0.04218750000000006 0.5265625 0.11562500000000005 0.5265625
50 0.0859375000000001 0.7328125 8.974364825001696e-17 0.7328125 9.701498861995437e-17 0.8515625 0.08593750000000011 0.8515625
31 0.18125000000000008 0.50625 0.10625000000000004 0.50625 0.10625000000000007 0.596875 0.18125000000000008 0.596875
27 0.2531250000000001 0.3890625 0.17968750000000006 0.3890625 0.17968750000000006 0.478125 0.2531250000000001 0.478125
43 0.6484375 0.3468750000000001 0.5734375 0.3468750000000001 0.5734375 0.434375 0.6484375 0.434375
57 0.6390625 0.440625 0.5640625 0.440625 0.5640625 0.528125 0.6390625 0.528125
17 0.7671875 0.13437500000000008 0.6984375 0.13437500000000008 0.6984375 0.2156250000000001 0.7671875 0.2156250000000001
33 0.3078125000000001 0.5546875 0.2312500000000001 0.5546875 0.2312500000000001 0.6515625 0.3078125000000001 0.6515625
23 0.51875 0.3921875000000001 0.44375 0.3921875000000001 0.44375 0.4765625 0.51875 0.4765625
54 0.04375000000000006 0.4578125 5.606586127346476e-17 0.4578125 6.180639314446799e-17 0.5515625 0.04375000000000007 0.5515625
40 0.1671875000000001 0.6046875 0.08906250000000007 0.6046875 0.08906250000000007 0.7015625 0.1671875000000001 0.7015625
29 0.2515625000000001 0.4796875 0.17656250000000004 0.4796875 0.17656250000000007 0.5734375 0.2515625000000001 0.5734375
13 0.6671875 0.521875 0.5890625 0.521875 0.5890625 0.615625 0.6671875 0.615625
58 0.703125 0.4140625 0.628125 0.4140625 0.628125 0.5046875 0.703125 0.5046875
19 0.584375 0.3687500000000001 0.509375 0.3687500000000001 0.509375 0.459375 0.584375 0.459375
34 0.09531250000000008 0.63125 0.017187500000000078 0.63125 0.017187500000000085 0.728125 0.09531250000000009 0.728125