52 0.4468750000000002 0.9109375 0.3843750000000001 0.9109375 0.3843750000000001 0.9828125 0.4468750000000002 0.9828125
53 0.446875 0.496875 0.3812500000000001 0.496875 0.3812500000000001 0.540625 0.446875 0.540625
46 0.603125 0.16406250000000006 0.5375 0.16406250000000006 0.5375 0.2578125000000001 0.603125 0.2578125000000001
22 0.53125 0.10156250000000004 0.378125 0.10156250000000004 0.378125 0.17812500000000003 0.53125 0.17812500000000003
9 0.3687500000000001 0.40625 0.3000000000000001 0.40625 0.3000000000000001 0.453125 0.3687500000000001 0.453125
19 0.5265625 0.7171875 0.4609375 0.7171875 0.4609375000000001 0.759375 0.5265625000000002 0.759375
27 0.4453125 0.4375 0.3828125000000001 0.4375 0.3828125000000001 0.4796875 0.4453125 0.4796875
54 0.4453125 0.2578125000000001 0.3796875 0.2578125000000001 0.3796875 0.30156250000000007 0.4453125 0.30156250000000007
55 0.603125 0.6296875 0.5375 0.6296875 0.5375 0.6734375 0.603125 0.6734375
11 0.3609375 0.2265625 0.2984375 0.2265625 0.2984375 0.271875 0.3609375 0.271875
4 0.3671875000000001 0.7046875 0.30156250000000007 0.7046875 0.30156250000000007 0.746875 0.3671875000000001 0.746875
13 0.6843750000000002 0.778125 0.6187500000000001 0.778125 0.6187500000000001 0.8375 0.6843750000000002 0.8375
16 0.6000000000000001 0.6875 0.5375 0.6875 0.5375000000000001 0.73125 0.6000000000000002 0.73125
57 0.6015625000000002 0.7484375 0.5390625000000002 0.7484375 0.5390625000000002 0.790625 0.6015625000000002 0.790625
18 0.603125 0.3937500000000001 0.5375 0.3937500000000001 0.5375 0.4375 0.603125 0.4375
38 0.44375 0.31718750000000007 0.38125 0.31718750000000007 0.38125 0.3609375000000001 0.44375 0.3609375000000001
33 0.603125 0.45 0.5375 0.45 0.5375 0.496875 0.603125 0.496875
32 0.6031250000000001 0.865625 0.5375000000000002 0.865625 0.5375000000000002 0.909375 0.6031250000000001 0.909375
35 0.6015625 0.5109375 0.5390625 0.5109375 0.5390625 0.5546875 0.6015625 0.5546875
10 0.5265625000000002 0.8359375 0.46093750000000017 0.8359375 0.46093750000000017 0.8765625 0.5265625000000002 0.8765625
39 0.4453125 0.19531250000000006 0.3796875 0.19531250000000006 0.3796875 0.2390625000000001 0.4453125 0.2390625000000001
37 0.5265625 0.3031250000000001 0.4609375 0.3031250000000001 0.4609375 0.34843750000000007 0.5265625 0.34843750000000007
56 0.44531250000000017 0.7921875 0.37968750000000007 0.7921875 0.37968750000000007 0.834375 0.44531250000000017 0.834375
24 0.525 0.6 0.459375 0.6 0.459375 0.6421875 0.525 0.6421875
14 0.684375 0.3453125000000001 0.61875 0.3453125000000001 0.61875 0.3921875000000001 0.684375 0.3921875000000001
28 0.525 0.4828125 0.459375 0.4828125 0.459375 0.525 0.525 0.525
1 0.3671875000000001 0.884375 0.30156250000000007 0.884375 0.30156250000000007 0.925 0.3671875000000001 0.925
23 0.525 0.659375 0.459375 0.659375 0.459375 0.7015625 0.525 0.7015625
17 0.3656250000000001 0.94375 0.3031250000000001 0.94375 0.3031250000000001 0.984375 0.3656250000000001 0.984375
30 0.7453125 5.644856339819831e-17 0.1765625 2.1622670047445454e-17 0.17656250000000007 1 0.7453125000000002 1
42 0.446875 0.6734375 0.3843750000000001 0.6734375 0.3843750000000001 0.715625 0.446875 0.715625
3 0.3671875000000001 0.7625 0.30156250000000007 0.7625 0.30156250000000007 0.80625 0.3671875000000001 0.80625
34 0.6015625 0.2718750000000001 0.5390625 0.2718750000000001 0.5390625 0.3187500000000001 0.6015625 0.3187500000000001
15 0.6 0.56875 0.5375 0.56875 0.5375 0.6140625 0.6 0.6140625
49 0.6843750000000002 0.9265625 0.6187500000000001 0.9265625 0.6187500000000001 0.9859375 0.6843750000000002 0.9859375
41 0.44843750000000016 0.85 0.3828125000000001 0.85 0.3828125000000001 0.89375 0.44843750000000016 0.89375
2 0.3671875000000001 0.8234375 0.30156250000000007 0.8234375 0.30156250000000007 0.865625 0.3671875000000001 0.865625
21 0.4468750000000002 0.7328125 0.3843750000000001 0.7328125 0.3843750000000001 0.775 0.4468750000000002 0.775
43 0.5265625000000002 0.7765625 0.46093750000000017 0.7765625 0.46093750000000017 0.81875 0.5265625000000002 0.81875
50 0.6859375 0.2234375000000001 0.6171875 0.2234375000000001 0.6171875 0.2718750000000001 0.6859375 0.2718750000000001
31 0.525 0.3625000000000001 0.459375 0.3625000000000001 0.459375 0.40625 0.525 0.40625
47 0.6890625000000001 0.4015625 0.615625 0.4015625 0.6156250000000001 0.7703125 0.6890625000000001 0.7703125
5 0.3671875000000001 0.6453125 0.30156250000000007 0.6453125 0.30156250000000007 0.6875 0.3671875000000001 0.6875
44 0.6031250000000001 0.925 0.5406250000000001 0.925 0.5406250000000001 0.984375 0.6031250000000001 0.984375
26 0.5265625 0.17968750000000006 0.4578125 0.17968750000000006 0.4578125 0.22656250000000008 0.5265625 0.22656250000000008
25 0.5234375 0.540625 0.4609375 0.540625 0.4609375 0.584375 0.5234375 0.584375
48 0.3671875 0.28593750000000007 0.2984375 0.2859375 0.2984375 0.33593750000000006 0.3671875 0.3359375000000001
0 0.36875 0.3453125 0.3 0.3453125 0.30000000000000004 0.39531250000000007 0.3687500000000001 0.39531250000000007
36 0.4453125 0.3781250000000001 0.37968750000000007 0.3781250000000001 0.37968750000000007 0.421875 0.4453125 0.421875
45 0.5265625000000002 0.89375 0.46093750000000017 0.89375 0.46093750000000017 0.98125 0.5265625000000002 0.98125
58 0.6015625000000002 0.80625 0.5390625000000002 0.80625 0.5390625000000002 0.8484375 0.6015625000000002 0.8484375
59 0.4453125 0.55625 0.3828125000000001 0.55625 0.3828125000000001 0.5984375 0.4453125 0.5984375
6 0.3671875000000001 0.5859375 0.30156250000000007 0.5859375 0.30156250000000007 0.6296875 0.3671875000000001 0.6296875
40 0.6015625 0.3312500000000001 0.5390625 0.3312500000000001 0.5390625 0.3781250000000001 0.6015625 0.3781250000000001
29 0.525 0.4234375 0.459375 0.4234375 0.459375 0.4671875 0.525 0.4671875
20 0.3609375 0.10000000000000005 0.2953125 0.10000000000000005 0.2953125 0.2109375 0.3609375 0.2109375
8 0.3687500000000001 0.4671875 0.3000000000000001 0.4671875 0.3000000000000001 0.5125 0.3687500000000001 0.5125
12 0.5265625 0.24218750000000008 0.4578125 0.24218750000000008 0.4578125 0.2890625000000001 0.5265625 0.2890625000000001
7 0.3687500000000001 0.525 0.3000000000000001 0.525 0.3000000000000001 0.5703125 0.3687500000000001 0.5703125
51 0.4453125 0.615625 0.3828125000000001 0.615625 0.3828125000000001 0.65625 0.4453125 0.65625