19 0.7796875000000002 0.7421875000000001 0.7078125000000002 0.7421875 0.7078125000000002 0.784375 0.7796875000000002 0.7843750000000002
33 0.8640625 0.5109375000000002 0.7921875 0.5109375000000002 0.7921875 0.5546875000000002 0.8640625 0.5546875000000002
12 0.7796875 0.33281250000000007 0.7078125 0.33281250000000007 0.7078125 0.3765625000000001 0.7796875 0.3765625000000001
13 0.9453125 0.7937500000000002 0.875 0.7937500000000002 0.875 0.8484375 0.9453125 0.8484375
37 0.7796875 0.3843750000000001 0.709375 0.3843750000000001 0.709375 0.4281250000000001 0.7796875 0.4281250000000002
11 0.6140625 0.3203125000000001 0.5421875 0.3203125000000001 0.5421875 0.36406250000000007 0.6140625 0.36406250000000007
48 0.6140625 0.3703125000000001 0.5421875 0.3703125000000001 0.5421875 0.4140625 0.6140625 0.4140625
20 0.6109375 0.21875000000000008 0.5421875 0.21875000000000008 0.5421875 0.3109375000000001 0.6109375 0.3109375000000001
41 0.6953125000000002 0.8546875 0.6234375000000002 0.8546875 0.6234375000000002 0.9 0.6953125000000002 0.9
34 0.8609375 0.35625000000000007 0.790625 0.35625000000000007 0.790625 0.4000000000000002 0.8609375 0.4000000000000002
32 0.8609375 0.86875 0.7890625000000002 0.86875 0.7890625000000002 0.9125 0.8609375 0.9125
24 0.7796875 0.6406250000000001 0.7078125 0.640625 0.7078125 0.6812500000000001 0.7796875 0.6812500000000001
56 0.6968750000000001 0.80625 0.6265625000000001 0.80625 0.6265625000000001 0.8484375 0.6968750000000001 0.8484375
39 0.6953125 0.2921875000000001 0.6234375 0.2921875000000001 0.6234375 0.3390625000000001 0.6953125 0.3390625000000001
54 0.6953125 0.3453125000000001 0.6234375 0.3453125000000001 0.6234375 0.3890625000000001 0.6953125 0.3890625000000001
16 0.8609375 0.7140625000000002 0.790625 0.7140625000000002 0.7906250000000001 0.7578125000000002 0.8609375 0.7578125000000002
5 0.6125 0.6765625 0.5421875 0.6765625 0.5421875 0.7203125 0.6125 0.7203125
30 0.984375 8.562960040913134e-17 0.4140625 5.070803152719509e-17 0.4140625000000001 0.99375 0.984375 0.99375
8 0.6140625 0.521875 0.5421875 0.521875 0.5421875 0.56875 0.6140625 0.56875
40 0.8609375 0.4078125000000002 0.790625 0.4078125000000002 0.790625 0.4500000000000002 0.8609375 0.4500000000000002
42 0.6968750000000001 0.703125 0.6265625 0.703125 0.6265625000000001 0.746875 0.6968750000000001 0.746875
27 0.69375 0.4984375 0.625 0.4984375 0.625 0.5390625 0.69375 0.5390625
15 0.8609375 0.6125000000000002 0.7890625 0.6125000000000002 0.7890625 0.6562500000000002 0.8609375 0.6562500000000002
35 0.8609375 0.5609375000000002 0.790625 0.5609375000000002 0.790625 0.6046875000000002 0.8609375 0.6046875000000002
29 0.7796875 0.4859375000000001 0.7078125 0.4859375 0.7078125 0.5296875000000001 0.7796875 0.5296875000000002
46 0.8609375 0.2687500000000001 0.790625 0.2687500000000001 0.790625 0.34843750000000007 0.8609375 0.34843750000000007
0 0.6140625 0.4203125 0.5421875 0.4203125 0.5421875 0.4640625 0.6140625 0.4640625
7 0.6140625 0.575 0.5421875 0.575 0.5421875 0.61875 0.6140625 0.61875
31 0.7796875 0.4359375000000001 0.709375 0.4359375 0.709375 0.4796875000000001 0.7796875 0.47968750000000016
2 0.6125000000000002 0.8296875 0.5421875000000002 0.8296875 0.5421875000000002 0.8734375 0.6125000000000002 0.8734375
23 0.7781250000000001 0.6921875000000001 0.7078125 0.6921875 0.7078125000000001 0.7328125000000001 0.7781250000000002 0.7328125000000002
6 0.615625 0.625 0.540625 0.625 0.540625 0.66875 0.615625 0.66875
26 0.7828125 0.2812500000000001 0.7046875 0.2812500000000001 0.7046875 0.32500000000000007 0.7828125 0.32500000000000007
52 0.6937500000000002 0.9078125 0.6250000000000002 0.9078125 0.6250000000000002 0.9765625 0.6937500000000002 0.9765625
51 0.69375 0.6515625 0.6234375 0.6515625 0.6234375 0.69375 0.69375 0.69375
21 0.6953125000000002 0.7546875 0.6234375000000002 0.7546875 0.6234375000000002 0.796875 0.6953125000000002 0.796875
57 0.8609375 0.7671875000000001 0.7906250000000001 0.7671875000000001 0.7906250000000001 0.809375 0.8609375 0.809375
47 0.9484375 0.47187500000000016 0.8703125 0.47187500000000016 0.8703125 0.7859375000000002 0.9484375 0.7859375000000002
43 0.7796875000000002 0.7937500000000001 0.7078125000000002 0.79375 0.7078125000000002 0.8359375 0.7796875000000002 0.8359375
10 0.7796875000000002 0.8453125 0.7078125000000002 0.8453125 0.7078125000000002 0.8875 0.7796875000000002 0.8875
45 0.7796875000000002 0.896875 0.7078125000000002 0.896875 0.7078125000000002 0.9765625 0.7796875000000002 0.9765625
49 0.946875 0.9203125 0.875 0.9203125 0.875 0.9765625 0.946875 0.9765625
22 0.784375 0.21875000000000008 0.621875 0.21875000000000008 0.621875 0.2875000000000001 0.784375 0.2875000000000001
17 0.6125000000000002 0.934375 0.5421875000000002 0.934375 0.5421875000000002 0.9765625 0.6125000000000002 0.9765625
28 0.7796875 0.5375000000000001 0.7078125 0.5375 0.7078125 0.5796875000000001 0.7796875 0.5796875000000001
53 0.6953125 0.5484375 0.6234375 0.5484375 0.6234375 0.5921875 0.6953125 0.5921875
55 0.8609375 0.6640625000000002 0.790625 0.6640625000000002 0.790625 0.7078125000000002 0.8609375 0.7078125000000002
4 0.6125000000000002 0.728125 0.5421875000000002 0.728125 0.5421875000000002 0.7703125 0.6125000000000002 0.7703125
3 0.6125000000000002 0.778125 0.5421875000000002 0.778125 0.5421875000000002 0.821875 0.6125000000000002 0.821875
58 0.8609375 0.8171875 0.7906250000000001 0.8171875 0.7906250000000001 0.859375 0.8609375 0.859375
50 0.946875 0.3187500000000001 0.875 0.3187500000000001 0.875 0.3625000000000001 0.946875 0.3625000000000001
1 0.6125000000000002 0.8828125 0.5421875000000002 0.8828125 0.5421875000000002 0.925 0.6125000000000002 0.925
59 0.69375 0.6 0.6234375 0.6 0.6234375 0.6421875 0.69375 0.6421875
44 0.8609375 0.9203125 0.7906250000000001 0.9203125 0.7906250000000001 0.9765625 0.8609375 0.9765625
36 0.696875 0.446875 0.6265625 0.446875 0.6265625 0.490625 0.696875 0.490625
38 0.69375 0.39531250000000007 0.6234375 0.39531250000000007 0.6234375 0.4390625 0.69375 0.4390625
14 0.946875 0.42187500000000017 0.875 0.42187500000000017 0.875 0.4656250000000002 0.946875 0.4656250000000002
9 0.6140625 0.471875 0.5421875 0.471875 0.5421875 0.515625 0.6140625 0.515625
18 0.8609375 0.4578125000000002 0.790625 0.4578125000000002 0.790625 0.5015625000000001 0.8609375 0.5015625000000001
25 0.7796875 0.5875000000000001 0.7078125 0.5875 0.7078125 0.6312500000000001 0.7796875 0.6312500000000002