19 0.7750000000000001 0.6875000000000002 0.734375 0.6875000000000002 0.7343750000000001 0.7593750000000001 0.7750000000000001 0.7593750000000001
33 0.5500000000000002 0.76875 0.5062500000000002 0.76875 0.5062500000000002 0.840625 0.5500000000000002 0.840625
12 0.3765625000000001 0.6875 0.3343750000000001 0.6875 0.3343750000000001 0.759375 0.3765625000000001 0.759375
13 0.8375 0.8515625 0.7843750000000002 0.8515625 0.7843750000000002 0.9203125 0.8375 0.9203125
37 0.42656250000000007 0.690625 0.3843750000000001 0.690625 0.3843750000000001 0.759375 0.4265625000000002 0.759375
11 0.36406250000000007 0.5265625 0.3218750000000001 0.5265625 0.3218750000000001 0.5984375 0.36406250000000007 0.5984375
48 0.4125 0.5265625 0.3687500000000001 0.5265625 0.3687500000000001 0.5984375 0.4125 0.5984375
20 0.3125000000000001 0.5265625 0.2218750000000001 0.5265625 0.2218750000000001 0.59375 0.3125000000000001 0.59375
41 0.8890625 0.6062500000000002 0.8453125 0.6062500000000002 0.8453125 0.6781250000000002 0.8890625 0.6781250000000002
34 0.4000000000000002 0.7703125 0.3578125000000001 0.7703125 0.3578125000000001 0.8390625 0.4000000000000002 0.8390625
32 0.9015625 0.7671875000000001 0.8578125 0.7671875000000001 0.8578125 0.8390625 0.9015625 0.8390625
24 0.675 0.6875 0.634375 0.6875 0.6343750000000001 0.759375 0.6750000000000002 0.759375
56 0.8375 0.6078125000000002 0.796875 0.6078125000000002 0.796875 0.6765625000000002 0.8375 0.6765625000000002
39 0.3390625000000001 0.60625 0.29375000000000007 0.60625 0.29375000000000007 0.678125 0.3390625000000001 0.678125
54 0.38750000000000007 0.60625 0.3453125000000001 0.60625 0.3453125000000001 0.678125 0.38750000000000007 0.678125
16 0.7484375000000002 0.7703125000000001 0.7062500000000002 0.7703125 0.7062500000000002 0.8390625 0.7484375000000002 0.8390625
5 0.7140625 0.5265625 0.671875 0.5265625 0.671875 0.5953125 0.7140625 0.5953125
30 0.98125 0.4000000000000001 4.898587196589413e-17 0.4 8.314203659836328e-17 0.9578125 0.98125 0.9578125
8 0.5640625 0.5265625 0.51875 0.5265625 0.51875 0.5984375 0.5640625 0.5984375
40 0.44843750000000016 0.7703125 0.4078125000000002 0.7703125 0.4078125000000002 0.8390625 0.44843750000000016 0.8390625
42 0.7390625 0.6078125000000001 0.696875 0.6078125 0.696875 0.6765625000000001 0.7390625 0.6765625000000002
27 0.5359375 0.6078125 0.4953125 0.6078125 0.4953125 0.675 0.5359375 0.675
15 0.6500000000000001 0.7671875 0.6078125000000002 0.7671875 0.6078125000000002 0.8390625 0.6500000000000001 0.8390625
35 0.6000000000000002 0.7703125 0.5578125000000002 0.7703125 0.5578125000000002 0.8390625 0.6000000000000002 0.8390625
29 0.5265625 0.6875 0.4828125 0.6875 0.4828125000000001 0.759375 0.5265625000000002 0.759375
46 0.3500000000000001 0.7703125 0.2718750000000001 0.7703125 0.2718750000000001 0.8390625 0.3500000000000001 0.8390625
0 0.4625 0.5265625 0.4203125 0.5265625 0.4203125 0.5984375 0.4625 0.5984375
7 0.6125 0.5265625 0.5703125 0.5265625 0.5703125 0.5984375 0.6125 0.5984375
31 0.4765625000000001 0.690625 0.434375 0.690625 0.43437500000000007 0.759375 0.47656250000000017 0.759375
2 0.8625 0.5265625000000002 0.8203125 0.5265625000000002 0.8203125 0.5953125000000001 0.8625 0.5953125000000001
23 0.7250000000000001 0.6875 0.684375 0.6875 0.6843750000000001 0.75625 0.7250000000000002 0.75625
6 0.6625 0.5234375 0.61875 0.5234375 0.61875 0.596875 0.6625 0.596875
26 0.3265625000000001 0.6859375 0.2828125000000001 0.6859375 0.2828125000000001 0.7609375 0.3265625000000001 0.7609375
52 0.9625 0.6078125000000002 0.8953125 0.6078125000000002 0.8953125 0.6750000000000002 0.9625 0.6750000000000002
51 0.6859375 0.60625 0.6453125 0.60625 0.6453125 0.675 0.6859375 0.675
21 0.7875 0.6062500000000002 0.746875 0.6062500000000002 0.746875 0.6781250000000002 0.7875 0.6781250000000002
57 0.7984375000000001 0.7703125000000002 0.7578125000000002 0.7703125000000002 0.7578125000000002 0.8390625 0.7984375000000001 0.8390625
47 0.7781250000000002 0.846875 0.4703125000000002 0.846875 0.4703125000000002 0.921875 0.7781250000000002 0.921875
43 0.825 0.6875000000000002 0.784375 0.6875000000000002 0.784375 0.7593750000000001 0.825 0.7593750000000001
10 0.8765625 0.6875000000000002 0.8359375 0.6875000000000002 0.8359375 0.7593750000000001 0.8765625 0.7593750000000001
45 0.9640625 0.6875000000000002 0.8859375 0.6875000000000002 0.8859375 0.7593750000000001 0.9640625 0.7593750000000001
49 0.9640625 0.8515625 0.9078125 0.8515625 0.9078125 0.9234375 0.9640625 0.9234375
22 0.2890625000000001 0.603125 0.2218750000000001 0.603125 0.2218750000000001 0.7625 0.2890625000000001 0.7625
17 0.9625 0.5265625000000002 0.921875 0.5265625000000002 0.921875 0.5953125000000001 0.9625 0.5953125000000001
28 0.5750000000000001 0.6875 0.534375 0.6875 0.534375 0.759375 0.5750000000000002 0.759375
53 0.5875 0.60625 0.5453125 0.60625 0.5453125 0.678125 0.5875 0.678125
55 0.7000000000000002 0.7703125 0.6578125000000001 0.7703125 0.6578125000000001 0.8390625 0.7000000000000002 0.8390625
4 0.7625 0.5265625 0.721875 0.5265625 0.721875 0.5953125000000001 0.7625 0.5953125000000001
3 0.8125 0.5265625000000002 0.7703125 0.5265625000000002 0.7703125 0.5953125000000001 0.8125 0.5953125000000001
58 0.85 0.7703125000000002 0.809375 0.7703125000000002 0.809375 0.8390625 0.85 0.8390625
50 0.3625000000000001 0.8515625 0.3187500000000001 0.8515625 0.3187500000000001 0.9234375 0.3625000000000001 0.9234375
1 0.9125 0.5265625000000002 0.871875 0.5265625000000002 0.871875 0.5953125000000001 0.9125 0.5953125000000001
59 0.6359375 0.60625 0.5953125 0.60625 0.5953125 0.675 0.6359375 0.675
44 0.9640625 0.7703125000000002 0.9078125 0.7703125000000002 0.9078125 0.8390625 0.9640625 0.8390625
36 0.4890625 0.6078125 0.446875 0.6078125 0.446875 0.6765625 0.4890625 0.6765625
38 0.4375 0.60625 0.39531250000000007 0.60625 0.39531250000000007 0.675 0.4375 0.675
14 0.46406250000000016 0.8515625 0.42187500000000017 0.8515625 0.42187500000000017 0.9234375 0.46406250000000016 0.9234375
9 0.5125 0.5265625 0.4703125 0.5265625 0.4703125 0.5984375 0.5125 0.5984375
18 0.4984375000000002 0.7703125 0.45625000000000016 0.7703125 0.45625000000000016 0.8390625 0.4984375000000002 0.8390625
25 0.6265625000000001 0.6875 0.584375 0.6875 0.5843750000000001 0.759375 0.6265625000000001 0.759375