18 0.2718750000000001 0.4921875 0.2312500000000001 0.4921875 0.2312500000000001 0.51875 0.2718750000000001 0.51875
42 0.3546875 0.328125 0.3171875 0.328125 0.3171875 0.3546875 0.3546875 0.3546875
27 0.3625000000000001 0.465625 0.32500000000000007 0.465625 0.32500000000000007 0.490625 0.3625000000000001 0.490625
50 0.2328125000000001 0.653125 0.17968750000000008 0.653125 0.17968750000000008 0.69375 0.2328125000000001 0.69375
7 0.403125 0.4140625 0.3656250000000001 0.4140625 0.3656250000000001 0.440625 0.403125 0.440625
16 0.2625 0.3171875 0.2234375 0.3171875 0.2234375 0.3453125 0.2625 0.3453125
55 0.26406250000000003 0.3515625 0.225 0.3515625 0.22500000000000003 0.3796875 0.2640625000000001 0.3796875
9 0.4078125 0.48125 0.3687500000000001 0.48125 0.3687500000000001 0.5078125 0.4078125 0.5078125
1 0.39375 0.21093750000000006 0.35625 0.2109375 0.35625 0.23750000000000004 0.39375 0.2375000000000001
31 0.3187500000000001 0.5078125 0.2812500000000001 0.5078125 0.2812500000000001 0.534375 0.3187500000000001 0.534375
34 0.2750000000000001 0.5625 0.23437500000000008 0.5625 0.23437500000000008 0.5890625 0.2750000000000001 0.5890625
54 0.3671875000000001 0.5671875 0.3296875000000001 0.5671875 0.3296875000000001 0.59375 0.3671875000000001 0.59375
11 0.4125 0.58125 0.3750000000000001 0.58125 0.3750000000000001 0.6078125 0.4125 0.6078125
30 0.4796875000000001 0.15000000000000002 0.1109375 0.15 0.11093750000000006 0.971875 0.47968750000000016 0.971875
6 0.4015625 0.37968750000000007 0.36406250000000007 0.37968750000000007 0.36406250000000007 0.40625 0.4015625 0.40625
20 0.415625 0.615625 0.3781250000000001 0.615625 0.3781250000000001 0.675 0.415625 0.675
57 0.2609375 0.28125 0.221875 0.28125 0.221875 0.309375 0.2609375 0.309375
48 0.4109375 0.546875 0.3734375000000001 0.546875 0.3734375000000001 0.5734375 0.4109375 0.5734375
21 0.353125 0.29375 0.315625 0.29375 0.315625 0.3203125 0.353125 0.3203125
12 0.3234375000000001 0.5765625 0.2828125000000001 0.5765625 0.2828125000000001 0.6046875 0.3234375000000001 0.6046875
5 0.4015625 0.34687500000000004 0.3625 0.346875 0.36250000000000004 0.37343750000000003 0.4015625 0.3734375000000001
47 0.22187500000000004 0.296875 0.14218750000000005 0.296875 0.14218750000000005 0.5125 0.2218750000000001 0.5125
49 0.209375 0.16250000000000003 0.159375 0.1625 0.15937500000000002 0.203125 0.209375 0.203125
25 0.3140625000000001 0.40625 0.2765625000000001 0.40625 0.2765625000000001 0.43125 0.3140625000000001 0.43125
13 0.2125 0.2515625 0.15000000000000005 0.2515625 0.15000000000000005 0.290625 0.2125 0.290625
59 0.3593750000000001 0.396875 0.3218750000000001 0.396875 0.3218750000000001 0.4234375 0.3593750000000001 0.4234375
19 0.3078125 0.3015625 0.2703125 0.3015625 0.2703125 0.3265625 0.3078125 0.3265625
0 0.409375 0.5140625 0.37187500000000007 0.5140625 0.37187500000000007 0.5390625 0.409375 0.5390625
43 0.30625 0.265625 0.26875 0.265625 0.26875 0.2921875 0.30625 0.2921875
58 0.2578125 0.246875 0.2203125 0.246875 0.2203125 0.2734375 0.2578125 0.2734375
39 0.3687500000000001 0.6 0.3296875000000001 0.6 0.3296875000000001 0.6265625 0.3687500000000001 0.6265625
38 0.3656250000000001 0.5328125 0.3281250000000001 0.5328125 0.3281250000000001 0.559375 0.3656250000000001 0.559375
32 0.2578125 0.2109375 0.2171875 0.2109375 0.2171875 0.2375 0.2578125 0.2375
3 0.396875 0.27812500000000007 0.359375 0.278125 0.359375 0.30468750000000006 0.396875 0.3046875000000001
40 0.2734375000000001 0.528125 0.23437500000000008 0.528125 0.23437500000000008 0.5546875 0.2734375000000001 0.5546875
4 0.4 0.31250000000000006 0.3609375 0.3125 0.3609375 0.33906250000000004 0.4 0.3390625000000001
35 0.2671875000000001 0.4234375 0.2296875000000001 0.4234375 0.2296875000000001 0.45 0.2671875000000001 0.45
10 0.3046875 0.23125 0.2671875 0.23125 0.2671875 0.2578125 0.3046875 0.2578125
14 0.2250000000000001 0.51875 0.15468750000000003 0.51875 0.15468750000000006 0.5578125 0.2250000000000001 0.5578125
8 0.4046875 0.4484375 0.3671875000000001 0.4484375 0.3671875000000001 0.4734375 0.4046875 0.4734375
33 0.27031250000000007 0.4578125 0.2296875000000001 0.4578125 0.2296875000000001 0.484375 0.27031250000000007 0.484375
24 0.3125000000000001 0.3703125 0.2750000000000001 0.3703125 0.2750000000000001 0.396875 0.3125000000000001 0.396875
26 0.3234375000000001 0.6125 0.2843750000000001 0.6125 0.2843750000000001 0.6390625 0.3234375000000001 0.6390625
53 0.3609375000000001 0.43125 0.3234375000000001 0.43125 0.3234375000000001 0.45625 0.3609375000000001 0.45625
52 0.346875 0.17500000000000004 0.309375 0.17500000000000004 0.309375 0.21875 0.346875 0.21875
44 0.25625 0.16562500000000005 0.215625 0.16562500000000005 0.215625 0.203125 0.25625 0.203125
37 0.3218750000000001 0.54375 0.2812500000000001 0.54375 0.2812500000000001 0.5703125 0.3218750000000001 0.5703125
17 0.39375 0.17656250000000004 0.35625 0.17656250000000004 0.35625 0.20312500000000006 0.39375 0.20312500000000008
56 0.3515625 0.2609375 0.3140625 0.2609375 0.3140625 0.2859375 0.3515625 0.2859375
41 0.35 0.225 0.3125 0.225 0.3125 0.2515625 0.35 0.2515625
51 0.35625000000000007 0.3640625 0.3187500000000001 0.3640625 0.3187500000000001 0.3890625 0.35625000000000007 0.3890625
29 0.31718750000000007 0.475 0.2796875000000001 0.475 0.2796875000000001 0.5 0.31718750000000007 0.5
2 0.3953125 0.24531250000000004 0.3578125 0.2453125 0.3578125 0.27187500000000003 0.3953125 0.2718750000000001
28 0.3156250000000001 0.440625 0.27812500000000007 0.440625 0.27812500000000007 0.465625 0.3156250000000001 0.465625
22 0.37187500000000007 0.6359375 0.2843750000000001 0.6359375 0.2843750000000001 0.6828125 0.37187500000000007 0.6828125
46 0.2765625000000001 0.5984375 0.2375000000000001 0.5984375 0.2375000000000001 0.6875 0.2765625000000001 0.6875
45 0.3015625 0.17031250000000003 0.2640625 0.17031250000000003 0.2640625 0.2171875 0.3015625 0.2171875
15 0.2671875000000001 0.3859375 0.22656250000000008 0.3859375 0.22656250000000008 0.4140625 0.2671875000000001 0.4140625
36 0.36406250000000007 0.5 0.3265625000000001 0.5 0.3265625000000001 0.5265625 0.36406250000000007 0.5265625
23 0.309375 0.3359375 0.2703125 0.3359375 0.2703125 0.3625 0.309375 0.3625