53 0.5109375 0.3687500000000001 0.4453125 0.3687500000000001 0.4453125 0.521875 0.5109375 0.521875
14 0.38750000000000007 0.875 0.3000000000000001 0.875 0.3000000000000001 1 0.38750000000000007 1
16 0.7515625000000001 0.7093750000000001 0.6859375 0.709375 0.6859375000000001 0.8625 0.7515625000000001 0.8625
41 0.953125 0.3843750000000001 0.8859375 0.3843750000000001 0.8859375 0.5343750000000002 0.953125 0.5343750000000002
23 0.715625 0.5421875 0.65 0.5421875 0.65 0.6921875 0.715625 0.6921875
45 1 0.5500000000000002 0.940625 0.5500000000000002 0.940625 0.7000000000000002 1 0.7000000000000002
30 1 6.123233995736766e-17 0 0 6.123233995736766e-17 1 1 1
10 0.934375 0.5500000000000002 0.8703125 0.5500000000000002 0.8703125 0.7000000000000002 0.934375 0.7000000000000002
57 0.825 0.7125000000000001 0.759375 0.7125000000000001 0.7593750000000001 0.8625 0.825 0.8625
38 0.28750000000000003 0.3609375 0.21875 0.3609375 0.21875000000000006 0.5171875 0.2875000000000001 0.5171875
1 0.9890625 0.2218750000000001 0.9234375 0.2218750000000001 0.9234375 0.3671875000000001 0.9890625 0.3671875000000001
54 0.21250000000000005 0.3578125 0.14062500000000006 0.3578125 0.14062500000000006 0.5171875 0.21250000000000008 0.5171875
59 0.5859375 0.37187500000000007 0.5203125 0.37187500000000007 0.5203125 0.525 0.5859375 0.525
29 0.41875 0.5328125 0.3500000000000001 0.5328125 0.3500000000000001 0.6890625 0.41875 0.6890625
56 0.8796875 0.37968750000000007 0.8140625 0.37968750000000007 0.8140625 0.5328125000000001 0.8796875 0.5328125000000001
31 0.3421875000000001 0.5328125 0.2734375000000001 0.5328125 0.2734375000000001 0.6859375 0.3421875000000001 0.6859375
36 0.3625000000000001 0.365625 0.29375000000000007 0.365625 0.29375000000000007 0.51875 0.3625000000000001 0.51875
25 0.5671875 0.5375 0.5 0.5375 0.5 0.690625 0.5671875 0.690625
46 0.1515625000000001 0.696875 8.534257381558118e-17 0.696875 9.491012693391986e-17 0.853125 0.1515625000000001 0.853125
11 0.17343750000000005 0.1890625 0.10468750000000004 0.1890625 0.10468750000000004 0.3421875 0.17343750000000005 0.3421875
28 0.49375 0.534375 0.425 0.534375 0.425 0.6875 0.49375 0.6875
51 0.659375 0.37187500000000007 0.5953125 0.37187500000000007 0.5953125 0.525 0.659375 0.525
27 0.4375 0.3656250000000001 0.3703125000000001 0.3656250000000001 0.3703125000000001 0.51875 0.4375 0.51875
17 1 0.22656250000000008 0.96875 0.22656250000000008 0.96875 0.3734375000000001 1 0.3734375000000001
7 0.55 0.20468750000000008 0.484375 0.20468750000000008 0.484375 0.3578125000000001 0.55 0.3578125000000001
43 0.8609375 0.5468750000000002 0.7953125 0.5468750000000002 0.7953125 0.6968750000000001 0.8609375 0.6968750000000001
6 0.6234375 0.2078125000000001 0.5578125 0.2078125000000001 0.5578125 0.3578125000000001 0.6234375 0.3578125000000001
0 0.3265625 0.19531250000000006 0.2578125 0.19531250000000006 0.2578125 0.3484375 0.3265625 0.3484375
19 0.7890625 0.5453125000000001 0.721875 0.5453125 0.721875 0.6953125000000001 0.7890625 0.6953125000000002
24 0.6421875 0.5390625 0.5765625 0.5390625 0.5765625 0.6921875 0.6421875 0.6921875
34 0.2296875000000001 0.7015625 0.15781250000000008 0.7015625 0.15781250000000008 0.8546875 0.2296875000000001 0.8546875
32 0.9703125 0.7125000000000001 0.9046875 0.7125000000000001 0.9046875 0.865625 0.9703125 0.865625
4 0.7703125 0.21250000000000008 0.7046875 0.21250000000000008 0.7046875 0.3625000000000001 0.7703125 0.3625000000000001
9 0.4015625 0.19687500000000005 0.3328125 0.19687500000000005 0.3328125 0.353125 0.4015625 0.3531250000000001
12 0.19062500000000007 0.53125 0.12187500000000004 0.53125 0.12187500000000007 0.684375 0.1906250000000001 0.684375
33 0.4562500000000001 0.703125 0.38750000000000007 0.703125 0.38750000000000007 0.859375 0.45625000000000016 0.859375
42 0.734375 0.3781250000000001 0.6671875 0.3781250000000001 0.6671875 0.5281250000000001 0.734375 0.5281250000000002
13 0.84375 0.878125 0.7578125000000002 0.878125 0.7578125000000002 1 0.84375 1
18 0.37968750000000007 0.703125 0.3109375000000001 0.703125 0.3109375000000001 0.85625 0.37968750000000007 0.85625
15 0.6046875 0.70625 0.5359375 0.70625 0.5359375000000001 0.859375 0.6046875000000002 0.859375
35 0.5312500000000001 0.7046875 0.4625 0.7046875 0.4625000000000001 0.8578125 0.5312500000000002 0.8578125
49 1 0.878125 0.96875 0.878125 0.96875 1 1 1
47 0.7531250000000002 0.871875 0.3921875000000001 0.871875 0.3921875000000001 1 0.7531250000000002 1
20 0.09531250000000004 0.1875 2.2962127484012874e-17 0.1875 3.23383295399848e-17 0.340625 0.09531250000000005 0.340625
3 0.84375 0.2171875000000001 0.778125 0.2171875000000001 0.778125 0.3671875000000001 0.84375 0.3671875000000001
26 0.11406250000000007 0.5296875 0.06562500000000007 0.5296875 0.06562500000000007 0.6828125 0.1140625000000001 0.6828125
21 0.80625 0.3781250000000001 0.740625 0.3781250000000001 0.740625 0.5312500000000002 0.80625 0.5312500000000002
2 0.915625 0.21875000000000008 0.85 0.21875000000000008 0.85 0.3656250000000001 0.915625 0.3656250000000001
55 0.6765625000000001 0.7046875 0.6109375 0.7046875 0.6109375000000001 0.8609375 0.6765625000000002 0.8609375
8 0.475 0.20312500000000008 0.409375 0.20312500000000008 0.409375 0.3531250000000001 0.475 0.3531250000000001
39 0.13437500000000005 0.35625 0.08437500000000005 0.35625 0.08437500000000006 0.5125 0.13437500000000005 0.5125
37 0.2671875000000001 0.5328125 0.19843750000000004 0.5328125 0.19843750000000007 0.6859375 0.2671875000000001 0.6859375
44 1 0.7156250000000002 0.959375 0.7156250000000002 0.959375 0.86875 1 0.86875
22 0.07656250000000006 0.353125 4.324534009489091e-17 0.353125 6.352855270576895e-17 0.684375 0.07656250000000009 0.684375
58 0.896875 0.7125000000000001 0.83125 0.7125000000000001 0.83125 0.865625 0.896875 0.865625
52 1 0.3859375000000001 0.95 0.3859375000000001 0.95 0.5359375000000002 1 0.5359375000000002
5 0.6984375 0.2093750000000001 0.6328125 0.2093750000000001 0.6328125 0.3593750000000001 0.6984375 0.3593750000000001
40 0.3046875000000001 0.703125 0.23593750000000008 0.703125 0.23593750000000008 0.853125 0.3046875000000001 0.853125
48 0.25 0.1921875 0.18125000000000005 0.1921875 0.18125000000000005 0.3453125 0.25 0.3453125