18 0.553125 0.446875 0.515625 0.446875 0.515625 0.475 0.553125 0.475
53 0.471875 0.3906250000000001 0.434375 0.3906250000000001 0.434375 0.41875 0.471875 0.41875
26 0.509375 0.5546875 0.471875 0.5546875 0.471875 0.5828125 0.509375 0.5828125
41 0.4796875 0.20312500000000008 0.4421875 0.20312500000000008 0.4421875 0.2312500000000001 0.4796875 0.2312500000000001
22 0.5109375 0.578125 0.4296875 0.578125 0.4296875 0.63125 0.5109375 0.63125
24 0.515625 0.3359375000000001 0.478125 0.3359375000000001 0.478125 0.36406250000000007 0.515625 0.36406250000000007
28 0.5140625 0.3984375000000001 0.4765625 0.3984375000000001 0.4765625 0.4265625 0.5140625 0.4265625
7 0.43125 0.3750000000000001 0.3937500000000001 0.3750000000000001 0.3937500000000001 0.4015625 0.43125 0.4015625
57 0.559375 0.2593750000000001 0.521875 0.2593750000000001 0.521875 0.2875000000000001 0.559375 0.2875000000000001
2 0.4375 0.21875000000000008 0.4 0.21875000000000008 0.4 0.2468750000000001 0.4375 0.2468750000000001
20 0.4234375 0.5609375 0.3859375000000001 0.5609375 0.3859375000000001 0.628125 0.4234375 0.628125
9 0.4296875 0.4359375 0.3921875000000001 0.4359375 0.3921875000000001 0.4640625 0.4296875 0.4640625
0 0.428125 0.4671875 0.3906250000000001 0.4671875 0.3906250000000001 0.4953125 0.428125 0.4953125
56 0.478125 0.23437500000000008 0.440625 0.23437500000000008 0.440625 0.26250000000000007 0.478125 0.26250000000000007
11 0.425 0.5296875 0.38750000000000007 0.5296875 0.38750000000000007 0.5578125 0.425 0.5578125
49 0.615625 0.15781250000000008 0.565625 0.15781250000000008 0.565625 0.19531250000000008 0.615625 0.19531250000000008
36 0.4703125 0.453125 0.4328125 0.453125 0.4328125 0.48125 0.4703125 0.48125
50 0.603125 0.571875 0.553125 0.571875 0.553125 0.634375 0.603125 0.634375
34 0.5515625 0.5078125 0.5140625 0.5078125 0.5140625 0.5359375 0.5515625 0.5359375
1 0.4359375 0.18906250000000005 0.4015625 0.18906250000000005 0.4015625 0.2171875000000001 0.4359375 0.2171875000000001
15 0.55625 0.3531250000000001 0.51875 0.3531250000000001 0.51875 0.3812500000000001 0.55625 0.3812500000000001
19 0.5171875 0.2750000000000001 0.4796875 0.2750000000000001 0.4796875 0.3031250000000001 0.5171875 0.3031250000000001
45 0.5203125 0.15781250000000005 0.4828125 0.15781250000000005 0.4828125 0.2093750000000001 0.5203125 0.2093750000000001
4 0.4359375 0.2812500000000001 0.3984375 0.2812500000000001 0.3984375 0.30937500000000007 0.4359375 0.30937500000000007
25 0.5140625 0.3671875000000001 0.4765625 0.3671875000000001 0.4765625 0.39531250000000007 0.5140625 0.39531250000000007
38 0.4703125 0.484375 0.4328125 0.484375 0.4328125 0.5125 0.4703125 0.5125
58 0.5609375 0.22812500000000008 0.5234375 0.22812500000000008 0.5234375 0.2562500000000001 0.5609375 0.2562500000000001
42 0.475 0.2968750000000001 0.4375 0.2968750000000001 0.4375 0.32500000000000007 0.475 0.32500000000000007
48 0.428125 0.4984375 0.3906250000000001 0.4984375 0.3906250000000001 0.5265625 0.428125 0.5265625
10 0.5203125 0.21093750000000008 0.4828125 0.21093750000000008 0.4828125 0.2390625000000001 0.5203125 0.2390625000000001
35 0.55625 0.3843750000000001 0.51875 0.3843750000000001 0.51875 0.4125 0.55625 0.4125
44 0.565625 0.15937500000000007 0.5265625 0.15937500000000004 0.5265625 0.22812500000000008 0.565625 0.22812500000000008
12 0.509375 0.5234375 0.471875 0.5234375 0.471875 0.5515625 0.509375 0.5515625
54 0.46875 0.5140625 0.43125 0.5140625 0.43125 0.5421875 0.46875 0.5421875
6 0.4328125 0.3437500000000001 0.3953125 0.3437500000000001 0.39531250000000007 0.37187500000000007 0.4328125 0.37187500000000007
13 0.6125 0.2593750000000001 0.5640625 0.2593750000000001 0.5640625 0.2953125000000001 0.6125 0.2953125000000001
52 0.4796875 0.15625000000000006 0.4421875 0.15625000000000006 0.4421875 0.2000000000000001 0.4796875 0.2000000000000001
51 0.475 0.3296875000000001 0.4375 0.3296875000000001 0.4375 0.35625000000000007 0.475 0.35625000000000007
33 0.5546875 0.4140625 0.5171875 0.4140625 0.5171875 0.4421875 0.5546875 0.4421875
30 0.6343750000000001 0.14687500000000006 0.334375 0.14687500000000003 0.33437500000000003 0.8875 0.6343750000000001 0.8875
31 0.5125 0.4609375 0.475 0.4609375 0.475 0.4875 0.5125 0.4875
39 0.4671875 0.5453125 0.4296875 0.5453125 0.4296875 0.5734375 0.4671875 0.5734375
3 0.434375 0.2500000000000001 0.4 0.2500000000000001 0.4 0.27812500000000007 0.434375 0.27812500000000007
27 0.471875 0.421875 0.434375 0.421875 0.434375 0.4484375 0.471875 0.4484375
8 0.43125 0.4046875 0.3937500000000001 0.4046875 0.3937500000000001 0.4328125 0.43125 0.4328125
40 0.553125 0.4765625 0.515625 0.4765625 0.515625 0.5046875 0.553125 0.5046875
16 0.5578125 0.2906250000000001 0.5203125 0.2906250000000001 0.5203125 0.3187500000000001 0.5578125 0.3187500000000001
5 0.4328125 0.3125000000000001 0.3953125 0.3125000000000001 0.3953125 0.34062500000000007 0.4328125 0.34062500000000007
59 0.4734375 0.3593750000000001 0.4359375 0.3593750000000001 0.4359375 0.38750000000000007 0.4734375 0.38750000000000007
23 0.5171875 0.3062500000000001 0.4796875 0.3062500000000001 0.4796875 0.3343750000000001 0.5171875 0.3343750000000001
43 0.51875 0.24218750000000008 0.48125 0.24218750000000008 0.48125 0.27031250000000007 0.51875 0.27031250000000007
21 0.4765625 0.2656250000000001 0.4390625 0.2656250000000001 0.4390625 0.29375000000000007 0.4765625 0.29375000000000007
29 0.5125 0.4296875 0.475 0.4296875 0.475 0.4578125 0.5125 0.4578125
17 0.4375 0.15625000000000006 0.403125 0.15625000000000006 0.403125 0.18437500000000004 0.4375 0.18437500000000004
46 0.55 0.540625 0.5125 0.540625 0.5125 0.63125 0.55 0.63125
55 0.5578125 0.3218750000000001 0.5203125 0.3218750000000001 0.5203125 0.3500000000000001 0.5578125 0.3500000000000001
47 0.609375 0.2984375000000001 0.559375 0.2984375000000001 0.559375 0.4671875 0.609375 0.4671875
37 0.5109375 0.4921875 0.4734375 0.4921875 0.4734375 0.5203125 0.5109375 0.5203125
14 0.60625 0.471875 0.559375 0.471875 0.559375 0.5 0.60625 0.5