23 0.6625000000000002 0.790625 0.6156250000000002 0.790625 0.6156250000000002 0.821875 0.6625000000000002 0.821875
1 0.5437500000000002 0.959375 0.4968750000000002 0.959375 0.4968750000000002 0.9921875 0.5437500000000002 0.9921875
33 0.7234375 0.6296875 0.6734375 0.6296875 0.6734375 0.6640625 0.7234375 0.6640625
9 0.54375 0.5953125 0.496875 0.5953125 0.496875 0.628125 0.54375 0.628125
55 0.7234375000000002 0.76875 0.6765625000000002 0.76875 0.6765625000000002 0.8015625 0.7234375000000002 0.8015625
57 0.7265625000000002 0.8609375 0.6765625000000002 0.8609375 0.6765625000000002 0.89375 0.7265625000000002 0.89375
3 0.5437500000000002 0.865625 0.4968750000000002 0.865625 0.4968750000000002 0.8984375 0.5437500000000002 0.8984375
50 0.784375 0.36406250000000007 0.734375 0.36406250000000007 0.734375 0.4109375000000002 0.784375 0.4109375000000002
52 0.6062500000000002 0.984375 0.5562500000000001 0.984375 0.5562500000000001 1 0.6062500000000002 1
32 0.7265625000000002 0.953125 0.6765625000000002 0.953125 0.6765625000000002 0.9859375 0.7265625000000002 0.9859375
54 0.603125 0.4828125 0.553125 0.4828125 0.553125 0.515625 0.603125 0.515625
56 0.6046875000000002 0.8921875 0.5546875000000002 0.8921875 0.5546875000000002 0.925 0.6046875000000002 0.925
26 0.6625 0.425 0.6125 0.425 0.6125 0.459375 0.6625 0.459375
5 0.5421875000000002 0.775 0.49531250000000016 0.775 0.49531250000000016 0.8078125 0.5421875000000002 0.8078125
39 0.6015625 0.4390625 0.5546875 0.4390625 0.5546875 0.4703125 0.6015625 0.4703125
41 0.6046875000000002 0.9375 0.5546875000000002 0.9375 0.5546875000000002 0.971875 0.6046875000000002 0.971875
43 0.6640625000000002 0.88125 0.6140625000000002 0.88125 0.6140625000000002 0.9140625 0.6640625000000002 0.9140625
38 0.603125 0.5296875 0.553125 0.5296875 0.553125 0.5609375 0.603125 0.5609375
14 0.8 0.5390625000000002 0.7359375 0.5390625000000002 0.7359375 0.5843750000000002 0.8 0.5843750000000002
31 0.6625 0.5625 0.6125 0.5625 0.6125 0.59375 0.6625 0.59375
59 0.6031250000000001 0.7109375 0.55625 0.7109375 0.5562500000000001 0.7421875 0.6031250000000001 0.7421875
34 0.7234375 0.49375 0.6765625 0.49375 0.6765625 0.525 0.7234375 0.525
13 0.7968750000000002 0.8859375 0.7359375000000001 0.8859375 0.7359375000000001 0.9328125 0.7968750000000002 0.9328125
45 0.6671875000000002 0.971875 0.6171875000000002 0.971875 0.6171875000000002 1 0.6671875000000002 1
29 0.6625 0.6078125 0.61875 0.6078125 0.61875 0.6375 0.6625 0.6375
27 0.6015625 0.61875 0.5546875 0.61875 0.5546875 0.65 0.6015625 0.65
8 0.54375 0.640625 0.496875 0.640625 0.496875 0.6734375 0.54375 0.6734375
2 0.5421875000000002 0.9125 0.49531250000000016 0.9125 0.49531250000000016 0.9453125 0.5421875000000002 0.9453125
46 0.7234375 0.3671875000000001 0.6734375 0.3671875000000001 0.6734375 0.4796875 0.7234375 0.4796875
37 0.6640625 0.515625 0.6140625 0.515625 0.6140625 0.5484375 0.6640625 0.5484375
58 0.7250000000000002 0.9078125 0.6750000000000002 0.9078125 0.6750000000000002 0.9390625 0.7250000000000002 0.9390625
4 0.5437500000000002 0.821875 0.4968750000000002 0.821875 0.4968750000000002 0.8546875 0.5437500000000002 0.8546875
12 0.6625 0.46875 0.6125 0.46875 0.6125 0.503125 0.6625 0.503125
6 0.5453125000000002 0.728125 0.49531250000000016 0.728125 0.49531250000000016 0.7625 0.5453125000000002 0.7625
11 0.5421875 0.4609375 0.4953125 0.4609375 0.4953125 0.4921875 0.5421875 0.4921875
0 0.54375 0.5484375 0.49375 0.5484375 0.49375 0.5828125 0.54375 0.5828125
40 0.721875 0.5390625 0.675 0.5390625 0.675 0.5703125 0.721875 0.5703125
35 0.7234375 0.6765625 0.6765625 0.6765625 0.6765625 0.7109375 0.7234375 0.7109375
19 0.6640625000000002 0.8359375 0.6140625000000002 0.8359375 0.6140625000000002 0.86875 0.6640625000000002 0.86875
20 0.54375 0.3687500000000001 0.49375 0.3687500000000001 0.49375 0.446875 0.54375 0.446875
42 0.6031250000000001 0.8 0.5562500000000001 0.8 0.5562500000000001 0.8328125 0.6031250000000001 0.8328125
53 0.6015625 0.6640625 0.5546875 0.6640625 0.5546875 0.6953125 0.6015625 0.6953125
28 0.6625 0.6546875 0.615625 0.6546875 0.615625 0.6859375 0.6625 0.6859375
18 0.7234375 0.5859375 0.6734375 0.5859375 0.6734375 0.61875 0.7234375 0.61875
22 0.659375 0.3687500000000001 0.553125 0.3687500000000001 0.553125 0.425 0.659375 0.425
47 0.809375 0.5937500000000002 0.734375 0.5937500000000002 0.7343750000000001 0.875 0.809375 0.875
15 0.7234375000000001 0.721875 0.6734375 0.721875 0.6734375000000001 0.75625 0.7234375000000002 0.75625
25 0.6625000000000001 0.6984375 0.6171875 0.6984375 0.6171875000000001 0.7296875 0.6625000000000002 0.7296875
21 0.6046875000000002 0.8453125 0.5546875000000002 0.8453125 0.5546875000000002 0.878125 0.6046875000000002 0.878125
16 0.7250000000000002 0.8140625 0.6750000000000002 0.8140625 0.6750000000000002 0.8484375 0.7250000000000002 0.8484375
30 0.8578125 7.673177600907636e-17 0.3953125 4.8411818778793805e-17 0.39531250000000007 1 0.8578125 1
48 0.5421875 0.5046875 0.4953125 0.5046875 0.4953125 0.5375 0.5421875 0.5375
51 0.6015625000000002 0.7546875 0.5546875000000002 0.7546875 0.5546875000000002 0.7859375 0.6015625000000002 0.7859375
7 0.5421875 0.684375 0.4953125 0.684375 0.4953125 0.7171875 0.5421875 0.7171875
36 0.603125 0.5734375 0.553125 0.5734375 0.553125 0.60625 0.603125 0.60625
24 0.6625000000000002 0.7453125 0.6125000000000002 0.7453125 0.6125000000000002 0.7765625 0.6625000000000002 0.7765625
10 0.6640625000000002 0.928125 0.6171875000000002 0.928125 0.6171875000000002 0.9625 0.6640625000000002 0.9625