19 0.5140625 0.5875 0.4734375 0.5875 0.4734375 0.65 0.5140625 0.65
8 0.703125 0.4453125 0.6625 0.4453125 0.6625 0.5046875 0.703125 0.5046875
57 0.4921875 0.6578125 0.4515625 0.6578125 0.4515625 0.7203125 0.4921875 0.7203125
43 0.46875 0.5890625 0.428125 0.5890625 0.428125 0.6515625 0.46875 0.6515625
36 0.771875 0.5125000000000002 0.73125 0.5125000000000002 0.73125 0.5750000000000002 0.771875 0.5750000000000002
7 0.6578125 0.44375 0.6171875 0.44375 0.6171875 0.50625 0.6578125 0.50625
35 0.671875 0.6578125 0.63125 0.6578125 0.63125 0.71875 0.671875 0.71875
21 0.503125 0.5171875 0.4625 0.5171875 0.4625 0.5796875 0.503125 0.5796875
32 0.4015625 0.6578125 0.3609375000000001 0.6578125 0.3609375000000001 0.721875 0.4015625 0.721875
24 0.603125 0.5859375 0.5625 0.5859375 0.5625 0.6484375 0.603125 0.6484375
26 0.9125 0.5781250000000002 0.878125 0.5781250000000002 0.878125 0.6406250000000002 0.9125 0.6406250000000002
31 0.784375 0.5843750000000002 0.74375 0.5843750000000002 0.74375 0.6453125000000002 0.784375 0.6453125000000002
46 0.95625 0.6515625000000002 0.859375 0.6515625000000002 0.859375 0.7140625000000002 0.95625 0.7140625000000002
56 0.4578125 0.515625 0.4171875 0.515625 0.4171875 0.5796875 0.4578125 0.5796875
6 0.6140625 0.4453125 0.5734375 0.4453125 0.5734375 0.5078125 0.6140625 0.5078125
2 0.434375 0.446875 0.3937500000000001 0.446875 0.3937500000000001 0.509375 0.434375 0.509375
37 0.8296875 0.5828125000000002 0.7890625 0.5828125000000002 0.7890625 0.6453125000000002 0.8296875 0.6453125000000002
53 0.6828125 0.515625 0.6421875 0.515625 0.6421875 0.578125 0.6828125 0.578125
58 0.446875 0.659375 0.40625 0.659375 0.40625 0.721875 0.446875 0.721875
29 0.7390625 0.5843750000000001 0.6984375 0.584375 0.6984375 0.6453125000000001 0.7390625 0.6453125000000002
3 0.4796875 0.446875 0.4390625 0.446875 0.4390625 0.5078125 0.4796875 0.5078125
12 0.875 0.5812500000000002 0.834375 0.5812500000000002 0.834375 0.6437500000000002 0.875 0.6437500000000002
23 0.559375 0.5875 0.51875 0.5875 0.51875 0.65 0.559375 0.65
11 0.884375 0.44062500000000016 0.84375 0.44062500000000016 0.84375 0.5015625000000001 0.884375 0.5015625000000001
49 0.3468750000000001 0.7328125 0.3046875000000001 0.7328125 0.3046875000000001 0.80625 0.3468750000000001 0.80625
28 0.69375 0.5828125 0.6546875 0.5828125 0.6546875 0.6453125 0.69375 0.6453125
41 0.4109375 0.5171875 0.3703125000000001 0.5171875 0.3703125000000001 0.58125 0.4109375 0.58125
1 0.3890625000000001 0.4484375 0.34843750000000007 0.4484375 0.34843750000000007 0.5109375 0.3890625000000001 0.5109375
27 0.728125 0.5125000000000001 0.6875 0.5125 0.6875 0.5750000000000001 0.728125 0.5750000000000002
38 0.81875 0.5109375000000002 0.778125 0.5109375000000002 0.778125 0.5734375000000002 0.81875 0.5734375000000002
16 0.5359375 0.6578125 0.4953125 0.6578125 0.4953125 0.7203125 0.5359375 0.7203125
54 0.8625 0.5109375000000002 0.821875 0.5109375000000002 0.821875 0.5750000000000002 0.8625 0.5750000000000002
45 0.3781250000000001 0.5890625 0.3031250000000001 0.5890625 0.3031250000000001 0.6515625 0.3781250000000001 0.6515625
18 0.7625 0.6546875000000001 0.721875 0.6546875 0.721875 0.7171875000000001 0.7625 0.7171875000000002
13 0.4937500000000002 0.73125 0.44062500000000016 0.73125 0.44062500000000016 0.803125 0.4937500000000002 0.803125
25 0.6484375 0.5859375 0.6078125 0.5859375 0.6078125 0.646875 0.6484375 0.646875
30 0.9703125 0.35000000000000003 0.2890625 0.35 0.28906250000000006 0.8265625 0.9703125 0.8265625
14 0.7703125000000001 0.7250000000000001 0.7171875 0.725 0.7171875000000001 0.7984375000000001 0.7703125000000002 0.7984375000000001
59 0.6375 0.515625 0.596875 0.515625 0.596875 0.578125 0.6375 0.578125
47 0.7125000000000001 0.7265625 0.4968750000000002 0.7265625 0.4968750000000002 0.8015625 0.7125000000000001 0.8015625
4 0.5234375 0.4453125 0.4828125 0.4453125 0.4828125 0.5078125 0.5234375 0.5078125
44 0.35625000000000007 0.6609375 0.3031250000000001 0.6609375 0.3031250000000001 0.7234375 0.35625000000000007 0.7234375
22 0.9546875 0.5078125000000002 0.9046875 0.5078125000000002 0.9046875 0.6437500000000002 0.9546875 0.6437500000000002
51 0.5921875 0.515625 0.5515625 0.515625 0.5515625 0.5796875 0.5921875 0.5796875
55 0.58125 0.65625 0.540625 0.65625 0.540625 0.71875 0.58125 0.71875
48 0.8390625 0.44062500000000016 0.7984375 0.44062500000000016 0.7984375 0.5015625000000001 0.8390625 0.5015625000000001
42 0.546875 0.5171875 0.50625 0.5171875 0.50625 0.5796875 0.546875 0.5796875
34 0.853125 0.6531250000000002 0.8125 0.6531250000000002 0.8125 0.7156250000000002 0.853125 0.7156250000000002
10 0.4234375 0.5890625 0.3828125000000001 0.5890625 0.3828125000000001 0.6515625 0.4234375 0.6515625
17 0.3437500000000001 0.45 0.3031250000000001 0.45 0.3031250000000001 0.5109375 0.3437500000000001 0.5109375
39 0.9 0.5078125000000002 0.8671875 0.5078125000000002 0.8671875 0.5718750000000001 0.9 0.5718750000000001
15 0.6265625 0.6578125 0.5859375 0.6578125 0.5859375 0.71875 0.6265625 0.71875
52 0.3671875000000001 0.5171875 0.30156250000000007 0.5171875 0.30156250000000007 0.58125 0.3671875000000001 0.58125
40 0.8078125 0.6546875000000002 0.7671875 0.6546875000000002 0.7671875 0.7156250000000002 0.8078125 0.7156250000000002
9 0.7484375 0.44218750000000007 0.7078125 0.4421875 0.7078125 0.503125 0.7484375 0.5031250000000002
0 0.79375 0.4421875000000002 0.753125 0.4421875000000002 0.753125 0.5031250000000002 0.79375 0.5031250000000002
5 0.56875 0.4453125 0.528125 0.4453125 0.528125 0.5078125 0.56875 0.5078125
20 0.9546875 0.43750000000000017 0.890625 0.43750000000000017 0.890625 0.5000000000000002 0.9546875 0.5000000000000002
33 0.7171875 0.65625 0.6765625 0.65625 0.6765625 0.71875 0.7171875 0.71875