32 0.7609375 0.2375000000000001 0.640625 0.2375000000000001 0.640625 0.2953125000000001 0.7609375 0.2953125000000001
33 0.6328125 0.3765625000000001 0.53125 0.3765625000000001 0.53125 0.4359375 0.6328125 0.4359375
52 0.41718750000000016 0.8828125 0.3140625000000001 0.8828125 0.3140625000000001 0.978125 0.41718750000000016 0.978125
42 0.415625 0.6171875 0.3156250000000001 0.6171875 0.3156250000000001 0.6765625 0.415625 0.6765625
53 0.4140625 0.4265625 0.3140625000000001 0.4265625 0.3140625000000001 0.4828125 0.4140625 0.4828125
58 0.6437500000000002 0.765625 0.5406250000000001 0.765625 0.5406250000000001 0.828125 0.6437500000000002 0.828125
39 0.4078125 0.11250000000000004 0.3078125 0.11250000000000004 0.3078125 0.16875000000000004 0.4078125 0.16875000000000004
7 0.3031250000000001 0.4578125 0.2062500000000001 0.4578125 0.2062500000000001 0.5140625 0.3031250000000001 0.5140625
5 0.3031250000000001 0.5859375 0.2062500000000001 0.5859375 0.2062500000000001 0.64375 0.3031250000000001 0.64375
22 0.515625 0.05000000000000006 0.415625 0.050000000000000044 0.415625 0.14843750000000006 0.515625 0.14843750000000006
59 0.415625 0.490625 0.3140625000000001 0.490625 0.3140625000000001 0.546875 0.415625 0.546875
55 0.6375 0.56875 0.5359375 0.56875 0.5359375 0.628125 0.6375 0.628125
54 0.409375 0.17500000000000004 0.309375 0.17500000000000004 0.309375 0.23125000000000004 0.409375 0.2312500000000001
48 0.3 0.209375 0.203125 0.209375 0.203125 0.2640625 0.3 0.2640625
8 0.3046875000000001 0.3953125 0.20468750000000008 0.3953125 0.20468750000000008 0.4515625 0.3046875000000001 0.4515625
30 0.8265625 0.021875000000000054 0.0640625 0.021875000000000006 0.06406250000000006 1 0.8265625 1
45 0.5312500000000002 0.8671875 0.4281250000000002 0.8671875 0.4281250000000002 0.9796875 0.5312500000000002 0.9796875
10 0.5312500000000002 0.7984375 0.4281250000000002 0.7984375 0.4281250000000002 0.8609375 0.5312500000000002 0.8609375
29 0.521875 0.3468750000000001 0.421875 0.3468750000000001 0.421875 0.403125 0.521875 0.403125
37 0.51875 0.22031250000000008 0.421875 0.22031250000000008 0.421875 0.2765625000000001 0.51875 0.2765625000000001
2 0.3031250000000001 0.78125 0.20312500000000008 0.78125 0.20312500000000008 0.8421875 0.3031250000000001 0.8421875
18 0.6296875 0.3140625000000001 0.5296875 0.3140625000000001 0.5296875 0.3703125000000001 0.6296875 0.3703125000000001
44 0.6468750000000002 0.8328125 0.5406250000000001 0.8328125 0.5406250000000001 0.98125 0.6468750000000002 0.98125
25 0.5234375 0.4734375 0.4234375 0.4734375 0.4234375 0.53125 0.5234375 0.53125
23 0.5265625 0.6015625 0.425 0.6015625 0.425 0.6609375 0.5265625 0.6609375
11 0.3 0.14843750000000006 0.2046875 0.14843750000000006 0.2046875 0.2015625 0.3 0.2015625
17 0.3046875000000001 0.915625 0.20468750000000008 0.915625 0.20468750000000008 0.9765625 0.3046875000000001 0.9765625
16 0.640625 0.6328125 0.5375 0.6328125 0.5375 0.69375 0.640625 0.69375
1 0.3031250000000001 0.8484375 0.20312500000000008 0.8484375 0.20312500000000008 0.9078125 0.3031250000000001 0.9078125
28 0.5234375 0.409375 0.4234375 0.409375 0.4234375 0.465625 0.5234375 0.465625
6 0.3046875000000001 0.521875 0.20468750000000008 0.521875 0.20468750000000008 0.5796875 0.3046875000000001 0.5796875
40 0.6296875 0.2500000000000001 0.5296875 0.2500000000000001 0.5296875 0.3062500000000001 0.6296875 0.3062500000000001
4 0.3031250000000001 0.65 0.20312500000000008 0.65 0.20312500000000008 0.709375 0.3031250000000001 0.709375
13 0.7796875000000002 0.7828125000000001 0.6546875000000002 0.7828125 0.6546875000000002 0.846875 0.7796875000000002 0.846875
26 0.409375 0.05312500000000005 0.309375 0.05312500000000005 0.309375 0.10625000000000004 0.409375 0.10625000000000004
35 0.6328125 0.440625 0.5328125 0.440625 0.5328125 0.5 0.6328125 0.5
38 0.4109375 0.23750000000000004 0.3109375 0.2375 0.3109375 0.29375000000000007 0.4109375 0.29375000000000007
0 0.303125 0.2703125 0.203125 0.2703125 0.203125 0.3265625 0.303125 0.3265625
15 0.6359375 0.503125 0.5328125 0.503125 0.5328125 0.5625 0.6359375 0.5625
34 0.6265625 0.18593750000000006 0.5296875 0.18593750000000003 0.5296875 0.24218750000000008 0.6265625 0.24218750000000008
41 0.4187500000000002 0.815625 0.3125000000000001 0.815625 0.3125000000000001 0.878125 0.4187500000000002 0.878125
49 0.7812500000000002 0.85 0.6562500000000002 0.85 0.6562500000000002 0.915625 0.7812500000000002 0.915625
3 0.3031250000000001 0.715625 0.20312500000000008 0.715625 0.20312500000000008 0.778125 0.3031250000000001 0.778125
43 0.5296875000000002 0.73125 0.4265625000000002 0.73125 0.4265625000000002 0.79375 0.5296875000000002 0.79375
51 0.415625 0.553125 0.3140625000000001 0.553125 0.3140625000000001 0.609375 0.415625 0.609375
36 0.4109375 0.30000000000000004 0.3140625 0.3 0.3140625 0.35625000000000007 0.4109375 0.35625000000000007
20 0.3 0.056250000000000036 0.203125 0.05625000000000002 0.203125 0.14062500000000006 0.3 0.14062500000000006
56 0.4156250000000002 0.7484375 0.3125000000000001 0.7484375 0.3125000000000001 0.809375 0.4156250000000002 0.809375
57 0.6406250000000001 0.7 0.5390625 0.7 0.5390625000000001 0.759375 0.6406250000000002 0.759375
46 0.6265625 0.04687500000000007 0.5234375 0.04687500000000007 0.5234375 0.17968750000000006 0.6265625 0.17968750000000008
21 0.4156250000000001 0.68125 0.3125000000000001 0.68125 0.3125000000000001 0.74375 0.4156250000000002 0.74375
14 0.7609375 0.2984375000000001 0.640625 0.2984375000000001 0.640625 0.3734375000000001 0.7609375 0.3734375000000001
19 0.5296875 0.665625 0.4265625 0.665625 0.4265625 0.725 0.5296875 0.725
47 0.7671875 0.37968750000000007 0.6421875 0.37968750000000007 0.6421875 0.6921875000000001 0.7671875 0.6921875000000002
12 0.51875 0.15781250000000005 0.41875 0.15781250000000005 0.41875 0.2140625000000001 0.51875 0.2140625000000001
27 0.4109375 0.36406250000000007 0.3140625000000001 0.3640625 0.3140625000000001 0.4203125 0.4109375 0.4203125
31 0.521875 0.2828125000000001 0.421875 0.2828125000000001 0.421875 0.3390625000000001 0.521875 0.3390625000000001
9 0.30312500000000003 0.3328125 0.20625 0.3328125 0.20625000000000004 0.3890625 0.3031250000000001 0.3890625
24 0.525 0.5375 0.425 0.5375 0.425 0.5953125 0.525 0.5953125