47 0.6078125000000001 0.6296875 0.2843750000000001 0.6296875 0.2843750000000001 0.7265625 0.6078125000000002 0.7265625
31 0.7125 0.4640625 0.653125 0.4640625 0.653125 0.540625 0.7125 0.540625
33 0.6140625 0.546875 0.5515625 0.546875 0.5515625 0.6265625 0.6140625 0.6265625
41 0.16562500000000005 0.36875 0.10625000000000004 0.36875 0.10625000000000004 0.446875 0.16562500000000005 0.446875
38 0.7625 0.3765625000000001 0.703125 0.3765625000000001 0.703125 0.4546875000000001 0.7625 0.4546875000000002
15 0.48125 0.5453125 0.421875 0.5453125 0.421875 0.6234375 0.48125 0.6234375
0 0.728125 0.29375000000000007 0.66875 0.29375000000000007 0.66875 0.3687500000000001 0.728125 0.3687500000000001
16 0.34843750000000007 0.5453125 0.28593750000000007 0.5453125 0.28593750000000007 0.6234375 0.34843750000000007 0.6234375
29 0.6453125 0.4609375 0.5859375 0.4609375 0.5859375 0.5390625 0.6453125 0.5390625
32 0.7593750000000001 0.6375000000000001 0.696875 0.6375 0.6968750000000001 0.7328125000000001 0.7593750000000001 0.7328125000000002
36 0.6953125 0.3765625000000001 0.6359375 0.3765625000000001 0.6359375 0.4546875 0.6953125 0.4546875
9 0.6625 0.29375000000000007 0.603125 0.29375000000000007 0.603125 0.3687500000000001 0.6625 0.3687500000000001
28 0.5796875 0.459375 0.5203125 0.459375 0.5203125 0.5375 0.5796875 0.5375
12 0.846875 0.46406250000000016 0.7859375 0.46406250000000016 0.7859375 0.5406250000000001 0.846875 0.5406250000000001
43 0.2468750000000001 0.45625 0.18750000000000006 0.45625 0.18750000000000006 0.534375 0.2468750000000001 0.534375
55 0.4140625 0.54375 0.3546875000000001 0.54375 0.3546875000000001 0.6234375 0.4140625 0.6234375
10 0.17968750000000006 0.45625 0.12031250000000004 0.45625 0.12031250000000004 0.5328125 0.17968750000000006 0.5328125
14 0.6953125000000001 0.634375 0.6140625 0.634375 0.6140625000000001 0.728125 0.6953125000000002 0.728125
51 0.4328125 0.3750000000000001 0.3750000000000001 0.3750000000000001 0.3750000000000001 0.45 0.4328125 0.45
48 0.79375 0.2953125000000001 0.734375 0.2953125000000001 0.734375 0.3703125000000001 0.79375 0.3703125000000001
4 0.33437500000000003 0.2890625 0.275 0.2890625 0.275 0.3640625 0.3343750000000001 0.3640625
24 0.446875 0.459375 0.3890625000000001 0.459375 0.3890625000000001 0.5359375 0.446875 0.5359375
45 0.11250000000000004 0.453125 0.0031250000000000557 0.453125 0.0031250000000000605 0.53125 0.11250000000000004 0.53125
23 0.3812500000000001 0.4578125 0.3218750000000001 0.4578125 0.3218750000000001 0.5359375 0.3812500000000001 0.5359375
30 0.9890625 0.18593750000000006 2.27707764216461e-17 0.1859375 5.836207402186606e-17 0.7671875000000001 0.9890625 0.7671875000000001
25 0.5140625 0.459375 0.4546875 0.459375 0.4546875 0.5359375 0.5140625 0.5359375
39 0.8921875 0.37968750000000007 0.8359375 0.37968750000000007 0.8359375 0.4546875000000002 0.8921875 0.4546875000000002
57 0.27812500000000007 0.54375 0.21875000000000008 0.54375 0.21875000000000008 0.621875 0.27812500000000007 0.621875
59 0.4984375 0.3750000000000001 0.4390625 0.3750000000000001 0.4390625 0.453125 0.4984375 0.453125
21 0.3000000000000001 0.3703125 0.2406250000000001 0.3703125 0.2406250000000001 0.45 0.3000000000000001 0.45
6 0.4671875 0.2921875000000001 0.4078125 0.2921875000000001 0.4078125 0.3671875000000001 0.4671875 0.3671875000000001
3 0.2671875 0.2875 0.2078125 0.2875 0.2078125 0.3625 0.2671875 0.3625
18 0.6796875 0.5484375 0.6203125 0.5484375 0.6203125 0.625 0.6796875 0.625
7 0.53125 0.2921875000000001 0.4734375 0.2921875000000001 0.4734375 0.3687500000000001 0.53125 0.3687500000000001
26 0.9578125 0.3812500000000001 0.9015625 0.3812500000000001 0.9015625 0.45625000000000016 0.9578125 0.45625000000000016
1 0.13437500000000005 0.2828125 0.07500000000000004 0.2828125 0.07500000000000004 0.359375 0.13437500000000005 0.359375
56 0.2312500000000001 0.36875 0.17187500000000006 0.36875 0.17187500000000006 0.446875 0.2312500000000001 0.446875
13 0.1937500000000001 0.63125 0.1312500000000001 0.63125 0.1312500000000001 0.7234375 0.1937500000000001 0.7234375
17 0.06562500000000004 0.2828125 0.009375000000000033 0.2828125 0.00937500000000004 0.3578125 0.06562500000000004 0.3578125
58 0.21093750000000008 0.54375 0.15156250000000004 0.54375 0.15156250000000007 0.621875 0.21093750000000008 0.621875
5 0.4015625 0.290625 0.3421875 0.290625 0.34218750000000003 0.36562500000000003 0.4015625 0.3656250000000001
35 0.546875 0.546875 0.4875 0.546875 0.4875 0.625 0.546875 0.625
22 0.959375 0.4625000000000002 0.853125 0.4625000000000002 0.853125 0.5406250000000001 0.959375 0.5406250000000001
11 0.859375 0.29375000000000007 0.8015625 0.29375000000000007 0.8015625 0.3687500000000001 0.859375 0.3687500000000001
44 0.14375000000000007 0.5375 6.582476545417023e-17 0.5375 7.079989307570636e-17 0.61875 0.1437500000000001 0.61875
54 0.828125 0.3781250000000001 0.76875 0.3781250000000001 0.76875 0.45625000000000016 0.828125 0.45625000000000016
42 0.3671875000000001 0.37343750000000003 0.3078125000000001 0.3734375 0.3078125000000001 0.45 0.3671875000000001 0.45
37 0.7796875 0.4625000000000001 0.7203125 0.4625 0.7203125 0.5406250000000001 0.7796875 0.5406250000000001
27 0.6296875 0.3765625000000001 0.5703125 0.3765625000000001 0.5703125 0.4515625 0.6296875 0.4515625
2 0.2 0.2859375 0.14062500000000006 0.2859375 0.14062500000000006 0.3609375 0.2 0.3609375
20 0.9546875 0.2953125000000001 0.8671875 0.2953125000000001 0.8671875 0.3703125000000001 0.9546875 0.3703125000000001
34 0.8140625 0.5500000000000002 0.7546875 0.5500000000000002 0.7546875 0.6265625000000001 0.8140625 0.6265625000000001
53 0.5640625 0.3750000000000001 0.5046875 0.3750000000000001 0.5046875 0.453125 0.5640625 0.453125
49 0.12500000000000008 0.63125 0.06250000000000007 0.63125 0.06250000000000008 0.7234375 0.12500000000000008 0.7234375
52 0.09843750000000004 0.3671875 0.004687500000000044 0.3671875 0.004687500000000049 0.446875 0.09843750000000004 0.446875
46 0.9609375 0.5500000000000002 0.8234375 0.5500000000000002 0.8234375 0.6281250000000002 0.9609375 0.6281250000000002
8 0.596875 0.29375000000000007 0.5375 0.29375000000000007 0.5375 0.3687500000000001 0.596875 0.3687500000000001
40 0.746875 0.55 0.6875 0.55 0.6875 0.6265625000000001 0.746875 0.6265625000000001
19 0.3140625000000001 0.4578125 0.25468750000000007 0.4578125 0.25468750000000007 0.5359375 0.3140625000000001 0.5359375