42 0.32500000000000007 0.6265625 0.3031250000000001 0.6265625 0.3031250000000001 0.6671875 0.32500000000000007 0.6671875
15 0.3671875000000001 0.728125 0.3453125000000001 0.728125 0.3453125000000001 0.7734375 0.3671875000000001 0.7734375
56 0.2718750000000001 0.6265625 0.2484375000000001 0.6265625 0.2484375000000001 0.66875 0.2718750000000001 0.66875
40 0.4765625000000001 0.7234375 0.4546875 0.7234375 0.4546875000000001 0.7671875 0.47656250000000017 0.7671875
2 0.2640625000000001 0.578125 0.2406250000000001 0.578125 0.2406250000000001 0.625 0.2640625000000001 0.625
21 0.2984375000000001 0.625 0.2750000000000001 0.625 0.2750000000000001 0.671875 0.2984375000000001 0.671875
18 0.4484375000000001 0.7234375 0.428125 0.7234375 0.4281250000000001 0.76875 0.44843750000000016 0.76875
49 0.20312500000000008 0.7828125 0.16406250000000008 0.7828125 0.16406250000000008 0.834375 0.20312500000000008 0.834375
32 0.2312500000000001 0.7296875 0.20468750000000008 0.7296875 0.20468750000000008 0.7765625 0.2312500000000001 0.7765625
55 0.34062500000000007 0.728125 0.3187500000000001 0.728125 0.3187500000000001 0.7734375 0.34062500000000007 0.7734375
0 0.46875 0.575 0.45 0.575 0.45 0.6171875 0.46875 0.6171875
4 0.3140625000000001 0.5765625 0.29375000000000007 0.5765625 0.29375000000000007 0.6203125 0.3140625000000001 0.6203125
5 0.34062500000000007 0.5765625 0.3218750000000001 0.5765625 0.3218750000000001 0.6203125 0.34062500000000007 0.6203125
13 0.2828125000000001 0.784375 0.24375000000000008 0.784375 0.24375000000000008 0.8328125 0.2828125000000001 0.8328125
58 0.2578125000000001 0.7296875 0.23437500000000008 0.7296875 0.23437500000000008 0.775 0.2578125000000001 0.775
19 0.30156250000000007 0.6765625 0.2796875000000001 0.6765625 0.2796875000000001 0.7203125 0.30156250000000007 0.7203125
30 0.825 0.47343750000000007 0.13281250000000006 0.4734375 0.13281250000000008 0.9078125 0.825 0.9078125
22 0.5765625 0.615625 0.5390625 0.615625 0.5390625 0.7125 0.5765625 0.7125
20 0.5703125 0.575 0.525 0.575 0.525 0.6140625 0.5703125 0.6140625
34 0.503125 0.721875 0.4828125 0.721875 0.4828125000000001 0.765625 0.5031250000000002 0.765625
45 0.2140625000000001 0.678125 0.1765625000000001 0.678125 0.1765625000000001 0.7234375 0.2140625000000001 0.7234375
11 0.5203125 0.571875 0.5 0.571875 0.5 0.615625 0.5203125 0.615625
59 0.3781250000000001 0.625 0.35625000000000007 0.625 0.35625000000000007 0.66875 0.3781250000000001 0.66875
7 0.3921875000000001 0.5765625 0.3734375000000001 0.5765625 0.3734375000000001 0.6203125 0.3921875000000001 0.6203125
24 0.3546875000000001 0.6734375 0.33281250000000007 0.6734375 0.33281250000000007 0.7171875 0.3546875000000001 0.7171875
28 0.409375 0.6734375 0.3890625000000001 0.6734375 0.3890625000000001 0.715625 0.409375 0.715625
39 0.534375 0.6203125 0.5125 0.6203125 0.5125 0.6640625 0.534375 0.6640625
50 0.5812500000000002 0.7765625 0.5515625000000002 0.7765625 0.5515625000000002 0.8265625 0.5812500000000002 0.8265625
41 0.2453125000000001 0.6265625 0.22031250000000008 0.6265625 0.22031250000000008 0.671875 0.2453125000000001 0.671875
52 0.2156250000000001 0.6265625 0.17968750000000008 0.6265625 0.17968750000000008 0.6703125 0.2156250000000001 0.6703125
26 0.5421875 0.66875 0.5203125 0.66875 0.5203125 0.715625 0.5421875 0.715625
44 0.2000000000000001 0.73125 0.1703125000000001 0.73125 0.1703125000000001 0.775 0.2000000000000001 0.775
14 0.47656250000000017 0.778125 0.4468750000000002 0.778125 0.4468750000000002 0.825 0.47656250000000017 0.825
35 0.39531250000000007 0.7265625 0.3734375000000001 0.7265625 0.3734375000000001 0.771875 0.39531250000000007 0.771875
25 0.3828125000000001 0.675 0.3609375000000001 0.675 0.3609375000000001 0.7171875 0.3828125000000001 0.7171875
31 0.4609375 0.6703125 0.440625 0.6703125 0.440625 0.7140625 0.4609375 0.7140625
29 0.434375 0.671875 0.415625 0.671875 0.415625 0.715625 0.434375 0.715625
10 0.2468750000000001 0.6765625 0.2234375000000001 0.6765625 0.2234375000000001 0.7203125 0.2468750000000001 0.7203125
43 0.2734375000000001 0.6765625 0.2515625000000001 0.6765625 0.2515625000000001 0.7203125 0.2734375000000001 0.7203125
12 0.515625 0.6703125 0.4953125 0.6703125 0.4953125 0.7140625 0.515625 0.7140625
51 0.3515625000000001 0.6265625 0.3296875000000001 0.6265625 0.3296875000000001 0.6671875 0.3515625000000001 0.6671875
33 0.4234375000000002 0.7265625 0.40156250000000016 0.7265625 0.40156250000000016 0.7734375 0.4234375000000002 0.7734375
36 0.45625 0.6234375 0.434375 0.6234375 0.434375 0.6640625 0.45625 0.6640625
16 0.3125000000000001 0.728125 0.2890625000000001 0.728125 0.2890625000000001 0.7734375 0.3125000000000001 0.7734375
6 0.3656250000000001 0.5765625 0.3468750000000001 0.5765625 0.3468750000000001 0.6203125 0.3656250000000001 0.6203125
8 0.41875 0.575 0.4 0.575 0.4 0.6171875 0.41875 0.6171875
9 0.4421875 0.575 0.4234375 0.575 0.4234375 0.6171875 0.4421875 0.6171875
57 0.28593750000000007 0.7296875 0.26250000000000007 0.7296875 0.26250000000000007 0.7734375 0.28593750000000007 0.7734375
1 0.23593750000000008 0.578125 0.2140625000000001 0.578125 0.2140625000000001 0.621875 0.23593750000000008 0.621875
53 0.4046875 0.6234375 0.3828125000000001 0.6234375 0.3828125000000001 0.665625 0.4046875 0.665625
27 0.4296875 0.6234375 0.409375 0.6234375 0.409375 0.6625 0.4296875 0.6625
23 0.3281250000000001 0.675 0.3062500000000001 0.675 0.3062500000000001 0.71875 0.3281250000000001 0.71875
38 0.48125 0.621875 0.4625 0.621875 0.4625 0.6625 0.48125 0.6625
54 0.5078125 0.6203125 0.4859375 0.6203125 0.4859375 0.6640625 0.5078125 0.6640625
47 0.44062500000000016 0.778125 0.28593750000000007 0.778125 0.28593750000000007 0.834375 0.44062500000000016 0.834375
17 0.21093750000000008 0.578125 0.18750000000000008 0.578125 0.18750000000000008 0.621875 0.21093750000000008 0.621875
37 0.4890625 0.6703125 0.4671875 0.6703125 0.4671875 0.715625 0.4890625 0.715625
3 0.2890625000000001 0.5765625 0.2671875000000001 0.5765625 0.2671875000000001 0.6265625 0.2890625000000001 0.6265625
48 0.4953125 0.5703125 0.4734375 0.5703125 0.4734375 0.6171875 0.4953125 0.6171875
46 0.58125 0.721875 0.509375 0.721875 0.5093750000000001 0.771875 0.5812500000000002 0.771875