5 0.75625 0.3531250000000001 0.725 0.3531250000000001 0.725 0.4125000000000001 0.75625 0.4125000000000002
26 0.4390625 0.4984375 0.4078125 0.4984375 0.4078125 0.559375 0.4390625 0.559375
30 0.9953125 0.23281250000000003 0.0015625000000000285 0.2328125 0.0015625000000000608 0.7609375 0.9953125 0.7609375000000002
1 0.91875 0.35625000000000007 0.8890625 0.35625000000000007 0.8890625 0.4125000000000002 0.91875 0.4125000000000002
35 0.6703125 0.571875 0.6390625 0.571875 0.6390625 0.6328125 0.6703125 0.6328125
44 0.9734375 0.5734375000000002 0.9296875 0.5734375000000002 0.9296875 0.6312500000000002 0.9734375 0.6312500000000002
15 0.7140625 0.5703125 0.68125 0.5703125 0.68125 0.6328125 0.7140625 0.6328125
0 0.553125 0.3531250000000001 0.521875 0.3531250000000001 0.521875 0.4125 0.553125 0.4125
24 0.73125 0.5000000000000001 0.7 0.5 0.7 0.5593750000000001 0.73125 0.5593750000000002
41 0.9015625 0.4265625000000002 0.8703125 0.4265625000000002 0.8703125 0.48437500000000017 0.9015625 0.48437500000000017
42 0.78125 0.4281250000000002 0.75 0.4281250000000002 0.75 0.4890625000000002 0.78125 0.4890625000000002
47 0.821875 0.6421875000000001 0.565625 0.6421875 0.565625 0.7171875000000001 0.821875 0.7171875000000002
58 0.8796875 0.5718750000000001 0.8484375 0.5718750000000001 0.8484375 0.6312500000000002 0.8796875 0.6312500000000002
49 0.9796875 0.6437500000000002 0.9359375 0.6437500000000002 0.9359375 0.7093750000000002 0.9796875 0.7093750000000002
18 0.5859375 0.5703125 0.5546875 0.5703125 0.5546875 0.6296875 0.5859375 0.6296875
45 0.9671875 0.5015625000000001 0.9046875 0.5015625000000001 0.9046875 0.5578125000000002 0.9671875 0.5578125000000002
11 0.471875 0.3515625000000001 0.440625 0.3515625000000001 0.440625 0.4109375 0.471875 0.4109375
51 0.7390625 0.42656250000000007 0.7078125 0.4265625 0.7078125 0.4859375000000001 0.7390625 0.4859375000000002
38 0.5328125 0.4265625 0.5015625 0.4265625 0.5015625 0.484375 0.5328125 0.484375
19 0.8140625 0.5000000000000002 0.7828125 0.5000000000000002 0.7828125 0.5593750000000002 0.8140625 0.5593750000000002
56 0.8625 0.4265625000000002 0.83125 0.4265625000000002 0.83125 0.4859375000000002 0.8625 0.4859375000000002
9 0.59375 0.3515625000000001 0.5625 0.3515625000000001 0.5625 0.4125 0.59375 0.4125
34 0.503125 0.5703125 0.471875 0.5703125 0.471875 0.6328125 0.503125 0.6328125
25 0.6890625 0.5 0.6578125 0.5 0.6578125 0.559375 0.6890625 0.559375
7 0.675 0.3531250000000001 0.64375 0.3531250000000001 0.64375 0.4125 0.675 0.4125
48 0.5125 0.3515625000000001 0.48125 0.3515625000000001 0.48125 0.4109375 0.5125 0.4109375
12 0.48125 0.496875 0.45 0.496875 0.45 0.5578125 0.48125 0.5578125
55 0.7546875 0.5718750000000001 0.721875 0.571875 0.721875 0.6328125000000001 0.7546875 0.6328125000000002
2 0.8796875 0.35625000000000007 0.8484375 0.35625000000000007 0.8484375 0.4156250000000002 0.8796875 0.4156250000000002
59 0.696875 0.4265625 0.665625 0.4265625 0.665625 0.4859375 0.696875 0.4859375
23 0.771875 0.4984375000000002 0.740625 0.4984375000000002 0.740625 0.5578125000000002 0.771875 0.5578125000000002
43 0.8546875 0.4984375000000002 0.8234375 0.4984375000000002 0.8234375 0.5578125000000002 0.8546875 0.5578125000000002
36 0.575 0.4265625 0.54375 0.4265625 0.54375 0.4859375 0.575 0.4859375
32 0.921875 0.5718750000000001 0.8890625 0.5718750000000001 0.8890625 0.6312500000000002 0.921875 0.6312500000000002
29 0.60625 0.5 0.575 0.5 0.575 0.559375 0.60625 0.559375
40 0.54375 0.5703125 0.5125 0.5703125 0.5125 0.63125 0.54375 0.63125
31 0.5640625 0.4984375 0.5328125 0.4984375 0.5328125 0.5578125 0.5640625 0.5578125
22 0.4109375 0.4234375 0.3546875000000001 0.4234375 0.3546875000000001 0.5609375 0.4109375 0.5609375
37 0.521875 0.4984375 0.490625 0.4984375 0.490625 0.559375 0.521875 0.559375
27 0.6140625 0.4265625 0.5828125 0.4265625 0.5828125 0.4859375 0.6140625 0.4859375
20 0.43125 0.35156250000000006 0.3546875 0.3515625 0.35468750000000004 0.4125 0.43125 0.4125
57 0.8390625 0.5718750000000001 0.80625 0.5718750000000001 0.80625 0.6312500000000002 0.8390625 0.6312500000000002
13 0.875 0.6437500000000002 0.8296875 0.6437500000000002 0.8296875 0.7093750000000002 0.875 0.7093750000000002
53 0.65625 0.428125 0.625 0.428125 0.625 0.4875 0.65625 0.4875
54 0.4921875 0.4265625 0.4609375 0.4265625 0.4609375 0.4859375 0.4921875 0.4859375
10 0.896875 0.5000000000000002 0.865625 0.5000000000000002 0.865625 0.5593750000000002 0.896875 0.5593750000000002
21 0.821875 0.4281250000000002 0.790625 0.4281250000000002 0.790625 0.48750000000000016 0.821875 0.48750000000000016
8 0.634375 0.3515625000000001 0.603125 0.3515625000000001 0.603125 0.4140625 0.634375 0.4140625
3 0.8390625 0.3531250000000001 0.8078125 0.3531250000000001 0.8078125 0.4156250000000002 0.8390625 0.4156250000000002
17 0.95625 0.35625000000000007 0.928125 0.35625000000000007 0.928125 0.4125000000000002 0.95625 0.4125000000000002
6 0.715625 0.3531250000000001 0.684375 0.3531250000000001 0.684375 0.4125 0.715625 0.4125
28 0.646875 0.4984375 0.615625 0.4984375 0.615625 0.559375 0.646875 0.559375
46 0.4609375 0.5703125 0.3515625000000001 0.5703125 0.3515625000000001 0.6328125 0.4609375 0.6328125
50 0.3984375000000001 0.6453125 0.34843750000000007 0.6453125 0.34843750000000007 0.71875 0.3984375000000001 0.71875
33 0.628125 0.5703125 0.596875 0.5703125 0.596875 0.6328125 0.628125 0.6328125
39 0.4515625 0.425 0.41875 0.425 0.41875 0.4875 0.4515625 0.4875
4 0.796875 0.3531250000000001 0.7671875 0.3531250000000001 0.7671875 0.4125000000000002 0.796875 0.4125000000000002
52 0.9609375 0.42968750000000017 0.9109375 0.42968750000000017 0.9109375 0.4859375000000002 0.9609375 0.4859375000000002
16 0.7984375 0.5718750000000001 0.7640625 0.5718750000000001 0.7640625 0.6328125000000002 0.7984375 0.6328125000000002
14 0.5578125 0.6453125 0.5125 0.6453125 0.5125 0.7140625 0.5578125 0.7140625