5 0.24375000000000005 0.3546875 0.2125 0.3546875 0.21250000000000005 0.4390625 0.24375000000000008 0.4390625
2 0.13906250000000003 0.3625 0.10781250000000005 0.3625 0.10781250000000005 0.446875 0.13906250000000003 0.446875
57 0.18906250000000008 0.646875 0.15781250000000008 0.646875 0.15781250000000008 0.73125 0.18906250000000008 0.73125
18 0.3921875000000001 0.63125 0.3625000000000001 0.63125 0.3625000000000001 0.7125 0.3921875000000001 0.7125
25 0.3078125000000001 0.5421875 0.2765625000000001 0.5421875 0.2765625000000001 0.6265625 0.3078125000000001 0.6265625
24 0.2734375000000001 0.5453125 0.24218750000000008 0.5453125 0.24218750000000008 0.63125 0.2734375000000001 0.63125
13 0.1765625000000001 0.7421875 0.13437500000000008 0.7421875 0.13437500000000008 0.8296875 0.1765625000000001 0.8296875
6 0.27812500000000007 0.3515625 0.246875 0.3515625 0.24687500000000004 0.4375 0.27812500000000007 0.4375
39 0.4984375 0.434375 0.46875 0.434375 0.46875 0.51875 0.4984375 0.51875
43 0.1703125000000001 0.553125 0.1390625000000001 0.553125 0.1390625000000001 0.6375 0.1703125000000001 0.6375
46 0.5515625 0.61875 0.4625 0.61875 0.4625 0.7046875 0.5515625 0.7046875
10 0.1359375000000001 0.55625 0.1062500000000001 0.55625 0.1062500000000001 0.6421875 0.1359375000000001 0.6421875
27 0.3656250000000001 0.44375 0.3359375000000001 0.44375 0.3359375000000001 0.528125 0.3656250000000001 0.528125
21 0.19218750000000004 0.4546875 0.16250000000000003 0.4546875 0.16250000000000003 0.5421875 0.19218750000000004 0.5421875
47 0.3593750000000001 0.73125 0.1781250000000001 0.73125 0.1781250000000001 0.8234375 0.3593750000000001 0.8234375
37 0.4421875 0.5328125 0.4125 0.5328125 0.4125 0.6171875 0.4421875 0.6171875
1 0.10625000000000004 0.3640625 0.07500000000000004 0.3640625 0.07500000000000004 0.4484375 0.10625000000000004 0.4484375
45 0.10156250000000008 0.559375 0.04375000000000007 0.559375 0.043750000000000074 0.646875 0.10156250000000008 0.646875
52 0.09062500000000007 0.4640625 0.04062500000000006 0.4640625 0.040625000000000064 0.5515625 0.09062500000000007 0.5515625
51 0.26250000000000007 0.4515625 0.2312500000000001 0.4515625 0.2312500000000001 0.5359375 0.26250000000000007 0.5359375
22 0.55 0.4296875 0.503125 0.4296875 0.503125 0.609375 0.55 0.609375
42 0.22812500000000008 0.4546875 0.19687500000000005 0.4546875 0.19687500000000005 0.5390625 0.22812500000000008 0.5390625
31 0.409375 0.534375 0.37968750000000007 0.534375 0.37968750000000007 0.61875 0.409375 0.61875
16 0.2234375000000001 0.6453125 0.1921875000000001 0.6453125 0.1921875000000001 0.7296875 0.2234375000000001 0.7296875
44 0.08593750000000008 0.65625 0.046875000000000076 0.65625 0.04687500000000008 0.74375 0.08593750000000008 0.74375
55 0.2578125000000001 0.6421875 0.22656250000000008 0.6421875 0.22656250000000008 0.725 0.2578125000000001 0.725
0 0.415625 0.3453125000000001 0.384375 0.3453125000000001 0.384375 0.4296875 0.415625 0.4296875
50 0.5515625000000001 0.7078125 0.5046875 0.7078125 0.5046875000000001 0.7953125 0.5515625000000002 0.7953125
34 0.459375 0.625 0.4296875 0.625 0.4296875 0.70625 0.459375 0.70625
30 0.81875 0.13281250000000006 0.015625000000000017 0.1328125 0.015625000000000062 0.903125 0.81875 0.903125
54 0.465625 0.4375 0.4359375 0.4375 0.4359375 0.5203125 0.465625 0.5203125
58 0.1546875000000001 0.65 0.12500000000000008 0.65 0.12500000000000008 0.734375 0.1546875000000001 0.734375
8 0.34843750000000007 0.35 0.3171875 0.35 0.31718750000000007 0.4359375 0.34843750000000007 0.4359375
49 0.0984375000000001 0.75 0.04843750000000009 0.75 0.04843750000000009 0.8375 0.09843750000000011 0.8375
32 0.12031250000000009 0.6515625 0.08906250000000009 0.6515625 0.08906250000000009 0.7359375 0.12031250000000009 0.7359375
19 0.20468750000000008 0.5515625 0.1750000000000001 0.5515625 0.1750000000000001 0.6359375 0.20468750000000008 0.6359375
41 0.12500000000000006 0.4609375 0.09375000000000007 0.4609375 0.09375000000000007 0.5484375 0.12500000000000008 0.5484375
3 0.17500000000000004 0.359375 0.14375000000000004 0.359375 0.14375000000000004 0.4453125 0.17500000000000004 0.4453125
28 0.3421875000000001 0.5390625 0.3125000000000001 0.5390625 0.3125000000000001 0.625 0.3421875000000001 0.625
36 0.4 0.440625 0.3703125000000001 0.440625 0.3703125000000001 0.525 0.4 0.525
12 0.4765625 0.528125 0.446875 0.528125 0.446875 0.6140625 0.4765625 0.6140625
15 0.2921875000000001 0.640625 0.2609375000000001 0.640625 0.2609375000000001 0.7234375 0.2921875000000001 0.7234375
38 0.4328125 0.4421875 0.403125 0.4421875 0.403125 0.5234375 0.4328125 0.5234375
4 0.20781250000000004 0.3578125 0.17812500000000003 0.3578125 0.17812500000000003 0.44375 0.2078125000000001 0.44375
9 0.38281250000000006 0.34687500000000004 0.3515625 0.346875 0.35156250000000006 0.43125 0.3828125000000001 0.43125
35 0.3265625000000001 0.6359375 0.2953125000000001 0.6359375 0.2953125000000001 0.7203125 0.3265625000000001 0.7203125
56 0.15781250000000005 0.4578125 0.12812500000000004 0.4578125 0.12812500000000004 0.54375 0.15781250000000005 0.54375
23 0.2390625000000001 0.546875 0.2093750000000001 0.546875 0.2093750000000001 0.6328125 0.2390625000000001 0.6328125
7 0.3140625 0.35 0.2828125 0.35 0.2828125 0.4359375 0.3140625000000001 0.4359375
53 0.3312500000000001 0.446875 0.3000000000000001 0.446875 0.3000000000000001 0.5328125 0.3312500000000001 0.5328125
29 0.3750000000000001 0.5359375 0.3453125000000001 0.5359375 0.3453125000000001 0.621875 0.3750000000000001 0.621875
14 0.41093750000000007 0.7234375 0.36406250000000007 0.7234375 0.36406250000000007 0.80625 0.4109375000000002 0.80625
33 0.3593750000000001 0.6328125 0.3281250000000001 0.6328125 0.3281250000000001 0.715625 0.3593750000000001 0.715625
59 0.2968750000000001 0.4484375 0.2656250000000001 0.4484375 0.2656250000000001 0.5328125 0.2968750000000001 0.5328125
48 0.4484375 0.3421875000000001 0.41875 0.3421875000000001 0.41875 0.4265625 0.4484375 0.4265625
17 0.07031250000000004 0.3671875 0.03906250000000004 0.3671875 0.03906250000000005 0.453125 0.07031250000000004 0.453125
26 0.509375 0.5265625 0.4796875 0.5265625 0.4796875 0.609375 0.509375 0.609375
11 0.48125 0.34062500000000007 0.4515625 0.34062500000000007 0.4515625 0.421875 0.48125 0.421875
40 0.425 0.6296875 0.3968750000000001 0.6296875 0.3968750000000001 0.709375 0.425 0.709375
20 0.5484375 0.3359375000000001 0.4859375 0.3359375000000001 0.4859375 0.425 0.5484375 0.425