18 0.5531250000000001 0.7203125 0.5234375 0.7203125 0.5234375000000001 0.765625 0.5531250000000002 0.765625
42 0.3671875000000001 0.625 0.3375000000000001 0.625 0.3375000000000001 0.6671875 0.3671875000000001 0.6671875
27 0.521875 0.6171875 0.49375 0.6171875 0.49375 0.659375 0.521875 0.659375
50 0.7500000000000002 0.7640625000000001 0.7031250000000002 0.7640625 0.7031250000000002 0.8234375 0.7500000000000002 0.8234375
7 0.4640625 0.5703125 0.434375 0.5703125 0.434375 0.6125 0.4640625 0.6125
16 0.35625000000000007 0.7296875 0.32500000000000007 0.7296875 0.32500000000000007 0.7734375 0.35625000000000007 0.7734375
55 0.39531250000000007 0.7265625 0.36406250000000007 0.7265625 0.36406250000000007 0.771875 0.39531250000000007 0.771875
9 0.540625 0.5640625 0.5109375 0.5640625 0.5109375 0.609375 0.540625 0.609375
1 0.23437500000000008 0.58125 0.20468750000000008 0.58125 0.20468750000000008 0.6234375 0.23437500000000008 0.6234375
31 0.571875 0.665625 0.5421875 0.665625 0.5421875 0.709375 0.571875 0.709375
34 0.6328125000000001 0.715625 0.603125 0.715625 0.6031250000000001 0.7609375 0.6328125000000002 0.7609375
54 0.6375 0.6125 0.6078125 0.6125 0.6078125 0.6546875 0.6375 0.6546875
11 0.6546875 0.559375 0.6234375 0.559375 0.6234375 0.603125 0.6546875 0.603125
30 1 0.4843750000000001 0.13593750000000004 0.484375 0.13593750000000007 0.9015625 1 0.9015625
6 0.4265625 0.571875 0.39531250000000007 0.571875 0.39531250000000007 0.6140625 0.4265625 0.6140625
20 0.73125 0.5578125 0.6625 0.5578125 0.6625 0.6000000000000001 0.73125 0.6000000000000002
57 0.3156250000000001 0.73125 0.2843750000000001 0.73125 0.2843750000000001 0.775 0.3156250000000001 0.775
48 0.615625 0.5609375 0.5859375 0.5609375 0.5859375 0.603125 0.615625 0.603125
21 0.3281250000000001 0.628125 0.2984375000000001 0.628125 0.2984375000000001 0.6703125 0.3281250000000001 0.6703125
12 0.65 0.6609375 0.61875 0.6609375 0.61875 0.70625 0.65 0.70625
5 0.38750000000000007 0.571875 0.3578125000000001 0.571875 0.3578125000000001 0.6171875 0.38750000000000007 0.6171875
47 0.5453125000000002 0.775 0.30156250000000007 0.775 0.30156250000000007 0.865625 0.5453125000000002 0.865625
49 0.19531250000000008 0.790625 0.15000000000000008 0.790625 0.15000000000000008 0.846875 0.19531250000000008 0.846875
25 0.453125 0.671875 0.4234375 0.671875 0.4234375 0.7140625 0.453125 0.7140625
13 0.2953125000000001 0.7859375 0.2515625000000001 0.7859375 0.2515625000000001 0.8578125 0.2953125000000001 0.8578125
59 0.4453125 0.6203125 0.415625 0.6203125 0.415625 0.6625 0.4453125 0.6625
19 0.3359375000000001 0.678125 0.3062500000000001 0.678125 0.3062500000000001 0.721875 0.3359375000000001 0.721875
0 0.5765625 0.5640625 0.5484375 0.5640625 0.5484375 0.60625 0.5765625 0.60625
43 0.2968750000000001 0.68125 0.2671875000000001 0.68125 0.2671875000000001 0.7234375 0.2968750000000001 0.7234375
58 0.2750000000000001 0.734375 0.2453125000000001 0.734375 0.2453125000000001 0.7765625 0.2750000000000001 0.7765625
39 0.675 0.609375 0.6453125 0.609375 0.6453125 0.653125 0.675 0.653125
38 0.6 0.6140625 0.5703125 0.6140625 0.5703125 0.6546875 0.6 0.6546875
32 0.23437500000000008 0.734375 0.20468750000000008 0.734375 0.20468750000000008 0.7796875 0.23437500000000008 0.7796875
3 0.3109375000000001 0.5765625 0.2812500000000001 0.5765625 0.2812500000000001 0.6203125 0.3109375000000001 0.6203125
40 0.5937500000000001 0.7171875 0.5640625 0.7171875 0.5640625000000001 0.7625 0.5937500000000002 0.7625
4 0.3500000000000001 0.5734375 0.3187500000000001 0.5734375 0.3187500000000001 0.61875 0.3500000000000001 0.61875
35 0.4750000000000001 0.725 0.4453125 0.725 0.4453125000000001 0.7671875 0.4750000000000002 0.7671875
10 0.2578125000000001 0.6828125 0.22812500000000008 0.6828125 0.22812500000000008 0.725 0.2578125000000001 0.725
14 0.5968750000000002 0.771875 0.5531250000000002 0.771875 0.5531250000000002 0.8515625 0.5968750000000002 0.8515625
8 0.5 0.5671875 0.471875 0.5671875 0.471875 0.6109375 0.5 0.6109375
33 0.5140625000000001 0.721875 0.4828125 0.721875 0.4828125000000001 0.7671875 0.5140625000000002 0.7671875
24 0.4140625 0.6734375 0.3843750000000001 0.6734375 0.3843750000000001 0.7171875 0.4140625 0.7171875
26 0.6890625 0.659375 0.6578125 0.659375 0.6578125 0.7046875 0.6890625 0.7046875
53 0.4828125 0.61875 0.4546875 0.61875 0.4546875 0.659375 0.4828125 0.659375
52 0.21250000000000008 0.634375 0.1625000000000001 0.634375 0.1625000000000001 0.675 0.21250000000000008 0.675
44 0.19687500000000008 0.7375 0.1531250000000001 0.7375 0.1531250000000001 0.7828125 0.19687500000000008 0.7828125
37 0.6109375 0.6625 0.58125 0.6625 0.58125 0.7078125 0.6109375 0.7078125
17 0.19687500000000008 0.5828125 0.1671875000000001 0.5828125 0.1671875000000001 0.625 0.19687500000000008 0.625
56 0.2890625000000001 0.6296875 0.2593750000000001 0.6296875 0.2593750000000001 0.6703125 0.2890625000000001 0.6703125
41 0.2515625000000001 0.63125 0.2218750000000001 0.63125 0.2218750000000001 0.6734375 0.2515625000000001 0.6734375
51 0.40625 0.6234375 0.3781250000000001 0.6234375 0.3781250000000001 0.6640625 0.40625 0.6640625
29 0.53125 0.66875 0.503125 0.66875 0.503125 0.7109375 0.53125 0.7109375
2 0.2734375000000001 0.5796875 0.24375000000000008 0.5796875 0.24375000000000008 0.621875 0.2734375000000001 0.621875
28 0.4921875 0.6703125 0.4625 0.6703125 0.4625 0.7125 0.4921875 0.7125
22 0.7375 0.6062500000000001 0.684375 0.60625 0.684375 0.7046875000000001 0.7375 0.7046875000000001
46 0.7421875000000001 0.7125000000000001 0.6421875 0.7125 0.6421875000000001 0.7578125000000001 0.7421875000000002 0.7578125000000002
45 0.21250000000000008 0.6859375 0.1593750000000001 0.6859375 0.1593750000000001 0.728125 0.21250000000000008 0.728125
15 0.43437500000000007 0.725 0.403125 0.725 0.40312500000000007 0.7703125 0.4343750000000002 0.7703125
36 0.5609375 0.615625 0.53125 0.615625 0.53125 0.65625 0.5609375 0.65625
23 0.3750000000000001 0.6765625 0.3453125000000001 0.6765625 0.3453125000000001 0.7203125 0.3750000000000001 0.7203125