33 0.4375 0.3937500000000001 0.3843750000000001 0.3937500000000001 0.3843750000000001 0.428125 0.4375 0.428125
34 0.43125 0.5140625 0.3812500000000001 0.5140625 0.3812500000000001 0.55 0.43125 0.55
9 0.6078125 0.4265625 0.5546875 0.4265625 0.5546875 0.4640625 0.6078125 0.4640625
31 0.490625 0.45625 0.440625 0.45625 0.440625 0.490625 0.490625 0.490625
10 0.503125 0.11406250000000004 0.45 0.11406250000000004 0.45 0.15156250000000004 0.503125 0.15156250000000004
48 0.6015625 0.50625 0.5515625 0.50625 0.5515625 0.54375 0.6015625 0.54375
20 0.5984375 0.5875 0.5453125 0.5875 0.5453125 0.665625 0.5984375 0.665625
14 0.3765625000000001 0.4578125 0.3234375000000001 0.4578125 0.3234375000000001 0.5078125 0.3765625000000001 0.5078125
32 0.44375 0.09062500000000004 0.390625 0.09062500000000004 0.390625 0.13281250000000006 0.44375 0.13281250000000006
6 0.6140625 0.3031250000000001 0.5609375 0.3031250000000001 0.5609375 0.34062500000000007 0.6140625 0.34062500000000007
22 0.54375 0.6046875 0.428125 0.6046875 0.428125 0.6609375 0.54375 0.6609375
58 0.4421875 0.13593750000000004 0.3890625 0.13593750000000004 0.3890625 0.17656250000000004 0.4421875 0.17656250000000004
25 0.4953125 0.33281250000000007 0.4453125 0.33281250000000007 0.4453125 0.3656250000000001 0.4953125 0.3656250000000001
36 0.5484375 0.44375 0.4953125 0.44375 0.4953125 0.48125 0.5484375 0.48125
59 0.5546875 0.3234375000000001 0.5015625 0.3234375000000001 0.5015625 0.35625000000000007 0.5546875 0.35625000000000007
45 0.503125 0.03593750000000006 0.45 0.03593750000000005 0.45 0.11093750000000005 0.503125 0.11093750000000005
40 0.4328125 0.475 0.3859375000000001 0.475 0.3859375000000001 0.5078125 0.4328125 0.5078125
11 0.6 0.54375 0.546875 0.54375 0.546875 0.584375 0.6 0.584375
30 0.7437500000000001 0.015625000000000062 0.2875 0.015625000000000035 0.28750000000000003 0.971875 0.7437500000000001 0.971875
42 0.5578125 0.2375000000000001 0.5046875 0.2375000000000001 0.5046875 0.2718750000000001 0.5578125 0.2718750000000001
43 0.5 0.15937500000000004 0.446875 0.15937500000000004 0.446875 0.19687500000000005 0.5 0.19687500000000005
50 0.37187500000000007 0.609375 0.3187500000000001 0.609375 0.3187500000000001 0.6609375 0.37187500000000007 0.6609375
55 0.440625 0.2687500000000001 0.3875 0.2687500000000001 0.3875 0.3046875000000001 0.440625 0.3046875000000001
15 0.4390625 0.30937500000000007 0.3859375 0.30937500000000007 0.3859375 0.3453125000000001 0.4390625 0.3453125000000001
41 0.5625 0.10312500000000006 0.509375 0.10312500000000005 0.509375 0.14375000000000007 0.5625 0.1437500000000001
28 0.49375 0.3750000000000001 0.44375 0.3750000000000001 0.44375 0.40625 0.49375 0.40625
12 0.4875 0.534375 0.434375 0.534375 0.434375 0.5703125 0.4875 0.5703125
3 0.6203125 0.1703125000000001 0.5640625 0.1703125000000001 0.5640625 0.21250000000000008 0.6203125 0.21250000000000008
24 0.4953125 0.2921875000000001 0.4453125 0.2921875000000001 0.4453125 0.3234375000000001 0.4953125 0.3234375000000001
5 0.6140625 0.2593750000000001 0.5609375 0.2593750000000001 0.5609375 0.2953125000000001 0.6140625 0.2953125000000001
56 0.5609375 0.14843750000000006 0.5078125 0.14843750000000006 0.5078125 0.18906250000000008 0.5609375 0.18906250000000008
7 0.609375 0.3453125000000001 0.559375 0.3453125000000001 0.559375 0.37968750000000007 0.609375 0.37968750000000007
44 0.44375 0.03437500000000005 0.390625 0.034375000000000044 0.390625 0.08750000000000005 0.44375 0.08750000000000005
29 0.490625 0.4125 0.440625 0.4125 0.440625 0.4484375 0.490625 0.4484375
57 0.4421875 0.18125000000000005 0.3890625 0.18125000000000005 0.3890625 0.21875000000000008 0.4421875 0.21875000000000008
53 0.553125 0.3656250000000001 0.5 0.3656250000000001 0.5 0.3984375000000001 0.553125 0.3984375000000001
49 0.38125 0.034375000000000044 0.328125 0.034375000000000044 0.328125 0.08437500000000005 0.38125 0.08437500000000005
13 0.3828125 0.14687500000000003 0.3265625 0.14687500000000003 0.3265625 0.20000000000000004 0.3828125 0.2000000000000001
47 0.37968750000000007 0.20156250000000003 0.3234375 0.2015625 0.32343750000000004 0.4546875 0.37968750000000007 0.4546875
27 0.5515625 0.40625 0.5015625 0.40625 0.5015625 0.440625 0.5515625 0.440625
8 0.609375 0.3859375000000001 0.55625 0.3859375000000001 0.55625 0.4203125 0.609375 0.4203125
2 0.621875 0.12656250000000008 0.56875 0.12656250000000008 0.56875 0.1687500000000001 0.621875 0.1687500000000001
35 0.4359375 0.3531250000000001 0.3859375 0.3531250000000001 0.38593750000000004 0.38750000000000007 0.4359375 0.38750000000000007
46 0.4296875 0.5546875 0.37968750000000007 0.5546875 0.37968750000000007 0.6546875 0.4296875 0.6546875
37 0.4875 0.4953125 0.4375 0.4953125 0.4375 0.5296875 0.4875 0.5296875
1 0.625 0.08125000000000007 0.56875 0.08125000000000007 0.56875 0.1218750000000001 0.625 0.1218750000000001
38 0.5484375 0.4859375 0.4953125 0.4859375 0.4953125 0.5203125 0.5484375 0.5203125
4 0.61875 0.2171875000000001 0.5625 0.2171875000000001 0.5625 0.25468750000000007 0.61875 0.25468750000000007
39 0.54375 0.565625 0.490625 0.565625 0.490625 0.6 0.54375 0.6
17 0.628125 0.03437500000000007 0.571875 0.034375000000000065 0.571875 0.07812500000000007 0.628125 0.07812500000000007
18 0.434375 0.4328125 0.3812500000000001 0.4328125 0.3812500000000001 0.4671875 0.434375 0.4671875
21 0.5609375 0.19218750000000007 0.5046875 0.19218750000000004 0.5046875 0.2328125000000001 0.5609375 0.2328125000000001
51 0.55625 0.2812500000000001 0.50625 0.2812500000000001 0.50625 0.3140625000000001 0.55625 0.3140625000000001
23 0.496875 0.2500000000000001 0.45 0.2500000000000001 0.45 0.2812500000000001 0.496875 0.2812500000000001
52 0.5625 0.03750000000000007 0.509375 0.03750000000000007 0.509375 0.09687500000000007 0.5625 0.09687500000000007
0 0.6046875 0.4671875 0.5515625 0.4671875 0.5515625 0.5046875 0.6046875 0.5046875
16 0.440625 0.2234375000000001 0.3875 0.2234375000000001 0.3875 0.2609375000000001 0.440625 0.2609375000000001
54 0.5453125 0.5265625 0.4921875 0.5265625 0.4921875 0.5625 0.5453125 0.5625
26 0.4859375 0.5734375 0.4328125 0.5734375 0.4328125 0.6109375 0.4859375 0.6109375
19 0.4984375 0.20312500000000008 0.4484375 0.20312500000000008 0.4484375 0.2390625000000001 0.4984375 0.2390625000000001