38 0.49375 0.4234375 0.465625 0.4234375 0.465625 0.4671875 0.49375 0.4671875
33 0.4046875 0.540625 0.3734375000000001 0.540625 0.3734375000000001 0.5890625 0.4046875 0.5890625
59 0.3296875000000001 0.428125 0.3031250000000001 0.428125 0.3031250000000001 0.4734375 0.3296875000000001 0.4734375
50 0.6421875 0.5921875 0.5984375 0.5921875 0.5984375 0.640625 0.6421875 0.640625
53 0.3734375000000001 0.425 0.3437500000000001 0.425 0.3437500000000001 0.471875 0.3734375000000001 0.471875
9 0.4328125 0.3671875000000001 0.4015625 0.3671875000000001 0.4015625 0.4140625 0.4328125 0.4140625
6 0.3109375000000001 0.3703125 0.2812500000000001 0.3703125 0.2812500000000001 0.4171875 0.3109375000000001 0.4171875
1 0.10312500000000005 0.3734375 0.07343750000000004 0.3734375 0.07343750000000004 0.421875 0.10312500000000005 0.421875
13 0.1750000000000001 0.60625 0.13281250000000008 0.60625 0.13281250000000008 0.65625 0.1750000000000001 0.65625
42 0.2500000000000001 0.4296875 0.21875000000000008 0.4296875 0.21875000000000008 0.475 0.2500000000000001 0.475
55 0.2796875000000001 0.5453125 0.2484375000000001 0.5453125 0.2484375000000001 0.5921875 0.2796875000000001 0.5921875
7 0.3515625000000001 0.3703125 0.3218750000000001 0.3703125 0.3218750000000001 0.4140625 0.3515625000000001 0.4140625
5 0.2687500000000001 0.371875 0.2390625000000001 0.371875 0.2390625000000001 0.41875 0.2687500000000001 0.41875
25 0.3421875000000001 0.4859375 0.3125000000000001 0.4859375 0.3125000000000001 0.5328125 0.3421875000000001 0.5328125
18 0.44375 0.540625 0.4140625 0.540625 0.4140625 0.5875 0.44375 0.5875
45 0.09218750000000006 0.490625 0.031250000000000056 0.490625 0.03125000000000006 0.540625 0.09218750000000006 0.540625
8 0.3921875000000001 0.36875 0.3625000000000001 0.36875 0.3625000000000001 0.4140625 0.3921875000000001 0.4140625
34 0.5265625 0.5375 0.496875 0.5375 0.496875 0.584375 0.5265625 0.584375
49 0.07031250000000008 0.6109375 0.02656250000000008 0.6109375 0.02656250000000008 0.6609375 0.07031250000000008 0.6609375
35 0.3625000000000001 0.5421875 0.33281250000000007 0.5421875 0.33281250000000007 0.590625 0.3625000000000001 0.590625
56 0.16562500000000005 0.43125 0.13593750000000004 0.43125 0.13593750000000004 0.478125 0.16562500000000005 0.478125
36 0.4546875 0.4234375 0.425 0.4234375 0.425 0.46875 0.4546875 0.46875
39 0.575 0.4203125 0.5453125 0.4203125 0.5453125 0.465625 0.575 0.465625
29 0.4234375 0.4828125 0.3937500000000001 0.4828125 0.3937500000000001 0.53125 0.4234375 0.53125
40 0.484375 0.5390625 0.45625 0.5390625 0.45625 0.584375 0.484375 0.584375
57 0.19531250000000008 0.546875 0.16562500000000008 0.546875 0.16562500000000008 0.59375 0.19531250000000008 0.59375
14 0.4875 0.596875 0.4453125 0.596875 0.4453125 0.6453125 0.4875 0.6453125
23 0.2578125000000001 0.4875 0.2296875000000001 0.4875 0.2296875000000001 0.5359375 0.2578125000000001 0.5359375
22 0.6375 0.415625 0.584375 0.415625 0.584375 0.5234375 0.6375 0.5234375
0 0.4734375 0.3656250000000001 0.44375 0.3656250000000001 0.44375 0.4125 0.4734375 0.4125
20 0.6328125 0.3593750000000001 0.5640625 0.3593750000000001 0.5640625 0.4078125 0.6328125 0.4078125
32 0.11093750000000009 0.55 0.08125000000000007 0.55 0.08125000000000007 0.5984375 0.11093750000000009 0.5984375
28 0.3828125000000001 0.4828125 0.3531250000000001 0.4828125 0.3531250000000001 0.5296875 0.3828125000000001 0.5296875
4 0.22812500000000008 0.371875 0.19843750000000004 0.371875 0.19843750000000004 0.41875 0.22812500000000008 0.41875
54 0.534375 0.421875 0.50625 0.421875 0.50625 0.4671875 0.534375 0.4671875
2 0.14531250000000004 0.375 0.11562500000000005 0.375 0.11562500000000005 0.4203125 0.14531250000000004 0.4203125
44 0.07187500000000006 0.5515625 0.026562500000000065 0.5515625 0.026562500000000072 0.6 0.07187500000000006 0.6
19 0.2171875000000001 0.4875 0.18750000000000006 0.4875 0.18750000000000006 0.5359375 0.2171875000000001 0.5359375
15 0.3203125000000001 0.54375 0.2890625000000001 0.54375 0.2890625000000001 0.590625 0.3203125000000001 0.590625
26 0.5859375 0.478125 0.5546875 0.478125 0.5546875 0.5265625 0.5859375 0.5265625
58 0.1531250000000001 0.5484375 0.12500000000000008 0.5484375 0.12500000000000008 0.596875 0.1531250000000001 0.596875
30 0.959375 0.27656250000000004 0.025000000000000033 0.2765625 0.02500000000000006 0.6859375000000001 0.959375 0.6859375000000002
16 0.2375000000000001 0.546875 0.2078125000000001 0.546875 0.2078125000000001 0.59375 0.2375000000000001 0.59375
21 0.2062500000000001 0.4296875 0.17656250000000004 0.4296875 0.17656250000000004 0.478125 0.2062500000000001 0.478125
43 0.17656250000000004 0.4890625 0.14687500000000003 0.4890625 0.14687500000000003 0.5375 0.17656250000000004 0.5375
27 0.4125 0.425 0.3843750000000001 0.425 0.3843750000000001 0.46875 0.4125 0.46875
37 0.5046875 0.4796875 0.4765625 0.4796875 0.4765625 0.5265625 0.5046875 0.5265625
47 0.4359375 0.6015625 0.1843750000000001 0.6015625 0.1843750000000001 0.653125 0.4359375 0.653125
41 0.12500000000000006 0.434375 0.09531250000000005 0.434375 0.09531250000000005 0.48125 0.12500000000000006 0.48125
24 0.3000000000000001 0.4859375 0.27031250000000007 0.4859375 0.27031250000000007 0.5328125 0.3000000000000001 0.5328125
48 0.5140625 0.36406250000000007 0.484375 0.36406250000000007 0.484375 0.4109375 0.5140625 0.4109375
51 0.2890625000000001 0.428125 0.2609375000000001 0.428125 0.2609375000000001 0.4734375 0.2890625000000001 0.4734375
3 0.18593750000000003 0.371875 0.15625000000000006 0.371875 0.15625000000000006 0.41875 0.18593750000000003 0.41875
17 0.06093750000000005 0.3734375 0.03125000000000004 0.3734375 0.03125000000000005 0.421875 0.06093750000000005 0.421875
31 0.4625 0.4796875 0.4359375 0.4796875 0.4359375 0.528125 0.4625 0.528125
52 0.08281250000000005 0.434375 0.029687500000000054 0.434375 0.029687500000000054 0.4828125 0.08281250000000007 0.4828125
10 0.13437500000000005 0.490625 0.10468750000000004 0.490625 0.10468750000000004 0.5390625 0.13437500000000005 0.5390625
46 0.6390625 0.534375 0.5359375 0.534375 0.5359375 0.5828125 0.6390625 0.5828125
11 0.553125 0.3593750000000001 0.521875 0.3593750000000001 0.521875 0.409375 0.553125 0.409375
12 0.546875 0.478125 0.515625 0.478125 0.515625 0.525 0.546875 0.525