36 0.475 0.521875 0.4265625 0.521875 0.4265625 0.55625 0.475 0.55625
13 0.6703125000000002 0.8375 0.6171875000000002 0.8375 0.6171875000000002 0.8875 0.6703125000000002 0.8875
19 0.5390625000000002 0.784375 0.4890625000000002 0.784375 0.4890625000000002 0.81875 0.5390625000000002 0.81875
7 0.4140625 0.6328125 0.36406250000000007 0.6328125 0.36406250000000007 0.6640625 0.4140625 0.6640625
5 0.4171875000000001 0.721875 0.3671875000000001 0.721875 0.3671875000000001 0.7546875 0.41718750000000016 0.7546875
58 0.6031250000000001 0.8578125 0.5531250000000002 0.8578125 0.5531250000000002 0.8921875 0.6031250000000001 0.8921875
20 0.4125 0.32500000000000007 0.359375 0.325 0.35937500000000006 0.4 0.4125 0.4
22 0.5359375 0.3218750000000001 0.4234375 0.3218750000000001 0.4234375 0.37968750000000007 0.5359375 0.37968750000000007
35 0.6 0.628125 0.55 0.628125 0.55 0.6625 0.6 0.6625
56 0.47968750000000016 0.8359375 0.42968750000000017 0.8359375 0.42968750000000017 0.8703125 0.47968750000000016 0.8703125
42 0.4781250000000002 0.746875 0.4281250000000002 0.746875 0.4281250000000002 0.78125 0.4781250000000002 0.78125
6 0.4171875 0.6765625 0.3671875000000001 0.6765625 0.3671875000000001 0.7109375 0.4171875 0.7109375
11 0.4125 0.4125 0.3656250000000001 0.4125 0.3656250000000001 0.44375 0.4125 0.44375
27 0.475 0.5671875 0.428125 0.5671875 0.428125 0.6015625 0.475 0.6015625
44 0.6062500000000002 0.9484375 0.5546875000000002 0.9484375 0.5546875000000002 0.996875 0.6062500000000002 0.996875
38 0.4734375 0.478125 0.4265625 0.478125 0.4265625 0.5109375 0.4734375 0.5109375
57 0.6015625000000002 0.8109375 0.5515625000000002 0.8109375 0.5515625000000002 0.846875 0.6015625000000002 0.846875
10 0.5421875000000002 0.875 0.49218750000000017 0.875 0.49218750000000017 0.909375 0.5421875000000002 0.909375
21 0.47968750000000016 0.7921875 0.4281250000000002 0.7921875 0.4281250000000002 0.8265625 0.47968750000000016 0.8265625
51 0.4765625000000001 0.7 0.4265625 0.7 0.42656250000000007 0.734375 0.47656250000000017 0.734375
23 0.5390625000000002 0.740625 0.4890625000000002 0.740625 0.4890625000000002 0.7734375 0.5390625000000002 0.7734375
30 0.7109375000000001 5.893612720896638e-17 0.2515625 3.080752104105061e-17 0.2515625 1 0.7109375000000002 1
33 0.6 0.58125 0.55 0.58125 0.55 0.615625 0.6 0.615625
26 0.534375 0.3765625000000001 0.4859375 0.3765625000000001 0.4859375 0.4109375 0.534375 0.4109375
59 0.478125 0.65625 0.428125 0.65625 0.428125 0.690625 0.478125 0.690625
16 0.6031250000000001 0.765625 0.5531250000000002 0.765625 0.5531250000000002 0.8 0.6031250000000001 0.8
8 0.415625 0.5875 0.3656250000000001 0.5875 0.3656250000000001 0.6203125 0.415625 0.6203125
39 0.4734375 0.3890625000000001 0.425 0.3890625000000001 0.425 0.421875 0.4734375 0.421875
24 0.5390625 0.69375 0.4890625 0.69375 0.4890625 0.725 0.5390625 0.725
37 0.5359375 0.4671875 0.4875 0.4671875 0.4875 0.5 0.5359375 0.5
25 0.5375 0.6484375 0.4875 0.6484375 0.4875 0.68125 0.5375 0.68125
55 0.6000000000000001 0.7203125 0.5515625 0.7203125 0.5515625000000001 0.7546875 0.6000000000000002 0.7546875
0 0.4140625 0.4984375 0.3671875000000001 0.4984375 0.3671875000000001 0.53125 0.4140625 0.53125
43 0.5421875000000002 0.8296875 0.4906250000000002 0.8296875 0.4906250000000002 0.8640625 0.5421875000000002 0.8640625
48 0.4140625 0.4546875 0.3671875000000001 0.4546875 0.3671875000000001 0.4875 0.4140625 0.4875
12 0.5359375 0.421875 0.4859375 0.421875 0.4859375 0.45625 0.5359375 0.45625
4 0.4156250000000002 0.7671875 0.3656250000000001 0.7671875 0.3656250000000001 0.7984375 0.4156250000000002 0.7984375
18 0.5984375 0.5359375 0.5484375 0.5359375 0.5484375 0.5703125 0.5984375 0.5703125
53 0.478125 0.6109375 0.428125 0.6109375 0.428125 0.6453125 0.478125 0.6453125
3 0.4187500000000002 0.8109375 0.3703125000000001 0.8109375 0.3703125000000001 0.84375 0.4187500000000002 0.84375
45 0.5437500000000002 0.91875 0.49218750000000017 0.91875 0.49218750000000017 0.9890625 0.5437500000000002 0.9890625
49 0.6718750000000002 0.9546875 0.6203125000000002 0.9546875 0.6203125000000002 1 0.6718750000000002 1
47 0.6703125000000001 0.5484375 0.6140625 0.5484375 0.6140625000000001 0.8328125 0.6703125000000002 0.8328125
50 0.6640625 0.31718750000000007 0.609375 0.31718750000000007 0.609375 0.3671875000000001 0.6640625 0.3671875000000001
46 0.596875 0.3218750000000001 0.546875 0.3218750000000001 0.546875 0.4328125 0.596875 0.4328125
54 0.4734375 0.4328125 0.425 0.4328125 0.425 0.4671875 0.4734375 0.4671875
52 0.4828125000000002 0.925 0.43281250000000016 0.925 0.43281250000000016 0.9828125 0.4828125000000002 0.9828125
40 0.596875 0.490625 0.55 0.490625 0.55 0.525 0.596875 0.525
32 0.6046875000000002 0.903125 0.5546875000000002 0.903125 0.5546875000000002 0.9390625 0.6046875000000002 0.9390625
31 0.5375 0.5140625 0.4875 0.5140625 0.4875 0.5453125 0.5375 0.5453125
28 0.5375 0.6015625 0.4875 0.6015625 0.4875 0.6359375 0.5375 0.6359375
1 0.4187500000000002 0.9 0.3703125000000001 0.9 0.3703125000000001 0.9328125 0.4187500000000002 0.9328125
29 0.5375 0.55625 0.4875 0.55625 0.4875 0.590625 0.5375 0.590625
15 0.603125 0.6734375 0.5515625 0.6734375 0.5515625 0.7078125 0.603125 0.7078125
17 0.4187500000000002 0.94375 0.3703125000000001 0.94375 0.3703125000000001 0.9765625 0.4187500000000002 0.9765625
41 0.4812500000000002 0.88125 0.4281250000000002 0.88125 0.4281250000000002 0.915625 0.4812500000000002 0.915625
34 0.596875 0.4453125 0.5484375 0.4453125 0.5484375 0.4796875 0.596875 0.4796875
9 0.4140625 0.54375 0.36406250000000007 0.54375 0.36406250000000007 0.5765625 0.4140625 0.5765625
2 0.4187500000000002 0.85625 0.3703125000000001 0.85625 0.3703125000000001 0.8875 0.4187500000000002 0.8875
14 0.6640625 0.4921875 0.6109375 0.4921875 0.6109375 0.5390625 0.6640625 0.5390625