53 0.4140625 0.5125 0.3625000000000001 0.5125 0.3625000000000001 0.6328125 0.4140625 0.6328125
10 0.048437500000000085 0.6484375 7.941069088221118e-17 0.6484375 8.687338231451536e-17 0.7703125 0.04843750000000009 0.7703125
38 0.6046875 0.5125 0.5515625 0.5125 0.5515625 0.6328125 0.6046875 0.6328125
9 0.5109375 0.3750000000000001 0.4578125 0.3750000000000001 0.4578125 0.4984375 0.5109375 0.4984375
13 0.11250000000000013 0.934375 0.050000000000000114 0.934375 0.05000000000000012 1 0.11250000000000013 1
26 0.7437500000000001 0.6484375000000001 0.690625 0.6484375 0.690625 0.7734375000000001 0.7437500000000001 0.7734375000000002
42 0.2234375000000001 0.5125 0.17343750000000005 0.5125 0.17343750000000008 0.6328125 0.2234375000000001 0.6328125
33 0.4625000000000002 0.7875 0.4078125000000002 0.7875 0.4078125000000002 0.9109375 0.4625000000000002 0.9109375
5 0.2578125000000001 0.3734375 0.2062500000000001 0.3734375 0.2062500000000001 0.4953125 0.2578125000000001 0.4953125
54 0.6671875 0.5125 0.6140625 0.5125 0.6140625 0.634375 0.6671875 0.634375
18 0.5234375000000002 0.7875 0.46875000000000017 0.7875 0.46875000000000017 0.9078125 0.5234375000000002 0.9078125
2 0.06562500000000006 0.371875 0.014062500000000044 0.371875 0.014062500000000052 0.4984375 0.06562500000000007 0.4984375
25 0.3656250000000001 0.6484375 0.3140625000000001 0.6484375 0.3140625000000001 0.7734375 0.3656250000000001 0.7734375
34 0.6515625000000002 0.7875 0.5953125000000001 0.7875 0.5953125000000001 0.9078125 0.6515625000000002 0.9078125
55 0.2718750000000001 0.7890625 0.21875000000000008 0.7890625 0.21875000000000008 0.9078125 0.2718750000000001 0.9078125
19 0.1765625000000001 0.6484375 0.12500000000000008 0.6484375 0.12500000000000008 0.7703125 0.1765625000000001 0.7703125
3 0.13125000000000003 0.3734375 0.07656250000000005 0.3734375 0.07656250000000006 0.5 0.13125000000000003 0.5
56 0.09843750000000007 0.5125 0.04687500000000007 0.5125 0.04687500000000007 0.6328125 0.09843750000000007 0.6328125
57 0.1437500000000001 0.7890625 0.09218750000000009 0.7890625 0.0921875000000001 0.909375 0.14375000000000013 0.909375
37 0.6187500000000001 0.6484375 0.565625 0.6484375 0.565625 0.7734375 0.6187500000000001 0.7734375
50 0.825 0.9328125 0.7578125000000002 0.9328125 0.7578125000000002 1 0.825 1
41 0.035937500000000074 0.5125 6.276314845630185e-17 0.5125 7.032151541978942e-17 0.6359375 0.03593750000000008 0.6359375
30 1 0.15156250000000007 1.8561053049577072e-17 0.1515625 7.051286648215619e-17 1 1 1
16 0.2078125000000001 0.7875 0.1546875000000001 0.7875 0.15468750000000012 0.9078125 0.2078125000000001 0.9078125
39 0.73125 0.5125000000000001 0.6765625 0.5125 0.6765625 0.6359375 0.73125 0.6359375000000002
48 0.6375 0.3750000000000001 0.584375 0.3750000000000001 0.584375 0.5 0.6375 0.5
23 0.2375000000000001 0.6484375 0.18750000000000008 0.6484375 0.18750000000000008 0.76875 0.2375000000000001 0.76875
6 0.3218750000000001 0.3734375 0.27031250000000007 0.3734375 0.27031250000000007 0.4953125 0.3218750000000001 0.4953125
14 0.5859375000000002 0.9328125 0.5218750000000002 0.9328125 0.5218750000000002 1 0.5859375000000002 1
28 0.4281250000000001 0.6484375 0.3765625000000001 0.6484375 0.3765625000000001 0.771875 0.4281250000000002 0.771875
1 0.02500000000000005 0.3734375 4.573290390565898e-17 0.3734375 5.3099919806779773e-17 0.49375 0.025000000000000057 0.49375
20 0.825 0.37968750000000007 0.715625 0.37968750000000007 0.715625 0.5000000000000001 0.825 0.5000000000000002
17 0.02656250000000005 0.375 4.592425496802575e-17 0.375 5.338694640032993e-17 0.496875 0.026562500000000055 0.496875
36 0.540625 0.5109375 0.4875 0.5109375 0.4875 0.63125 0.540625 0.63125
11 0.6984375 0.37187500000000007 0.6484375 0.37187500000000007 0.6484375 0.49375 0.6984375 0.49375
59 0.3515625000000001 0.5125 0.2984375000000001 0.5125 0.2984375000000001 0.6328125 0.3515625000000001 0.6328125
7 0.3828125000000001 0.37500000000000006 0.3312500000000001 0.375 0.3312500000000001 0.5 0.3828125000000001 0.5
29 0.4921875000000001 0.6484375 0.440625 0.6484375 0.4406250000000001 0.7734375 0.49218750000000017 0.7734375
0 0.5765625 0.3750000000000001 0.5203125 0.3750000000000001 0.5203125 0.5015625 0.5765625 0.5015625
46 0.8234375 0.7968750000000001 0.6656250000000001 0.796875 0.6656250000000001 0.909375 0.8234375 0.909375
49 0.03281250000000012 0.934375 1.144279352953308e-16 0.934375 1.1844630760503306e-16 1 0.03281250000000012 1
35 0.3984375000000001 0.7875 0.3437500000000001 0.7875 0.3437500000000001 0.909375 0.3984375000000001 0.909375
44 0.032812500000000105 0.796875 9.758904180705471e-17 0.796875 1.0457335558344195e-16 0.9109375 0.03281250000000011 0.9109375
27 0.4765625 0.5125 0.4265625 0.5125 0.4265625 0.628125 0.4765625 0.628125
52 0.04062500000000007 0.515625 6.31458505810354e-17 0.515625 7.041719095097281e-17 0.634375 0.04062500000000008 0.634375
22 0.8296875 0.5109375000000002 0.740625 0.5109375000000002 0.7406250000000001 0.7781250000000002 0.8296875 0.7781250000000002
8 0.446875 0.3750000000000001 0.3921875000000001 0.3750000000000001 0.3921875000000001 0.5015625 0.446875 0.5015625
4 0.19531250000000006 0.375 0.14375000000000004 0.375 0.14375000000000004 0.4984375 0.19531250000000006 0.4984375
45 0.04843750000000009 0.6546875 8.017609513167828e-17 0.6546875 8.735175997043229e-17 0.771875 0.0484375000000001 0.771875
40 0.5875000000000001 0.7890625 0.5343750000000002 0.7890625 0.5343750000000002 0.9078125 0.5875000000000001 0.9078125
58 0.0812500000000001 0.7890625 0.0296875000000001 0.7890625 0.029687500000000106 0.9078125 0.08125000000000011 0.9078125
24 0.30156250000000007 0.6484375 0.2500000000000001 0.6484375 0.2500000000000001 0.771875 0.30156250000000007 0.771875
43 0.11250000000000009 0.65 0.06093750000000009 0.65 0.06093750000000009 0.7734375 0.11250000000000009 0.7734375
31 0.5546875000000001 0.6484375 0.503125 0.6484375 0.503125 0.771875 0.5546875000000002 0.771875
12 0.6828125 0.6484375 0.6296875 0.6484375 0.6296875000000001 0.7734375 0.6828125000000002 0.7734375
51 0.28593750000000007 0.5125 0.23593750000000008 0.5125 0.23593750000000008 0.6328125 0.28593750000000007 0.6328125
47 0.5125000000000002 0.93125 0.12031250000000013 0.93125 0.12031250000000013 1 0.5125000000000002 1
15 0.3359375000000001 0.7875 0.2812500000000001 0.7875 0.2812500000000001 0.909375 0.3359375000000001 0.909375
21 0.16093750000000007 0.5109375 0.10937500000000004 0.5109375 0.10937500000000007 0.634375 0.1609375000000001 0.634375
32 0.026562500000000107 0.7875 9.644093543285407e-17 0.7875 1.0390362686515826e-16 0.909375 0.02656250000000011 0.909375