36 0.509375 0.2953125000000001 0.471875 0.2953125000000001 0.471875 0.3437500000000001 0.509375 0.3437500000000001
53 0.4125 0.2921875000000001 0.3765625 0.2921875000000001 0.3765625 0.34062500000000007 0.4125 0.34062500000000007
29 0.471875 0.3578125000000001 0.434375 0.3578125000000001 0.434375 0.4078125 0.471875 0.4078125
46 0.728125 0.4234375000000001 0.603125 0.4234375 0.603125 0.4750000000000001 0.728125 0.4750000000000002
10 0.12500000000000006 0.35 0.09062500000000004 0.35 0.09062500000000004 0.4046875 0.12500000000000006 0.4046875
58 0.14531250000000004 0.4125 0.10937500000000004 0.4125 0.10937500000000004 0.465625 0.14531250000000004 0.465625
13 0.16718750000000004 0.4765625 0.11562500000000005 0.4765625 0.11562500000000005 0.5296875 0.16718750000000004 0.5296875
54 0.603125 0.2953125000000001 0.5671875 0.2953125000000001 0.5671875 0.3468750000000001 0.603125 0.3468750000000001
7 0.3890625 0.22812500000000005 0.3546875 0.228125 0.3546875 0.27812500000000007 0.3890625 0.27812500000000007
21 0.2171875 0.2859375 0.17968750000000006 0.2859375 0.17968750000000006 0.3375 0.2171875 0.3375
14 0.54375 0.484375 0.49375 0.484375 0.49375 0.5375 0.54375 0.5375
30 1 0.14531250000000007 1.7795648800109975e-17 0.1453125 4.4489122000274946e-17 0.58125 1 0.5812500000000002
19 0.22343750000000004 0.353125 0.18906250000000005 0.353125 0.18906250000000005 0.403125 0.2234375000000001 0.403125
38 0.55625 0.2953125000000001 0.5203125 0.2953125000000001 0.5203125 0.3453125000000001 0.55625 0.3453125000000001
42 0.265625 0.2875 0.2296875 0.2875 0.2296875 0.3390625 0.265625 0.3390625
17 0.04687500000000003 0.225 0.010937500000000027 0.225 0.01093750000000003 0.2703125 0.046875000000000035 0.2703125
11 0.6296875 0.23437500000000008 0.590625 0.23437500000000008 0.590625 0.2875000000000001 0.6296875 0.2875000000000001
24 0.321875 0.3546875 0.2875 0.3546875 0.28750000000000003 0.4046875 0.3218750000000001 0.4046875
40 0.5421875 0.421875 0.50625 0.421875 0.50625 0.471875 0.5421875 0.471875
15 0.3453125000000001 0.415625 0.30937500000000007 0.415625 0.30937500000000007 0.465625 0.3453125000000001 0.465625
55 0.2953125000000001 0.415625 0.2593750000000001 0.415625 0.2593750000000001 0.4640625 0.2953125000000001 0.4640625
51 0.3140625 0.2875 0.2796875 0.2875 0.2796875 0.3375 0.3140625 0.3375
20 0.721875 0.2328125000000001 0.640625 0.2328125000000001 0.640625 0.2843750000000001 0.721875 0.2843750000000001
22 0.725 0.2968750000000001 0.6671875 0.2968750000000001 0.6671875 0.4140625 0.725 0.4140625
44 0.05000000000000006 0.4109375 5.032532940246154e-17 0.4109375 5.338694640032993e-17 0.4609375 0.050000000000000065 0.4609375
49 0.04531250000000006 0.4734375 5.79793718971325e-17 0.4734375 6.104098889500088e-17 0.5234375 0.04531250000000007 0.5234375
41 0.11875000000000005 0.284375 0.07968750000000005 0.284375 0.07968750000000005 0.3359375 0.11875000000000005 0.3359375
35 0.39531250000000007 0.41875 0.3593750000000001 0.41875 0.3593750000000001 0.4671875 0.39531250000000007 0.4671875
27 0.459375 0.2921875000000001 0.425 0.2921875000000001 0.425 0.3421875000000001 0.459375 0.3421875000000001
2 0.14531250000000004 0.225 0.10937500000000004 0.225 0.10937500000000004 0.2734375 0.14531250000000004 0.2734375
5 0.2921875 0.2296875 0.25625 0.2296875 0.25625 0.2796875 0.2921875 0.2796875
23 0.27343750000000006 0.353125 0.2390625 0.353125 0.23906250000000004 0.403125 0.2734375000000001 0.403125
6 0.340625 0.2296875 0.3046875 0.2296875 0.3046875 0.2796875 0.340625 0.2796875
9 0.4859375 0.2312500000000001 0.4484375 0.2312500000000001 0.4484375 0.2828125000000001 0.4859375 0.2828125000000001
3 0.19531250000000006 0.2234375 0.15781250000000005 0.2234375 0.15781250000000005 0.278125 0.19531250000000006 0.278125
52 0.06875000000000005 0.2828125 0.006250000000000033 0.2828125 0.006250000000000038 0.334375 0.06875000000000005 0.334375
4 0.2453125 0.2265625 0.2078125 0.2265625 0.2078125 0.2796875 0.2453125 0.2796875
16 0.2453125000000001 0.4140625 0.2093750000000001 0.4140625 0.2093750000000001 0.4640625 0.2453125000000001 0.4640625
59 0.3625 0.2890625 0.328125 0.2890625 0.328125 0.3390625 0.3625 0.3390625
50 0.7296875 0.4875000000000001 0.678125 0.4875 0.678125 0.5421875 0.7296875 0.5421875000000002
45 0.07812500000000004 0.3484375 0.0015625000000000424 0.3484375 0.0015625000000000458 0.4015625 0.07812500000000004 0.4015625
32 0.09843750000000005 0.4125 0.059375000000000046 0.4125 0.05937500000000005 0.4625 0.09843750000000007 0.4625
33 0.4453125 0.4203125 0.4078125 0.4203125 0.4078125 0.471875 0.4453125 0.471875
43 0.17656250000000004 0.3515625 0.14062500000000006 0.3515625 0.14062500000000006 0.403125 0.17656250000000004 0.403125
25 0.37343750000000003 0.35625000000000007 0.3375 0.35625 0.3375 0.40625 0.3734375000000001 0.40625
57 0.19531250000000006 0.415625 0.15781250000000005 0.415625 0.15781250000000005 0.465625 0.19531250000000006 0.465625
31 0.51875 0.3578125000000001 0.4828125 0.3578125000000001 0.4828125 0.4078125 0.51875 0.4078125
47 0.4828125 0.48125 0.17656250000000004 0.48125 0.17656250000000004 0.5328125 0.4828125 0.5328125
37 0.5671875 0.3593750000000001 0.53125 0.3593750000000001 0.53125 0.4109375 0.5671875 0.4109375
34 0.5921875 0.421875 0.5546875 0.421875 0.5546875 0.471875 0.5921875 0.471875
12 0.6171875 0.3593750000000001 0.5796875 0.3593750000000001 0.5796875 0.4109375 0.6171875 0.4109375
0 0.534375 0.23437500000000008 0.496875 0.23437500000000008 0.496875 0.28593750000000007 0.534375 0.28593750000000007
48 0.58125 0.23593750000000008 0.5453125 0.23593750000000008 0.5453125 0.2890625000000001 0.58125 0.2890625000000001
8 0.4375 0.2296875000000001 0.4 0.2296875000000001 0.4 0.2828125000000001 0.4375 0.2828125000000001
28 0.4203125 0.35625000000000007 0.384375 0.35625000000000007 0.384375 0.40625 0.4203125 0.40625
26 0.6640625 0.36406250000000007 0.628125 0.36406250000000007 0.628125 0.4140625 0.6640625 0.4140625
39 0.653125 0.2984375000000001 0.6140625 0.2984375000000001 0.6140625 0.34843750000000007 0.653125 0.34843750000000007
18 0.4953125 0.421875 0.4578125 0.421875 0.4578125 0.4703125 0.4953125 0.4703125
1 0.09531250000000004 0.221875 0.06093750000000002 0.221875 0.06093750000000003 0.2734375 0.09531250000000005 0.2734375
56 0.16875000000000004 0.2859375 0.13125000000000003 0.2859375 0.13125000000000003 0.3375 0.16875000000000004 0.3375