47 0.4750000000000001 0.5953125 0.4203125 0.5953125 0.4203125000000001 0.8984375 0.4750000000000002 0.8984375
4 0.7281250000000001 0.815625 0.6781250000000002 0.815625 0.6781250000000002 0.8515625 0.7281250000000001 0.8515625
21 0.6656250000000001 0.846875 0.6156250000000002 0.846875 0.6156250000000002 0.88125 0.6656250000000001 0.88125
48 0.7328125 0.5000000000000001 0.6828125 0.5 0.6828125 0.5359375000000001 0.7328125 0.5359375000000002
37 0.6078125 0.5140625 0.559375 0.5140625 0.559375 0.5484375 0.6078125 0.5484375
25 0.6062500000000001 0.7 0.55625 0.7 0.5562500000000001 0.734375 0.6062500000000002 0.734375
23 0.6031250000000001 0.79375 0.5546875000000002 0.79375 0.5546875000000002 0.8296875 0.6031250000000001 0.8296875
52 0.6640625000000002 0.9796875 0.6140625000000002 0.9796875 0.6140625000000002 1 0.6640625000000002 1
32 0.5375000000000002 0.965625 0.48437500000000017 0.965625 0.48437500000000017 1 0.5375000000000002 1
20 0.7359375 0.3656250000000001 0.6859375 0.3656250000000001 0.6859375 0.4468750000000001 0.7359375 0.4468750000000002
53 0.66875 0.6609375 0.61875 0.6609375 0.61875 0.6953125 0.66875 0.6953125
15 0.5421875000000002 0.728125 0.49218750000000017 0.728125 0.49218750000000017 0.765625 0.5421875000000002 0.765625
39 0.6734375 0.4328125 0.6234375 0.4328125 0.6234375 0.4671875 0.6734375 0.4671875
18 0.5421875 0.5859375 0.4953125 0.5859375 0.4953125 0.6203125 0.5421875 0.6203125
11 0.734375 0.4546875000000001 0.684375 0.4546875 0.684375 0.4906250000000001 0.734375 0.4906250000000002
3 0.7265625000000002 0.8609375 0.6781250000000002 0.8609375 0.6781250000000002 0.896875 0.7265625000000002 0.896875
22 0.6734375 0.3625000000000001 0.559375 0.3625000000000001 0.559375 0.425 0.6734375 0.425
26 0.6109375 0.421875 0.5609375 0.421875 0.5609375 0.45625 0.6109375 0.45625
31 0.6078125 0.5609375 0.559375 0.5609375 0.559375 0.59375 0.6078125 0.59375
46 0.5484375 0.3593750000000001 0.5 0.3593750000000001 0.5 0.478125 0.5484375 0.478125
55 0.5406250000000001 0.7765625 0.49218750000000017 0.7765625 0.49218750000000017 0.8140625 0.5406250000000001 0.8140625
8 0.73125 0.6359375 0.68125 0.6359375 0.68125 0.6718750000000001 0.73125 0.6718750000000002
2 0.7281250000000001 0.9046875 0.6781250000000002 0.9046875 0.6781250000000002 0.9421875 0.7281250000000001 0.9421875
7 0.7328125 0.6812500000000001 0.6796875 0.68125 0.6796875 0.7156250000000001 0.7328125 0.7156250000000002
34 0.5453125 0.4921875 0.4984375 0.4921875 0.4984375 0.525 0.5453125 0.525
16 0.5390625000000002 0.821875 0.4890625000000002 0.821875 0.4890625000000002 0.8625 0.5390625000000002 0.8625
1 0.7281250000000001 0.9515625 0.6750000000000002 0.9515625 0.6750000000000002 0.9875 0.7281250000000001 0.9875
45 0.6015625000000002 0.978125 0.5500000000000002 0.978125 0.5500000000000002 1 0.6015625000000002 1
33 0.54375 0.6328125 0.49375 0.6328125 0.49375 0.66875 0.54375 0.66875
59 0.6687500000000001 0.7078125 0.61875 0.7078125 0.6187500000000001 0.7421875 0.6687500000000002 0.7421875
50 0.48125 0.3546875000000001 0.43125 0.3546875000000001 0.43125 0.40625 0.48125 0.40625
14 0.4796875 0.5375 0.4296875 0.5375 0.4296875 0.5859375 0.4796875 0.5859375
36 0.6703125 0.5703125 0.6203125 0.5703125 0.6203125 0.6046875 0.6703125 0.6046875
54 0.671875 0.478125 0.621875 0.478125 0.621875 0.5125 0.671875 0.5125
29 0.6078125 0.60625 0.5578125 0.60625 0.5578125 0.640625 0.6078125 0.640625
58 0.5375000000000002 0.9171875 0.48750000000000016 0.9171875 0.48750000000000016 0.95625 0.5375000000000002 0.95625
30 0.8359375 7.376583454239135e-17 0.36875 4.5158850718558645e-17 0.36875 1 0.8359375 1
51 0.6671875000000002 0.753125 0.6187500000000001 0.753125 0.6187500000000001 0.7875 0.6671875000000002 0.7875
19 0.6031250000000001 0.840625 0.5531250000000002 0.840625 0.5531250000000002 0.8765625 0.6031250000000001 0.8765625
27 0.66875 0.615625 0.6203125 0.615625 0.6203125 0.65 0.66875 0.65
6 0.7281250000000001 0.7265625000000001 0.6812500000000001 0.7265625 0.6812500000000001 0.7609375 0.7281250000000001 0.7609375000000002
12 0.609375 0.4671875 0.5609375 0.4671875 0.5609375 0.5015625 0.609375 0.5015625
9 0.73125 0.5890625 0.68125 0.5890625 0.68125 0.6250000000000001 0.73125 0.6250000000000002
43 0.6046875000000002 0.8859375 0.5515625000000002 0.8859375 0.5515625000000002 0.9234375 0.6046875000000002 0.9234375
56 0.6656250000000001 0.890625 0.6156250000000002 0.890625 0.6156250000000002 0.9265625 0.6656250000000001 0.9265625
42 0.6671875000000002 0.8 0.6187500000000001 0.8 0.6187500000000001 0.834375 0.6671875000000002 0.834375
24 0.6046875000000002 0.746875 0.5546875000000002 0.746875 0.5546875000000002 0.78125 0.6046875000000002 0.78125
41 0.6656250000000001 0.934375 0.6156250000000002 0.934375 0.6156250000000002 0.971875 0.6656250000000001 0.971875
5 0.7296875000000002 0.7718750000000001 0.6796875000000002 0.771875 0.6796875000000002 0.8078125 0.7296875000000002 0.8078125
40 0.54375 0.5390625 0.496875 0.5390625 0.496875 0.571875 0.54375 0.571875
13 0.47187500000000016 0.903125 0.4187500000000002 0.903125 0.4187500000000002 0.95625 0.47187500000000016 0.95625
57 0.5390625000000002 0.8703125 0.4890625000000002 0.8703125 0.4890625000000002 0.9109375 0.5390625000000002 0.9109375
35 0.5421875 0.6796875 0.49375 0.6796875 0.49375 0.715625 0.5421875 0.715625
10 0.6015625000000002 0.9328125 0.5515625000000002 0.9328125 0.5515625000000002 0.971875 0.6015625000000002 0.971875
0 0.7296875 0.5406250000000001 0.6796875 0.540625 0.6796875 0.58125 0.7296875 0.5812500000000002
38 0.671875 0.525 0.621875 0.525 0.621875 0.559375 0.671875 0.559375
28 0.60625 0.653125 0.55625 0.653125 0.55625 0.6875 0.60625 0.6875