40 0.40625 0.484375 0.3593750000000001 0.484375 0.3593750000000001 0.515625 0.40625 0.515625
56 0.5171875000000001 0.8203125 0.4703125000000002 0.8203125 0.4703125000000002 0.8515625 0.5171875000000001 0.8515625
58 0.40156250000000016 0.834375 0.3515625000000001 0.834375 0.3515625000000001 0.865625 0.40156250000000016 0.865625
57 0.40156250000000016 0.790625 0.3515625000000001 0.790625 0.3515625000000001 0.821875 0.40156250000000016 0.821875
30 0.6546875000000001 5.644856339819832e-17 0.2671875 3.2721031664718344e-17 0.2671875 0.9796875 0.6546875000000002 0.9796875
36 0.5203125 0.5171875 0.4734375 0.5171875 0.4734375 0.5484375 0.5203125 0.5484375
7 0.5765625 0.625 0.5296875 0.625 0.5296875 0.65625 0.5765625 0.65625
19 0.4625000000000002 0.7671875 0.4125000000000002 0.7671875 0.4125000000000002 0.7984375 0.4625000000000002 0.7984375
52 0.5171875000000001 0.909375 0.4703125000000002 0.909375 0.4703125000000002 0.9625 0.5171875000000001 0.9625
22 0.521875 0.32500000000000007 0.415625 0.32500000000000007 0.415625 0.3781250000000001 0.521875 0.3781250000000001
4 0.5750000000000002 0.7546875 0.5281250000000002 0.7546875 0.5281250000000002 0.7859375 0.5750000000000002 0.7859375
34 0.4078125 0.4421875 0.3609375000000001 0.4421875 0.3609375000000001 0.4734375 0.4078125 0.4734375
59 0.51875 0.6453125 0.471875 0.6453125 0.471875 0.6765625 0.51875 0.6765625
45 0.46093750000000017 0.8984375 0.4109375000000002 0.8984375 0.4109375000000002 0.9640625 0.46093750000000017 0.9640625
18 0.40625 0.528125 0.3593750000000001 0.528125 0.3593750000000001 0.559375 0.40625 0.559375
49 0.34062500000000007 0.9234375 0.29375000000000007 0.9234375 0.29375000000000007 0.9703125 0.34062500000000007 0.9703125
23 0.4625000000000001 0.7234375 0.4125 0.7234375 0.4125000000000001 0.7546875 0.4625000000000002 0.7546875
25 0.4609375 0.634375 0.4140625 0.634375 0.4140625 0.6671875 0.4609375 0.6671875
33 0.40625 0.571875 0.3593750000000001 0.571875 0.3593750000000001 0.603125 0.40625 0.603125
12 0.4640625 0.421875 0.4171875 0.421875 0.4171875 0.453125 0.4640625 0.453125
8 0.5734375 0.58125 0.528125 0.58125 0.528125 0.6125 0.5734375 0.6125
26 0.4625 0.37968750000000007 0.415625 0.37968750000000007 0.415625 0.4109375 0.4625 0.4109375
21 0.5203125000000002 0.778125 0.4734375000000002 0.778125 0.4734375000000002 0.809375 0.5203125000000002 0.809375
35 0.40625 0.6140625 0.35625000000000007 0.6140625 0.35625000000000007 0.6453125 0.40625 0.6453125
47 0.34843750000000007 0.5375 0.2953125000000001 0.5375 0.2953125000000001 0.80625 0.34843750000000007 0.80625
11 0.578125 0.4125 0.53125 0.4125 0.53125 0.44375 0.578125 0.44375
5 0.5781250000000001 0.7109375 0.53125 0.7109375 0.5312500000000001 0.7421875 0.5781250000000002 0.7421875
14 0.34843750000000007 0.484375 0.30156250000000007 0.484375 0.30156250000000007 0.528125 0.34843750000000007 0.528125
1 0.5750000000000002 0.8875 0.5281250000000002 0.8875 0.5281250000000002 0.9203125 0.5750000000000002 0.9203125
48 0.5765625 0.453125 0.5296875 0.453125 0.5296875 0.484375 0.5765625 0.484375
2 0.5734375000000002 0.8453125 0.5265625000000002 0.8453125 0.5265625000000002 0.8765625 0.5734375000000002 0.8765625
20 0.578125 0.3265625000000001 0.53125 0.3265625000000001 0.53125 0.4 0.578125 0.4
27 0.5203125 0.559375 0.4734375 0.559375 0.4734375 0.590625 0.5203125 0.590625
29 0.4640625 0.5484375 0.4140625 0.5484375 0.4140625 0.5796875 0.4640625 0.5796875
3 0.5734375000000002 0.8 0.5265625000000002 0.8 0.5265625000000002 0.83125 0.5734375000000002 0.83125
50 0.35000000000000003 0.3203125 0.303125 0.3203125 0.30312500000000003 0.365625 0.3500000000000001 0.365625
44 0.4000000000000002 0.921875 0.3500000000000001 0.921875 0.3500000000000001 0.9671875 0.4000000000000002 0.9671875
42 0.5203125000000002 0.7328125 0.4734375000000002 0.7328125 0.4734375000000002 0.7640625 0.5203125000000002 0.7640625
16 0.4031250000000002 0.746875 0.35625000000000007 0.746875 0.35625000000000007 0.778125 0.4031250000000002 0.778125
38 0.51875 0.475 0.4734375 0.475 0.4734375 0.50625 0.51875 0.50625
37 0.4640625 0.4640625 0.4171875 0.4640625 0.4171875 0.4953125 0.4640625 0.4953125
43 0.46093750000000017 0.8109375 0.4109375000000002 0.8109375 0.4109375000000002 0.8421875 0.46093750000000017 0.8421875
28 0.4640625 0.5921875 0.4171875 0.5921875 0.4171875 0.6234375 0.4640625 0.6234375
46 0.4078125 0.32343750000000004 0.3609375 0.3234375 0.3609375 0.4296875 0.4078125 0.4296875
51 0.51875 0.6890625 0.471875 0.6890625 0.471875 0.7203125 0.51875 0.7203125
24 0.4609375 0.6796875 0.4140625 0.6796875 0.4140625 0.7109375 0.4609375 0.7109375
54 0.521875 0.4328125 0.475 0.4328125 0.475 0.4640625 0.521875 0.4640625
39 0.5203125 0.3906250000000001 0.4734375 0.3906250000000001 0.4734375 0.421875 0.5203125 0.421875
32 0.4031250000000002 0.878125 0.3531250000000001 0.878125 0.3531250000000001 0.9109375 0.4031250000000002 0.9109375
6 0.575 0.6671875 0.528125 0.6671875 0.528125 0.6984375 0.575 0.6984375
55 0.4015625000000001 0.7015625 0.3546875000000001 0.7015625 0.3546875000000001 0.7328125 0.40156250000000016 0.7328125
17 0.5734375000000002 0.9328125 0.5265625000000002 0.9328125 0.5265625000000002 0.9640625 0.5734375000000002 0.9640625
53 0.521875 0.603125 0.475 0.603125 0.475 0.634375 0.521875 0.634375
31 0.4625 0.50625 0.415625 0.50625 0.415625 0.5375 0.4625 0.5375
10 0.4593750000000002 0.8546875 0.40937500000000016 0.8546875 0.40937500000000016 0.8859375 0.4593750000000002 0.8859375
13 0.3421875000000001 0.8125 0.2953125000000001 0.8125 0.2953125000000001 0.8578125 0.3421875000000001 0.8578125
0 0.5765625 0.496875 0.5296875 0.496875 0.5296875 0.528125 0.5765625 0.528125
15 0.40625 0.6578125 0.35625000000000007 0.6578125 0.35625000000000007 0.690625 0.40625 0.690625
9 0.5765625 0.5390625 0.5296875 0.5390625 0.5296875 0.5703125 0.5765625 0.5703125
41 0.5187500000000002 0.865625 0.47187500000000016 0.865625 0.47187500000000016 0.896875 0.5187500000000002 0.896875