33 0.6015625000000001 0.71875 0.5640625 0.71875 0.5640625000000001 0.840625 0.6015625000000002 0.840625
53 0.640625 0.4375 0.603125 0.4375 0.603125 0.55625 0.640625 0.55625
32 0.95625 0.7437500000000001 0.91875 0.7437500000000001 0.91875 0.865625 0.95625 0.865625
0 0.515625 0.2890625000000001 0.478125 0.2890625000000001 0.478125 0.4078125 0.515625 0.4078125
14 0.5109375000000002 0.85625 0.46093750000000017 0.85625 0.46093750000000017 0.98125 0.5109375000000002 0.98125
1 0.975 0.3140625000000001 0.9375 0.3140625000000001 0.9375 0.4390625000000002 0.975 0.4390625000000002
2 0.921875 0.3125000000000001 0.884375 0.3125000000000001 0.884375 0.43750000000000017 0.921875 0.43750000000000017
17 1 0.3218750000000001 0.9875 0.3218750000000001 0.9875 0.4343750000000002 1 0.4343750000000002
5 0.771875 0.30156250000000007 0.73125 0.30156250000000007 0.73125 0.4265625000000002 0.771875 0.4265625000000002
35 0.6515625 0.7203125 0.6140625 0.7203125 0.6140625000000001 0.8390625 0.6515625000000002 0.8390625
55 0.7515625000000001 0.7296875 0.7156250000000002 0.7296875 0.7156250000000002 0.846875 0.7515625000000001 0.846875
46 0.4000000000000001 0.696875 0.2750000000000001 0.696875 0.2750000000000001 0.815625 0.4000000000000002 0.815625
4 0.8203125 0.3062500000000001 0.7828125 0.3062500000000001 0.7828125 0.4312500000000002 0.8203125 0.4312500000000002
19 0.828125 0.5921875000000002 0.7921875 0.5921875000000002 0.7921875 0.7171875000000002 0.828125 0.7171875000000002
49 1 0.896875 0.9703125 0.896875 0.9703125 1 1 1
25 0.6765625 0.5796875 0.640625 0.5796875 0.640625 0.7015625 0.6765625 0.7015625
36 0.540625 0.4296875 0.503125 0.4296875 0.503125 0.5453125 0.540625 0.5453125
56 0.89375 0.45312500000000017 0.85625 0.45312500000000017 0.85625 0.5750000000000002 0.89375 0.5750000000000002
34 0.4515625000000001 0.7078125 0.4140625 0.7078125 0.4140625000000001 0.825 0.4515625000000002 0.825
24 0.728125 0.5796875000000001 0.690625 0.5796875 0.690625 0.7046875000000001 0.728125 0.7046875000000001
57 0.853125 0.7359375000000001 0.815625 0.7359375000000001 0.815625 0.8546875 0.853125 0.8546875
21 0.84375 0.4468750000000002 0.80625 0.4468750000000002 0.80625 0.5656250000000002 0.84375 0.5656250000000002
9 0.5671875 0.2890625000000001 0.5296875 0.2890625000000001 0.5296875 0.4140625 0.5671875 0.4140625
39 0.3906250000000001 0.415625 0.3531250000000001 0.415625 0.3531250000000001 0.534375 0.3906250000000001 0.534375
52 1 0.4625000000000002 0.9578125 0.4625000000000002 0.9578125 0.5796875000000001 1 0.5796875000000001
48 0.4671875 0.2843750000000001 0.4296875 0.2843750000000001 0.4296875 0.40625 0.4671875 0.40625
27 0.5890625 0.434375 0.553125 0.434375 0.553125 0.546875 0.5890625 0.546875
15 0.7015625000000001 0.725 0.6640625 0.725 0.6640625000000001 0.84375 0.7015625000000002 0.84375
54 0.440625 0.41875 0.403125 0.41875 0.403125 0.54375 0.440625 0.54375
51 0.740625 0.44218750000000007 0.7046875 0.4421875 0.7046875 0.5593750000000001 0.740625 0.5593750000000002
44 1 0.7500000000000002 0.96875 0.7500000000000002 0.96875 0.8671875 1 0.8671875
22 0.34062500000000007 0.4046875 0.27812500000000007 0.4046875 0.27812500000000007 0.6734375 0.34062500000000007 0.6734375
3 0.8703125 0.3078125000000001 0.8328125 0.3078125000000001 0.8328125 0.4390625000000002 0.8703125 0.4390625000000002
58 0.9046875 0.7406250000000002 0.8671875 0.7406250000000002 0.8671875 0.859375 0.9046875 0.859375
45 1 0.5953125000000001 0.94375 0.5953125000000001 0.94375 0.7218750000000002 1 0.7218750000000002
40 0.5000000000000001 0.7125 0.4640625 0.7125 0.4640625000000001 0.825 0.5000000000000002 0.825
10 0.93125 0.5953125000000001 0.89375 0.5953125000000001 0.89375 0.7203125000000001 0.93125 0.7203125000000001
31 0.5265625 0.5703125 0.4890625 0.5703125 0.4890625 0.6875 0.5265625 0.6875
29 0.5765625 0.575 0.5390625 0.575 0.5390625 0.696875 0.5765625 0.696875
38 0.490625 0.4296875 0.453125 0.4296875 0.453125 0.5421875 0.490625 0.5421875
41 0.9453125 0.46093750000000017 0.9078125 0.46093750000000017 0.9078125 0.5796875000000001 0.9453125 0.5796875000000001
59 0.690625 0.4359375 0.6546875 0.4359375 0.6546875 0.553125 0.690625 0.553125
6 0.7203125 0.2984375000000001 0.6796875 0.2984375000000001 0.6796875 0.4234375 0.7203125 0.4234375
42 0.790625 0.44531250000000017 0.753125 0.44531250000000017 0.753125 0.5640625000000001 0.790625 0.5640625000000001
11 0.4171875 0.27812500000000007 0.3796875 0.27812500000000007 0.37968750000000007 0.4 0.4171875 0.4
23 0.7765625 0.5828125000000002 0.7421875 0.5828125000000002 0.7421875 0.7078125000000002 0.7765625 0.7078125000000002
12 0.4265625 0.5609375 0.3890625000000001 0.5609375 0.3890625000000001 0.678125 0.4265625 0.678125
28 0.628125 0.5796875 0.590625 0.5796875 0.590625 0.696875 0.628125 0.696875
50 0.3234375000000001 0.8375 0.27031250000000007 0.8375 0.27031250000000007 0.965625 0.3234375000000001 0.965625
26 0.3765625000000001 0.5578125 0.34062500000000007 0.5578125 0.34062500000000007 0.6765625 0.3765625000000001 0.6765625
37 0.475 0.5640625 0.4390625 0.5640625 0.4390625 0.6859375 0.475 0.6859375
7 0.66875 0.2953125000000001 0.6296875 0.2953125000000001 0.6296875 0.4203125 0.66875 0.4203125
30 1 0.057812500000000065 7.079989307570636e-18 0.0578125 6.477233461115298e-17 1 1 1
13 0.8921875 0.8828125 0.840625 0.8828125 0.840625 1 0.8921875 1
20 0.36562500000000003 0.2671875 0.278125 0.2671875 0.27812500000000007 0.38593750000000004 0.3656250000000001 0.3859375000000001
47 0.83125 0.8625 0.5250000000000001 0.8625 0.5250000000000001 1 0.83125 1
16 0.803125 0.7312500000000002 0.7656250000000002 0.7312500000000002 0.7656250000000002 0.85 0.803125 0.85
8 0.6171875 0.2953125000000001 0.5796875 0.2953125000000001 0.5796875 0.4125 0.6171875 0.4125
43 0.8796875 0.5921875000000002 0.8421875 0.5921875000000002 0.8421875 0.7171875000000002 0.8796875 0.7171875000000002
18 0.5515625000000001 0.715625 0.5140625 0.715625 0.5140625000000001 0.8328125 0.5515625000000002 0.8328125