47 0.8109375 0.5453125000000001 0.5265625 0.5453125 0.5265625 0.596875 0.8109375 0.5968750000000002
4 0.76875 0.3078125000000001 0.734375 0.3078125000000001 0.734375 0.3546875000000001 0.76875 0.3546875000000001
21 0.7953125 0.3656250000000001 0.7609375 0.3656250000000001 0.7609375 0.4125000000000002 0.7953125 0.4125000000000002
48 0.471875 0.3031250000000001 0.4375 0.3031250000000001 0.4375 0.3500000000000001 0.471875 0.3500000000000001
49 0.98125 0.5531250000000002 0.9296875 0.5531250000000002 0.9296875 0.6000000000000002 0.98125 0.6000000000000002
37 0.48125 0.4203125 0.45 0.4203125 0.45 0.465625 0.48125 0.465625
25 0.6578125 0.4234375 0.625 0.4234375 0.625 0.4703125 0.6578125 0.4703125
23 0.7484375 0.4250000000000001 0.7140625 0.425 0.7140625 0.4703125000000001 0.7484375 0.4703125000000002
52 0.9453125 0.3687500000000001 0.8890625 0.3687500000000001 0.8890625 0.4156250000000002 0.9453125 0.4156250000000002
17 0.9359375 0.30937500000000007 0.9046875 0.30937500000000007 0.9046875 0.3531250000000001 0.9359375 0.3531250000000001
32 0.9140625 0.48750000000000016 0.875 0.48750000000000016 0.875 0.5375000000000002 0.9140625 0.5375000000000002
20 0.3859375 0.30156250000000007 0.309375 0.3015625 0.309375 0.34843750000000007 0.3859375 0.34843750000000007
53 0.6203125 0.36406250000000007 0.5890625 0.36406250000000007 0.5890625 0.4109375 0.6203125 0.4109375
15 0.6875 0.4828125 0.6515625 0.4828125 0.6515625 0.5296875 0.6875 0.5296875
39 0.40625 0.3593750000000001 0.375 0.3593750000000001 0.37500000000000006 0.40625 0.40625 0.40625
18 0.55 0.4828125 0.5171875 0.4828125 0.5171875 0.5265625 0.55 0.5265625
11 0.428125 0.30156250000000007 0.39375 0.30156250000000007 0.39375 0.34843750000000007 0.428125 0.34843750000000007
3 0.8109375 0.30937500000000007 0.7765625 0.30937500000000007 0.7765625 0.3546875000000001 0.8109375 0.3546875000000001
22 0.36718750000000006 0.35937500000000006 0.3078125 0.359375 0.30781250000000004 0.465625 0.3671875000000001 0.465625
26 0.39531250000000007 0.41875 0.36406250000000007 0.41875 0.36406250000000007 0.465625 0.39531250000000007 0.465625
31 0.525 0.421875 0.49375 0.421875 0.49375 0.4671875 0.525 0.4671875
46 0.4171875 0.478125 0.3046875000000001 0.478125 0.3046875000000001 0.5234375 0.4171875 0.5234375
55 0.73125 0.4843750000000001 0.696875 0.484375 0.696875 0.5296875000000001 0.73125 0.5296875000000002
8 0.5984375 0.3062500000000001 0.5640625 0.3062500000000001 0.5640625 0.3531250000000001 0.5984375 0.3531250000000001
2 0.8515625 0.3078125000000001 0.8171875 0.3078125000000001 0.8171875 0.3546875000000001 0.8515625 0.3546875000000001
7 0.640625 0.3031250000000001 0.60625 0.3031250000000001 0.60625 0.3531250000000001 0.640625 0.3531250000000001
34 0.4609375 0.4796875 0.4296875 0.4796875 0.4296875 0.5234375 0.4609375 0.5234375
16 0.778125 0.4859375000000002 0.740625 0.4859375000000002 0.740625 0.5328125000000001 0.778125 0.5328125000000001
1 0.8953125 0.3078125000000001 0.8609375 0.3078125000000001 0.8609375 0.3578125000000001 0.8953125 0.3578125000000001
45 0.95625 0.4281250000000002 0.8875 0.4281250000000002 0.8875 0.4750000000000002 0.95625 0.4750000000000002
33 0.596875 0.4828125 0.5625 0.4828125 0.5625 0.5296875 0.596875 0.5296875
59 0.665625 0.36406250000000007 0.63125 0.36406250000000007 0.63125 0.4109375 0.665625 0.4109375
50 0.34843750000000007 0.540625 0.3000000000000001 0.540625 0.3000000000000001 0.5875 0.34843750000000007 0.5875
14 0.51875 0.5421875 0.4734375 0.5421875 0.4734375 0.5890625 0.51875 0.5890625
36 0.5359375 0.3609375000000001 0.503125 0.3609375000000001 0.503125 0.4078125 0.5359375 0.4078125
54 0.4484375 0.3609375000000001 0.4171875 0.3609375000000001 0.4171875 0.4078125 0.4484375 0.4078125
29 0.56875 0.421875 0.5359375 0.421875 0.5359375 0.46875 0.56875 0.46875
58 0.8671875 0.48750000000000016 0.8296875 0.48750000000000016 0.8296875 0.5343750000000002 0.8671875 0.5343750000000002
30 0.984375 0.20468750000000005 2.5066989170047385e-17 0.2046875 5.204748896376252e-17 0.6453125000000001 0.984375 0.6453125000000002
51 0.7078125 0.36406250000000007 0.675 0.36406250000000007 0.675 0.409375 0.7078125 0.409375
19 0.7921875 0.42500000000000016 0.7578125 0.42500000000000016 0.7578125 0.47187500000000016 0.7921875 0.47187500000000016
27 0.578125 0.36406250000000007 0.5453125 0.36406250000000007 0.5453125 0.409375 0.578125 0.409375
6 0.684375 0.3078125000000001 0.65 0.3078125000000001 0.65 0.3515625000000001 0.684375 0.3515625000000001
12 0.4375 0.41875 0.40625 0.41875 0.40625 0.4640625 0.4375 0.4640625
9 0.5546875 0.3046875000000001 0.5203125 0.3046875000000001 0.5203125 0.3515625000000001 0.5546875 0.3515625000000001
43 0.8359375 0.42500000000000016 0.8015625 0.42500000000000016 0.8015625 0.4750000000000002 0.8359375 0.4750000000000002
56 0.8390625 0.3671875000000001 0.8046875 0.3671875000000001 0.8046875 0.41406250000000017 0.8390625 0.41406250000000017
44 0.9703125 0.4890625000000002 0.9203125 0.4890625000000002 0.9203125 0.5359375000000002 0.9703125 0.5359375000000002
42 0.753125 0.3656250000000001 0.71875 0.3656250000000001 0.71875 0.41093750000000007 0.753125 0.4109375000000002
24 0.703125 0.4234375 0.66875 0.4234375 0.66875 0.4703125 0.703125 0.4703125
41 0.88125 0.3671875000000001 0.846875 0.3671875000000001 0.846875 0.41406250000000017 0.88125 0.41406250000000017
5 0.7265625 0.3062500000000001 0.6921875 0.3062500000000001 0.6921875 0.3531250000000001 0.7265625 0.3531250000000001
40 0.5046875 0.48125 0.4734375 0.48125 0.4734375 0.525 0.5046875 0.525
13 0.8671875 0.5484375000000001 0.8171875 0.5484375000000001 0.8171875 0.5984375000000002 0.8671875 0.5984375000000002
57 0.8234375 0.4859375000000002 0.7859375 0.4859375000000002 0.7859375 0.5328125000000001 0.8234375 0.5328125000000001
35 0.640625 0.4828125 0.60625 0.4828125 0.60625 0.528125 0.640625 0.528125
10 0.8796875 0.4265625000000002 0.84375 0.4265625000000002 0.84375 0.4734375000000002 0.8796875 0.4734375000000002
0 0.5125 0.3062500000000001 0.475 0.3062500000000001 0.475 0.3531250000000001 0.5125 0.3531250000000001
38 0.4921875 0.3609375000000001 0.4609375 0.3609375000000001 0.4609375 0.4078125 0.4921875 0.4078125
28 0.6125 0.4234375 0.58125 0.4234375 0.58125 0.4703125 0.6125 0.4703125