15 0.6390625 0.4375 0.6046875 0.4375 0.6046875 0.50625 0.6390625 0.50625
17 0.86875 0.24375000000000008 0.840625 0.24375000000000008 0.840625 0.2968750000000001 0.86875 0.2968750000000001
25 0.61875 0.3609375000000001 0.5859375 0.3609375000000001 0.5859375 0.4265625 0.61875 0.4265625
35 0.5984375 0.4328125 0.5640625 0.4328125 0.5640625 0.5015625 0.5984375 0.5015625
40 0.478125 0.4265625 0.44375 0.4265625 0.44375 0.49375 0.478125 0.49375
53 0.5890625 0.2875000000000001 0.55625 0.2875000000000001 0.55625 0.3500000000000001 0.5890625 0.3500000000000001
20 0.38125 0.19375000000000003 0.309375 0.19375000000000003 0.309375 0.26562500000000006 0.38125 0.2656250000000001
22 0.35937500000000006 0.265625 0.29375 0.265625 0.29375000000000007 0.4125 0.3593750000000001 0.4125
56 0.778125 0.3046875000000001 0.75 0.3046875000000001 0.75 0.3609375000000001 0.778125 0.3609375000000001
29 0.540625 0.3546875000000001 0.50625 0.3546875000000001 0.50625 0.41875 0.540625 0.41875
23 0.6953125 0.3703125000000001 0.6671875 0.3703125000000001 0.6671875 0.43125 0.6953125 0.43125
21 0.740625 0.30156250000000007 0.7125 0.30156250000000007 0.7125 0.3625000000000001 0.740625 0.3625000000000001
7 0.609375 0.2171875000000001 0.578125 0.2171875000000001 0.578125 0.2828125000000001 0.609375 0.2828125000000001
0 0.496875 0.2093750000000001 0.4625 0.2093750000000001 0.4625 0.2718750000000001 0.496875 0.2718750000000001
51 0.6640625 0.2921875000000001 0.6359375 0.2921875000000001 0.6359375 0.3500000000000001 0.6640625 0.3500000000000001
16 0.7171875 0.44375 0.6875 0.44375 0.6875 0.5078125 0.7171875 0.5078125
11 0.4171875 0.2015625000000001 0.384375 0.2015625000000001 0.384375 0.2671875000000001 0.4171875 0.2671875000000001
33 0.559375 0.4296875 0.5234375 0.4296875 0.5234375 0.5015625 0.559375 0.5015625
27 0.55 0.28593750000000007 0.5171875 0.28593750000000007 0.5171875 0.3453125000000001 0.55 0.3453125000000001
48 0.4578125 0.20468750000000008 0.4234375 0.20468750000000008 0.4234375 0.27031250000000007 0.4578125 0.27031250000000007
13 0.7953125 0.5234375000000002 0.753125 0.5234375000000002 0.753125 0.6093750000000002 0.7953125 0.6093750000000002
6 0.6453125 0.22656250000000008 0.6140625 0.22656250000000008 0.6140625 0.28593750000000007 0.6453125 0.28593750000000007
54 0.4359375 0.2750000000000001 0.4015625 0.2750000000000001 0.4015625 0.3421875000000001 0.4359375 0.3421875000000001
18 0.51875 0.428125 0.484375 0.428125 0.484375 0.496875 0.51875 0.496875
4 0.71875 0.2296875000000001 0.690625 0.2296875000000001 0.690625 0.2906250000000001 0.71875 0.2906250000000001
2 0.7953125 0.23593750000000008 0.7671875 0.23593750000000008 0.7671875 0.29375000000000007 0.7953125 0.29375000000000007
28 0.5796875 0.3578125000000001 0.5453125 0.3578125000000001 0.5453125 0.425 0.5796875 0.425
34 0.440625 0.421875 0.403125 0.421875 0.403125 0.490625 0.440625 0.490625
39 0.396875 0.27031250000000007 0.3609375 0.2703125 0.3609375 0.33906250000000004 0.396875 0.3390625000000001
10 0.8125 0.3781250000000001 0.7859375 0.3781250000000001 0.7859375 0.4390625000000002 0.8125 0.4390625000000002
8 0.571875 0.2156250000000001 0.540625 0.2156250000000001 0.540625 0.2812500000000001 0.571875 0.2812500000000001
38 0.4734375 0.2796875000000001 0.4390625 0.2796875000000001 0.4390625 0.3421875000000001 0.4734375 0.3421875000000001
31 0.5015625 0.3500000000000001 0.4671875 0.3500000000000001 0.4671875 0.4171875 0.5015625 0.4171875
12 0.4234375 0.3468750000000001 0.3859375 0.3468750000000001 0.38593750000000004 0.415625 0.4234375 0.415625
45 0.88125 0.3843750000000001 0.83125 0.3843750000000001 0.83125 0.44531250000000017 0.88125 0.44531250000000017
9 0.534375 0.2093750000000001 0.5015625 0.2093750000000001 0.5015625 0.27812500000000007 0.534375 0.27812500000000007
24 0.65625 0.36406250000000007 0.6265625 0.36406250000000007 0.6265625 0.428125 0.65625 0.428125
46 0.3984375000000001 0.4171875 0.2890625000000001 0.4171875 0.2890625000000001 0.4921875 0.3984375000000001 0.4921875
3 0.75625 0.2296875000000001 0.728125 0.2296875000000001 0.728125 0.29375000000000007 0.75625 0.29375000000000007
47 0.740625 0.5078125000000001 0.49375 0.5078125 0.49375 0.6453125000000001 0.740625 0.6453125000000002
19 0.7328125 0.3703125000000001 0.7046875 0.3703125000000001 0.7046875 0.43437500000000007 0.7328125 0.4343750000000002
5 0.6828125 0.2234375000000001 0.6515625 0.2234375000000001 0.6515625 0.2875000000000001 0.6828125 0.2875000000000001
14 0.4875 0.503125 0.4375 0.503125 0.4375 0.596875 0.4875 0.596875
36 0.5125 0.2828125000000001 0.478125 0.2828125000000001 0.478125 0.3453125000000001 0.5125 0.3453125000000001
1 0.8328125 0.2375000000000001 0.8046875 0.2375000000000001 0.8046875 0.29375000000000007 0.8328125 0.29375000000000007
59 0.6265625 0.2906250000000001 0.5953125 0.2906250000000001 0.5953125 0.3500000000000001 0.6265625 0.3500000000000001
44 0.8875 0.45625000000000016 0.846875 0.45625000000000016 0.846875 0.5171875000000001 0.8875 0.5171875000000001
49 0.89375 0.5312500000000002 0.853125 0.5312500000000002 0.853125 0.6156250000000002 0.89375 0.6156250000000002
50 0.32500000000000007 0.49375 0.27812500000000007 0.49375 0.27812500000000007 0.5875 0.32500000000000007 0.5875
52 0.875 0.3078125000000001 0.828125 0.3078125000000001 0.828125 0.3687500000000001 0.875 0.3687500000000001
30 0.9671875 0.08593750000000006 1.0524308430172567e-17 0.0859375 4.55415528432922e-17 0.6578125000000001 0.9671875 0.6578125000000001
55 0.6765625 0.4390625 0.6453125 0.4390625 0.6453125 0.5046875 0.6765625 0.5046875
58 0.7953125 0.4500000000000002 0.7671875 0.4500000000000002 0.7671875 0.5109375000000002 0.7953125 0.5109375000000002
37 0.4625 0.34843750000000007 0.4265625 0.34843750000000007 0.4265625 0.4171875 0.4625 0.4171875
41 0.81875 0.3078125000000001 0.790625 0.3078125000000001 0.790625 0.3671875000000001 0.81875 0.3671875000000001
32 0.8359375 0.4546875000000002 0.8078125 0.4546875000000002 0.8078125 0.5156250000000002 0.8359375 0.5156250000000002
42 0.703125 0.2984375000000001 0.675 0.2984375000000001 0.675 0.3578125000000001 0.703125 0.3578125000000001
26 0.38593750000000004 0.34375000000000006 0.3453125 0.34375 0.3453125 0.4125 0.3859375000000001 0.4125
57 0.75625 0.4468750000000002 0.728125 0.4468750000000002 0.728125 0.5093750000000001 0.75625 0.5093750000000001
43 0.7734375 0.3734375000000001 0.7453125 0.3734375000000001 0.7453125 0.4359375000000002 0.7734375 0.4359375000000002