38 0.4953125 0.4203125 0.4671875 0.4203125 0.4671875 0.4640625 0.4953125 0.4640625
33 0.4046875 0.5375 0.3750000000000001 0.5375 0.3750000000000001 0.5859375 0.4046875 0.5859375
59 0.33281250000000007 0.425 0.3046875000000001 0.425 0.3046875000000001 0.4703125 0.33281250000000007 0.4703125
50 0.6421875 0.5890625 0.5984375 0.5890625 0.5984375 0.6359375 0.6421875 0.6359375
53 0.3734375000000001 0.4234375 0.3453125000000001 0.4234375 0.3453125000000001 0.46875 0.3734375000000001 0.46875
9 0.4328125 0.36406250000000007 0.403125 0.36406250000000007 0.403125 0.4109375 0.4328125 0.4109375
6 0.3125000000000001 0.36875 0.2828125000000001 0.36875 0.2828125000000001 0.4140625 0.3125000000000001 0.4140625
1 0.10625000000000004 0.371875 0.07656250000000005 0.371875 0.07656250000000005 0.41875 0.10625000000000004 0.41875
13 0.1781250000000001 0.603125 0.1359375000000001 0.603125 0.1359375000000001 0.6515625 0.1781250000000001 0.6515625
42 0.2515625000000001 0.4265625 0.2218750000000001 0.4265625 0.2218750000000001 0.471875 0.2515625000000001 0.471875
55 0.2812500000000001 0.5421875 0.2515625000000001 0.5421875 0.2515625000000001 0.5890625 0.2812500000000001 0.5890625
7 0.3531250000000001 0.3671875 0.3234375000000001 0.3671875 0.3234375000000001 0.4125 0.3531250000000001 0.4125
5 0.27031250000000007 0.36875 0.2406250000000001 0.36875 0.2406250000000001 0.415625 0.27031250000000007 0.415625
25 0.3437500000000001 0.4828125 0.3140625000000001 0.4828125 0.3140625000000001 0.5296875 0.3437500000000001 0.5296875
18 0.4453125 0.5375 0.415625 0.5375 0.415625 0.584375 0.4453125 0.584375
45 0.09687500000000007 0.4875 0.03437500000000006 0.4875 0.03437500000000006 0.5375 0.09687500000000007 0.5375
8 0.3921875000000001 0.3671875000000001 0.36406250000000007 0.3671875000000001 0.36406250000000007 0.4125 0.3921875000000001 0.4125
34 0.5265625 0.5328125 0.496875 0.5328125 0.496875 0.5796875 0.5265625 0.5796875
49 0.07343750000000007 0.6078125 0.031250000000000076 0.6078125 0.031250000000000076 0.65625 0.07343750000000009 0.65625
35 0.36406250000000007 0.5390625 0.3343750000000001 0.5390625 0.3343750000000001 0.5875 0.36406250000000007 0.5875
56 0.16875000000000004 0.4296875 0.14062500000000006 0.4296875 0.14062500000000006 0.4765625 0.16875000000000004 0.4765625
36 0.45625 0.421875 0.4265625 0.421875 0.4265625 0.465625 0.45625 0.465625
39 0.575 0.41875 0.5453125 0.41875 0.5453125 0.4640625 0.575 0.4640625
29 0.425 0.4796875 0.3968750000000001 0.4796875 0.3968750000000001 0.5265625 0.425 0.5265625
40 0.4859375 0.5359375 0.4578125 0.5359375 0.4578125 0.58125 0.4859375 0.58125
57 0.19843750000000007 0.54375 0.16875000000000004 0.54375 0.16875000000000007 0.590625 0.1984375000000001 0.590625
14 0.4890625 0.59375 0.446875 0.59375 0.446875 0.640625 0.4890625 0.640625
23 0.2609375000000001 0.484375 0.2328125000000001 0.484375 0.2328125000000001 0.53125 0.2609375000000001 0.53125
22 0.6375 0.4125 0.5859375 0.4125 0.5859375 0.5203125 0.6375 0.5203125
0 0.4734375 0.36406250000000007 0.4453125 0.36406250000000007 0.4453125 0.409375 0.4734375 0.409375
20 0.6328125 0.35625000000000007 0.5640625 0.35625000000000007 0.5640625 0.4046875 0.6328125 0.4046875
32 0.11562500000000009 0.546875 0.08593750000000007 0.546875 0.08593750000000007 0.59375 0.11562500000000009 0.59375
28 0.3828125000000001 0.4796875 0.3546875000000001 0.4796875 0.3546875000000001 0.5265625 0.3828125000000001 0.5265625
4 0.2296875000000001 0.3703125 0.2015625000000001 0.3703125 0.2015625000000001 0.4171875 0.2296875000000001 0.4171875
54 0.5359375 0.41875 0.5078125 0.41875 0.5078125 0.4640625 0.5359375 0.4640625
2 0.14687500000000003 0.3734375 0.11875000000000005 0.3734375 0.11875000000000005 0.41875 0.14687500000000003 0.41875
44 0.07500000000000007 0.546875 0.03125000000000007 0.546875 0.03125000000000007 0.5953125 0.07500000000000007 0.5953125
19 0.21875000000000008 0.4859375 0.19062500000000004 0.4859375 0.19062500000000004 0.5328125 0.21875000000000008 0.5328125
15 0.3218750000000001 0.540625 0.2921875000000001 0.540625 0.2921875000000001 0.5875 0.3218750000000001 0.5875
26 0.5859375 0.475 0.55625 0.475 0.55625 0.521875 0.5859375 0.521875
58 0.15625000000000008 0.5453125 0.1281250000000001 0.5453125 0.1281250000000001 0.5921875 0.15625000000000008 0.5921875
30 0.9578125 0.275 0.029687500000000033 0.275 0.02968750000000006 0.6812500000000001 0.9578125 0.6812500000000001
16 0.2406250000000001 0.54375 0.21093750000000008 0.54375 0.21093750000000008 0.590625 0.2406250000000001 0.590625
21 0.2093750000000001 0.428125 0.17968750000000006 0.428125 0.17968750000000006 0.475 0.2093750000000001 0.475
43 0.17812500000000003 0.4859375 0.15000000000000005 0.4859375 0.15000000000000005 0.534375 0.17812500000000003 0.534375
27 0.4125 0.4234375 0.3859375000000001 0.4234375 0.3859375000000001 0.465625 0.4125 0.465625
37 0.50625 0.4765625 0.478125 0.4765625 0.478125 0.5234375 0.50625 0.5234375
47 0.4375 0.596875 0.1859375000000001 0.596875 0.1859375000000001 0.6484375 0.4375 0.6484375
41 0.12812500000000004 0.43125 0.09843750000000004 0.43125 0.09843750000000005 0.478125 0.12812500000000004 0.478125
24 0.30156250000000007 0.4828125 0.2718750000000001 0.4828125 0.2718750000000001 0.5296875 0.30156250000000007 0.5296875
48 0.5140625 0.3625000000000001 0.484375 0.3625000000000001 0.484375 0.4078125 0.5140625 0.4078125
51 0.2921875000000001 0.425 0.2640625000000001 0.425 0.2640625000000001 0.4703125 0.2921875000000001 0.4703125
3 0.18906250000000005 0.3703125 0.15937500000000004 0.3703125 0.15937500000000004 0.4171875 0.18906250000000005 0.4171875
17 0.06406250000000005 0.3703125 0.034375000000000044 0.3703125 0.03437500000000005 0.4203125 0.06406250000000005 0.4203125
31 0.4640625 0.4765625 0.4375 0.4765625 0.4375 0.525 0.4640625 0.525
52 0.08593750000000006 0.43125 0.03437500000000006 0.43125 0.03437500000000006 0.478125 0.08593750000000007 0.478125
10 0.13593750000000004 0.4875 0.10781250000000005 0.4875 0.10781250000000005 0.5359375 0.13593750000000004 0.5359375
46 0.6390625 0.53125 0.5375 0.53125 0.5375 0.578125 0.6390625 0.578125
11 0.553125 0.3578125000000001 0.5234375 0.3578125000000001 0.5234375 0.40625 0.553125 0.40625
12 0.546875 0.475 0.5171875 0.475 0.5171875 0.521875 0.546875 0.521875