19 0.21250000000000008 0.625 0.1828125000000001 0.625 0.1828125000000001 0.6875 0.21250000000000008 0.6875
6 0.30937500000000007 0.484375 0.27812500000000007 0.484375 0.27812500000000007 0.546875 0.30937500000000007 0.546875
54 0.5390625 0.56875 0.509375 0.56875 0.509375 0.628125 0.5390625 0.628125
5 0.2671875000000001 0.4828125 0.23437500000000008 0.4828125 0.23437500000000008 0.5453125 0.2671875000000001 0.5453125
33 0.40312500000000007 0.70625 0.37187500000000007 0.70625 0.37187500000000007 0.7671875 0.4031250000000002 0.7671875
18 0.4453125000000001 0.70625 0.4140625 0.70625 0.4140625000000001 0.7671875 0.44531250000000017 0.7671875
4 0.2250000000000001 0.4828125 0.19218750000000004 0.4828125 0.19218750000000007 0.5453125 0.2250000000000001 0.5453125
8 0.39531250000000007 0.4890625 0.36406250000000007 0.4890625 0.36406250000000007 0.55 0.39531250000000007 0.55
26 0.5890625 0.6421875 0.559375 0.6421875 0.559375 0.703125 0.5890625 0.703125
34 0.5265625 0.7109375 0.496875 0.7109375 0.49687500000000007 0.771875 0.5265625000000002 0.771875
52 0.07343750000000007 0.5453125 0.021875000000000068 0.5453125 0.021875000000000068 0.609375 0.07343750000000007 0.609375
57 0.1921875000000001 0.7 0.1609375000000001 0.7 0.1609375000000001 0.759375 0.1921875000000001 0.759375
55 0.2765625000000001 0.7015625 0.2453125000000001 0.7015625 0.2453125000000001 0.7609375 0.2765625000000001 0.7609375
35 0.3609375000000001 0.7046875 0.3296875000000001 0.7046875 0.3296875000000001 0.765625 0.3609375000000001 0.765625
23 0.2562500000000001 0.628125 0.2250000000000001 0.628125 0.2250000000000001 0.6890625 0.2562500000000001 0.6890625
20 0.64375 0.496875 0.571875 0.496875 0.571875 0.559375 0.64375 0.559375
11 0.5625 0.4953125 0.53125 0.4953125 0.53125 0.5578125 0.5625 0.5578125
12 0.5484375 0.6390625 0.51875 0.6390625 0.51875 0.7 0.5484375 0.7
50 0.6390625000000002 0.7890625 0.5984375000000002 0.7890625 0.5984375000000002 0.846875 0.6390625000000002 0.846875
39 0.58125 0.56875 0.5515625 0.56875 0.5515625 0.628125 0.58125 0.628125
17 0.050000000000000065 0.475 0.018750000000000055 0.475 0.018750000000000062 0.5359375 0.050000000000000065 0.5359375
58 0.14843750000000008 0.6953125 0.11718750000000008 0.6953125 0.11718750000000008 0.75625 0.14843750000000008 0.75625
56 0.1593750000000001 0.55 0.1296875000000001 0.55 0.1296875000000001 0.6109375 0.1593750000000001 0.6109375
13 0.1703125000000001 0.7703125 0.1281250000000001 0.7703125 0.1281250000000001 0.83125 0.1703125000000001 0.83125
31 0.4671875 0.6359375 0.4375 0.6359375 0.4375 0.6953125 0.4671875 0.6953125
41 0.11718750000000008 0.5484375 0.08593750000000007 0.5484375 0.08593750000000007 0.609375 0.11718750000000008 0.609375
7 0.3531250000000001 0.4875 0.3218750000000001 0.4875 0.3218750000000001 0.5484375 0.3531250000000001 0.5484375
29 0.425 0.634375 0.3937500000000001 0.634375 0.3937500000000001 0.696875 0.425 0.696875
14 0.48437500000000017 0.7828125 0.4437500000000002 0.7828125 0.4437500000000002 0.840625 0.48437500000000017 0.840625
10 0.1281250000000001 0.625 0.09843750000000007 0.625 0.09843750000000008 0.684375 0.1281250000000001 0.684375
27 0.415625 0.5609375 0.3859375000000001 0.5609375 0.3859375000000001 0.6203125 0.415625 0.6203125
3 0.18125000000000005 0.478125 0.14843750000000006 0.478125 0.14843750000000006 0.540625 0.18125000000000005 0.540625
43 0.1703125000000001 0.625 0.14062500000000008 0.625 0.14062500000000008 0.684375 0.1703125000000001 0.684375
47 0.4343750000000002 0.775 0.1781250000000001 0.775 0.1781250000000001 0.8375 0.4343750000000002 0.8375
40 0.4859375000000001 0.7078125 0.45625 0.7078125 0.4562500000000001 0.7671875 0.4859375000000002 0.7671875
44 0.06562500000000009 0.69375 0.020312500000000084 0.69375 0.020312500000000087 0.7546875 0.06562500000000009 0.7546875
36 0.4578125 0.5625 0.4265625 0.5625 0.4265625 0.6234375 0.4578125 0.6234375
53 0.3734375000000001 0.5609375 0.3421875000000001 0.5609375 0.3421875000000001 0.6203125 0.3734375000000001 0.6203125
24 0.2984375000000001 0.6296875 0.2687500000000001 0.6296875 0.2687500000000001 0.690625 0.2984375000000001 0.690625
1 0.09375000000000007 0.4765625 0.06093750000000007 0.4765625 0.06093750000000007 0.540625 0.09375000000000007 0.540625
48 0.5203125 0.496875 0.4890625 0.496875 0.4890625 0.55625 0.5203125 0.55625
0 0.4796875 0.4921875 0.4484375 0.4921875 0.4484375 0.553125 0.4796875 0.553125
21 0.2015625000000001 0.5515625 0.17187500000000008 0.5515625 0.17187500000000008 0.6125 0.2015625000000001 0.6125
45 0.08750000000000008 0.61875 0.02187500000000008 0.61875 0.021875000000000082 0.68125 0.08750000000000009 0.68125
46 0.6390625000000001 0.7140625 0.5375 0.7140625 0.5375000000000001 0.775 0.6390625000000002 0.775
9 0.4375 0.490625 0.40625 0.490625 0.40625 0.5515625 0.4375 0.5515625
42 0.2453125000000001 0.5546875 0.2140625000000001 0.5546875 0.2140625000000001 0.6140625 0.2453125000000001 0.6140625
2 0.13750000000000004 0.4765625 0.10468750000000004 0.4765625 0.10468750000000004 0.5359375 0.13750000000000004 0.5359375
49 0.0640625000000001 0.7671875 0.021875000000000096 0.7671875 0.021875000000000096 0.8265625 0.0640625000000001 0.8265625
28 0.3828125000000001 0.6328125 0.3531250000000001 0.6328125 0.3531250000000001 0.6953125 0.3828125000000001 0.6953125
51 0.2875000000000001 0.55625 0.2578125000000001 0.55625 0.2578125000000001 0.615625 0.2875000000000001 0.615625
32 0.1062500000000001 0.6953125 0.0750000000000001 0.6953125 0.0750000000000001 0.7578125 0.1062500000000001 0.7578125
37 0.5078125 0.6375 0.478125 0.6375 0.478125 0.6984375 0.5078125 0.6984375
16 0.23437500000000008 0.7 0.20312500000000008 0.7 0.20312500000000008 0.7609375 0.23437500000000008 0.7609375
25 0.34062500000000007 0.63125 0.3109375000000001 0.63125 0.3109375000000001 0.6921875 0.34062500000000007 0.6921875
22 0.640625 0.5703125 0.5921875 0.5703125 0.5921875 0.70625 0.640625 0.70625
15 0.3187500000000001 0.703125 0.2875000000000001 0.703125 0.2875000000000001 0.7625 0.3187500000000001 0.7625
59 0.3296875000000001 0.559375 0.3000000000000001 0.559375 0.3000000000000001 0.61875 0.3296875000000001 0.61875
30 0.9640625 0.37500000000000006 0.009375000000000046 0.375 0.009375000000000076 0.86875 0.9640625 0.86875
38 0.496875 0.565625 0.46875 0.565625 0.46875 0.625 0.496875 0.625