53 0.5140625 0.3921875000000001 0.4046875 0.3921875000000001 0.4046875 0.4390625 0.5140625 0.4390625
10 0.390625 0.059375000000000046 0.278125 0.059375000000000046 0.278125 0.10625000000000004 0.390625 0.10625000000000004
38 0.5140625 0.565625 0.4046875 0.565625 0.4046875 0.6125 0.5140625 0.6125
9 0.640625 0.4796875 0.528125 0.4796875 0.528125 0.528125 0.640625 0.528125
13 0.128125 0.1078125 0.02656250000000001 0.1078125 0.026562500000000017 0.1640625 0.128125 0.1640625
26 0.3906250000000001 0.690625 0.2750000000000001 0.690625 0.2750000000000001 0.740625 0.3906250000000001 0.740625
42 0.5140625 0.21875000000000008 0.4046875 0.21875000000000008 0.4046875 0.2656250000000001 0.5140625 0.2656250000000001
33 0.26250000000000007 0.4328125 0.15000000000000005 0.4328125 0.15000000000000005 0.4828125 0.26250000000000007 0.4828125
5 0.6421875 0.2484375000000001 0.5296875 0.2484375000000001 0.5296875 0.2953125000000001 0.6421875 0.2953125000000001
54 0.515625 0.621875 0.403125 0.621875 0.403125 0.6703125 0.515625 0.6703125
18 0.26250000000000007 0.4890625 0.15312500000000004 0.4890625 0.15312500000000004 0.5390625 0.26250000000000007 0.5390625
2 0.6421875 0.07500000000000008 0.5265625 0.07500000000000007 0.5265625 0.12187500000000007 0.6421875 0.1218750000000001
25 0.39062500000000006 0.34843750000000007 0.275 0.3484375 0.275 0.39531250000000007 0.3906250000000001 0.39531250000000007
34 0.26250000000000007 0.6046875 0.1531250000000001 0.6046875 0.1531250000000001 0.65625 0.26250000000000007 0.65625
55 0.2625 0.2609375 0.15312500000000004 0.2609375 0.15312500000000004 0.309375 0.2625 0.309375
19 0.390625 0.17500000000000004 0.278125 0.17500000000000004 0.278125 0.22187500000000004 0.390625 0.2218750000000001
3 0.6421875 0.13125000000000006 0.5265625 0.13125000000000003 0.5265625 0.18125000000000008 0.6421875 0.18125000000000008
56 0.5140625 0.10468750000000004 0.4046875 0.10468750000000004 0.4046875 0.15156250000000004 0.5140625 0.15156250000000004
57 0.2609375 0.1453125 0.1515625 0.1453125 0.15156250000000002 0.1921875 0.2609375 0.19218750000000004
37 0.3906250000000001 0.578125 0.2750000000000001 0.578125 0.2750000000000001 0.6265625 0.3906250000000001 0.6265625
50 0.1296875000000001 0.7546875 0.023437500000000094 0.7546875 0.023437500000000097 0.815625 0.1296875000000001 0.815625
41 0.5140625 0.04375000000000005 0.4015625 0.043750000000000046 0.4015625 0.09375000000000006 0.5140625 0.09375000000000007
30 0.84375 5.166478683902896e-17 0 0 6.123233995736766e-17 1 0.84375 1
16 0.2625 0.2015625 0.15312500000000004 0.2015625 0.15312500000000004 0.25 0.2625 0.25
39 0.5140625000000001 0.6796875 0.4015625 0.6796875 0.4015625000000001 0.7296875 0.5140625000000002 0.7296875
48 0.640625 0.5953125 0.525 0.5953125 0.525 0.6421875 0.640625 0.6421875
23 0.390625 0.23281250000000003 0.28125 0.2328125 0.28125 0.27812500000000007 0.390625 0.27812500000000007
6 0.6421875 0.3078125000000001 0.5296875 0.3078125000000001 0.5296875 0.3546875000000001 0.6421875 0.3546875000000001
14 0.12968750000000007 0.5390625 0.026562500000000065 0.5390625 0.026562500000000072 0.596875 0.1296875000000001 0.596875
28 0.3906250000000001 0.4046875 0.27812500000000007 0.4046875 0.27812500000000007 0.4515625 0.3906250000000001 0.4515625
1 0.6421875 0.01718750000000007 0.5328125 0.017187500000000067 0.5328125 0.06250000000000008 0.6421875 0.06250000000000008
20 0.6359375 0.7140625 0.5265625 0.7140625 0.5265625 0.8140625 0.6359375000000002 0.8140625
36 0.515625 0.50625 0.40625 0.50625 0.40625 0.5546875 0.515625 0.5546875
11 0.64375 0.653125 0.53125 0.653125 0.53125 0.6984375 0.64375 0.6984375
59 0.5140625 0.3343750000000001 0.4046875 0.3343750000000001 0.4046875 0.3812500000000001 0.5140625 0.3812500000000001
7 0.640625 0.36406250000000007 0.525 0.36406250000000007 0.525 0.4109375 0.640625 0.4109375
29 0.3906250000000001 0.4640625 0.2750000000000001 0.4640625 0.2750000000000001 0.5109375 0.3906250000000001 0.5109375
0 0.640625 0.5375 0.525 0.5375 0.525 0.5875 0.640625 0.5875
46 0.25468750000000007 0.66875 0.1515625000000001 0.66875 0.1515625000000001 0.8125 0.25468750000000007 0.8125
49 0.128125 9.184850993605149e-18 0.021875 2.678914873134835e-18 0.021875 0.020312500000000008 0.128125 0.020312500000000018
35 0.2640625000000001 0.375 0.15156250000000004 0.375 0.15156250000000004 0.425 0.2640625000000001 0.425
44 0.25625 0.0015625000000000246 0.15 0.001562500000000018 0.15 0.020312500000000025 0.25625 0.020312500000000032
27 0.5140625 0.45 0.4078125 0.45 0.4078125 0.496875 0.5140625 0.496875
52 0.5125 5.606586127346476e-17 0.403125 4.9368574090627673e-17 0.403125 0.03281250000000006 0.5125 0.032812500000000064
22 0.5156250000000002 0.7375 0.27031250000000007 0.7375 0.27031250000000007 0.81875 0.5156250000000002 0.81875
8 0.640625 0.41875 0.525 0.41875 0.525 0.46875 0.640625 0.46875
4 0.640625 0.19218750000000007 0.528125 0.19218750000000004 0.528125 0.2390625000000001 0.640625 0.2390625000000001
45 0.384375 4.0566425221756075e-17 0.278125 3.406048910128576e-17 0.278125 0.048437500000000036 0.384375 0.04843750000000004
40 0.26250000000000007 0.5484375 0.1531250000000001 0.5484375 0.1531250000000001 0.5984375 0.26250000000000007 0.5984375
58 0.2625 0.08906250000000002 0.153125 0.08906250000000002 0.153125 0.13593750000000002 0.2625 0.13593750000000004
24 0.390625 0.28906250000000006 0.278125 0.2890625 0.278125 0.33593750000000006 0.390625 0.3359375000000001
43 0.3890625 0.11718750000000004 0.2765625 0.11718750000000004 0.2765625 0.16406250000000006 0.3890625 0.16406250000000006
31 0.3906250000000001 0.5203125 0.27812500000000007 0.5203125 0.27812500000000007 0.5671875 0.3906250000000001 0.5671875
12 0.3906250000000001 0.6359375 0.2750000000000001 0.6359375 0.2750000000000001 0.6859375 0.3906250000000001 0.6859375
51 0.5140625 0.2765625000000001 0.4046875 0.2765625000000001 0.4046875 0.3234375000000001 0.5140625 0.3234375000000001
47 0.13125000000000003 0.171875 0.018750000000000024 0.171875 0.018750000000000044 0.5296875 0.13125000000000003 0.5296875
15 0.26406250000000003 0.3171875 0.15156250000000004 0.3171875 0.15156250000000004 0.3671875 0.2640625000000001 0.3671875
21 0.515625 0.16093750000000004 0.403125 0.16093750000000004 0.403125 0.2078125000000001 0.515625 0.2078125000000001
32 0.2640625 0.029687500000000026 0.1515625 0.029687500000000023 0.1515625 0.07968750000000002 0.2640625 0.07968750000000002