12 0.5484375000000001 0.846875 0.5203125000000002 0.846875 0.5203125000000002 0.903125 0.5484375000000001 0.903125
23 0.2812500000000001 0.865625 0.25468750000000007 0.865625 0.25468750000000007 0.9203125 0.2812500000000001 0.9203125
3 0.2093750000000001 0.7421875 0.17968750000000008 0.7421875 0.17968750000000008 0.7953125 0.2093750000000001 0.7953125
14 0.49531250000000016 0.984375 0.45625000000000016 0.984375 0.45625000000000016 1 0.49531250000000016 1
51 0.30937500000000007 0.7984375 0.2812500000000001 0.7984375 0.2812500000000001 0.853125 0.30937500000000007 0.853125
7 0.36406250000000007 0.73125 0.3359375000000001 0.73125 0.3359375000000001 0.784375 0.36406250000000007 0.784375
46 0.6343750000000001 0.909375 0.5390625000000002 0.909375 0.5390625000000002 0.96875 0.6343750000000001 0.96875
53 0.3859375000000001 0.7921875 0.3578125000000001 0.7921875 0.3578125000000001 0.846875 0.3859375000000001 0.846875
30 0.93125 0.5843750000000001 0.05937500000000007 0.584375 0.0593750000000001 1 0.93125 1
19 0.24375000000000008 0.8671875 0.2171875000000001 0.8671875 0.2171875000000001 0.925 0.24375000000000008 0.925
55 0.3031250000000001 0.9296875 0.2750000000000001 0.9296875 0.2750000000000001 0.9859375 0.3031250000000001 0.9859375
20 0.6312500000000001 0.7140625 0.565625 0.7140625 0.565625 0.7671875 0.6312500000000002 0.7671875
45 0.13125000000000012 0.8734375 0.07500000000000011 0.8734375 0.07500000000000011 0.9328125 0.13125000000000014 0.9328125
40 0.49218750000000017 0.91875 0.46406250000000016 0.91875 0.46406250000000016 0.9734375 0.49218750000000017 0.9734375
34 0.5296875000000002 0.915625 0.5015625000000001 0.915625 0.5015625000000001 0.9703125 0.5296875000000002 0.9703125
48 0.5171875000000001 0.721875 0.4890625 0.721875 0.48906250000000007 0.775 0.5171875000000001 0.775
43 0.2062500000000001 0.8703125 0.1781250000000001 0.8703125 0.17812500000000012 0.9265625 0.2062500000000001 0.9265625
57 0.22812500000000008 0.9359375 0.2000000000000001 0.9359375 0.2000000000000001 0.9921875 0.22812500000000008 0.9921875
5 0.28593750000000007 0.734375 0.2578125000000001 0.734375 0.2578125000000001 0.790625 0.28593750000000007 0.790625
9 0.4406250000000001 0.725 0.4125 0.725 0.4125000000000001 0.778125 0.44062500000000016 0.778125
42 0.2718750000000001 0.8015625 0.24375000000000008 0.8015625 0.24375000000000008 0.8546875 0.2718750000000001 0.8546875
39 0.5750000000000002 0.7796875 0.5468750000000002 0.7796875 0.5468750000000002 0.834375 0.5750000000000002 0.834375
16 0.2656250000000001 0.9328125 0.2375000000000001 0.9328125 0.2375000000000001 0.9890625 0.2656250000000001 0.9890625
17 0.09375000000000008 0.7484375 0.0671875000000001 0.7484375 0.0671875000000001 0.8015625 0.09375000000000008 0.8015625
6 0.32500000000000007 0.73125 0.2968750000000001 0.73125 0.2968750000000001 0.7875 0.32500000000000007 0.7875
37 0.5109375000000002 0.85 0.4828125000000002 0.85 0.4828125000000002 0.9078125 0.5109375000000002 0.9078125
38 0.5000000000000002 0.784375 0.47187500000000016 0.784375 0.47187500000000016 0.8390625 0.5000000000000002 0.8390625
25 0.3578125000000001 0.8609375 0.3296875000000001 0.8609375 0.3296875000000001 0.915625 0.3578125000000001 0.915625
15 0.34062500000000007 0.928125 0.3125000000000001 0.928125 0.3125000000000001 0.984375 0.34062500000000007 0.984375
54 0.5375000000000002 0.7828125 0.5093750000000001 0.7828125 0.5093750000000001 0.8390625 0.5375000000000002 0.8390625
28 0.3968750000000001 0.859375 0.3687500000000001 0.859375 0.3687500000000001 0.9140625 0.3968750000000001 0.9140625
1 0.1312500000000001 0.746875 0.10312500000000009 0.746875 0.10312500000000009 0.8015625 0.1312500000000001 0.8015625
24 0.3203125000000001 0.8625 0.2921875000000001 0.8625 0.2921875000000001 0.91875 0.3203125000000001 0.91875
27 0.4234375000000002 0.790625 0.39531250000000007 0.790625 0.39531250000000007 0.84375 0.4234375000000002 0.84375
52 0.11875000000000009 0.8109375 0.07187500000000009 0.8109375 0.0718750000000001 0.8671875 0.11875000000000009 0.8671875
2 0.1703125000000001 0.740625 0.14218750000000008 0.740625 0.14218750000000008 0.796875 0.1703125000000001 0.796875
26 0.5859375000000002 0.846875 0.5578125000000002 0.846875 0.5578125000000002 0.903125 0.5859375000000002 0.903125
8 0.4031250000000002 0.7296875 0.3750000000000001 0.7296875 0.3750000000000001 0.7828125 0.4031250000000002 0.7828125
29 0.4343750000000002 0.8546875 0.40625000000000017 0.8546875 0.40625000000000017 0.9109375 0.4343750000000002 0.9109375
58 0.18906250000000013 0.9359375 0.16093750000000012 0.9359375 0.16093750000000012 0.9921875 0.18906250000000013 0.9921875
22 0.6328125000000002 0.778125 0.5843750000000002 0.778125 0.5843750000000002 0.9 0.6328125000000002 0.9
4 0.2484375000000001 0.7375 0.22031250000000008 0.7375 0.22031250000000008 0.790625 0.2484375000000001 0.790625
36 0.4625000000000002 0.7875 0.4343750000000002 0.7875 0.4343750000000002 0.8421875 0.4625000000000002 0.8421875
44 0.11562500000000013 0.940625 0.07812500000000011 0.940625 0.07812500000000012 0.9984375 0.11562500000000013 0.9984375
41 0.15625000000000008 0.809375 0.1281250000000001 0.809375 0.1281250000000001 0.8640625 0.15625000000000008 0.8640625
31 0.4734375000000002 0.853125 0.44531250000000017 0.853125 0.44531250000000017 0.909375 0.4734375000000002 0.909375
10 0.16875000000000012 0.871875 0.14218750000000008 0.871875 0.1421875000000001 0.928125 0.16875000000000012 0.928125
21 0.2328125000000001 0.803125 0.20468750000000008 0.803125 0.20468750000000008 0.8578125 0.2328125000000001 0.8578125
0 0.4796875000000001 0.7234375 0.4515625 0.7234375 0.4515625000000001 0.7765625 0.47968750000000016 0.7765625
35 0.37968750000000007 0.9265625 0.3515625000000001 0.9265625 0.3515625000000001 0.98125 0.37968750000000007 0.98125
59 0.3468750000000001 0.796875 0.3187500000000001 0.796875 0.3187500000000001 0.85 0.3468750000000001 0.85
56 0.19531250000000008 0.8078125 0.1671875000000001 0.8078125 0.1671875000000001 0.8625 0.19531250000000008 0.8625
50 0.6359375000000002 0.9765625 0.5953125000000001 0.9765625 0.5953125000000001 1 0.6359375000000002 1
11 0.5546875000000001 0.7171875 0.5265625 0.7171875 0.5265625 0.771875 0.5546875000000002 0.771875
18 0.4546875000000002 0.91875 0.4265625000000002 0.91875 0.4265625000000002 0.975 0.4546875000000002 0.975
33 0.41718750000000016 0.9234375 0.3890625000000001 0.9234375 0.3890625000000001 0.978125 0.41718750000000016 0.978125
32 0.15156250000000013 0.9390625 0.12343750000000013 0.9390625 0.12343750000000013 0.9953125 0.15156250000000013 0.9953125