40 0.6828125 0.49375 0.6296875 0.49375 0.6296875 0.5296875 0.6828125 0.5296875
56 0.5578125000000002 0.878125 0.5046875000000002 0.878125 0.5046875000000002 0.9125 0.5578125000000002 0.9125
58 0.6921875000000002 0.8921875 0.6359375000000002 0.8921875 0.6359375000000002 0.9296875 0.6921875000000002 0.9296875
57 0.6921875000000002 0.8421875 0.6359375000000002 0.8421875 0.6359375000000002 0.878125 0.6921875000000002 0.878125
30 0.7875000000000001 6.946043563913895e-17 0.346875 4.247993584542381e-17 0.34687500000000004 1 0.7875000000000002 1
36 0.5546875 0.5296875 0.5015625 0.5296875 0.5015625 0.565625 0.5546875 0.565625
7 0.4890625 0.6515625 0.4359375 0.6515625 0.4359375 0.6890625 0.4890625 0.6890625
19 0.6218750000000002 0.815625 0.5656250000000002 0.815625 0.5656250000000002 0.853125 0.6218750000000002 0.853125
52 0.5562500000000001 0.9765625 0.5031250000000002 0.9765625 0.5031250000000002 1 0.5562500000000001 1
22 0.61875 0.3125000000000001 0.4984375 0.3125000000000001 0.4984375 0.3734375000000001 0.61875 0.3734375000000001
4 0.4906250000000002 0.8015625 0.43750000000000017 0.8015625 0.43750000000000017 0.8390625 0.4906250000000002 0.8390625
34 0.6828125 0.44375 0.6296875 0.44375 0.6296875 0.48125 0.6828125 0.48125
59 0.5546875 0.678125 0.5015625 0.678125 0.5015625 0.7125 0.5546875 0.7125
45 0.6250000000000002 0.965625 0.5671875000000002 0.965625 0.5671875000000002 1 0.6250000000000002 1
18 0.6859375 0.5421875 0.63125 0.5421875 0.63125 0.578125 0.6859375 0.578125
49 0.7593750000000001 0.98125 0.7046875000000001 0.98125 0.7046875000000001 1 0.7593750000000001 1
23 0.6218750000000002 0.765625 0.5656250000000002 0.765625 0.5656250000000002 0.8015625 0.6218750000000002 0.8015625
25 0.621875 0.6640625 0.5671875 0.6640625 0.5671875 0.7015625 0.621875 0.7015625
33 0.6828125 0.5921875 0.6296875 0.5921875 0.6296875 0.6296875 0.6828125 0.6296875
12 0.61875 0.421875 0.565625 0.421875 0.565625 0.4578125 0.61875 0.4578125
8 0.490625 0.6046875 0.4390625 0.6046875 0.4390625 0.6390625 0.490625 0.6390625
26 0.61875 0.3734375000000001 0.565625 0.3734375000000001 0.565625 0.409375 0.61875 0.409375
21 0.5546875000000002 0.828125 0.5015625000000001 0.828125 0.5015625000000001 0.8625 0.5546875000000002 0.8625
35 0.6859375 0.640625 0.6296875 0.640625 0.6296875 0.678125 0.6859375 0.678125
47 0.7562500000000001 0.5531250000000001 0.696875 0.553125 0.6968750000000001 0.859375 0.7562500000000002 0.859375
11 0.4890625 0.409375 0.4359375 0.409375 0.4359375 0.446875 0.4890625 0.446875
5 0.4890625000000002 0.7515625 0.4359375000000002 0.7515625 0.4359375000000002 0.7890625 0.4890625000000002 0.7890625
14 0.75 0.4921875000000001 0.696875 0.4921875 0.696875 0.5421875 0.75 0.5421875000000002
1 0.4906250000000002 0.953125 0.43750000000000017 0.953125 0.43750000000000017 0.990625 0.4906250000000002 0.990625
48 0.4890625 0.45625 0.4359375 0.45625 0.4359375 0.49375 0.4890625 0.49375
2 0.4937500000000002 0.903125 0.44062500000000016 0.903125 0.44062500000000016 0.940625 0.4937500000000002 0.940625
20 0.4875 0.3125000000000001 0.4328125 0.3125000000000001 0.4328125 0.3968750000000001 0.4875 0.3968750000000001
27 0.553125 0.578125 0.5 0.578125 0.5 0.6140625 0.553125 0.6140625
29 0.6203125 0.565625 0.5640625 0.565625 0.5640625 0.603125 0.6203125 0.603125
3 0.4937500000000002 0.8515625 0.44062500000000016 0.8515625 0.44062500000000016 0.8890625 0.4937500000000002 0.8890625
50 0.7484375 0.3062500000000001 0.6953125 0.3062500000000001 0.6953125 0.3578125000000001 0.7484375 0.3578125000000001
44 0.6921875000000002 0.9828125 0.6359375000000002 0.9828125 0.6359375000000002 1 0.6921875000000002 1
42 0.5546875000000002 0.7765625 0.5015625000000001 0.7765625 0.5015625000000001 0.8125 0.5546875000000002 0.8125
16 0.6875000000000002 0.790625 0.6328125000000002 0.790625 0.6328125000000002 0.828125 0.6875000000000002 0.828125
38 0.553125 0.4828125 0.5015625 0.4828125 0.5015625 0.5171875 0.553125 0.5171875
37 0.6171875 0.4703125 0.5640625 0.4703125 0.5640625 0.5046875 0.6171875 0.5046875
43 0.6250000000000002 0.865625 0.5687500000000002 0.865625 0.5687500000000002 0.9015625 0.6250000000000002 0.9015625
28 0.6171875 0.6171875 0.5640625 0.6171875 0.5640625 0.6515625 0.6171875 0.6515625
46 0.6828125 0.30937500000000007 0.6296875 0.30937500000000007 0.6296875 0.43125 0.6828125 0.43125
51 0.5546875000000002 0.7265625 0.5015625000000001 0.7265625 0.5015625000000001 0.7609375 0.5546875000000002 0.7609375
24 0.6203125 0.715625 0.5671875 0.715625 0.5671875000000001 0.7515625 0.6203125000000002 0.7515625
54 0.553125 0.434375 0.5 0.434375 0.5 0.46875 0.553125 0.46875
39 0.553125 0.3859375000000001 0.5 0.3859375000000001 0.5 0.4203125 0.553125 0.4203125
32 0.6906250000000002 0.9421875 0.6343750000000001 0.9421875 0.6343750000000001 0.9796875 0.6906250000000002 0.9796875
6 0.4921875000000001 0.7015625 0.4375 0.7015625 0.4375000000000001 0.7390625 0.49218750000000017 0.7390625
55 0.6890625000000001 0.7421875 0.6343750000000001 0.7421875 0.6343750000000001 0.778125 0.6890625000000001 0.778125
17 0.49218750000000017 0.990625 0.4390625000000002 0.990625 0.4390625000000002 1 0.49218750000000017 1
53 0.553125 0.628125 0.5 0.628125 0.5 0.6625 0.553125 0.6625
31 0.6203125 0.51875 0.565625 0.51875 0.565625 0.553125 0.6203125 0.553125
10 0.6265625000000001 0.915625 0.5703125000000002 0.915625 0.5703125000000002 0.9515625 0.6265625000000001 0.9515625
13 0.7578125000000002 0.8671875 0.7031250000000002 0.8671875 0.7031250000000002 0.91875 0.7578125000000002 0.91875
0 0.4890625 0.50625 0.4359375 0.50625 0.4359375 0.54375 0.4890625 0.54375
15 0.6859375000000001 0.690625 0.6296875 0.690625 0.6296875000000001 0.728125 0.6859375000000002 0.728125
9 0.4890625 0.5546875 0.4359375 0.5546875 0.4359375 0.5921875 0.4890625 0.5921875
41 0.5546875000000002 0.9265625 0.5015625000000001 0.9265625 0.5015625000000001 0.9640625 0.5546875000000002 0.9640625