53 0.4578125 0.4046875 0.3312500000000001 0.4046875 0.3312500000000001 0.4578125 0.4578125 0.4578125
10 0.315625 0.02343750000000003 0.1875 0.02343750000000002 0.1875 0.07656250000000003 0.315625 0.07656250000000005
38 0.4578125 0.603125 0.3312500000000001 0.603125 0.3312500000000001 0.6578125 0.4578125 0.6578125
9 0.603125 0.5046875 0.4734375 0.5046875 0.4734375 0.5609375 0.603125 0.5609375
26 0.3156250000000001 0.7484375 0.1843750000000001 0.7484375 0.1843750000000001 0.8046875 0.3156250000000001 0.8046875
42 0.4578125 0.20625000000000004 0.33125 0.20625 0.33125 0.259375 0.4578125 0.2593750000000001
33 0.16875000000000004 0.4515625 0.039062500000000056 0.4515625 0.03906250000000006 0.509375 0.16875000000000004 0.509375
5 0.6046875 0.2406250000000001 0.4765625 0.2406250000000001 0.4765625 0.29375000000000007 0.6046875 0.29375000000000007
54 0.4578125 0.6671875 0.3296875000000001 0.6671875 0.3296875000000001 0.7234375 0.4578125 0.7234375
18 0.16875000000000007 0.5171875 0.042187500000000065 0.5171875 0.042187500000000065 0.5734375 0.1687500000000001 0.5734375
2 0.6046875 0.040625000000000064 0.4734375 0.04062500000000006 0.4734375 0.09375000000000007 0.6046875 0.09375000000000007
25 0.31562500000000004 0.353125 0.18437500000000004 0.353125 0.18437500000000004 0.40625 0.3156250000000001 0.40625
34 0.1687500000000001 0.6484375 0.04218750000000008 0.6484375 0.042187500000000086 0.7078125 0.1687500000000001 0.7078125
55 0.16718750000000004 0.253125 0.04218750000000003 0.253125 0.04218750000000003 0.309375 0.16718750000000004 0.309375
19 0.315625 0.15625000000000006 0.1875 0.15625000000000006 0.18750000000000003 0.209375 0.315625 0.209375
3 0.6046875 0.10468750000000007 0.4703125 0.10468750000000004 0.4703125 0.16093750000000007 0.6046875 0.1609375000000001
56 0.4578125 0.07343750000000006 0.33125 0.07343750000000004 0.33125 0.12656250000000005 0.4578125 0.12656250000000005
57 0.1671875 0.1203125 0.04062500000000001 0.1203125 0.040625000000000015 0.175 0.1671875 0.175
37 0.3156250000000001 0.6171875 0.1843750000000001 0.6171875 0.1843750000000001 0.6734375 0.3156250000000001 0.6734375
41 0.4578125 0.0046875000000000475 0.328125 0.004687500000000041 0.328125 0.06250000000000006 0.4578125 0.06250000000000007
30 0.8375 5.128208471429541e-17 0 0 6.123233995736766e-17 1 0.8375 1
16 0.16875000000000004 0.1859375 0.042187500000000024 0.1859375 0.04218750000000003 0.2421875 0.16875000000000004 0.2421875
39 0.4578125000000002 0.734375 0.3281250000000001 0.734375 0.3281250000000001 0.790625 0.4578125000000002 0.790625
48 0.603125 0.6375 0.471875 0.6375 0.471875 0.6921875 0.603125 0.6921875
23 0.315625 0.2203125 0.18906250000000005 0.2203125 0.18906250000000005 0.2734375 0.315625 0.2734375
6 0.6046875 0.3078125000000001 0.4765625 0.3078125000000001 0.4765625 0.3609375000000001 0.6046875 0.3609375000000001
28 0.3156250000000001 0.41875 0.18593750000000003 0.41875 0.18593750000000003 0.471875 0.3156250000000001 0.471875
1 0.6046875 6.630314311008718e-17 0.478125 5.855342508423283e-17 0.478125 0.025000000000000067 0.6046875 0.025000000000000078
20 0.5968750000000002 0.7734375 0.4703125000000002 0.7734375 0.4703125000000002 0.8890625 0.5968750000000002 0.8890625
36 0.4609375 0.534375 0.3343750000000001 0.534375 0.3343750000000001 0.590625 0.4609375 0.590625
11 0.6062500000000001 0.703125 0.478125 0.703125 0.4781250000000001 0.75625 0.6062500000000002 0.75625
59 0.4578125 0.3375 0.33125 0.3375 0.33125000000000004 0.3921875 0.4578125 0.3921875000000001
7 0.603125 0.37187500000000007 0.471875 0.37187500000000007 0.471875 0.4265625 0.603125 0.4265625
29 0.3156250000000001 0.4859375 0.18437500000000004 0.4859375 0.18437500000000004 0.540625 0.3156250000000001 0.540625
0 0.603125 0.5703125 0.46875 0.5703125 0.46875 0.628125 0.603125 0.628125
46 0.1593750000000001 0.721875 0.04062500000000009 0.721875 0.0406250000000001 0.8890625 0.1593750000000001 0.8890625
35 0.16875000000000004 0.384375 0.04062500000000004 0.384375 0.04062500000000005 0.440625 0.16875000000000004 0.440625
27 0.4578125 0.471875 0.3359375000000001 0.471875 0.3359375000000001 0.525 0.4578125 0.525
22 0.4593750000000002 0.8015625 0.1781250000000001 0.8015625 0.1781250000000001 0.89375 0.4593750000000002 0.89375
8 0.603125 0.4359375 0.46875 0.4359375 0.46875 0.4921875 0.603125 0.4921875
4 0.603125 0.17500000000000007 0.4734375 0.17500000000000004 0.4734375 0.22812500000000008 0.603125 0.22812500000000008
40 0.1671875000000001 0.584375 0.042187500000000065 0.584375 0.04218750000000007 0.640625 0.1671875000000001 0.640625
58 0.1671875 0.05625000000000001 0.04218750000000001 0.05625 0.04218750000000001 0.109375 0.1671875 0.109375
24 0.315625 0.2859375 0.18593750000000003 0.2859375 0.18593750000000003 0.340625 0.315625 0.340625
43 0.3140625 0.08750000000000004 0.184375 0.08750000000000002 0.184375 0.14218750000000005 0.3140625 0.14218750000000005
31 0.3156250000000001 0.5515625 0.1859375000000001 0.5515625 0.1859375000000001 0.60625 0.3156250000000001 0.60625
12 0.3156250000000001 0.684375 0.1843750000000001 0.684375 0.1843750000000001 0.740625 0.3156250000000001 0.740625
51 0.4578125 0.27187500000000003 0.33125 0.271875 0.33125 0.32500000000000007 0.4578125 0.32500000000000007
15 0.16875000000000004 0.31875 0.04062500000000004 0.31875 0.04062500000000004 0.375 0.16875000000000004 0.375
21 0.459375 0.13906250000000003 0.3296875 0.13906250000000003 0.3296875 0.19375000000000003 0.459375 0.19375000000000003
32 0.16875 0.0015625000000000129 0.040625 0.0015625000000000049 0.040625 0.04531250000000001 0.16875 0.04531250000000002