34 0.665625 0.3125000000000001 0.578125 0.3125000000000001 0.578125 0.3531250000000001 0.665625 0.3531250000000001
39 0.4328125 0.2828125 0.346875 0.2828125 0.346875 0.31718750000000007 0.4328125 0.31718750000000007
7 0.3421875000000001 0.5484375 0.2390625000000001 0.5484375 0.2390625000000001 0.5890625 0.3421875000000001 0.5890625
58 0.7906250000000001 0.809375 0.6765625000000002 0.809375 0.6765625000000002 0.8640625 0.7906250000000001 0.8640625
21 0.49218750000000017 0.7453125 0.3843750000000001 0.7453125 0.3843750000000001 0.7921875 0.49218750000000017 0.7921875
31 0.5625 0.39531250000000007 0.4734375 0.39531250000000007 0.4734375 0.4328125 0.5625 0.4328125
23 0.6171875 0.659375 0.5125 0.659375 0.5125 0.70625 0.6171875 0.70625
11 0.321875 0.3109375 0.2328125 0.3109375 0.2328125 0.3453125 0.321875 0.3453125
4 0.3546875000000001 0.7203125 0.24375000000000008 0.7203125 0.24375000000000008 0.76875 0.3546875000000001 0.76875
49 0.9984375 0.94375 0.859375 0.94375 0.859375 1 0.9984375 1
41 0.5093750000000001 0.8796875 0.3921875000000001 0.8796875 0.3921875000000001 0.934375 0.5093750000000001 0.934375
25 0.5921875 0.5453125 0.4953125 0.5453125 0.4953125 0.5890625 0.5921875 0.5890625
37 0.55625 0.3468750000000001 0.4671875 0.3468750000000001 0.4671875 0.3843750000000001 0.55625 0.3843750000000001
28 0.584375 0.49375 0.4875 0.49375 0.4875 0.534375 0.584375 0.534375
16 0.7593750000000001 0.6781250000000001 0.65 0.678125 0.6500000000000001 0.7281250000000001 0.7593750000000001 0.7281250000000001
10 0.6546875000000002 0.8546875 0.5375000000000002 0.8546875 0.5375000000000002 0.9078125 0.6546875000000002 0.9078125
57 0.7734375000000002 0.7421875000000001 0.6625000000000002 0.7421875 0.6625000000000002 0.7937500000000001 0.7734375000000002 0.7937500000000002
40 0.675 0.3578125000000001 0.5859375 0.3578125000000001 0.5859375 0.3984375000000001 0.675 0.3984375000000001
48 0.32656250000000003 0.3546875 0.2359375 0.3546875 0.23593750000000005 0.3890625 0.3265625000000001 0.3890625
56 0.5015625000000001 0.8109375 0.3890625000000001 0.8109375 0.3890625000000001 0.8609375 0.5015625000000001 0.8609375
20 0.3171875 0.23125 0.2296875 0.23125 0.2296875 0.303125 0.3171875 0.303125
33 0.7 0.4546875 0.60625 0.4546875 0.60625 0.4984375 0.7 0.4984375
52 0.5234375000000002 0.95 0.40156250000000016 0.95 0.40156250000000016 1 0.5234375000000002 1
38 0.440625 0.37031250000000004 0.3531250000000001 0.3703125 0.3531250000000001 0.40625 0.440625 0.40625
2 0.3671875000000001 0.85 0.2453125000000001 0.85 0.2453125000000001 0.9046875 0.3671875000000001 0.9046875
9 0.3343750000000001 0.4484375 0.2375000000000001 0.4484375 0.2375000000000001 0.4859375 0.3343750000000001 0.4859375
42 0.4843750000000001 0.6828125 0.37968750000000007 0.6828125 0.37968750000000007 0.728125 0.48437500000000017 0.728125
13 0.934375 0.7656250000000002 0.8125 0.7656250000000002 0.8125 0.8390625 0.934375 0.8390625
29 0.575 0.4421875 0.48125 0.4421875 0.48125 0.4828125 0.575 0.4828125
30 1 6.458098354878621e-17 0.0546875 6.6972871828370884e-18 0.05468750000000007 1 1 1
44 0.8328125 0.953125 0.7046875000000001 0.953125 0.7046875000000001 1 0.8328125 1
43 0.6406250000000002 0.7859375 0.5281250000000002 0.7859375 0.5281250000000002 0.8359375 0.6406250000000002 0.8359375
15 0.7265625 0.5609375000000001 0.6265625 0.5609375 0.6265625 0.6078125000000001 0.7265625 0.6078125000000002
46 0.653125 0.2000000000000001 0.55625 0.2000000000000001 0.55625 0.3109375000000001 0.653125 0.3109375000000001
32 0.8109375 0.88125 0.6890625000000001 0.88125 0.6890625000000001 0.9390625 0.8109375 0.9390625
14 0.7984375 0.34843750000000007 0.7046875 0.34843750000000007 0.7046875 0.4015625000000001 0.7984375 0.40156250000000016
36 0.4484375 0.415625 0.3578125000000001 0.415625 0.3578125000000001 0.453125 0.4484375 0.453125
54 0.4359375 0.32500000000000007 0.35 0.325 0.35 0.35937500000000006 0.4359375 0.3593750000000001
12 0.5484375 0.3031250000000001 0.4609375 0.3031250000000001 0.4609375 0.34062500000000007 0.5484375 0.34062500000000007
27 0.4515625 0.465625 0.3609375000000001 0.465625 0.3609375000000001 0.503125 0.4515625 0.503125
24 0.60625 0.6015625 0.503125 0.6015625 0.503125 0.646875 0.60625 0.646875
51 0.475 0.6234375 0.3750000000000001 0.6234375 0.3750000000000001 0.6671875 0.475 0.6671875
35 0.7125 0.50625 0.615625 0.50625 0.615625 0.55 0.7125 0.55
22 0.5328125 0.21250000000000005 0.3359375 0.2125 0.3359375 0.27812500000000007 0.5328125 0.27812500000000007
50 0.7484375 0.18750000000000008 0.6640625 0.18750000000000008 0.6640625 0.2375000000000001 0.7484375 0.2375000000000001
18 0.6890625 0.40625 0.5953125 0.40625 0.5953125 0.4484375 0.6890625 0.4484375
3 0.3609375000000001 0.78125 0.24375000000000008 0.78125 0.24375000000000008 0.834375 0.3609375000000001 0.834375
45 0.6781250000000002 0.925 0.5484375000000001 0.925 0.5484375000000001 1 0.6781250000000002 1
8 0.3375000000000001 0.496875 0.2375000000000001 0.496875 0.2375000000000001 0.5359375 0.3375000000000001 0.5359375
1 0.3703125000000001 0.9203125 0.2484375000000001 0.9203125 0.2484375000000001 0.9765625 0.3703125000000001 0.9765625
53 0.4609375 0.515625 0.3671875000000001 0.515625 0.3671875000000001 0.55625 0.4609375 0.55625
19 0.628125 0.7203125 0.5203125 0.7203125 0.5203125000000001 0.7703125 0.6281250000000002 0.7703125
55 0.740625 0.6187500000000001 0.6375 0.61875 0.6375 0.6656250000000001 0.740625 0.6656250000000001
47 0.9109375 0.4031250000000002 0.7296875 0.4031250000000002 0.7296875 0.7531250000000002 0.9109375 0.7531250000000002
5 0.3515625000000001 0.659375 0.24218750000000008 0.659375 0.24218750000000008 0.70625 0.3515625000000001 0.70625
6 0.3453125000000001 0.603125 0.2390625000000001 0.603125 0.2390625000000001 0.646875 0.3453125000000001 0.646875
59 0.46875 0.5671875 0.37187500000000007 0.5671875 0.37187500000000007 0.6109375 0.46875 0.6109375
26 0.5390625 0.2640625000000001 0.453125 0.2640625000000001 0.453125 0.3000000000000001 0.5390625 0.3000000000000001
0 0.3296875000000001 0.3984375 0.2328125000000001 0.3984375 0.2328125000000001 0.4359375 0.3296875000000001 0.4359375