34 0.453125 0.6640625 0.36406250000000007 0.6640625 0.36406250000000007 0.7046875 0.453125 0.7046875
39 0.6890625000000001 0.6984375 0.6015625 0.6984375 0.6015625000000001 0.734375 0.6890625000000001 0.734375
7 0.7984375 0.4218750000000001 0.69375 0.421875 0.69375 0.4640625000000001 0.7984375 0.46406250000000016
58 0.353125 0.14531250000000004 0.2375 0.14531250000000004 0.2375 0.2 0.353125 0.2
21 0.65 0.2156250000000001 0.540625 0.2156250000000001 0.540625 0.2640625000000001 0.65 0.2640625000000001
31 0.559375 0.5828125 0.46875 0.5828125 0.46875 0.6203125 0.559375 0.6203125
23 0.5203125 0.3046875000000001 0.4140625 0.3046875000000001 0.4140625 0.3515625000000001 0.5203125 0.3515625000000001
11 0.8046875 0.6718750000000001 0.7140625 0.671875 0.7140625 0.70625 0.8046875 0.7062500000000002
4 0.79375 0.2406250000000001 0.68125 0.2406250000000001 0.68125 0.2906250000000001 0.79375 0.2906250000000001
49 0.1671875 1.1863765866739984e-17 0.0265625 3.2529680602351567e-18 0.026562500000000006 0.06093750000000001 0.1671875 0.06093750000000002
41 0.6421875 0.07343750000000007 0.5234375 0.07343750000000007 0.5234375 0.12812500000000007 0.6421875 0.1281250000000001
25 0.5375 0.4234375 0.4375 0.4234375 0.4375 0.4671875 0.5375 0.4671875
37 0.565625 0.63125 0.475 0.63125 0.475 0.6703125 0.565625 0.6703125
28 0.5453125 0.478125 0.4484375 0.478125 0.4484375 0.5203125 0.5453125 0.5203125
16 0.38125 0.2828125 0.2703125 0.2828125 0.2703125 0.33281250000000007 0.38125 0.33281250000000007
10 0.4953125 0.10000000000000005 0.3765625 0.10000000000000005 0.3765625 0.15312500000000004 0.4953125 0.15312500000000004
57 0.3671875 0.21406250000000004 0.2546875 0.2140625 0.2546875 0.2671875 0.3671875 0.2671875000000001
40 0.4453125 0.6171875 0.3546875000000001 0.6171875 0.3546875000000001 0.6578125 0.4453125 0.6578125
48 0.8015625 0.6265625000000001 0.7078125 0.6265625 0.7078125 0.6609375000000001 0.8015625 0.6609375000000002
56 0.6453125 0.14687500000000006 0.5296875 0.14687500000000003 0.5296875 0.19843750000000007 0.6453125 0.1984375000000001
20 0.8078125 0.7156250000000001 0.71875 0.715625 0.7187500000000001 0.7875000000000001 0.8078125 0.7875000000000002
33 0.425 0.515625 0.3312500000000001 0.515625 0.3312500000000001 0.559375 0.425 0.559375
52 0.634375 7.003448882623926e-17 0.509375 6.23804463315683e-17 0.509375 0.05468750000000007 0.634375 0.05468750000000007
38 0.6828125 0.609375 0.59375 0.609375 0.59375 0.646875 0.6828125 0.646875
2 0.790625 0.10312500000000009 0.66875 0.10312500000000009 0.66875 0.1593750000000001 0.790625 0.1593750000000001
9 0.8 0.5296875000000001 0.703125 0.5296875 0.703125 0.5671875000000001 0.8 0.5671875000000002
42 0.6546875 0.2812500000000001 0.5484375 0.2812500000000001 0.5484375 0.3281250000000001 0.6546875 0.3281250000000001
13 0.215625 0.17031250000000003 0.09062500000000002 0.1703125 0.09062500000000002 0.2453125 0.215625 0.2453125
29 0.553125 0.5328125 0.45625 0.5328125 0.45625 0.5734375 0.553125 0.5734375
30 0.9859375 6.037126017671718e-17 0 0 6.123233995736766e-17 1 0.9859375 1
44 0.3234375 3.1668600821701084e-17 0.19375 2.3727531733479968e-17 0.19375 0.05156250000000003 0.3234375 0.051562500000000046
43 0.5046875 0.17187500000000006 0.3890625 0.17187500000000006 0.3890625 0.2234375000000001 0.5046875 0.2234375000000001
15 0.4046875 0.4046875 0.30156250000000007 0.4046875 0.30156250000000007 0.4515625 0.4046875 0.4515625
46 0.4750000000000001 0.7078125 0.3781250000000001 0.7078125 0.3781250000000001 0.8203125 0.4750000000000002 0.8203125
32 0.340625 0.06875000000000003 0.21875 0.06875000000000002 0.21875 0.12656250000000005 0.340625 0.12656250000000005
14 0.3234375000000001 0.6140625 0.2296875000000001 0.6140625 0.2296875000000001 0.66875 0.3234375000000001 0.66875
36 0.678125 0.5625 0.584375 0.5625 0.584375 0.6 0.678125 0.6
54 0.6859375 0.6578125 0.5984375 0.6578125 0.5984375 0.6921875 0.6859375 0.6921875
12 0.5734375 0.6765625 0.484375 0.6765625 0.484375 0.7140625 0.5734375 0.7140625
27 0.675 0.5109375 0.58125 0.5109375 0.58125 0.55 0.675 0.55
24 0.5296875 0.3656250000000001 0.425 0.3656250000000001 0.425 0.4125 0.5296875 0.4125
51 0.6609375 0.3437500000000001 0.5578125 0.3437500000000001 0.5578125 0.3890625000000001 0.6609375 0.3890625000000001
35 0.4140625 0.4625 0.31718750000000007 0.4625 0.31718750000000007 0.5078125 0.4140625 0.5078125
22 0.6984375000000002 0.740625 0.4984375000000002 0.740625 0.4984375000000002 0.8078125 0.6984375000000002 0.8078125
50 0.3656250000000001 0.78125 0.2796875000000001 0.78125 0.2796875000000001 0.8328125 0.3656250000000001 0.8328125
18 0.434375 0.5671875 0.34062500000000007 0.5671875 0.34062500000000007 0.6109375 0.434375 0.6109375
3 0.7921875 0.17343750000000008 0.6734375 0.17343750000000008 0.6734375 0.22656250000000008 0.7921875 0.22656250000000008
45 0.48125 5.089938258956187e-17 0.35 4.286263797015736e-17 0.35 0.08125000000000006 0.48125 0.08125000000000007
8 0.8 0.4765625000000001 0.696875 0.4765625 0.696875 0.5171875000000001 0.8 0.5171875000000001
1 0.7890625 0.02968750000000009 0.6640625 0.02968750000000008 0.6640625 0.08593750000000008 0.7890625 0.08593750000000008
53 0.66875 0.4578125 0.571875 0.4578125 0.571875 0.4984375 0.66875 0.4984375
19 0.5125 0.2390625000000001 0.403125 0.2390625000000001 0.403125 0.2890625000000001 0.5125 0.2890625000000001
55 0.3921875 0.3453125 0.2875 0.3453125 0.28750000000000003 0.3921875 0.3921875000000001 0.3921875000000001
47 0.2984375 0.25625 0.11406250000000004 0.25625 0.11406250000000007 0.6125 0.2984375000000001 0.6125
5 0.7953125 0.3046875000000001 0.684375 0.3046875000000001 0.684375 0.3515625000000001 0.7953125 0.3515625000000001
6 0.7984375 0.3656250000000001 0.690625 0.3656250000000001 0.690625 0.4093750000000001 0.7984375 0.40937500000000016
59 0.6640625 0.4015625 0.5640625 0.4015625 0.5640625 0.4453125 0.6640625 0.4453125
26 0.58125 0.7171875 0.49375 0.7171875 0.4937500000000001 0.7546875 0.5812500000000002 0.7546875
0 0.803125 0.5796875000000001 0.70625 0.5796875 0.70625 0.6171875000000001 0.803125 0.6171875000000002