59 0.796875 0.5234375000000002 0.759375 0.5234375000000002 0.759375 0.5656250000000002 0.796875 0.5656250000000002
3 0.759375 0.37187500000000007 0.725 0.37187500000000007 0.725 0.4125000000000001 0.759375 0.4125000000000002
24 0.8390625 0.49218750000000017 0.8 0.49218750000000017 0.8 0.5343750000000002 0.8390625 0.5343750000000002
32 0.884375 0.2906250000000001 0.84375 0.2906250000000001 0.84375 0.3343750000000001 0.884375 0.3343750000000001
43 0.840625 0.3593750000000001 0.8015625 0.3593750000000001 0.8015625 0.40156250000000016 0.840625 0.40156250000000016
6 0.759375 0.5000000000000001 0.725 0.5 0.725 0.5406250000000001 0.759375 0.5406250000000001
30 0.940625 0.2296875000000001 0.6859375 0.2296875000000001 0.6859375000000001 0.9140625 0.940625 0.9140625
7 0.7578125 0.5421875 0.7234375 0.5421875 0.7234375 0.5828125000000001 0.7578125 0.5828125000000002
16 0.88125 0.4265625000000002 0.8421875 0.4265625000000002 0.8421875 0.4703125000000002 0.88125 0.4703125000000002
36 0.7953125 0.6531250000000002 0.7578125 0.6531250000000002 0.7578125 0.6937500000000002 0.7953125 0.6937500000000002
20 0.7531250000000002 0.7968750000000001 0.7187500000000002 0.796875 0.7187500000000002 0.86875 0.7531250000000002 0.86875
8 0.7578125 0.5859375000000001 0.7234375 0.5859375 0.7234375 0.6265625000000001 0.7578125 0.6265625000000001
57 0.884375 0.3812500000000001 0.8421875 0.3812500000000001 0.8421875 0.42500000000000016 0.884375 0.42500000000000016
2 0.759375 0.3281250000000001 0.725 0.3281250000000001 0.725 0.3687500000000001 0.759375 0.3687500000000001
17 0.7609375 0.2500000000000001 0.7265625 0.2500000000000001 0.7265625 0.2812500000000001 0.7609375 0.2812500000000001
29 0.8359375 0.6234375000000002 0.796875 0.6234375000000002 0.796875 0.6671875000000002 0.8359375 0.6671875000000002
22 0.8328125 0.8234375 0.7546875000000002 0.8234375 0.7546875000000002 0.8875 0.8328125 0.8875
18 0.8765625 0.6500000000000001 0.8375 0.6500000000000001 0.8375 0.6937500000000002 0.8765625 0.6937500000000002
52 0.8015625 0.2468750000000001 0.7640625 0.2468750000000001 0.7640625 0.3031250000000001 0.8015625 0.3031250000000001
19 0.840625 0.4046875000000002 0.8 0.4046875000000002 0.8 0.4468750000000002 0.840625 0.4468750000000002
34 0.8765625 0.7375000000000002 0.8359375 0.7375000000000002 0.8359375 0.7828125000000001 0.8765625 0.7828125000000001
44 0.884375 0.2406250000000001 0.8453125 0.2406250000000001 0.8453125 0.2890625000000001 0.884375 0.2890625000000001
0 0.7546875 0.6687500000000001 0.7203125 0.66875 0.7203125 0.7093750000000001 0.7546875 0.7093750000000002
39 0.7937500000000002 0.7796875000000002 0.7546875000000002 0.7796875000000002 0.7546875000000002 0.8234375 0.7937500000000002 0.8234375
54 0.7937500000000002 0.7390625000000002 0.7546875000000002 0.7390625000000002 0.7546875000000002 0.7812500000000002 0.7937500000000002 0.7812500000000002
53 0.7984375 0.5671875000000002 0.759375 0.5671875000000002 0.759375 0.6078125000000002 0.7984375 0.6078125000000002
5 0.759375 0.45781250000000007 0.725 0.4578125 0.725 0.4984375000000001 0.759375 0.4984375000000002
41 0.8 0.3046875000000001 0.7625 0.3046875000000001 0.7625 0.3468750000000001 0.8 0.3468750000000001
40 0.8765625 0.6937500000000002 0.8359375 0.6937500000000002 0.8359375 0.7390625000000002 0.8765625 0.7390625000000002
31 0.834375 0.6687500000000002 0.7953125 0.6687500000000002 0.7953125 0.7109375000000002 0.834375 0.7109375000000002
48 0.7546875000000001 0.7109375000000001 0.7203125 0.7109375 0.7203125000000001 0.7515625000000001 0.7546875000000002 0.7515625000000001
26 0.834375 0.7984375000000001 0.7953125000000002 0.7984375000000001 0.7953125000000002 0.84375 0.834375 0.84375
4 0.759375 0.4140625000000001 0.725 0.4140625 0.725 0.4546875000000001 0.759375 0.4546875000000002
14 0.921875 0.6734375000000001 0.878125 0.6734375000000001 0.878125 0.7171875000000002 0.921875 0.7171875000000002
25 0.8375 0.5375000000000002 0.7984375 0.5375000000000002 0.7984375 0.5781250000000002 0.8375 0.5781250000000002
10 0.8421875 0.3156250000000001 0.8015625 0.3156250000000001 0.8015625 0.3593750000000001 0.8421875 0.3593750000000001
12 0.834375 0.7562500000000002 0.7953125000000002 0.7562500000000002 0.7953125000000002 0.8 0.834375 0.8
37 0.834375 0.7125000000000001 0.7953125 0.7125000000000001 0.7953125000000001 0.7562500000000002 0.834375 0.7562500000000002
50 0.921875 0.7171875000000002 0.878125 0.7171875000000002 0.878125 0.7687500000000002 0.921875 0.7687500000000002
15 0.8796875 0.5171875000000001 0.840625 0.5171875000000001 0.840625 0.5609375000000002 0.8796875 0.5609375000000002
23 0.8390625 0.44843750000000016 0.8 0.44843750000000016 0.8 0.4906250000000002 0.8390625 0.4906250000000002
11 0.7531250000000002 0.7546875000000001 0.7187500000000002 0.7546875 0.7187500000000002 0.7953125000000001 0.7531250000000002 0.7953125000000002
49 0.9296875 0.23593750000000008 0.8859375 0.23593750000000008 0.8859375 0.28593750000000007 0.9296875 0.28593750000000007
28 0.8375 0.5828125000000002 0.796875 0.5828125000000002 0.796875 0.6234375000000002 0.8375 0.6234375000000002
9 0.75625 0.628125 0.721875 0.628125 0.721875 0.6687500000000001 0.75625 0.6687500000000002
58 0.884375 0.3359375000000001 0.8421875 0.3359375000000001 0.8421875 0.37968750000000007 0.884375 0.37968750000000007
42 0.7984375 0.4359375000000002 0.7609375 0.4359375000000002 0.7609375 0.47656250000000017 0.7984375 0.47656250000000017
13 0.928125 0.37968750000000007 0.884375 0.37968750000000007 0.884375 0.42500000000000016 0.928125 0.42500000000000016
33 0.878125 0.6046875000000002 0.8375 0.6046875000000002 0.8375 0.6500000000000001 0.878125 0.6500000000000001
35 0.8796875 0.5609375000000002 0.8390625 0.5609375000000002 0.8390625 0.6046875000000002 0.8796875 0.6046875000000002
51 0.796875 0.47968750000000016 0.759375 0.47968750000000016 0.759375 0.5203125000000002 0.796875 0.5203125000000002
1 0.759375 0.28593750000000007 0.725 0.28593750000000007 0.725 0.3265625000000001 0.759375 0.3265625000000001
46 0.875 0.7828125000000001 0.8359375 0.7828125000000001 0.8359375 0.89375 0.875 0.89375
56 0.7984375 0.34843750000000007 0.7609375 0.34843750000000007 0.7609375 0.3890625000000001 0.7984375 0.3890625000000001
27 0.796875 0.6093750000000002 0.759375 0.6093750000000002 0.759375 0.6515625000000002 0.796875 0.6515625000000002
55 0.88125 0.47187500000000016 0.840625 0.47187500000000016 0.840625 0.5156250000000002 0.88125 0.5156250000000002
47 0.925 0.42500000000000016 0.88125 0.42500000000000016 0.88125 0.6734375000000001 0.925 0.6734375000000001
38 0.7937500000000001 0.6968750000000001 0.75625 0.6968750000000001 0.7562500000000001 0.7375000000000002 0.7937500000000002 0.7375000000000002
45 0.8421875 0.24375000000000008 0.803125 0.24375000000000008 0.803125 0.3125000000000001 0.8421875 0.3125000000000001
21 0.7984375 0.3921875000000001 0.7609375 0.3921875000000001 0.7609375 0.4343750000000002 0.7984375 0.4343750000000002