42 0.7671875 0.46562500000000007 0.7234375 0.465625 0.7234375 0.503125 0.7671875 0.5031250000000002
19 0.81875 0.4968750000000002 0.7703125 0.4968750000000002 0.7703125 0.5343750000000002 0.81875 0.5343750000000002
3 0.721875 0.525 0.678125 0.525 0.678125 0.5625 0.721875 0.5625
34 0.8640625 0.18125000000000008 0.815625 0.18125000000000008 0.815625 0.2234375000000001 0.8640625 0.2234375000000001
37 0.8109375 0.2078125000000001 0.7640625 0.2078125000000001 0.7640625 0.2484375000000001 0.8109375 0.2484375000000001
28 0.8140625 0.33281250000000007 0.765625 0.33281250000000007 0.765625 0.3703125000000001 0.8140625 0.3703125000000001
16 0.871875 0.47656250000000017 0.8203125 0.47656250000000017 0.8203125 0.5171875000000001 0.871875 0.5171875000000001
38 0.7625 0.22656250000000008 0.7171875 0.22656250000000008 0.7171875 0.2640625000000001 0.7625 0.2640625000000001
50 0.921875 0.19375000000000012 0.86875 0.1937500000000001 0.86875 0.2406250000000001 0.921875 0.2406250000000001
14 0.9234375 0.2406250000000001 0.86875 0.2406250000000001 0.86875 0.2828125000000001 0.9234375 0.2828125000000001
43 0.8203125 0.5375000000000002 0.771875 0.5375000000000002 0.771875 0.5750000000000002 0.8203125 0.5750000000000002
27 0.7625 0.3078125000000001 0.71875 0.3078125000000001 0.71875 0.3453125000000001 0.7625 0.3453125000000001
4 0.7203125 0.4859375 0.678125 0.4859375 0.678125 0.5203125 0.7203125 0.5203125
5 0.7203125 0.4453125 0.678125 0.4453125 0.678125 0.4828125 0.7203125 0.4828125
21 0.76875 0.5062500000000001 0.721875 0.50625 0.721875 0.5437500000000001 0.76875 0.5437500000000002
8 0.7171875 0.3312500000000001 0.675 0.3312500000000001 0.675 0.3687500000000001 0.7171875 0.3687500000000001
33 0.8671875 0.3078125000000001 0.815625 0.3078125000000001 0.815625 0.34843750000000007 0.8671875 0.34843750000000007
2 0.7234375 0.5625 0.6796875 0.5625 0.6796875 0.6 0.7234375 0.6
45 0.821875 0.6203125000000002 0.7734375 0.6203125000000002 0.7734375 0.6828125000000002 0.821875 0.6828125000000002
48 0.715625 0.21093750000000008 0.675 0.21093750000000008 0.675 0.2515625000000001 0.715625 0.2515625000000001
6 0.71875 0.409375 0.6765625 0.409375 0.6765625 0.44375 0.71875 0.44375
56 0.7703125 0.5453125000000001 0.7234375 0.5453125 0.7234375 0.5828125000000001 0.7703125 0.5828125000000002
22 0.8109375 0.08437500000000009 0.715625 0.08437500000000009 0.715625 0.1468750000000001 0.8109375 0.1468750000000001
55 0.86875 0.4343750000000002 0.8203125 0.4343750000000002 0.8203125 0.4750000000000002 0.86875 0.4750000000000002
46 0.8640625 0.0734375000000001 0.8125 0.07343750000000009 0.8125 0.17968750000000008 0.8640625 0.17968750000000008
32 0.8734375 0.6031250000000001 0.8234375 0.6031250000000001 0.8234375 0.6453125000000002 0.8734375 0.6453125000000002
58 0.8734375 0.5609375000000002 0.821875 0.5609375000000002 0.821875 0.6015625000000002 0.8734375 0.6015625000000002
54 0.7625 0.1859375000000001 0.715625 0.1859375000000001 0.715625 0.22656250000000008 0.7625 0.22656250000000008
9 0.7171875 0.2906250000000001 0.675 0.2906250000000001 0.675 0.3281250000000001 0.7171875 0.3281250000000001
49 0.9328125 0.6515625000000002 0.8796875 0.6515625000000002 0.8796875 0.7015625000000002 0.9328125 0.7015625000000002
51 0.765625 0.42656250000000007 0.721875 0.4265625 0.721875 0.4640625000000001 0.765625 0.46406250000000016
52 0.771875 0.6265625000000001 0.7265625 0.6265625000000001 0.7265625 0.6796875000000002 0.771875 0.6796875000000002
29 0.8125 0.2921875000000001 0.765625 0.2921875000000001 0.765625 0.3296875000000001 0.8125 0.3296875000000001
39 0.7609375 0.1453125000000001 0.715625 0.1453125000000001 0.715625 0.1859375000000001 0.7609375 0.1859375000000001
36 0.7640625 0.2671875000000001 0.71875 0.2671875000000001 0.71875 0.3046875000000001 0.7640625 0.3046875000000001
44 0.875 0.6453125000000002 0.825 0.6453125000000002 0.825 0.6921875000000002 0.875 0.6921875000000002
30 0.94375 0.0515625000000001 0.64375 0.05156250000000009 0.64375 0.7015625000000001 0.94375 0.7015625000000002
11 0.7140625 0.17343750000000008 0.6734375 0.17343750000000008 0.6734375 0.21093750000000008 0.7140625 0.21093750000000008
10 0.8203125 0.5796875000000001 0.771875 0.5796875000000001 0.771875 0.6171875000000002 0.8203125 0.6171875000000002
1 0.7234375 0.603125 0.68125 0.603125 0.68125 0.640625 0.7234375 0.640625
17 0.7234375 0.640625 0.6828125 0.640625 0.6828125 0.671875 0.7234375 0.671875
20 0.7140625 0.10468750000000009 0.6734375 0.10468750000000009 0.6734375 0.17343750000000008 0.7140625 0.17343750000000008
59 0.765625 0.38750000000000007 0.7203125 0.38750000000000007 0.7203125 0.4250000000000001 0.765625 0.42500000000000016
31 0.8109375 0.2515625000000001 0.7640625 0.2515625000000001 0.7640625 0.2890625000000001 0.8109375 0.2890625000000001
24 0.8171875 0.4156250000000002 0.76875 0.4156250000000002 0.76875 0.45312500000000017 0.8171875 0.45312500000000017
7 0.7171875 0.3687500000000001 0.6765625 0.3687500000000001 0.6765625 0.40625 0.7171875 0.40625
53 0.765625 0.3468750000000001 0.7203125 0.3468750000000001 0.7203125 0.3843750000000001 0.765625 0.3843750000000001
12 0.8109375 0.1671875000000001 0.7625 0.1671875000000001 0.7625 0.2078125000000001 0.8109375 0.2078125000000001
23 0.8171875 0.45625000000000016 0.7703125 0.45625000000000016 0.7703125 0.4937500000000002 0.8171875 0.4937500000000002
47 0.928125 0.28593750000000007 0.8703125 0.28593750000000007 0.8703125 0.5187500000000002 0.928125 0.5187500000000002
15 0.86875 0.3921875000000001 0.81875 0.3921875000000001 0.81875 0.43281250000000016 0.86875 0.43281250000000016
13 0.93125 0.5203125000000002 0.8765625 0.5203125000000002 0.8765625 0.5625000000000002 0.93125 0.5625000000000002
18 0.8671875 0.2656250000000001 0.815625 0.2656250000000001 0.815625 0.3062500000000001 0.8671875 0.3062500000000001
40 0.865625 0.2234375000000001 0.815625 0.2234375000000001 0.815625 0.2640625000000001 0.865625 0.2640625000000001
0 0.7171875 0.2531250000000001 0.675 0.2531250000000001 0.675 0.2906250000000001 0.7171875 0.2906250000000001
41 0.7703125 0.5843750000000001 0.725 0.584375 0.725 0.6250000000000001 0.7703125 0.6250000000000002
26 0.809375 0.12500000000000008 0.7625 0.12500000000000008 0.7625 0.1671875000000001 0.809375 0.1671875000000001
25 0.8140625 0.3734375000000001 0.7671875 0.3734375000000001 0.7671875 0.4109375000000002 0.8140625 0.4109375000000002
57 0.8734375 0.5187500000000002 0.821875 0.5187500000000002 0.821875 0.5593750000000002 0.8734375 0.5593750000000002
35 0.86875 0.34843750000000007 0.8171875 0.34843750000000007 0.8171875 0.3906250000000001 0.86875 0.3906250000000001