53 0.6375 0.3703125000000001 0.596875 0.3703125000000001 0.596875 0.3921875000000001 0.6375 0.3921875000000001
47 0.503125 0.3375000000000001 0.45 0.3375000000000001 0.45 0.48125 0.503125 0.48125
25 0.5953125 0.3890625000000001 0.553125 0.3890625000000001 0.553125 0.4109375 0.5953125 0.4109375
38 0.6375 0.2921875000000001 0.6 0.2921875000000001 0.6 0.31718750000000007 0.6375 0.31718750000000007
52 0.634375 0.54375 0.5953125 0.54375 0.5953125 0.575 0.634375 0.575
44 0.5484375 0.55625 0.50625 0.55625 0.50625 0.5828125 0.5484375 0.5828125
1 0.675 0.5296875 0.6375 0.5296875 0.6375 0.5515625 0.675 0.5515625
57 0.55 0.4796875 0.50625 0.4796875 0.50625 0.5046875 0.55 0.5046875
30 0.7140625 0.18437500000000007 0.4359375 0.18437500000000004 0.4359375 0.59375 0.7140625 0.59375
10 0.59375 0.515625 0.5515625 0.515625 0.5515625 0.5375 0.59375 0.5375
24 0.59375 0.4140625 0.553125 0.4140625 0.553125 0.4375 0.59375 0.4375
26 0.596875 0.22812500000000008 0.553125 0.22812500000000008 0.553125 0.25468750000000007 0.596875 0.25468750000000007
7 0.6765625 0.3828125000000001 0.6390625 0.3828125000000001 0.6390625 0.4046875 0.6765625 0.4046875
8 0.6765625 0.3578125000000001 0.6390625 0.3578125000000001 0.6390625 0.37968750000000007 0.6765625 0.37968750000000007
22 0.6359375 0.2000000000000001 0.5546875 0.2000000000000001 0.5546875 0.2375000000000001 0.6359375 0.2375000000000001
59 0.6375 0.39531250000000007 0.5984375 0.39531250000000007 0.5984375 0.4171875 0.6375 0.4171875
58 0.55 0.5046875 0.50625 0.5046875 0.50625 0.5296875 0.55 0.5296875
0 0.6765625 0.3078125000000001 0.6390625 0.3078125000000001 0.6390625 0.3296875000000001 0.6765625 0.3296875000000001
13 0.503125 0.48125 0.459375 0.48125 0.459375 0.50625 0.503125 0.50625
46 0.5515625 0.19687500000000008 0.50625 0.19687500000000005 0.50625 0.2656250000000001 0.5515625 0.2656250000000001
48 0.678125 0.2828125000000001 0.640625 0.2828125000000001 0.640625 0.3046875000000001 0.678125 0.3046875000000001
41 0.634375 0.51875 0.596875 0.51875 0.596875 0.5421875 0.634375 0.5421875
17 0.6734375 0.553125 0.6359375 0.553125 0.6359375 0.571875 0.6734375 0.571875
11 0.678125 0.25468750000000007 0.640625 0.25468750000000007 0.640625 0.2796875000000001 0.678125 0.2796875000000001
50 0.5015625 0.2765625000000001 0.453125 0.2765625000000001 0.453125 0.3062500000000001 0.5015625 0.3062500000000001
49 0.503125 0.5578125 0.459375 0.5578125 0.459375 0.5875 0.503125 0.5875
15 0.55 0.4015625 0.50625 0.4015625 0.50625 0.4265625 0.55 0.4265625
3 0.675 0.48125 0.6375 0.48125 0.6375 0.5046875 0.675 0.5046875
51 0.6359375 0.421875 0.5984375 0.421875 0.5984375 0.44375 0.6359375 0.44375
35 0.55 0.3750000000000001 0.50625 0.3750000000000001 0.50625 0.4 0.55 0.4
55 0.5484375 0.4265625 0.5046875 0.4265625 0.5046875 0.4515625 0.5484375 0.4515625
5 0.675 0.4328125 0.6375 0.4328125 0.6375 0.4546875 0.675 0.4546875
2 0.671875 0.5046875 0.6375 0.5046875 0.6375 0.5265625 0.671875 0.5265625
33 0.55 0.34843750000000007 0.50625 0.34843750000000007 0.50625 0.3734375000000001 0.55 0.3734375000000001
34 0.55 0.2671875000000001 0.5078125 0.2671875000000001 0.5078125 0.29375000000000007 0.55 0.29375000000000007
54 0.6390625 0.2656250000000001 0.5984375 0.2656250000000001 0.5984375 0.2906250000000001 0.6390625 0.2906250000000001
37 0.5953125 0.2828125000000001 0.5546875 0.2828125000000001 0.5546875 0.3078125000000001 0.5953125 0.3078125000000001
27 0.6375 0.3453125000000001 0.5984375 0.3453125000000001 0.5984375 0.3671875000000001 0.6375 0.3671875000000001
21 0.6359375 0.471875 0.596875 0.471875 0.596875 0.49375 0.6359375 0.49375
23 0.59375 0.440625 0.5546875 0.440625 0.5546875 0.4625 0.59375 0.4625
45 0.5921875 0.540625 0.5515625 0.540625 0.5515625 0.578125 0.5921875 0.578125
36 0.6375 0.3203125000000001 0.6 0.3203125000000001 0.6 0.3421875000000001 0.6375 0.3421875000000001
29 0.5953125 0.3359375000000001 0.553125 0.3359375000000001 0.553125 0.3609375000000001 0.5953125 0.3609375000000001
42 0.6359375 0.4453125 0.5984375 0.4453125 0.5984375 0.4671875 0.6359375 0.4671875
56 0.634375 0.4953125 0.596875 0.4953125 0.596875 0.5171875 0.634375 0.5171875
28 0.5953125 0.3625000000000001 0.553125 0.3625000000000001 0.553125 0.3859375000000001 0.5953125 0.3859375000000001
31 0.5953125 0.30937500000000007 0.5546875 0.30937500000000007 0.5546875 0.3343750000000001 0.5953125 0.3343750000000001
18 0.5515625 0.3218750000000001 0.50625 0.3218750000000001 0.50625 0.3468750000000001 0.5515625 0.3468750000000001
39 0.6390625 0.2390625000000001 0.5984375 0.2390625000000001 0.5984375 0.2640625000000001 0.6390625 0.2640625000000001
20 0.678125 0.2062500000000001 0.640625 0.2062500000000001 0.640625 0.2531250000000001 0.678125 0.2531250000000001
4 0.675 0.45625 0.6375 0.45625 0.6375 0.478125 0.675 0.478125
19 0.59375 0.465625 0.553125 0.465625 0.553125 0.4875 0.59375 0.4875
12 0.5953125 0.2562500000000001 0.553125 0.2562500000000001 0.553125 0.2812500000000001 0.5953125 0.2812500000000001
14 0.5046875 0.30937500000000007 0.45625 0.30937500000000007 0.45625 0.3359375000000001 0.5046875 0.3359375000000001
16 0.55 0.4546875 0.5046875 0.4546875 0.5046875 0.478125 0.55 0.478125
40 0.5515625 0.29375000000000007 0.5078125 0.29375000000000007 0.5078125 0.3203125000000001 0.5515625 0.3203125000000001
43 0.59375 0.490625 0.553125 0.490625 0.553125 0.5140625 0.59375 0.5140625
32 0.55 0.5296875 0.5078125 0.5296875 0.5078125 0.5546875 0.55 0.5546875
6 0.6765625 0.4078125 0.6390625 0.4078125 0.6390625 0.4296875 0.6765625 0.4296875
9 0.678125 0.33281250000000007 0.640625 0.33281250000000007 0.640625 0.35625000000000007 0.678125 0.35625000000000007