38 0.7109375 0.3187500000000001 0.6359375 0.3187500000000001 0.6359375 0.3843750000000001 0.7109375 0.3843750000000001
46 0.9953125 0.46406250000000016 0.7875 0.46406250000000016 0.7875 0.5359375000000002 0.9953125 0.5359375000000002
56 0.09062500000000004 0.315625 0.015625000000000038 0.315625 0.01562500000000004 0.3828125 0.09062500000000004 0.3828125
42 0.24687500000000004 0.3171875 0.17187500000000006 0.3171875 0.17187500000000006 0.3828125 0.2468750000000001 0.3828125
59 0.39843750000000006 0.31875000000000003 0.3265625 0.31875 0.32656250000000003 0.384375 0.3984375000000001 0.3843750000000001
10 0.02656250000000005 0.3859375 0.0015625000000000471 0.3859375 0.0015625000000000513 0.4546875 0.026562500000000055 0.4546875
28 0.4984375 0.3890625000000001 0.4265625 0.3890625000000001 0.4265625 0.4578125 0.4984375 0.4578125
13 0.13125000000000006 0.5359375 0.05156250000000007 0.5359375 0.05156250000000007 0.6125 0.1312500000000001 0.6125
12 0.8203125 0.3890625000000001 0.7421875 0.3890625000000001 0.7421875 0.4593750000000002 0.8203125 0.4593750000000002
22 0.984375 0.3187500000000001 0.871875 0.3187500000000001 0.871875 0.4625000000000002 0.984375 0.4625000000000002
24 0.3421875000000001 0.3890625 0.2671875000000001 0.3890625 0.2671875000000001 0.4578125 0.3421875000000001 0.4578125
40 0.7046875 0.4625 0.6265625 0.4625 0.6265625 0.534375 0.7046875 0.534375
47 0.5796875 0.5375 0.13125000000000003 0.5375 0.13125000000000006 0.6140625 0.5796875 0.6140625
30 1 0.19375000000000006 2.3727531733479968e-17 0.19375 5.137776024547881e-17 0.6453125000000001 1 0.6453125000000002
14 0.6625 0.5390625 0.58125 0.5390625 0.58125 0.615625 0.6625 0.615625
6 0.3609375 0.253125 0.290625 0.253125 0.290625 0.315625 0.3609375 0.315625
20 0.9546875 0.2531250000000001 0.8203125 0.2531250000000001 0.8203125 0.31718750000000007 0.9546875 0.31718750000000007
1 0.020312500000000032 0.2484375 3.042481891631706e-17 0.2484375 3.425184016365254e-17 0.3109375 0.02031250000000004 0.3109375
0 0.665625 0.2531250000000001 0.5921875 0.2531250000000001 0.5921875 0.3156250000000001 0.665625 0.3156250000000001
44 0.026562500000000062 0.459375 5.625721233583154e-17 0.459375 6.065828677026733e-17 0.53125 0.026562500000000065 0.53125
32 0.023437500000000062 0.45625 5.587451021109799e-17 0.45625 6.046693570790056e-17 0.53125 0.023437500000000066 0.53125
58 0.056250000000000064 0.4578125 5.606586127346476e-17 0.4578125 6.056261123908394e-17 0.53125 0.056250000000000064 0.53125
27 0.553125 0.3187500000000001 0.48125 0.3187500000000001 0.48125 0.3843750000000001 0.553125 0.3843750000000001
36 0.6328125 0.3187500000000001 0.5578125 0.3187500000000001 0.5578125 0.3859375000000001 0.6328125 0.3859375000000001
51 0.321875 0.31875 0.25 0.31875 0.25000000000000006 0.384375 0.3218750000000001 0.384375
16 0.21875000000000008 0.459375 0.14062500000000006 0.459375 0.14062500000000006 0.5328125 0.21875000000000008 0.5328125
43 0.10625000000000004 0.3859375 0.028125000000000046 0.3859375 0.02812500000000005 0.4546875 0.10625000000000004 0.4546875
55 0.3000000000000001 0.4609375 0.22031250000000008 0.4609375 0.22031250000000008 0.5328125 0.3000000000000001 0.5328125
50 0.75625 0.5406250000000001 0.665625 0.540625 0.665625 0.6171875000000001 0.75625 0.6171875000000002
8 0.5109375 0.2531250000000001 0.4421875 0.2531250000000001 0.4421875 0.3156250000000001 0.5109375 0.3156250000000001
9 0.5890625 0.2531250000000001 0.5171875 0.2531250000000001 0.5171875 0.3156250000000001 0.5890625 0.3156250000000001
35 0.4609375 0.4625 0.3828125000000001 0.4625 0.3828125000000001 0.534375 0.4609375 0.534375
49 0.026562500000000072 0.5359375 6.563341439180346e-17 0.5359375 7.032151541978942e-17 0.6125 0.02656250000000008 0.6125
41 0.02187500000000004 0.315625 3.865291459808834e-17 0.315625 4.2766962438973974e-17 0.3828125 0.021875000000000044 0.3828125
15 0.3812500000000001 0.4609375 0.3031250000000001 0.4609375 0.3031250000000001 0.5328125 0.3812500000000001 0.5328125
26 0.9015625 0.3890625000000001 0.8203125 0.3890625000000001 0.8203125 0.4593750000000002 0.9015625 0.4593750000000002
39 0.8671875 0.3187500000000001 0.790625 0.3187500000000001 0.790625 0.3859375000000001 0.8671875 0.3859375000000001
37 0.7390625 0.3906250000000001 0.6609375 0.3906250000000001 0.6609375 0.4593750000000001 0.7390625 0.4593750000000002
7 0.4375 0.2531250000000001 0.365625 0.2531250000000001 0.365625 0.3156250000000001 0.4375 0.3156250000000001
31 0.6578125 0.3890625000000001 0.5828125 0.3890625000000001 0.5828125 0.4578125 0.6578125 0.4578125
57 0.13750000000000004 0.459375 0.057812500000000065 0.459375 0.057812500000000065 0.53125 0.13750000000000004 0.53125
25 0.4203125 0.38906250000000003 0.3468750000000001 0.3890625 0.3468750000000001 0.4578125 0.4203125 0.4578125
33 0.5421875 0.4609375 0.4640625 0.4609375 0.4640625 0.534375 0.5421875 0.534375
29 0.578125 0.3890625000000001 0.503125 0.3890625000000001 0.503125 0.4578125 0.578125 0.4578125
21 0.16875000000000004 0.315625 0.09375000000000004 0.315625 0.09375000000000004 0.3828125 0.16875000000000004 0.3828125
19 0.18437500000000004 0.3859375 0.10781250000000005 0.3859375 0.10781250000000005 0.4578125 0.18437500000000004 0.4578125
3 0.13593750000000004 0.2484375 0.06093750000000002 0.2484375 0.06093750000000003 0.3109375 0.13593750000000004 0.3109375
11 0.8171875 0.2515625000000001 0.74375 0.2515625000000001 0.74375 0.3156250000000001 0.8171875 0.3156250000000001
48 0.740625 0.2531250000000001 0.6671875 0.2531250000000001 0.6671875 0.3156250000000001 0.740625 0.3156250000000001
5 0.2859375 0.2515625 0.2140625 0.2515625 0.2140625 0.3140625 0.2859375 0.3140625
18 0.621875 0.4625 0.54375 0.4625 0.54375 0.534375 0.621875 0.534375
53 0.4765625 0.3187500000000001 0.4046875 0.3187500000000001 0.4046875 0.3843750000000001 0.4765625 0.3843750000000001
54 0.7890625 0.3187500000000001 0.7140625 0.3187500000000001 0.7140625 0.3859375000000001 0.7890625 0.3859375000000001
45 0.04375000000000005 0.384375 4.7072361342226394e-17 0.384375 5.128208471429542e-17 0.453125 0.04375000000000005 0.453125
2 0.05937500000000003 0.2484375 3.042481891631706e-17 0.2484375 3.425184016365254e-17 0.3109375 0.059375000000000046 0.3109375
52 0.03437500000000004 0.315625 3.865291459808834e-17 0.315625 4.267128690779059e-17 0.38125 0.034375000000000044 0.38125
4 0.209375 0.25 0.14062500000000006 0.25 0.14062500000000006 0.3125 0.209375 0.3125
17 0.012500000000000035 0.25 3.061616997868383e-17 0.25 3.4347515694835924e-17 0.3109375 0.012500000000000039 0.3109375
23 0.2640625000000001 0.3875 0.18906250000000005 0.3875 0.18906250000000005 0.45625 0.2640625000000001 0.45625
34 0.7875 0.4625000000000001 0.7078125 0.4625 0.7078125 0.534375 0.7875 0.5343750000000002