59 0.3375000000000001 0.5078125 0.3062500000000001 0.5078125 0.3062500000000001 0.5421875 0.3375000000000001 0.5421875
3 0.3656250000000001 0.634375 0.3375000000000001 0.634375 0.3375000000000001 0.66875 0.3656250000000001 0.66875
24 0.3031250000000001 0.5328125 0.2718750000000001 0.5328125 0.2718750000000001 0.5671875 0.3031250000000001 0.5671875
32 0.2687500000000001 0.696875 0.23437500000000008 0.696875 0.23437500000000008 0.734375 0.2687500000000001 0.734375
43 0.30156250000000007 0.6421875 0.27031250000000007 0.6421875 0.27031250000000007 0.6765625 0.30156250000000007 0.6765625
6 0.3656250000000001 0.528125 0.3375000000000001 0.528125 0.3375000000000001 0.5609375 0.3656250000000001 0.5609375
30 0.39687500000000003 0.22187500000000004 0.18750000000000006 0.221875 0.18750000000000006 0.784375 0.3968750000000001 0.784375
7 0.3671875000000001 0.4921875 0.3390625000000001 0.4921875 0.3390625000000001 0.5265625 0.3671875000000001 0.5265625
16 0.2687500000000001 0.5859375 0.2375000000000001 0.5859375 0.2375000000000001 0.621875 0.2687500000000001 0.621875
36 0.3390625000000001 0.4015625 0.3078125000000001 0.4015625 0.3078125000000001 0.4359375 0.3390625000000001 0.4359375
20 0.3703125 0.259375 0.3421875 0.259375 0.3421875 0.31875000000000003 0.3703125 0.3187500000000001
8 0.3671875000000001 0.4578125 0.3390625000000001 0.4578125 0.3390625000000001 0.4921875 0.3671875000000001 0.4921875
57 0.2687500000000001 0.6234375 0.23437500000000008 0.6234375 0.23437500000000008 0.659375 0.2687500000000001 0.659375
2 0.3656250000000001 0.6703125 0.3375000000000001 0.6703125 0.3375000000000001 0.703125 0.3656250000000001 0.703125
17 0.36406250000000007 0.7421875 0.3359375000000001 0.7421875 0.3359375000000001 0.7671875 0.36406250000000007 0.7671875
29 0.3062500000000001 0.4234375 0.2750000000000001 0.4234375 0.2750000000000001 0.459375 0.3062500000000001 0.459375
22 0.340625 0.24375 0.275 0.24375 0.275 0.296875 0.340625 0.296875
18 0.2718750000000001 0.4015625 0.2406250000000001 0.4015625 0.2406250000000001 0.4375 0.2718750000000001 0.4375
52 0.3343750000000001 0.7234375 0.3031250000000001 0.7234375 0.3031250000000001 0.7703125 0.3343750000000001 0.7703125
19 0.3046875000000001 0.6046875 0.27031250000000007 0.6046875 0.27031250000000007 0.6390625 0.3046875000000001 0.6390625
34 0.275 0.328125 0.240625 0.328125 0.24062500000000003 0.365625 0.2750000000000001 0.365625
44 0.2656250000000001 0.734375 0.23437500000000008 0.734375 0.23437500000000008 0.775 0.2656250000000001 0.775
0 0.3687500000000001 0.38906250000000003 0.34062500000000007 0.3890625 0.34062500000000007 0.4234375 0.3687500000000001 0.4234375
39 0.340625 0.2953125 0.309375 0.2953125 0.309375 0.33125 0.340625 0.33125
54 0.34062500000000007 0.33125 0.309375 0.33125 0.30937500000000007 0.365625 0.34062500000000007 0.365625
53 0.3375000000000001 0.4734375 0.3062500000000001 0.4734375 0.3062500000000001 0.5078125 0.3375000000000001 0.5078125
5 0.3656250000000001 0.5640625 0.3375000000000001 0.5640625 0.3375000000000001 0.596875 0.3656250000000001 0.596875
41 0.3359375000000001 0.6875 0.3046875000000001 0.6875 0.3046875000000001 0.721875 0.3359375000000001 0.721875
40 0.2750000000000001 0.3640625 0.2406250000000001 0.3640625 0.2406250000000001 0.4015625 0.2750000000000001 0.4015625
31 0.3062500000000001 0.3890625 0.2750000000000001 0.3890625 0.2750000000000001 0.4234375 0.3062500000000001 0.4234375
48 0.37031250000000004 0.35468750000000004 0.3421875 0.3546875 0.34218750000000003 0.38906250000000003 0.3703125000000001 0.3890625000000001
26 0.3078125 0.2796875 0.2765625 0.2796875 0.2765625 0.3171875 0.3078125 0.3171875
4 0.3656250000000001 0.5984375 0.3375000000000001 0.5984375 0.3375000000000001 0.6328125 0.3656250000000001 0.6328125
14 0.2390625000000001 0.3828125 0.20312500000000008 0.3828125 0.20312500000000008 0.4203125 0.2390625000000001 0.4203125
25 0.3046875000000001 0.496875 0.2734375000000001 0.496875 0.2734375000000001 0.53125 0.3046875000000001 0.53125
10 0.3031250000000001 0.678125 0.2687500000000001 0.678125 0.2687500000000001 0.7140625 0.3031250000000001 0.7140625
12 0.30625 0.315625 0.275 0.315625 0.275 0.353125 0.30625 0.353125
37 0.30625 0.3515625 0.275 0.3515625 0.275 0.3875 0.3062500000000001 0.3875
50 0.23906250000000004 0.340625 0.203125 0.340625 0.20312500000000006 0.3828125 0.2390625000000001 0.3828125
15 0.27031250000000007 0.5125 0.2390625000000001 0.5125 0.2390625000000001 0.5484375 0.27031250000000007 0.5484375
23 0.3031250000000001 0.56875 0.2718750000000001 0.56875 0.2718750000000001 0.603125 0.3031250000000001 0.603125
11 0.3703125 0.31875000000000003 0.3421875 0.31875 0.3421875 0.353125 0.3703125 0.3531250000000001
49 0.2328125000000001 0.7375 0.19687500000000008 0.7375 0.19687500000000008 0.778125 0.2328125000000001 0.778125
28 0.3062500000000001 0.4609375 0.2718750000000001 0.4609375 0.2718750000000001 0.4953125 0.3062500000000001 0.4953125
9 0.3687500000000001 0.4234375 0.34062500000000007 0.4234375 0.34062500000000007 0.4578125 0.3687500000000001 0.4578125
58 0.2687500000000001 0.6609375 0.23437500000000008 0.6609375 0.23437500000000008 0.696875 0.2687500000000001 0.696875
42 0.3359375000000001 0.5796875 0.3046875000000001 0.5796875 0.3046875000000001 0.6140625 0.3359375000000001 0.6140625
13 0.23437500000000008 0.6234375 0.1984375000000001 0.6234375 0.1984375000000001 0.6609375 0.23437500000000008 0.6609375
33 0.2734375000000001 0.4375 0.2390625000000001 0.4375 0.2390625000000001 0.475 0.2734375000000001 0.475
35 0.2718750000000001 0.475 0.2375000000000001 0.475 0.2375000000000001 0.5125 0.2718750000000001 0.5125
51 0.3375000000000001 0.54375 0.3062500000000001 0.54375 0.3062500000000001 0.578125 0.3375000000000001 0.578125
1 0.3656250000000001 0.7046875 0.3375000000000001 0.7046875 0.3375000000000001 0.7390625 0.3656250000000001 0.7390625
46 0.275 0.2390625 0.24375 0.2390625 0.24375 0.3296875 0.275 0.3296875
56 0.3359375000000001 0.6515625 0.3046875000000001 0.6515625 0.3046875000000001 0.6859375 0.3359375000000001 0.6859375
27 0.3375000000000001 0.4375 0.3062500000000001 0.4375 0.3062500000000001 0.471875 0.3375000000000001 0.471875
55 0.27031250000000007 0.55 0.23593750000000008 0.55 0.23593750000000008 0.5859375 0.27031250000000007 0.5859375
47 0.2375000000000001 0.41875 0.2015625000000001 0.41875 0.2015625000000001 0.6234375 0.2375000000000001 0.6234375
38 0.3390625000000001 0.3671875 0.3078125000000001 0.3671875 0.3078125000000001 0.4015625 0.3390625000000001 0.4015625
45 0.30156250000000007 0.715625 0.27031250000000007 0.715625 0.27031250000000007 0.771875 0.30156250000000007 0.771875
21 0.3359375000000001 0.615625 0.3046875000000001 0.615625 0.3046875000000001 0.65 0.3359375000000001 0.65