52 0.6453125000000002 0.815625 0.5734375000000002 0.815625 0.5734375000000002 0.878125 0.6453125000000002 0.878125
16 0.5 0.63125 0.4296875 0.63125 0.4296875 0.678125 0.5 0.678125
14 0.428125 0.36562500000000003 0.3593750000000001 0.365625 0.3593750000000001 0.4125 0.428125 0.4125
38 0.65 0.3281250000000001 0.5796875 0.3281250000000001 0.5796875 0.3750000000000001 0.65 0.3750000000000001
25 0.575 0.509375 0.5046875 0.509375 0.5046875 0.55625 0.575 0.55625
10 0.5718750000000001 0.753125 0.5031250000000002 0.753125 0.5031250000000002 0.8 0.5718750000000001 0.8
21 0.646875 0.66875 0.575 0.66875 0.575 0.715625 0.646875 0.715625
12 0.5765625 0.2640625000000001 0.50625 0.2640625000000001 0.50625 0.3109375000000001 0.5765625 0.3109375000000001
30 0.7734375000000001 0.15000000000000008 0.3390625 0.15000000000000005 0.33906250000000004 0.8875 0.7734375000000002 0.8875
5 0.71875 0.596875 0.6484375 0.596875 0.6484375 0.64375 0.71875 0.64375
50 0.4296875 0.31250000000000006 0.359375 0.3125 0.35937500000000006 0.36406250000000007 0.4296875 0.36406250000000007
13 0.4234375 0.68125 0.3546875000000001 0.68125 0.3546875000000001 0.725 0.4234375 0.725
24 0.5734375 0.559375 0.5046875 0.559375 0.5046875 0.603125 0.5734375 0.603125
58 0.5000000000000002 0.728125 0.4281250000000002 0.728125 0.4281250000000002 0.775 0.5000000000000002 0.775
43 0.5718750000000001 0.70625 0.503125 0.70625 0.503125 0.75 0.5718750000000001 0.75
39 0.653125 0.2296875000000001 0.5828125 0.2296875000000001 0.5828125 0.2765625000000001 0.653125 0.2765625000000001
46 0.5046875 0.16718750000000004 0.434375 0.16718750000000004 0.434375 0.28593750000000007 0.5046875 0.28593750000000007
45 0.5718750000000001 0.8015625 0.5031250000000002 0.8015625 0.5031250000000002 0.8765625 0.5718750000000001 0.8765625
53 0.6484375 0.475 0.5765625 0.475 0.5765625 0.521875 0.6484375 0.521875
27 0.65 0.425 0.5796875 0.425 0.5796875 0.471875 0.65 0.471875
40 0.503125 0.3375000000000001 0.434375 0.3375000000000001 0.434375 0.3843750000000001 0.503125 0.3843750000000001
7 0.7203125 0.5015625 0.65 0.5015625 0.65 0.5453125 0.7203125 0.5453125
56 0.6468750000000001 0.7171875 0.575 0.7171875 0.5750000000000001 0.7640625 0.6468750000000002 0.7640625
49 0.42500000000000016 0.8265625 0.3546875000000001 0.8265625 0.3546875000000001 0.878125 0.42500000000000016 0.878125
55 0.5015625 0.5828125 0.4296875 0.5828125 0.4296875 0.6296875 0.5015625 0.6296875
31 0.5765625 0.3625000000000001 0.50625 0.3625000000000001 0.50625 0.409375 0.5765625 0.409375
54 0.6515625 0.2796875000000001 0.5796875 0.2796875000000001 0.5796875 0.3265625000000001 0.6515625 0.3265625000000001
0 0.721875 0.3531250000000001 0.6515625 0.3531250000000001 0.6515625 0.4 0.721875 0.4
8 0.7203125 0.4515625 0.65 0.4515625 0.65 0.4984375 0.7203125 0.4984375
35 0.5015625 0.484375 0.43125 0.484375 0.43125 0.53125 0.5015625 0.53125
29 0.5765625 0.4109375 0.5046875 0.4109375 0.5046875 0.4578125 0.5765625 0.4578125
51 0.6484375 0.571875 0.5765625 0.571875 0.5765625 0.61875 0.6484375 0.61875
9 0.721875 0.4015625 0.6515625 0.4015625 0.6515625 0.4484375 0.721875 0.4484375
28 0.5765625 0.4609375 0.50625 0.4609375 0.50625 0.5078125 0.5765625 0.5078125
20 0.725 0.1687500000000001 0.6546875 0.1687500000000001 0.6546875 0.2531250000000001 0.725 0.2531250000000001
1 0.7171875000000002 0.7921875 0.6468750000000002 0.7921875 0.6468750000000002 0.8375 0.7171875000000002 0.8375
2 0.7187500000000002 0.7453125 0.6484375000000002 0.7453125 0.6484375000000002 0.7890625 0.7187500000000002 0.7890625
32 0.5015625000000001 0.778125 0.42968750000000017 0.778125 0.42968750000000017 0.825 0.5015625000000001 0.825
3 0.7187500000000001 0.6953125 0.65 0.6953125 0.6500000000000001 0.7421875 0.7187500000000002 0.7421875
19 0.5734375 0.65625 0.503125 0.65625 0.503125 0.703125 0.5734375 0.703125
22 0.65 0.16718750000000007 0.50625 0.16718750000000004 0.50625 0.22656250000000008 0.65 0.22656250000000008
15 0.5015625 0.534375 0.43125 0.534375 0.43125 0.58125 0.5015625 0.58125
4 0.7171875 0.6453125 0.6484375 0.6453125 0.6484375 0.6921875 0.7171875 0.6921875
6 0.71875 0.5484375 0.6484375 0.5484375 0.6484375 0.5953125 0.71875 0.5953125
59 0.646875 0.5234375 0.578125 0.5234375 0.578125 0.5703125 0.646875 0.5703125
47 0.4265625 0.4140625 0.3578125000000001 0.4140625 0.3578125000000001 0.6796875 0.4265625 0.6796875
26 0.5765625 0.2156250000000001 0.50625 0.2156250000000001 0.50625 0.26250000000000007 0.5765625 0.26250000000000007
11 0.725 0.2562500000000001 0.6546875 0.2562500000000001 0.6546875 0.3031250000000001 0.725 0.3031250000000001
36 0.65 0.3765625000000001 0.5796875 0.3765625000000001 0.5796875 0.4234375 0.65 0.4234375
23 0.5734375 0.609375 0.5046875 0.609375 0.5046875 0.653125 0.5734375 0.653125
33 0.503125 0.4359375 0.43125 0.4359375 0.43125 0.4828125 0.503125 0.4828125
57 0.5000000000000001 0.68125 0.428125 0.68125 0.4281250000000001 0.728125 0.5000000000000002 0.728125
41 0.6468750000000002 0.765625 0.5750000000000002 0.765625 0.5750000000000002 0.8125 0.6468750000000002 0.8125
34 0.503125 0.2890625000000001 0.434375 0.2890625000000001 0.434375 0.3359375000000001 0.503125 0.3359375000000001
37 0.5765625 0.3140625000000001 0.50625 0.3140625000000001 0.50625 0.3609375000000001 0.5765625 0.3609375000000001
42 0.646875 0.6203125 0.5765625 0.6203125 0.5765625 0.6671875 0.646875 0.6671875
44 0.4984375000000002 0.8265625 0.4281250000000002 0.8265625 0.4281250000000002 0.878125 0.4984375000000002 0.878125
18 0.503125 0.38750000000000007 0.4328125 0.38750000000000007 0.4328125 0.434375 0.503125 0.434375
48 0.7234375 0.3046875000000001 0.6546875 0.3046875000000001 0.6546875 0.3515625000000001 0.7234375 0.3515625000000001
17 0.7171875000000002 0.840625 0.6484375000000002 0.840625 0.6484375000000002 0.8765625 0.7171875000000002 0.8765625