12 0.5140625 0.2656250000000001 0.4875 0.2656250000000001 0.4875 0.3125000000000001 0.5140625 0.3125000000000001
13 0.58125 0.66875 0.55 0.66875 0.55 0.715625 0.58125 0.715625
56 0.4906250000000001 0.6953125 0.465625 0.6953125 0.46562500000000007 0.7390625 0.4906250000000002 0.7390625
5 0.4625 0.58125 0.440625 0.58125 0.440625 0.621875 0.4625 0.621875
7 0.4625 0.4921875 0.4390625 0.4921875 0.4390625 0.5328125 0.4625 0.5328125
34 0.54375 0.2828125000000001 0.515625 0.2828125000000001 0.515625 0.3296875000000001 0.54375 0.3296875000000001
49 0.5828125000000002 0.8171875 0.5515625000000002 0.8171875 0.5515625000000002 0.8734375 0.5828125000000002 0.8734375
29 0.515625 0.4046875 0.4890625 0.4046875 0.4890625 0.45 0.515625 0.45
40 0.54375 0.3296875000000001 0.515625 0.3296875000000001 0.515625 0.3765625000000001 0.54375 0.3765625000000001
9 0.4625 0.4046875 0.4375 0.4046875 0.4375 0.446875 0.4625 0.446875
57 0.5484375 0.665625 0.5203125 0.665625 0.5203125 0.7125 0.5484375 0.7125
33 0.5453125 0.425 0.5171875 0.425 0.5171875 0.4703125 0.5453125 0.4703125
18 0.54375 0.3765625000000001 0.515625 0.3765625000000001 0.515625 0.4234375 0.54375 0.4234375
17 0.4656250000000002 0.8046875 0.4421875000000002 0.8046875 0.4421875000000002 0.8390625 0.4656250000000002 0.8390625
23 0.5171875 0.5921875 0.490625 0.5921875 0.490625 0.6359375 0.5171875 0.6359375
3 0.4640625 0.6703125 0.440625 0.6703125 0.440625 0.7140625 0.4640625 0.7140625
28 0.515625 0.453125 0.4890625 0.453125 0.4890625 0.4953125 0.515625 0.4953125
0 0.4609375 0.3609375000000001 0.4375 0.3609375000000001 0.4375 0.403125 0.4609375 0.403125
59 0.4890625 0.5125 0.4640625 0.5125 0.4640625 0.55625 0.4890625 0.55625
11 0.459375 0.2718750000000001 0.4359375 0.2718750000000001 0.4359375 0.3140625000000001 0.459375 0.3140625000000001
43 0.51875 0.6859375 0.4921875 0.6859375 0.4921875000000001 0.73125 0.5187500000000002 0.73125
32 0.5500000000000002 0.7609375 0.5218750000000002 0.7609375 0.5218750000000002 0.809375 0.5500000000000002 0.809375
54 0.4859375 0.28593750000000007 0.4609375 0.28593750000000007 0.4609375 0.3296875000000001 0.4859375 0.3296875000000001
58 0.5484375000000001 0.7140625 0.5203125 0.7140625 0.5203125000000001 0.7609375 0.5484375000000001 0.7609375
26 0.5125 0.22031250000000008 0.4859375 0.22031250000000008 0.4859375 0.2671875000000001 0.5125 0.2671875000000001
1 0.4656250000000002 0.759375 0.44062500000000016 0.759375 0.44062500000000016 0.803125 0.4656250000000002 0.803125
42 0.4890625 0.603125 0.4640625 0.603125 0.4640625 0.646875 0.4890625 0.646875
24 0.5171875 0.5453125 0.490625 0.5453125 0.490625 0.5890625 0.5171875 0.5890625
2 0.4640625000000001 0.715625 0.4390625 0.715625 0.4390625000000001 0.7578125 0.46406250000000016 0.7578125
4 0.4640625 0.625 0.440625 0.625 0.440625 0.6671875 0.4640625 0.6671875
8 0.4625 0.4484375 0.4390625 0.4484375 0.4390625 0.4890625 0.4625 0.4890625
22 0.5125 0.17343750000000005 0.459375 0.17343750000000005 0.459375 0.24218750000000008 0.5125 0.24218750000000008
38 0.4859375 0.3312500000000001 0.4609375 0.3312500000000001 0.4609375 0.3750000000000001 0.4859375 0.3750000000000001
20 0.459375 0.19843750000000004 0.4359375 0.19843750000000004 0.4359375 0.2718750000000001 0.459375 0.2718750000000001
52 0.49218750000000017 0.7875 0.4671875000000002 0.7875 0.4671875000000002 0.8484375 0.49218750000000017 0.8484375
10 0.5203125000000002 0.7328125 0.49218750000000017 0.7328125 0.49218750000000017 0.778125 0.5203125000000002 0.778125
35 0.5453125 0.471875 0.5171875 0.471875 0.5171875 0.51875 0.5453125 0.51875
45 0.5203125000000002 0.7796875 0.4937500000000002 0.7796875 0.4937500000000002 0.8546875 0.5203125000000002 0.8546875
19 0.51875 0.6390625 0.490625 0.6390625 0.490625 0.684375 0.51875 0.684375
44 0.5515625000000002 0.8109375 0.5234375000000002 0.8109375 0.5234375000000002 0.8640625 0.5515625000000002 0.8640625
6 0.4625 0.5375 0.4390625 0.5375 0.4390625 0.578125 0.4625 0.578125
53 0.4890625 0.4671875 0.4640625 0.4671875 0.4640625 0.509375 0.4890625 0.509375
36 0.4875 0.3765625000000001 0.4625 0.3765625000000001 0.4625 0.4203125 0.4875 0.4203125
41 0.4906250000000002 0.740625 0.4656250000000002 0.740625 0.4656250000000002 0.7859375 0.4906250000000002 0.7859375
14 0.575 0.3515625000000001 0.5453125 0.3515625000000001 0.5453125 0.4 0.575 0.4
46 0.5421875 0.16562500000000005 0.5140625 0.16562500000000005 0.5140625 0.2812500000000001 0.5421875 0.2812500000000001
37 0.5140625 0.3109375000000001 0.4875 0.3109375000000001 0.4875 0.3578125000000001 0.5140625 0.3578125000000001
27 0.4875 0.421875 0.4625 0.421875 0.4625 0.4640625 0.4875 0.4640625
51 0.4890625 0.559375 0.4640625 0.559375 0.4640625 0.6 0.4890625 0.6
39 0.4859375 0.24218750000000008 0.4609375 0.24218750000000008 0.4609375 0.28593750000000007 0.4859375 0.28593750000000007
21 0.490625 0.65 0.465625 0.65 0.465625 0.69375 0.490625 0.69375
15 0.546875 0.5203125 0.51875 0.5203125 0.51875 0.5671875 0.546875 0.5671875
55 0.546875 0.56875 0.51875 0.56875 0.51875 0.6140625 0.546875 0.6140625
48 0.459375 0.31718750000000007 0.4375 0.31718750000000007 0.4375 0.3593750000000001 0.459375 0.3593750000000001
16 0.5484375 0.6171875 0.5203125 0.6171875 0.5203125 0.6640625 0.5484375 0.6640625
25 0.5171875 0.4984375 0.490625 0.4984375 0.490625 0.5421875 0.5171875 0.5421875
31 0.5140625 0.3593750000000001 0.4875 0.3593750000000001 0.4875 0.403125 0.5140625 0.403125
47 0.5796875 0.4 0.5484375 0.4 0.5484375 0.66875 0.5796875 0.66875
50 0.575 0.2984375000000001 0.54375 0.2984375000000001 0.54375 0.3515625000000001 0.575 0.3515625000000001
30 0.5921875000000001 0.14218750000000008 0.4140625 0.14218750000000005 0.4140625000000001 0.8765625 0.5921875000000002 0.8765625