42 0.4515625 0.6640625 0.4140625 0.6640625 0.4140625 0.7046875 0.4515625 0.7046875
19 0.4234375000000001 0.7078125 0.3859375000000001 0.7078125 0.3859375000000001 0.7546875 0.4234375000000002 0.7546875
3 0.39531250000000007 0.6203125 0.3593750000000001 0.6203125 0.3593750000000001 0.6609375 0.39531250000000007 0.6609375
34 0.7218750000000002 0.75 0.6812500000000001 0.75 0.6812500000000001 0.796875 0.7218750000000002 0.796875
37 0.6953125000000001 0.703125 0.6578125 0.703125 0.6578125000000001 0.746875 0.6953125000000002 0.746875
28 0.5765625000000001 0.703125 0.540625 0.703125 0.5406250000000001 0.75 0.5765625000000002 0.75
16 0.44062500000000016 0.7546875 0.4031250000000002 0.7546875 0.4031250000000002 0.8046875 0.44062500000000016 0.8046875
38 0.678125 0.6578125 0.6421875 0.6578125 0.6421875 0.7015625 0.678125 0.7015625
50 0.7093750000000002 0.8015625 0.6640625000000002 0.8015625 0.6640625000000002 0.8515625 0.7093750000000002 0.8515625
14 0.6656250000000001 0.8015625 0.6250000000000002 0.8015625 0.6250000000000002 0.853125 0.6656250000000001 0.853125
43 0.3843750000000001 0.709375 0.3468750000000001 0.709375 0.3468750000000001 0.75625 0.3843750000000001 0.75625
27 0.6015625 0.659375 0.565625 0.659375 0.565625 0.7 0.6015625 0.7
4 0.4328125 0.6203125 0.3984375000000001 0.6203125 0.3984375000000001 0.6609375 0.4328125 0.6609375
5 0.4703125 0.6203125 0.4359375 0.6203125 0.4359375 0.6609375 0.4703125 0.6609375
21 0.4125 0.6625 0.3765625000000001 0.6625 0.3765625000000001 0.70625 0.4125 0.70625
8 0.5796875 0.6171875 0.5453125 0.6171875 0.5453125 0.6578125 0.5796875 0.6578125
33 0.6015625000000002 0.75 0.5625000000000002 0.75 0.5625000000000002 0.8 0.6015625000000002 0.8
2 0.3593750000000001 0.621875 0.3234375000000001 0.621875 0.3234375000000001 0.6625 0.3593750000000001 0.6625
45 0.3046875000000001 0.7109375 0.2453125000000001 0.7109375 0.2453125000000001 0.7578125 0.3046875000000001 0.7578125
48 0.6921875 0.6171875 0.6546875 0.6171875 0.6546875 0.65625 0.6921875 0.65625
6 0.5046875 0.61875 0.4734375 0.61875 0.4734375 0.659375 0.5046875 0.659375
56 0.3750000000000001 0.6640625 0.3390625000000001 0.6640625 0.3390625000000001 0.7078125 0.3750000000000001 0.7078125
22 0.8140625 0.6562500000000002 0.7546875 0.6562500000000002 0.7546875000000001 0.7468750000000002 0.8140625 0.7468750000000002
55 0.4812500000000002 0.7546875 0.4437500000000002 0.7546875 0.4437500000000002 0.8015625 0.4812500000000002 0.8015625
46 0.8234375 0.7484375000000001 0.7234375000000002 0.7484375 0.7234375000000002 0.7984375000000001 0.8234375 0.7984375000000001
32 0.3218750000000001 0.759375 0.2812500000000001 0.759375 0.2812500000000001 0.80625 0.3218750000000001 0.80625
58 0.3593750000000001 0.75625 0.3218750000000001 0.75625 0.3218750000000001 0.80625 0.3593750000000001 0.80625
54 0.7171875 0.65625 0.6796875 0.65625 0.6796875 0.7 0.7171875 0.7
9 0.6171875 0.6171875 0.58125 0.6171875 0.58125 0.6578125 0.6171875 0.6578125
49 0.2750000000000001 0.8125 0.22812500000000008 0.8125 0.22812500000000008 0.8625 0.2750000000000001 0.8625
51 0.4890625 0.6625 0.453125 0.6625 0.453125 0.703125 0.4890625 0.703125
52 0.2984375000000001 0.665625 0.2484375000000001 0.665625 0.2484375000000001 0.709375 0.2984375000000001 0.709375
29 0.6171875000000001 0.7046875 0.5796875 0.7046875 0.5796875000000001 0.7484375 0.6171875000000002 0.7484375
39 0.7546875 0.6562500000000001 0.7171875 0.65625 0.7171875 0.7000000000000001 0.7546875 0.7000000000000002
36 0.640625 0.659375 0.603125 0.659375 0.603125 0.703125 0.640625 0.703125
44 0.2796875000000001 0.759375 0.23593750000000008 0.759375 0.23593750000000008 0.80625 0.2796875000000001 0.80625
30 0.8453125 0.5890625 0.22656250000000008 0.5890625 0.22656250000000008 0.8734375 0.8453125 0.8734375
11 0.728125 0.6156250000000001 0.69375 0.615625 0.69375 0.6546875000000001 0.728125 0.6546875000000002
10 0.3437500000000001 0.709375 0.3062500000000001 0.709375 0.3062500000000001 0.75625 0.3437500000000001 0.75625
1 0.3218750000000001 0.6234375 0.28593750000000007 0.6234375 0.28593750000000007 0.6640625 0.3218750000000001 0.6640625
17 0.2843750000000001 0.625 0.2562500000000001 0.625 0.2562500000000001 0.6640625 0.2843750000000001 0.6640625
20 0.7953125 0.6156250000000002 0.7296875 0.6156250000000002 0.7296875 0.6546875000000002 0.7953125 0.6546875000000002
59 0.5265625 0.659375 0.490625 0.659375 0.490625 0.703125 0.5265625 0.703125
31 0.6562500000000001 0.703125 0.61875 0.703125 0.6187500000000001 0.746875 0.6562500000000002 0.746875
24 0.5000000000000001 0.70625 0.4640625 0.70625 0.4640625000000001 0.753125 0.5000000000000002 0.753125
7 0.5421875 0.61875 0.5078125 0.61875 0.5078125 0.6578125 0.5421875 0.6578125
53 0.5640625 0.659375 0.528125 0.659375 0.528125 0.703125 0.5640625 0.703125
12 0.7343750000000001 0.7000000000000001 0.6953125 0.7 0.6953125000000001 0.7468750000000001 0.7343750000000002 0.7468750000000002
23 0.4609375000000001 0.7078125 0.425 0.7078125 0.4250000000000001 0.7515625 0.46093750000000017 0.7515625
47 0.6234375000000002 0.803125 0.40156250000000016 0.803125 0.40156250000000016 0.8578125 0.6234375000000002 0.8578125
15 0.5203125000000002 0.7546875 0.4812500000000002 0.7546875 0.4812500000000002 0.8015625 0.5203125000000002 0.8015625
13 0.3984375000000001 0.809375 0.3578125000000001 0.809375 0.3578125000000001 0.8609375 0.3984375000000001 0.8609375
18 0.6421875000000001 0.75 0.6031250000000001 0.75 0.6031250000000001 0.8 0.6421875000000001 0.8
40 0.6812500000000001 0.7515625 0.6421875000000001 0.7515625 0.6421875000000001 0.7984375 0.6812500000000001 0.7984375
0 0.653125 0.6171875 0.6171875 0.6171875 0.6171875 0.6578125 0.653125 0.6578125
41 0.3390625000000001 0.6640625 0.3000000000000001 0.6640625 0.3000000000000001 0.7078125 0.3390625000000001 0.7078125
26 0.7750000000000001 0.7015625000000002 0.734375 0.7015625000000002 0.7343750000000001 0.7453125000000002 0.7750000000000001 0.7453125000000002
25 0.5390625000000001 0.7046875 0.5015625 0.7046875 0.5015625000000001 0.7484375 0.5390625000000002 0.7484375
57 0.4000000000000002 0.75625 0.3625000000000001 0.75625 0.3625000000000001 0.80625 0.4000000000000002 0.80625
35 0.5625000000000002 0.7515625 0.5218750000000002 0.7515625 0.5218750000000002 0.8015625 0.5625000000000002 0.8015625