50 0.7796875 0.6484375000000002 0.7390625 0.6484375000000002 0.7390625 0.6765625000000002 0.7796875 0.6765625000000002
26 0.85 0.5984375000000002 0.8140625 0.5984375000000002 0.8140625 0.6218750000000002 0.85 0.6218750000000002
25 0.86875 0.7468750000000002 0.8328125 0.7468750000000002 0.8328125 0.7703125000000002 0.86875 0.7703125000000002
51 0.9078125 0.7750000000000001 0.8734375 0.7750000000000001 0.8734375 0.7968750000000002 0.9078125 0.7968750000000002
0 0.9265625 0.6671875000000002 0.8953125 0.6671875000000002 0.8953125 0.6890625000000001 0.9265625 0.6890625000000001
59 0.9046875 0.7500000000000002 0.8703125 0.7500000000000002 0.8703125 0.7734375000000002 0.9046875 0.7734375000000002
57 0.84375 0.834375 0.8078125 0.834375 0.8078125 0.859375 0.84375 0.859375
4 0.94375 0.8046875 0.9125 0.8046875 0.9125 0.8265625 0.94375 0.8265625
46 0.8140625 0.5703125000000002 0.7703125 0.5703125000000002 0.7703125 0.6343750000000001 0.8140625 0.6343750000000001
58 0.846875 0.8578125 0.8109375 0.8578125 0.8109375 0.8828125 0.846875 0.8828125
55 0.8375 0.7859375000000002 0.8015625 0.7859375000000002 0.8015625 0.8109375 0.8375 0.8109375
31 0.859375 0.6750000000000002 0.8234375 0.6750000000000002 0.8234375 0.6968750000000001 0.859375 0.6968750000000001
18 0.825 0.6875000000000002 0.7875 0.6875000000000002 0.7875 0.7125000000000001 0.825 0.7125000000000001
16 0.840625 0.8109375 0.8046875 0.8109375 0.8046875 0.8359375 0.840625 0.8359375
5 0.940625 0.7828125000000001 0.909375 0.7828125000000001 0.909375 0.8046875 0.940625 0.8046875
47 0.8 0.7031250000000002 0.7484375 0.7031250000000002 0.7484375000000001 0.840625 0.8 0.840625
20 0.9203125 0.5750000000000002 0.8859375 0.5750000000000002 0.8859375 0.6171875000000002 0.9203125 0.6171875000000002
32 0.8515625 0.88125 0.815625 0.88125 0.815625 0.90625 0.8515625 0.90625
8 0.9328125 0.7140625000000002 0.9015625 0.7140625000000002 0.9015625 0.7359375000000001 0.9328125 0.7359375000000001
24 0.8703125 0.7718750000000002 0.8359375 0.7718750000000002 0.8359375 0.7953125000000002 0.8703125 0.7953125000000002
56 0.9171875 0.8421875 0.8828125 0.8421875 0.8828125 0.865625 0.9171875 0.865625
48 0.925 0.6437500000000002 0.89375 0.6437500000000002 0.89375 0.6656250000000001 0.925 0.6656250000000001
3 0.946875 0.828125 0.915625 0.828125 0.915625 0.85 0.946875 0.85
17 0.9546875 0.8921875 0.925 0.8921875 0.925 0.9125 0.9546875 0.9125
1 0.953125 0.8703125 0.921875 0.8703125 0.921875 0.89375 0.953125 0.89375
36 0.8953125 0.6796875000000002 0.8609375 0.6796875000000002 0.8609375 0.7031250000000002 0.8953125 0.7031250000000002
12 0.853125 0.6234375000000002 0.8171875 0.6234375000000002 0.8171875 0.6468750000000002 0.853125 0.6468750000000002
37 0.85625 0.6484375000000002 0.8203125 0.6484375000000002 0.8203125 0.6718750000000002 0.85625 0.6718750000000002
40 0.8203125 0.6625000000000002 0.7828125 0.6625000000000002 0.7828125 0.6875000000000002 0.8203125 0.6875000000000002
42 0.909375 0.7968750000000002 0.8765625 0.7968750000000002 0.8765625 0.8203125 0.909375 0.8203125
52 0.921875 0.8875 0.8890625 0.8875 0.8890625 0.91875 0.921875 0.91875
41 0.91875 0.8640625 0.8859375 0.8640625 0.8859375 0.8890625 0.91875 0.8890625
28 0.865625 0.7234375000000002 0.83125 0.7234375000000002 0.83125 0.7468750000000002 0.865625 0.7468750000000002
15 0.834375 0.7625000000000002 0.7968750000000002 0.7625000000000002 0.7968750000000002 0.7875000000000002 0.834375 0.7875000000000002
21 0.9125 0.8203125 0.8796875 0.8203125 0.8796875 0.84375 0.9125 0.84375
27 0.8984375 0.7046875000000001 0.865625 0.7046875000000001 0.865625 0.7265625000000002 0.8984375 0.7265625000000002
13 0.80625 0.8390625 0.7687500000000002 0.8390625 0.7687500000000002 0.865625 0.80625 0.865625
34 0.8171875 0.6359375000000002 0.7796875 0.6359375000000002 0.7796875 0.6609375000000002 0.8171875 0.6609375000000002
9 0.9296875 0.6906250000000002 0.8984375 0.6906250000000002 0.8984375 0.7125000000000001 0.9296875 0.7125000000000001
44 0.8546875 0.9046875 0.81875 0.9046875 0.81875 0.9328125 0.8546875 0.9328125
39 0.8875 0.6062500000000002 0.853125 0.6062500000000002 0.853125 0.6296875000000002 0.8875 0.6296875000000002
30 0.9734375 0.5546875000000001 0.7109375 0.5546875 0.7109375000000001 0.94375 0.9734375 0.94375
35 0.83125 0.7375000000000002 0.7937500000000002 0.7375000000000002 0.7937500000000002 0.7625000000000002 0.83125 0.7625000000000002
10 0.884375 0.8640625 0.85 0.8640625 0.85 0.8890625 0.884375 0.8890625
19 0.878125 0.8171875 0.84375 0.8171875 0.84375 0.8421875 0.878125 0.8421875
7 0.9359375 0.7375000000000002 0.9046875 0.7375000000000002 0.9046875 0.7593750000000001 0.9359375 0.7593750000000001
11 0.921875 0.6203125000000002 0.890625 0.6203125000000002 0.890625 0.6421875000000001 0.921875 0.6421875000000001
49 0.8171875 0.9109375 0.7796875000000002 0.9109375 0.7796875000000002 0.940625 0.8171875 0.940625
6 0.9375 0.7593750000000001 0.90625 0.7593750000000001 0.90625 0.7812500000000002 0.9375 0.7812500000000002
43 0.88125 0.840625 0.846875 0.840625 0.846875 0.865625 0.88125 0.865625
53 0.9015625 0.7281250000000001 0.8671875 0.7281250000000001 0.8671875 0.7500000000000002 0.9015625 0.7500000000000002
29 0.8625 0.6984375000000002 0.8265625 0.6984375000000002 0.8265625 0.7218750000000002 0.8625 0.7218750000000002
54 0.890625 0.6312500000000002 0.85625 0.6312500000000002 0.85625 0.6546875000000002 0.890625 0.6546875000000002
23 0.875 0.7937500000000002 0.840625 0.7937500000000002 0.840625 0.81875 0.875 0.81875
14 0.784375 0.6781250000000002 0.74375 0.6781250000000002 0.74375 0.7031250000000002 0.784375 0.7031250000000002
38 0.89375 0.6546875000000002 0.859375 0.6546875000000002 0.859375 0.6781250000000002 0.89375 0.6781250000000002
2 0.95 0.85 0.9203125 0.85 0.9203125 0.871875 0.95 0.871875
22 0.884375 0.5718750000000001 0.8109375 0.5718750000000001 0.8109375 0.6031250000000001 0.884375 0.6031250000000001
33 0.828125 0.7125000000000001 0.790625 0.7125000000000001 0.7906250000000001 0.7375000000000002 0.828125 0.7375000000000002
45 0.8875 0.8875 0.853125 0.8875 0.853125 0.925 0.8875 0.925