1 0.684375 0.1765625000000001 0.6421875 0.1765625000000001 0.6421875 0.21093750000000008 0.684375 0.21093750000000008
30 0.7187500000000001 0.11875000000000006 0.41875 0.11875000000000005 0.41875000000000007 0.8671875 0.7187500000000002 0.8671875
39 0.6359375 0.6109375 0.5921875 0.6109375 0.5921875 0.6453125 0.6359375 0.6453125
16 0.5390625 0.2921875000000001 0.4953125 0.2921875000000001 0.4953125 0.3281250000000001 0.5390625 0.3281250000000001
36 0.634375 0.496875 0.590625 0.496875 0.590625 0.53125 0.634375 0.53125
53 0.634375 0.421875 0.590625 0.421875 0.590625 0.45625 0.634375 0.45625
47 0.490625 0.3000000000000001 0.440625 0.3000000000000001 0.440625 0.49375 0.490625 0.49375
8 0.68125 0.440625 0.6390625 0.440625 0.6390625 0.475 0.68125 0.475
48 0.6796875 0.553125 0.6390625 0.553125 0.6390625 0.5859375 0.6796875 0.5859375
14 0.490625 0.496875 0.440625 0.496875 0.440625 0.54375 0.490625 0.54375
49 0.4890625 0.13281250000000006 0.4390625 0.13281250000000006 0.4390625 0.16875000000000004 0.4890625 0.16875000000000004
38 0.634375 0.534375 0.590625 0.534375 0.590625 0.56875 0.634375 0.56875
34 0.5375 0.5640625 0.49375 0.5640625 0.49375 0.5984375 0.5375 0.5984375
41 0.6375 0.1906250000000001 0.59375 0.1906250000000001 0.59375 0.22812500000000008 0.6375 0.22812500000000008
51 0.6359375 0.3453125000000001 0.5921875 0.3453125000000001 0.5921875 0.37968750000000007 0.6359375 0.37968750000000007
19 0.5875 0.2765625000000001 0.54375 0.2765625000000001 0.54375 0.3109375000000001 0.5875 0.3109375000000001
13 0.4890625 0.2500000000000001 0.4390625 0.2500000000000001 0.4390625 0.2968750000000001 0.4890625 0.2968750000000001
11 0.68125 0.590625 0.640625 0.590625 0.640625 0.625 0.68125 0.625
28 0.5875 0.43125 0.54375 0.43125 0.54375 0.4640625 0.5875 0.4640625
9 0.68125 0.478125 0.6390625 0.478125 0.6390625 0.5125 0.68125 0.5125
3 0.6828125 0.2515625000000001 0.640625 0.2515625000000001 0.640625 0.28593750000000007 0.6828125 0.28593750000000007
57 0.5390625 0.2531250000000001 0.4953125 0.2531250000000001 0.4953125 0.2875000000000001 0.5390625 0.2875000000000001
42 0.6359375 0.3062500000000001 0.5921875 0.3062500000000001 0.5921875 0.34062500000000007 0.6359375 0.34062500000000007
55 0.5390625 0.3312500000000001 0.4953125 0.3312500000000001 0.4953125 0.3671875000000001 0.5390625 0.3671875000000001
26 0.5875 0.621875 0.54375 0.621875 0.54375 0.65625 0.5875 0.65625
27 0.6359375 0.459375 0.5921875 0.459375 0.5921875 0.49375 0.6359375 0.49375
21 0.6375 0.2687500000000001 0.59375 0.2687500000000001 0.59375 0.3031250000000001 0.6375 0.3031250000000001
24 0.5875 0.3531250000000001 0.54375 0.3531250000000001 0.54375 0.38750000000000007 0.5875 0.38750000000000007
50 0.4890625 0.5453125 0.4390625 0.5453125 0.4390625 0.58125 0.4890625 0.58125
59 0.6359375 0.3843750000000001 0.5921875 0.3843750000000001 0.5921875 0.41875 0.6359375 0.41875
17 0.6828125 0.1468750000000001 0.6421875 0.1468750000000001 0.6421875 0.17187500000000008 0.6828125 0.17187500000000008
10 0.5890625 0.1984375000000001 0.5453125 0.1984375000000001 0.5453125 0.2328125000000001 0.5890625 0.2328125000000001
5 0.68125 0.3281250000000001 0.640625 0.3281250000000001 0.640625 0.3625000000000001 0.68125 0.3625000000000001
22 0.6375 0.6484375 0.54375 0.6484375 0.54375 0.6984375 0.6375 0.6984375
35 0.5375 0.4109375 0.49375 0.4109375 0.49375 0.4453125 0.5375 0.4453125
12 0.5875 0.5828125 0.54375 0.5828125 0.54375 0.6171875 0.5875 0.6171875
15 0.5390625 0.37187500000000007 0.4953125 0.37187500000000007 0.4953125 0.40625 0.5390625 0.40625
52 0.6375 0.14218750000000008 0.59375 0.14218750000000008 0.59375 0.18906250000000008 0.6375 0.18906250000000008
18 0.5375 0.4875 0.49375 0.4875 0.49375 0.521875 0.5375 0.521875
32 0.5390625 0.17500000000000004 0.4953125 0.17500000000000004 0.4953125 0.21093750000000008 0.5390625 0.21093750000000008
40 0.5375 0.5265625 0.49375 0.5265625 0.49375 0.5609375 0.5375 0.5609375
2 0.6828125 0.2140625000000001 0.6421875 0.2140625000000001 0.6421875 0.2484375000000001 0.6828125 0.2484375000000001
7 0.68125 0.403125 0.6390625 0.403125 0.6390625 0.4375 0.68125 0.4375
4 0.6828125 0.2906250000000001 0.640625 0.2906250000000001 0.640625 0.32500000000000007 0.6828125 0.32500000000000007
29 0.5875 0.4671875 0.54375 0.4671875 0.54375 0.5015625 0.5875 0.5015625
56 0.6375 0.2312500000000001 0.59375 0.2312500000000001 0.59375 0.2656250000000001 0.6375 0.2656250000000001
23 0.5875 0.3140625000000001 0.54375 0.3140625000000001 0.54375 0.34843750000000007 0.5875 0.34843750000000007
6 0.68125 0.3656250000000001 0.6390625 0.3656250000000001 0.6390625 0.4 0.68125 0.4
44 0.5390625 0.13593750000000004 0.4953125 0.13593750000000004 0.4953125 0.17031250000000003 0.5390625 0.17031250000000003
37 0.5875 0.54375 0.54375 0.54375 0.54375 0.578125 0.5875 0.578125
54 0.634375 0.571875 0.590625 0.571875 0.590625 0.60625 0.634375 0.60625
33 0.5390625 0.4484375 0.4953125 0.4484375 0.4953125 0.4828125 0.5390625 0.4828125
20 0.6828125 0.6296875 0.6390625 0.6296875 0.6390625 0.6921875 0.6828125 0.6921875
45 0.5890625 0.14062500000000008 0.5453125 0.14062500000000008 0.5453125 0.1937500000000001 0.5890625 0.1937500000000001
46 0.5390625 0.603125 0.49375 0.603125 0.49375 0.696875 0.5390625 0.696875
43 0.5890625 0.2375000000000001 0.5453125 0.2375000000000001 0.5453125 0.2718750000000001 0.5890625 0.2718750000000001
31 0.5875 0.50625 0.54375 0.50625 0.54375 0.540625 0.5875 0.540625
25 0.5875 0.3921875000000001 0.54375 0.3921875000000001 0.54375 0.4265625 0.5875 0.4265625
0 0.6796875 0.515625 0.6390625 0.515625 0.6390625 0.55 0.6796875 0.55
58 0.5390625 0.2156250000000001 0.4953125 0.2156250000000001 0.4953125 0.2500000000000001 0.5390625 0.2500000000000001