33 0.703125 0.4578125 0.6359375 0.4578125 0.6359375 0.5078125 0.703125 0.5078125
59 0.5546875 0.3593750000000001 0.4875 0.3593750000000001 0.4875 0.409375 0.5546875 0.409375
38 0.553125 0.58125 0.4875 0.58125 0.4875 0.628125 0.553125 0.628125
1 0.4828125 0.054687500000000056 0.4171875 0.05468750000000004 0.4171875 0.10312500000000005 0.4828125 0.10312500000000005
8 0.48125 0.44375 0.415625 0.44375 0.415625 0.4921875 0.48125 0.4921875
30 0.803125 7.11825952004399e-17 0.359375 4.4010744344358005e-17 0.35937500000000006 1 0.803125 1
27 0.5546875 0.4703125 0.4875 0.4703125 0.4875 0.5203125 0.5546875 0.5203125
26 0.6250000000000001 0.7015625 0.559375 0.7015625 0.5593750000000001 0.75 0.6250000000000002 0.75
15 0.703125 0.3468750000000001 0.6359375 0.3468750000000001 0.6359375 0.3968750000000001 0.703125 0.3968750000000001
44 0.70625 8.247230788007957e-17 0.640625 7.845393557037732e-17 0.640625 0.057812500000000086 0.70625 0.057812500000000086
52 0.55625 6.410260589286928e-17 0.490625 6.008423358316702e-17 0.490625 0.07343750000000007 0.55625 0.07343750000000007
11 0.48125 0.6609375 0.4140625 0.6609375 0.4140625 0.7078125 0.48125 0.7078125
46 0.6953125000000001 0.6765625 0.6296875 0.6765625 0.6296875000000001 0.79375 0.6953125000000002 0.79375
50 0.7796875 0.6218750000000001 0.7078125 0.621875 0.7078125 0.6718750000000001 0.7796875 0.6718750000000002
47 0.7859375 0.23437500000000008 0.709375 0.23437500000000008 0.709375 0.5078125000000001 0.7859375 0.5078125000000002
37 0.6265625 0.59375 0.559375 0.59375 0.559375 0.6421875 0.6265625 0.6421875
12 0.625 0.646875 0.559375 0.646875 0.559375 0.696875 0.625 0.696875
3 0.48125 0.16562500000000005 0.415625 0.16562500000000005 0.415625 0.2156250000000001 0.48125 0.2156250000000001
9 0.4796875 0.4984375 0.4140625 0.4984375 0.4140625 0.5484375 0.4796875 0.5484375
57 0.7046875 0.1765625000000001 0.6390625 0.1765625000000001 0.6390625 0.22656250000000008 0.7046875 0.22656250000000008
16 0.7046875 0.23437500000000008 0.6375 0.23437500000000008 0.6375 0.2843750000000001 0.7046875 0.2843750000000001
5 0.48125 0.2765625000000001 0.415625 0.2765625000000001 0.415625 0.32500000000000007 0.48125 0.32500000000000007
13 0.7859375 0.1765625000000001 0.7140625 0.1765625000000001 0.7140625 0.22656250000000008 0.7859375 0.22656250000000008
0 0.4796875 0.5515625 0.4140625 0.5515625 0.4140625 0.6015625 0.4796875 0.6015625
43 0.63125 0.15000000000000008 0.5640625 0.15000000000000008 0.5640625 0.1984375000000001 0.63125 0.1984375000000001
40 0.7 0.5671875 0.634375 0.5671875 0.634375 0.6171875 0.7 0.6171875
28 0.628125 0.4296875 0.5625 0.4296875 0.5625 0.478125 0.628125 0.478125
21 0.55625 0.19218750000000007 0.4875 0.19218750000000004 0.4875 0.24218750000000008 0.55625 0.24218750000000008
31 0.628125 0.5390625 0.5609375 0.5390625 0.5609375 0.5890625 0.628125 0.5890625
25 0.628125 0.3734375000000001 0.5625 0.3734375000000001 0.5625 0.4234375 0.628125 0.4234375
48 0.4796875 0.60625 0.415625 0.60625 0.415625 0.6546875 0.4796875 0.6546875
34 0.696875 0.6203125 0.6328125 0.6203125 0.6328125 0.6703125 0.696875 0.6703125
55 0.703125 0.2906250000000001 0.6375 0.2906250000000001 0.6375 0.34062500000000007 0.703125 0.34062500000000007
41 0.55625 0.08125000000000007 0.4890625 0.08125000000000007 0.4890625 0.13125000000000006 0.55625 0.1312500000000001
53 0.5546875 0.4140625 0.4875 0.4140625 0.4875 0.4640625 0.5546875 0.4640625
45 0.6296875 7.319178135529103e-17 0.565625 6.926908457677216e-17 0.565625 0.08593750000000007 0.6296875 0.08593750000000007
2 0.48125 0.11093750000000005 0.4171875 0.11093750000000005 0.4171875 0.16093750000000004 0.48125 0.16093750000000004
58 0.70625 0.12343750000000009 0.6390625 0.12343750000000009 0.6390625 0.1703125000000001 0.70625 0.1703125000000001
24 0.628125 0.3187500000000001 0.5625 0.3187500000000001 0.5625 0.3671875000000001 0.628125 0.3671875000000001
22 0.6234375000000002 0.740625 0.4859375000000002 0.740625 0.4859375000000002 0.79375 0.6234375000000002 0.79375
4 0.48125 0.2234375000000001 0.415625 0.2234375000000001 0.415625 0.27031250000000007 0.48125 0.27031250000000007
29 0.6296875 0.484375 0.5609375 0.484375 0.5609375 0.534375 0.6296875 0.534375
51 0.5546875 0.3046875000000001 0.4875 0.3046875000000001 0.4875 0.3531250000000001 0.5546875 0.3531250000000001
23 0.628125 0.26250000000000007 0.5625 0.26250000000000007 0.5625 0.3109375000000001 0.628125 0.3109375000000001
7 0.48125 0.38750000000000007 0.415625 0.38750000000000007 0.415625 0.4375 0.48125 0.4375
20 0.4796875000000001 0.7140625 0.415625 0.7140625 0.4156250000000001 0.7890625 0.47968750000000016 0.7890625
6 0.48125 0.33281250000000007 0.415625 0.33281250000000007 0.415625 0.3812500000000001 0.48125 0.3812500000000001
42 0.55625 0.2484375000000001 0.4875 0.2484375000000001 0.4875 0.2984375000000001 0.55625 0.2984375000000001
39 0.5515625000000001 0.6890625 0.4859375 0.6890625 0.4859375000000001 0.7359375 0.5515625000000002 0.7359375
10 0.6296875 0.09531250000000006 0.5640625 0.09531250000000006 0.5640625 0.14218750000000008 0.6296875 0.14218750000000008
32 0.70625 0.0671875000000001 0.6390625 0.0671875000000001 0.6390625 0.11562500000000009 0.70625 0.11562500000000009
36 0.5546875 0.5234375 0.4875 0.5234375 0.4875 0.5734375 0.5546875 0.5734375
17 0.48125 5.5109105961630896e-17 0.41875 5.128208471429541e-17 0.41875 0.046875000000000056 0.48125 0.046875000000000056
35 0.7015625 0.4015625 0.6359375 0.4015625 0.6359375 0.4515625 0.7015625 0.4515625
18 0.7 0.5125 0.634375 0.5125 0.634375 0.5625 0.7 0.5625
14 0.78125 0.5125000000000001 0.709375 0.5125 0.709375 0.5625000000000001 0.78125 0.5625000000000002
19 0.6296875 0.2078125000000001 0.5625 0.2078125000000001 0.5625 0.25468750000000007 0.6296875 0.25468750000000007
54 0.5546875 0.6328125 0.4859375 0.6328125 0.4859375 0.6828125 0.5546875 0.6828125
49 0.7890625 9.203986099841826e-17 0.7140625 8.744743550161569e-17 0.7140625 0.05937500000000009 0.7890625 0.05937500000000009
56 0.55625 0.13750000000000007 0.4875 0.13750000000000004 0.4875 0.18593750000000006 0.55625 0.1859375000000001