59 0.440625 0.33281250000000007 0.3984375 0.33281250000000007 0.39843750000000006 0.3812500000000001 0.440625 0.3812500000000001
46 0.778125 0.4390625000000001 0.6671875 0.4390625 0.6671875 0.4906250000000001 0.778125 0.4906250000000002
14 0.5921875 0.4984375 0.546875 0.4984375 0.546875 0.553125 0.5921875 0.553125
34 0.6640625 0.440625 0.6203125 0.440625 0.6203125 0.490625 0.6640625 0.490625
38 0.625 0.3312500000000001 0.584375 0.3312500000000001 0.584375 0.37968750000000007 0.625 0.37968750000000007
1 0.19531250000000006 0.2875 0.15468750000000003 0.2875 0.15468750000000003 0.3328125 0.19531250000000006 0.3328125
28 0.496875 0.3859375000000001 0.45625 0.3859375000000001 0.45625 0.4359375 0.496875 0.4359375
6 0.4171875 0.2828125000000001 0.378125 0.2828125000000001 0.378125 0.3281250000000001 0.4171875 0.3281250000000001
19 0.30937500000000007 0.3890625 0.2671875000000001 0.3890625 0.2671875000000001 0.4390625 0.30937500000000007 0.4390625
18 0.5671875 0.440625 0.525 0.440625 0.525 0.4921875 0.5671875 0.4921875
12 0.684375 0.3843750000000001 0.6421875 0.3843750000000001 0.6421875 0.434375 0.684375 0.434375
42 0.34687500000000004 0.334375 0.30625 0.334375 0.30625 0.3828125 0.3468750000000001 0.3828125
9 0.5546875 0.2796875000000001 0.5125 0.2796875000000001 0.5125 0.3281250000000001 0.5546875 0.3281250000000001
32 0.640625 0.4984375 0.59375 0.4984375 0.59375 0.5546875 0.640625 0.5546875
51 0.39375000000000004 0.33281250000000007 0.353125 0.3328125 0.353125 0.38125000000000003 0.3937500000000001 0.3812500000000001
17 0.15156250000000004 0.290625 0.11875000000000005 0.290625 0.11875000000000005 0.334375 0.15156250000000004 0.334375
15 0.425 0.440625 0.3812500000000001 0.440625 0.3812500000000001 0.4921875 0.425 0.4921875
30 0.9828125 0.23125000000000004 0.07656250000000002 0.23125 0.07656250000000005 0.5734375 0.9828125 0.5734375000000002
40 0.615625 0.4421875 0.571875 0.4421875 0.571875 0.4921875 0.615625 0.4921875
8 0.509375 0.2796875000000001 0.46875 0.2796875000000001 0.46875 0.3281250000000001 0.509375 0.3281250000000001
20 0.7671875 0.27812500000000007 0.6953125 0.27812500000000007 0.6953125 0.3265625000000001 0.7671875 0.3265625000000001
10 0.21875000000000008 0.3890625 0.17656250000000004 0.3890625 0.17656250000000004 0.4390625 0.21875000000000008 0.4390625
54 0.6703125 0.3312500000000001 0.6296875 0.3312500000000001 0.6296875 0.37968750000000007 0.6703125 0.37968750000000007
5 0.3734375 0.2828125 0.3328125 0.2828125 0.3328125 0.3296875 0.3734375 0.3296875000000001
55 0.3765625000000001 0.4421875 0.33281250000000007 0.4421875 0.33281250000000007 0.49375 0.3765625000000001 0.49375
31 0.590625 0.3859375000000001 0.5484375 0.3859375000000001 0.5484375 0.4359375 0.590625 0.4359375
3 0.284375 0.284375 0.2421875 0.284375 0.2421875 0.33125 0.284375 0.33125
52 0.16718750000000004 0.3375 0.11250000000000004 0.3375 0.11250000000000004 0.3859375 0.16718750000000004 0.3859375
26 0.771875 0.3312500000000001 0.7203125 0.3312500000000001 0.7203125 0.37968750000000007 0.771875 0.37968750000000007
35 0.4734375 0.440625 0.4296875 0.440625 0.4296875 0.4921875 0.4734375 0.4921875
27 0.53125 0.3312500000000001 0.490625 0.3312500000000001 0.490625 0.37968750000000007 0.53125 0.37968750000000007
29 0.54375 0.3859375000000001 0.5 0.3859375000000001 0.5 0.4359375 0.54375 0.4359375
2 0.2390625 0.2875 0.19843750000000004 0.2875 0.19843750000000004 0.33125 0.2390625 0.33125
58 0.23593750000000008 0.44375 0.19375000000000003 0.44375 0.19375000000000003 0.49375 0.23593750000000008 0.49375
33 0.5203125 0.440625 0.4765625 0.440625 0.4765625 0.4921875 0.5203125 0.4921875
21 0.30156250000000007 0.3359375 0.2609375 0.3359375 0.26093750000000004 0.384375 0.30156250000000007 0.384375
44 0.19062500000000004 0.44375 0.10000000000000005 0.44375 0.10000000000000005 0.4953125 0.19062500000000004 0.4953125
24 0.403125 0.38750000000000007 0.3609375000000001 0.3875 0.3609375000000001 0.4375 0.403125 0.4375
56 0.25781250000000006 0.3359375 0.215625 0.3359375 0.21562500000000004 0.384375 0.2578125000000001 0.384375
39 0.715625 0.3312500000000001 0.675 0.3312500000000001 0.675 0.37968750000000007 0.715625 0.37968750000000007
11 0.690625 0.2796875000000001 0.65 0.2796875000000001 0.65 0.3265625000000001 0.690625 0.3265625000000001
7 0.4640625 0.2812500000000001 0.4234375 0.2812500000000001 0.4234375 0.3281250000000001 0.4640625 0.3281250000000001
43 0.2640625000000001 0.3890625 0.2218750000000001 0.3890625 0.2218750000000001 0.4390625 0.2640625000000001 0.4390625
16 0.3312500000000001 0.4421875 0.2875000000000001 0.4421875 0.2875000000000001 0.49375 0.3312500000000001 0.49375
36 0.578125 0.3312500000000001 0.5359375 0.3312500000000001 0.5359375 0.3812500000000001 0.578125 0.3812500000000001
23 0.3546875000000001 0.3875 0.3140625000000001 0.3875 0.3140625000000001 0.4359375 0.3546875000000001 0.4359375
0 0.6 0.2812500000000001 0.559375 0.2812500000000001 0.559375 0.3265625000000001 0.6 0.3265625000000001
49 0.13906250000000006 0.5015625 0.09218750000000006 0.5015625 0.09218750000000006 0.55625 0.1390625000000001 0.55625
22 0.775 0.3828125000000001 0.6890625 0.3828125000000001 0.6890625 0.43437500000000007 0.775 0.4343750000000002
41 0.21250000000000005 0.3375 0.17031250000000003 0.3375 0.17031250000000003 0.3859375 0.21250000000000008 0.3859375
53 0.4859375 0.33281250000000007 0.44375 0.33281250000000007 0.44375 0.3812500000000001 0.4859375 0.3812500000000001
37 0.6375 0.3859375000000001 0.5953125 0.3859375000000001 0.5953125 0.4359375 0.6375 0.4359375
57 0.2828125000000001 0.44375 0.2406250000000001 0.44375 0.2406250000000001 0.49375 0.2828125000000001 0.49375
13 0.2796875000000001 0.5015625 0.23437500000000008 0.5015625 0.23437500000000008 0.55625 0.2796875000000001 0.55625
25 0.45 0.3859375000000001 0.4078125 0.3859375000000001 0.4078125 0.4359375 0.45 0.4359375
48 0.6453125 0.2812500000000001 0.6046875 0.2812500000000001 0.6046875 0.3265625000000001 0.6453125 0.3265625000000001
45 0.17343750000000005 0.390625 0.10625000000000004 0.390625 0.10625000000000004 0.4390625 0.17343750000000005 0.4390625
4 0.328125 0.2828125 0.2875 0.2828125 0.2875 0.3296875 0.328125 0.3296875
47 0.5421875 0.4984375 0.2812500000000001 0.4984375 0.2812500000000001 0.5546875 0.5421875 0.5546875