20 0.7984375 0.1531250000000001 0.7265625 0.1531250000000001 0.7265625 0.22656250000000008 0.7984375 0.22656250000000008
45 0.21093750000000006 0.3078125 0.14531250000000004 0.3078125 0.14531250000000004 0.3796875 0.21093750000000008 0.3796875
6 0.45 0.15156250000000004 0.4078125 0.15156250000000004 0.4078125 0.2218750000000001 0.45 0.2218750000000001
56 0.290625 0.228125 0.25 0.228125 0.25 0.3015625 0.290625 0.3015625
3 0.3140625 0.15000000000000005 0.271875 0.15000000000000005 0.271875 0.221875 0.3140625 0.221875
50 0.6640625 0.4703125 0.6203125 0.4703125 0.6203125 0.5484375 0.6640625 0.5484375
37 0.665625 0.3125000000000001 0.6234375 0.3125000000000001 0.6234375 0.3843750000000001 0.665625 0.3843750000000001
30 0.9875 0.09375000000000007 0.13125 0.09375000000000003 0.13125000000000003 0.5687500000000001 0.9875 0.5687500000000002
49 0.18750000000000006 0.46875 0.14375000000000004 0.46875 0.14375000000000004 0.54375 0.18750000000000006 0.54375
1 0.2234375 0.14843750000000006 0.1828125 0.14843750000000006 0.18281250000000002 0.2203125 0.2234375 0.2203125
4 0.359375 0.15000000000000005 0.31875 0.15000000000000005 0.31875 0.221875 0.359375 0.221875
19 0.34687500000000004 0.3078125 0.30625 0.3078125 0.30625 0.38125 0.3468750000000001 0.38125
53 0.51875 0.2296875000000001 0.4765625 0.2296875000000001 0.4765625 0.3031250000000001 0.51875 0.3031250000000001
51 0.4265625 0.2296875000000001 0.3859375 0.2296875000000001 0.3859375 0.30156250000000007 0.4265625 0.30156250000000007
23 0.39062500000000006 0.30937500000000007 0.3515625 0.309375 0.35156250000000006 0.37968750000000007 0.3906250000000001 0.37968750000000007
17 0.1765625 0.1484375 0.1453125 0.1484375 0.1453125 0.21875 0.17656250000000004 0.21875
57 0.3234375000000001 0.3875 0.2828125000000001 0.3875 0.2828125000000001 0.459375 0.3234375000000001 0.459375
8 0.540625 0.15312500000000004 0.5 0.15312500000000004 0.5 0.2234375000000001 0.540625 0.2234375000000001
22 0.7984375 0.23437500000000008 0.75 0.23437500000000008 0.75 0.3859375000000001 0.7984375 0.3859375000000001
55 0.4140625 0.38750000000000007 0.3734375000000001 0.38750000000000007 0.3734375000000001 0.4609375 0.4140625 0.4609375
24 0.4375 0.30937500000000007 0.396875 0.30937500000000007 0.39687500000000003 0.3828125000000001 0.4375 0.3828125000000001
28 0.528125 0.30937500000000007 0.4890625 0.30937500000000007 0.4890625 0.3812500000000001 0.528125 0.3812500000000001
59 0.471875 0.22812500000000008 0.43125 0.22812500000000008 0.43125 0.30156250000000007 0.471875 0.30156250000000007
42 0.38125 0.22812500000000005 0.340625 0.228125 0.340625 0.30156250000000007 0.38125 0.30156250000000007
13 0.3234375000000001 0.46875 0.2828125000000001 0.46875 0.2828125000000001 0.5453125 0.3234375000000001 0.5453125
39 0.74375 0.2312500000000001 0.703125 0.2312500000000001 0.703125 0.3046875000000001 0.74375 0.3046875000000001
26 0.7546875 0.3125000000000001 0.7140625 0.3125000000000001 0.7140625 0.3843750000000001 0.7546875 0.3843750000000001
44 0.18750000000000006 0.3875 0.14375000000000004 0.3875 0.14375000000000004 0.4578125 0.18750000000000006 0.4578125
36 0.609375 0.2312500000000001 0.5671875 0.2312500000000001 0.5671875 0.3046875000000001 0.609375 0.3046875000000001
0 0.63125 0.1531250000000001 0.590625 0.1531250000000001 0.590625 0.2234375000000001 0.63125 0.2234375000000001
29 0.575 0.30937500000000007 0.5328125 0.30937500000000007 0.5328125 0.3828125000000001 0.575 0.3828125000000001
10 0.25625000000000003 0.3078125 0.215625 0.3078125 0.21562500000000004 0.3796875 0.2562500000000001 0.3796875
38 0.6546875 0.2312500000000001 0.6125 0.2312500000000001 0.6125 0.3046875000000001 0.6546875 0.3046875000000001
43 0.30156250000000007 0.3078125 0.2609375 0.3078125 0.26093750000000004 0.38125 0.30156250000000007 0.38125
15 0.4609375 0.3890625000000001 0.41875 0.3890625000000001 0.41875 0.4625 0.4609375 0.4625
46 0.7984375 0.3921875000000001 0.6921875 0.3921875000000001 0.6921875 0.4640625000000001 0.7984375 0.46406250000000016
33 0.5515625 0.38750000000000007 0.509375 0.38750000000000007 0.509375 0.4625 0.5515625 0.4625
41 0.246875 0.228125 0.2046875 0.228125 0.2046875 0.3015625 0.246875 0.3015625
27 0.5640625 0.2296875000000001 0.521875 0.2296875000000001 0.521875 0.30156250000000007 0.5640625 0.30156250000000007
54 0.6984375 0.2312500000000001 0.6578125 0.2312500000000001 0.6578125 0.3046875000000001 0.6984375 0.3046875000000001
11 0.721875 0.1531250000000001 0.68125 0.1531250000000001 0.68125 0.22656250000000008 0.721875 0.22656250000000008
48 0.6765625 0.1531250000000001 0.6359375 0.1531250000000001 0.6359375 0.2250000000000001 0.6765625 0.2250000000000001
25 0.4828125 0.30937500000000007 0.4421875 0.30937500000000007 0.4421875 0.3812500000000001 0.4828125 0.3812500000000001
40 0.6421875 0.3921875000000001 0.6 0.3921875000000001 0.6 0.4640625 0.6421875 0.4640625
12 0.7109375 0.3109375000000001 0.66875 0.3109375000000001 0.66875 0.3859375000000001 0.7109375 0.3859375000000001
35 0.50625 0.38750000000000007 0.4640625 0.38750000000000007 0.4640625 0.4625 0.50625 0.4625
18 0.596875 0.3906250000000001 0.5546875 0.3906250000000001 0.5546875 0.4625 0.596875 0.4625
31 0.61875 0.3109375000000001 0.578125 0.3109375000000001 0.578125 0.3843750000000001 0.61875 0.3843750000000001
14 0.61875 0.4703125 0.5765625 0.4703125 0.5765625 0.546875 0.61875 0.546875
21 0.3359375 0.228125 0.2953125 0.228125 0.2953125 0.3015625 0.3359375 0.3015625
16 0.3687500000000001 0.38906250000000003 0.3281250000000001 0.3890625 0.3281250000000001 0.4625 0.3687500000000001 0.4625
47 0.571875 0.4671875 0.3265625000000001 0.4671875 0.3265625000000001 0.5484375 0.571875 0.5484375
2 0.26875 0.14843750000000006 0.2265625 0.14843750000000006 0.2265625 0.2203125 0.26875 0.2203125
52 0.19843750000000004 0.2265625 0.14375000000000004 0.2265625 0.14375000000000004 0.2984375 0.19843750000000004 0.2984375
58 0.27812500000000007 0.3875 0.2375000000000001 0.3875 0.2375000000000001 0.4609375 0.27812500000000007 0.4609375
9 0.5859375 0.1515625000000001 0.5453125 0.1515625000000001 0.5453125 0.2234375000000001 0.5859375 0.2234375000000001
32 0.2328125000000001 0.3875 0.19218750000000004 0.3875 0.19218750000000004 0.459375 0.2328125000000001 0.459375
7 0.4953125 0.15156250000000004 0.4546875 0.15156250000000004 0.4546875 0.2218750000000001 0.4953125 0.2218750000000001
34 0.6875 0.3921875000000001 0.6453125 0.3921875000000001 0.6453125 0.4625 0.6875 0.4625
5 0.4046875 0.15000000000000005 0.3625 0.15000000000000005 0.3625 0.22187500000000004 0.4046875 0.2218750000000001