20 0.7328125 0.21875000000000008 0.6640625 0.21875000000000008 0.6640625 0.2875000000000001 0.7328125 0.2875000000000001
45 0.17500000000000004 0.3640625 0.11250000000000004 0.3640625 0.11250000000000004 0.4328125 0.17500000000000004 0.4328125
6 0.403125 0.21718750000000003 0.3625 0.2171875 0.3625 0.28437500000000004 0.403125 0.2843750000000001
56 0.2515625 0.2890625 0.2125 0.2890625 0.2125 0.3578125 0.2515625 0.3578125
3 0.2734375 0.2140625 0.234375 0.2140625 0.234375 0.2828125 0.2734375 0.2828125
50 0.6046875 0.51875 0.5640625 0.51875 0.5640625 0.5921875 0.6046875 0.5921875
37 0.60625 0.3687500000000001 0.5671875 0.3687500000000001 0.5671875 0.4375 0.60625 0.4375
30 0.9109375 0.16250000000000006 0.1015625 0.1625 0.10156250000000004 0.6125 0.9109375 0.6125000000000002
49 0.15312500000000007 0.515625 0.11250000000000004 0.515625 0.11250000000000007 0.5875 0.1531250000000001 0.5875
1 0.18750000000000006 0.2140625 0.15000000000000005 0.2140625 0.15000000000000005 0.2828125 0.18750000000000006 0.2828125
4 0.315625 0.2140625 0.278125 0.2140625 0.278125 0.2828125 0.315625 0.2828125
19 0.3046875000000001 0.365625 0.2671875000000001 0.365625 0.2671875000000001 0.434375 0.3046875000000001 0.434375
53 0.4671875 0.2906250000000001 0.428125 0.2906250000000001 0.428125 0.3593750000000001 0.4671875 0.3593750000000001
51 0.3796875 0.28906250000000006 0.3421875 0.2890625 0.3421875 0.35781250000000003 0.3796875 0.3578125000000001
23 0.3468750000000001 0.365625 0.30937500000000007 0.365625 0.30937500000000007 0.4328125 0.3468750000000001 0.4328125
17 0.14375000000000004 0.2140625 0.11406250000000004 0.2140625 0.11406250000000004 0.2796875 0.14375000000000004 0.2796875
57 0.2828125000000001 0.440625 0.2453125000000001 0.440625 0.2453125000000001 0.5078125 0.2828125000000001 0.5078125
8 0.4890625 0.2171875000000001 0.45 0.2171875000000001 0.45 0.2843750000000001 0.4890625 0.2843750000000001
22 0.73125 0.2953125000000001 0.6859375 0.2953125000000001 0.6859375 0.4390625000000001 0.73125 0.4390625000000002
55 0.3687500000000001 0.440625 0.3296875000000001 0.440625 0.3296875000000001 0.509375 0.3687500000000001 0.509375
24 0.3906250000000001 0.36562500000000003 0.3515625000000001 0.365625 0.3515625000000001 0.434375 0.3906250000000001 0.434375
28 0.4765625 0.3656250000000001 0.4390625 0.3656250000000001 0.4390625 0.434375 0.4765625 0.434375
59 0.4234375 0.2906250000000001 0.384375 0.2906250000000001 0.384375 0.3593750000000001 0.4234375 0.3593750000000001
42 0.3375 0.290625 0.3 0.290625 0.3 0.359375 0.3375 0.359375
13 0.2828125000000001 0.5171875 0.24375000000000008 0.5171875 0.24375000000000008 0.5890625 0.2828125000000001 0.5890625
39 0.6796875 0.29375000000000007 0.6421875 0.29375000000000007 0.6421875 0.3625000000000001 0.6796875 0.3625000000000001
26 0.690625 0.3703125000000001 0.653125 0.3703125000000001 0.653125 0.4375 0.690625 0.4375
44 0.15312500000000004 0.440625 0.11250000000000004 0.440625 0.11250000000000004 0.5078125 0.15312500000000004 0.5078125
36 0.553125 0.2921875000000001 0.5140625 0.2921875000000001 0.5140625 0.3609375000000001 0.553125 0.3609375000000001
0 0.575 0.2171875000000001 0.5359375 0.2171875000000001 0.5359375 0.2843750000000001 0.575 0.2843750000000001
29 0.5203125 0.3656250000000001 0.4796875 0.3656250000000001 0.4796875 0.434375 0.5203125 0.434375
10 0.21875000000000008 0.3640625 0.18125000000000005 0.3640625 0.18125000000000005 0.4328125 0.21875000000000008 0.4328125
38 0.5953125 0.2921875000000001 0.55625 0.2921875000000001 0.55625 0.3609375000000001 0.5953125 0.3609375000000001
43 0.26250000000000007 0.365625 0.2234375000000001 0.365625 0.2234375000000001 0.434375 0.26250000000000007 0.434375
15 0.4125 0.440625 0.37187500000000007 0.440625 0.37187500000000007 0.509375 0.4125 0.509375
46 0.73125 0.4437500000000001 0.63125 0.44375 0.63125 0.5125000000000001 0.73125 0.5125000000000002
33 0.4984375 0.440625 0.4578125 0.440625 0.4578125 0.5109375 0.4984375 0.5109375
41 0.209375 0.2890625 0.16875000000000004 0.2890625 0.16875000000000004 0.3578125 0.209375 0.3578125
27 0.509375 0.2906250000000001 0.4703125 0.2906250000000001 0.4703125 0.3593750000000001 0.509375 0.3593750000000001
54 0.6375 0.29375000000000007 0.5984375 0.29375000000000007 0.5984375 0.3625000000000001 0.6375 0.3625000000000001
11 0.659375 0.21875000000000008 0.621875 0.21875000000000008 0.621875 0.2875000000000001 0.659375 0.2875000000000001
48 0.615625 0.21875000000000008 0.578125 0.21875000000000008 0.578125 0.28593750000000007 0.615625 0.28593750000000007
25 0.434375 0.3656250000000001 0.39531250000000007 0.3656250000000001 0.39531250000000007 0.434375 0.434375 0.434375
40 0.584375 0.44375 0.5453125 0.44375 0.5453125 0.5125 0.584375 0.5125
12 0.65 0.3671875000000001 0.6109375 0.3671875000000001 0.6109375 0.4375 0.65 0.4375
35 0.45625 0.440625 0.415625 0.440625 0.415625 0.5109375 0.45625 0.5109375
18 0.540625 0.4421875 0.5015625 0.4421875 0.5015625 0.5109375 0.540625 0.5109375
31 0.5625 0.3671875000000001 0.525 0.3671875000000001 0.525 0.4359375 0.5625 0.4359375
14 0.5625 0.51875 0.521875 0.51875 0.521875 0.590625 0.5625 0.590625
21 0.2953125 0.2890625 0.25625 0.2890625 0.25625 0.3578125 0.2953125 0.3578125
16 0.3265625000000001 0.440625 0.2875000000000001 0.440625 0.2875000000000001 0.509375 0.3265625000000001 0.509375
47 0.51875 0.5171875 0.28593750000000007 0.5171875 0.28593750000000007 0.5921875 0.51875 0.5921875
2 0.23125 0.2140625 0.19218750000000004 0.2140625 0.19218750000000004 0.28125 0.23125 0.28125
52 0.16562500000000005 0.2875 0.11250000000000004 0.2875 0.11250000000000004 0.35625 0.16562500000000005 0.35625
58 0.2406250000000001 0.440625 0.2015625000000001 0.440625 0.2015625000000001 0.509375 0.2406250000000001 0.509375
9 0.53125 0.2171875000000001 0.4921875 0.2171875000000001 0.4921875 0.28593750000000007 0.53125 0.28593750000000007
32 0.19687500000000005 0.4390625 0.15937500000000004 0.4390625 0.15937500000000004 0.5078125 0.19687500000000005 0.5078125
7 0.44375 0.2171875000000001 0.40625 0.2171875000000001 0.40625 0.2828125000000001 0.44375 0.2828125000000001
34 0.6265625 0.4453125 0.5875 0.4453125 0.5875 0.5109375 0.6265625 0.5109375
5 0.359375 0.215625 0.3203125 0.215625 0.3203125 0.2828125 0.359375 0.2828125