20 0.7171875 0.2328125000000001 0.653125 0.2328125000000001 0.653125 0.2984375000000001 0.7171875 0.2984375000000001
45 0.18906250000000005 0.3703125 0.13125000000000003 0.3703125 0.13125000000000003 0.434375 0.18906250000000005 0.434375
6 0.4046875 0.2312500000000001 0.3671875 0.2312500000000001 0.3671875 0.29375000000000007 0.4046875 0.29375000000000007
56 0.26250000000000007 0.2984375 0.225 0.2984375 0.22500000000000003 0.3640625 0.26250000000000007 0.3640625
3 0.2828125 0.228125 0.2453125 0.228125 0.2453125 0.29375 0.2828125 0.29375
50 0.596875 0.5171875 0.5578125 0.5171875 0.5578125 0.5859375 0.596875 0.5859375
37 0.5984375 0.3750000000000001 0.5609375 0.3750000000000001 0.5609375 0.4390625 0.5984375 0.4390625
30 0.8875 0.17968750000000006 0.11875 0.1796875 0.11875000000000005 0.6046875 0.8875 0.6046875000000002
49 0.17031250000000006 0.5140625 0.12968750000000004 0.5140625 0.12968750000000007 0.58125 0.1703125000000001 0.58125
1 0.2015625 0.228125 0.16562500000000005 0.228125 0.16562500000000005 0.2921875 0.2015625 0.2921875
4 0.3234375 0.228125 0.2875 0.228125 0.2875 0.29375 0.3234375 0.29375
19 0.3125000000000001 0.371875 0.2765625000000001 0.371875 0.2765625000000001 0.4375 0.3125000000000001 0.4375
53 0.4671875 0.30156250000000007 0.4296875 0.30156250000000007 0.4296875 0.3671875000000001 0.4671875 0.3671875000000001
51 0.384375 0.30000000000000004 0.3484375 0.3 0.34843750000000007 0.36406250000000007 0.3843750000000001 0.36406250000000007
23 0.3531250000000001 0.371875 0.31718750000000007 0.371875 0.31718750000000007 0.4359375 0.3531250000000001 0.4359375
17 0.16093750000000004 0.228125 0.13281250000000006 0.228125 0.13281250000000006 0.290625 0.16093750000000004 0.290625
57 0.2921875000000001 0.44375 0.2562500000000001 0.44375 0.2562500000000001 0.50625 0.2921875000000001 0.50625
8 0.4859375 0.2312500000000001 0.45 0.2312500000000001 0.45 0.2953125000000001 0.4859375 0.2953125000000001
22 0.7171875 0.3046875000000001 0.675 0.3046875000000001 0.675 0.440625 0.7171875 0.440625
55 0.3734375000000001 0.4421875 0.3359375000000001 0.4421875 0.3359375000000001 0.5078125 0.3734375000000001 0.5078125
24 0.39531250000000007 0.37187500000000007 0.3578125000000001 0.371875 0.3578125000000001 0.4375 0.39531250000000007 0.4375
28 0.475 0.37187500000000007 0.4390625 0.37187500000000007 0.4390625 0.4359375 0.475 0.4359375
59 0.425 0.3000000000000001 0.3890625 0.3000000000000001 0.38906250000000003 0.3656250000000001 0.425 0.3656250000000001
42 0.34375000000000006 0.3 0.3078125 0.3 0.30781250000000004 0.365625 0.3437500000000001 0.365625
13 0.2921875000000001 0.515625 0.25468750000000007 0.515625 0.25468750000000007 0.5828125 0.2921875000000001 0.5828125
39 0.66875 0.3031250000000001 0.6328125 0.3031250000000001 0.6328125 0.3687500000000001 0.66875 0.3687500000000001
26 0.678125 0.3750000000000001 0.6421875 0.3750000000000001 0.6421875 0.4390625 0.678125 0.4390625
44 0.17031250000000003 0.4421875 0.12968750000000004 0.4421875 0.12968750000000004 0.5046875 0.17031250000000003 0.5046875
36 0.546875 0.30156250000000007 0.5109375 0.30156250000000007 0.5109375 0.3671875000000001 0.546875 0.3671875000000001
0 0.5671875 0.2312500000000001 0.53125 0.2312500000000001 0.53125 0.2953125000000001 0.5671875 0.2953125000000001
29 0.5171875 0.37187500000000007 0.478125 0.37187500000000007 0.478125 0.4375 0.5171875 0.4375
10 0.2312500000000001 0.3703125 0.19531250000000006 0.3703125 0.19531250000000006 0.434375 0.2312500000000001 0.434375
38 0.5890625 0.30156250000000007 0.5515625 0.30156250000000007 0.5515625 0.3671875000000001 0.5890625 0.3671875000000001
43 0.2718750000000001 0.371875 0.23437500000000008 0.371875 0.23437500000000008 0.4375 0.2718750000000001 0.4375
15 0.415625 0.44375 0.3765625000000001 0.44375 0.3765625000000001 0.509375 0.415625 0.509375
46 0.7171875 0.4453125 0.621875 0.4453125 0.621875 0.5109375 0.7171875 0.5109375
33 0.496875 0.4421875 0.4578125 0.4421875 0.4578125 0.509375 0.496875 0.509375
41 0.22187500000000004 0.2984375 0.18437500000000004 0.2984375 0.18437500000000004 0.3640625 0.2218750000000001 0.3640625
27 0.50625 0.3000000000000001 0.4703125 0.3000000000000001 0.4703125 0.3656250000000001 0.50625 0.3656250000000001
54 0.628125 0.3031250000000001 0.5921875 0.3031250000000001 0.5921875 0.3687500000000001 0.628125 0.3687500000000001
11 0.6484375 0.2312500000000001 0.6125 0.2312500000000001 0.6125 0.2968750000000001 0.6484375 0.2968750000000001
48 0.6078125 0.2328125000000001 0.571875 0.2328125000000001 0.571875 0.2953125000000001 0.6078125 0.2953125000000001
25 0.4359375 0.37187500000000007 0.3984375000000001 0.37187500000000007 0.3984375000000001 0.4359375 0.4359375 0.4359375
40 0.5765625 0.4453125 0.540625 0.4453125 0.540625 0.5109375 0.5765625 0.5109375
12 0.6390625 0.3734375000000001 0.6015625 0.3734375000000001 0.6015625 0.440625 0.6390625 0.440625
35 0.45625 0.4421875 0.4171875 0.4421875 0.4171875 0.509375 0.45625 0.509375
18 0.5359375 0.4453125 0.5 0.4453125 0.5 0.509375 0.5359375 0.509375
31 0.5578125 0.3734375000000001 0.521875 0.3734375000000001 0.521875 0.4390625 0.5578125 0.4390625
14 0.55625 0.5171875 0.5171875 0.5171875 0.5171875 0.584375 0.55625 0.584375
21 0.30312500000000003 0.2984375 0.265625 0.2984375 0.26562500000000006 0.3640625 0.3031250000000001 0.3640625
16 0.33281250000000007 0.44375 0.2953125000000001 0.44375 0.2953125000000001 0.509375 0.33281250000000007 0.509375
47 0.515625 0.5140625 0.29375000000000007 0.5140625 0.29375000000000007 0.5859375 0.515625 0.5859375
2 0.2421875 0.228125 0.2046875 0.228125 0.2046875 0.2921875 0.2421875 0.2921875
52 0.17968750000000006 0.296875 0.12968750000000004 0.296875 0.12968750000000004 0.3625 0.17968750000000006 0.3625
58 0.2515625000000001 0.4421875 0.2140625000000001 0.4421875 0.2140625000000001 0.5078125 0.2515625000000001 0.5078125
9 0.528125 0.2296875000000001 0.490625 0.2296875000000001 0.490625 0.2953125000000001 0.528125 0.2953125000000001
32 0.21093750000000008 0.4421875 0.17500000000000004 0.4421875 0.17500000000000004 0.50625 0.21093750000000008 0.50625
7 0.4453125 0.2312500000000001 0.409375 0.2312500000000001 0.409375 0.29375000000000007 0.4453125 0.29375000000000007
34 0.6171875 0.446875 0.58125 0.446875 0.58125 0.509375 0.6171875 0.509375
5 0.3640625 0.22968750000000004 0.3265625 0.2296875 0.3265625 0.29218750000000004 0.3640625 0.2921875000000001