42 0.34375000000000006 0.340625 0.2609375 0.340625 0.26093750000000004 0.403125 0.3437500000000001 0.403125
18 0.1531250000000001 0.671875 0.06875000000000009 0.671875 0.06875000000000009 0.7359375 0.1531250000000001 0.7359375
6 0.43125 0.4484375 0.3515625000000001 0.4484375 0.3515625000000001 0.509375 0.43125 0.509375
9 0.428125 0.6546875 0.34843750000000007 0.6546875 0.34843750000000007 0.7171875 0.428125 0.7171875
43 0.2515625 0.2140625 0.17031250000000003 0.2140625 0.17031250000000003 0.2765625 0.2515625 0.2765625
35 0.15625000000000006 0.5296875 0.07187500000000006 0.5296875 0.07187500000000006 0.5921875 0.15625000000000008 0.5921875
25 0.2500000000000001 0.4953125 0.16718750000000004 0.4953125 0.16718750000000007 0.5578125 0.2500000000000001 0.5578125
4 0.4328125 0.30937500000000007 0.353125 0.309375 0.353125 0.37031250000000004 0.4328125 0.3703125000000001
11 0.4265625000000002 0.865625 0.3453125000000001 0.865625 0.3453125000000001 0.928125 0.4265625000000002 0.928125
30 0.49687500000000007 0.01250000000000003 1.5308084989341916e-18 0.0125 6.199774420683476e-17 1 0.4968750000000002 1
49 0.07031250000000001 0.023437500000000007 2.8702659355016093e-18 0.0234375 7.079989307570636e-18 0.0921875 0.07031250000000003 0.0921875
21 0.3453125 0.2703125 0.2609375 0.2703125 0.2609375 0.334375 0.3453125 0.334375
52 0.3484375 0.03906250000000004 0.265625 0.039062500000000035 0.265625 0.12343750000000005 0.3484375 0.12343750000000005
13 0.06406250000000004 0.2421875 2.9659414666849956e-17 0.2421875 3.348643591418544e-17 0.3046875 0.06406250000000005 0.3046875
58 0.1609375 0.175 0.07656250000000002 0.175 0.07656250000000002 0.2375 0.16093750000000004 0.2375
10 0.2546875 0.1453125 0.171875 0.1453125 0.17187500000000003 0.2078125 0.2546875 0.2078125
14 0.05625000000000009 0.671875 8.22809568177128e-17 0.671875 8.620365359623165e-17 0.7359375 0.05625000000000009 0.7359375
16 0.15937500000000004 0.315625 0.07343750000000004 0.315625 0.07343750000000004 0.3796875 0.15937500000000004 0.3796875
15 0.15781250000000005 0.459375 0.07343750000000007 0.459375 0.07343750000000007 0.5234375 0.15781250000000005 0.5234375
55 0.15937500000000004 0.3875 0.07500000000000004 0.3875 0.07500000000000004 0.45 0.15937500000000004 0.45
28 0.2500000000000001 0.5671875 0.16562500000000008 0.5671875 0.16562500000000008 0.6296875 0.2500000000000001 0.6296875
44 0.1625 0.028125000000000018 0.078125 0.02812500000000001 0.07812500000000001 0.09687500000000002 0.1625 0.09687500000000002
0 0.4281250000000001 0.725 0.3453125000000001 0.725 0.3453125000000001 0.7875 0.4281250000000002 0.7875
20 0.4265625000000002 0.9359375 0.3453125000000001 0.9359375 0.3453125000000001 1 0.4265625000000002 1
39 0.3359375000000001 0.903125 0.2531250000000001 0.903125 0.2531250000000001 0.965625 0.3359375000000001 0.965625
26 0.24218750000000008 0.921875 0.15781250000000013 0.921875 0.15781250000000013 0.984375 0.24218750000000008 0.984375
7 0.43125 0.5171875 0.3500000000000001 0.5171875 0.3500000000000001 0.5796875 0.43125 0.5796875
48 0.4265625000000002 0.79375 0.3468750000000001 0.79375 0.3468750000000001 0.8578125 0.4265625000000002 0.8578125
40 0.1515625000000001 0.7453125 0.06875000000000009 0.7453125 0.06875000000000009 0.809375 0.1515625000000001 0.809375
46 0.1500000000000001 0.890625 0.06250000000000011 0.890625 0.06250000000000012 1 0.15000000000000013 1
33 0.1546875000000001 0.6 0.06875000000000006 0.6 0.06875000000000007 0.665625 0.1546875000000001 0.665625
29 0.2468750000000001 0.6375 0.16406250000000008 0.6375 0.16406250000000008 0.7 0.2468750000000001 0.7
22 0.33281250000000007 0.9734375 0.15625000000000014 0.9734375 0.15625000000000014 1 0.33281250000000007 1
1 0.4375 0.10000000000000005 0.35625 0.10000000000000005 0.35625 0.16250000000000003 0.4375 0.16250000000000003
31 0.2468750000000001 0.709375 0.1625000000000001 0.709375 0.1625000000000001 0.771875 0.2468750000000001 0.771875
41 0.346875 0.12968750000000004 0.2640625 0.12968750000000004 0.2640625 0.19531250000000006 0.346875 0.19531250000000006
45 0.25625 0.035937500000000025 0.171875 0.035937500000000025 0.171875 0.13593750000000002 0.25625 0.13593750000000004
53 0.34062500000000007 0.55 0.2578125000000001 0.55 0.2578125000000001 0.6125 0.34062500000000007 0.6125
36 0.3375000000000001 0.690625 0.2562500000000001 0.690625 0.2562500000000001 0.753125 0.3375000000000001 0.753125
24 0.2515625000000001 0.425 0.16718750000000004 0.425 0.16718750000000004 0.4875 0.2515625000000001 0.4875
2 0.4359375 0.16875000000000004 0.3546875 0.16875000000000004 0.3546875 0.23125000000000004 0.4359375 0.2312500000000001
50 0.05468750000000011 0.8171875 1.0007660561782277e-16 0.8171875 1.0399930239634162e-16 0.88125 0.05468750000000011 0.88125
57 0.15937500000000004 0.246875 0.07500000000000002 0.246875 0.07500000000000004 0.309375 0.15937500000000004 0.309375
12 0.24375000000000008 0.8515625 0.1593750000000001 0.8515625 0.1593750000000001 0.915625 0.24375000000000008 0.915625
59 0.3421875000000001 0.4796875 0.2609375000000001 0.4796875 0.2609375000000001 0.5421875 0.3421875000000001 0.5421875
5 0.4328125 0.37812500000000004 0.3531250000000001 0.378125 0.3531250000000001 0.440625 0.4328125 0.440625
34 0.14843750000000008 0.815625 0.06562500000000009 0.815625 0.0656250000000001 0.8796875 0.14843750000000008 0.8796875
3 0.434375 0.23750000000000004 0.353125 0.2375 0.353125 0.30000000000000004 0.434375 0.3000000000000001
19 0.253125 0.2859375 0.16875000000000004 0.2859375 0.16875000000000004 0.346875 0.253125 0.346875
8 0.4296875 0.5859375 0.3500000000000001 0.5859375 0.3500000000000001 0.6484375 0.4296875 0.6484375
23 0.2515625 0.3546875 0.16875000000000004 0.3546875 0.16875000000000004 0.4171875 0.2515625000000001 0.4171875
37 0.2453125000000001 0.7796875 0.1609375000000001 0.7796875 0.1609375000000001 0.8421875 0.2453125000000001 0.8421875
54 0.3375000000000001 0.83125 0.2531250000000001 0.83125 0.2531250000000001 0.8953125 0.3375000000000001 0.8953125
56 0.346875 0.2 0.2625 0.2 0.2625 0.2625 0.346875 0.2625
32 0.1640625 0.103125 0.07812500000000003 0.103125 0.07812500000000003 0.16875 0.1640625 0.16875
27 0.34062500000000007 0.6203125 0.2593750000000001 0.6203125 0.2593750000000001 0.6828125 0.34062500000000007 0.6828125
38 0.3390625000000001 0.7609375 0.25468750000000007 0.7609375 0.25468750000000007 0.825 0.3390625000000001 0.825
47 0.06250000000000007 0.3140625 3.846156353572156e-17 0.3140625 5.998855805198363e-17 0.665625 0.06250000000000008 0.665625
17 0.4359375 0.04375000000000005 0.3578125 0.043750000000000046 0.3578125 0.09375000000000004 0.4359375 0.09375000000000004
51 0.3437500000000001 0.4109375 0.2609375000000001 0.4109375 0.2609375000000001 0.471875 0.3437500000000001 0.471875