42 0.3515625000000001 0.6296875 0.2984375000000001 0.6296875 0.2984375000000001 0.7 0.3515625000000001 0.7
18 0.6312500000000002 0.790625 0.5781250000000002 0.790625 0.5781250000000002 0.8625 0.6312500000000002 0.8625
6 0.440625 0.55625 0.3890625000000001 0.55625 0.3890625000000001 0.6234375 0.440625 0.6234375
9 0.6171875 0.559375 0.5640625 0.559375 0.5640625 0.6265625 0.6171875 0.6265625
43 0.2453125000000001 0.7078125 0.1921875000000001 0.7078125 0.1921875000000001 0.7765625 0.2453125000000001 0.7765625
35 0.5109375000000002 0.7875 0.4578125000000002 0.7875 0.4578125000000002 0.859375 0.5109375000000002 0.859375
25 0.48125000000000007 0.709375 0.428125 0.709375 0.4281250000000001 0.778125 0.4812500000000002 0.778125
4 0.3234375000000001 0.55625 0.2718750000000001 0.55625 0.2718750000000001 0.6234375 0.3234375000000001 0.6234375
11 0.79375 0.5609375000000002 0.740625 0.5609375000000002 0.740625 0.6296875000000002 0.79375 0.6296875000000002
30 0.9796875 0.5015625000000001 0.023437500000000062 0.5015625 0.02343750000000009 0.978125 0.9796875 0.978125
49 0.08906250000000011 0.8609375 0.0312500000000001 0.8609375 0.031250000000000104 0.934375 0.08906250000000011 0.934375
21 0.2921875000000001 0.6296875 0.2390625000000001 0.6296875 0.2390625000000001 0.7 0.2921875000000001 0.7
52 0.11562500000000009 0.6265625 0.045312500000000075 0.6265625 0.04531250000000008 0.6953125 0.11562500000000009 0.6953125
13 0.2687500000000001 0.865625 0.2156250000000001 0.865625 0.2156250000000001 0.9390625 0.2687500000000001 0.9390625
58 0.21250000000000008 0.784375 0.1593750000000001 0.784375 0.1593750000000001 0.8546875 0.21250000000000008 0.8546875
10 0.1859375000000001 0.7046875 0.13437500000000008 0.7046875 0.13437500000000008 0.775 0.1859375000000001 0.775
14 0.6312500000000002 0.871875 0.5781250000000002 0.871875 0.5781250000000002 0.9453125 0.6312500000000002 0.9453125
16 0.3312500000000001 0.7859375 0.27812500000000007 0.7859375 0.27812500000000007 0.8578125 0.3312500000000001 0.8578125
15 0.4515625000000002 0.7875 0.3984375000000001 0.7875 0.3984375000000001 0.8578125 0.4515625000000002 0.8578125
55 0.3921875000000001 0.7859375 0.3390625000000001 0.7859375 0.3390625000000001 0.85625 0.3921875000000001 0.85625
28 0.5406250000000001 0.709375 0.4890625 0.709375 0.48906250000000007 0.7796875 0.5406250000000001 0.7796875
44 0.0937500000000001 0.7828125 0.0359375000000001 0.7828125 0.0359375000000001 0.8546875 0.09375000000000011 0.8546875
0 0.675 0.559375 0.621875 0.559375 0.621875 0.628125 0.675 0.628125
20 0.896875 0.5609375000000002 0.8015625 0.5609375000000002 0.8015625 0.6296875000000002 0.896875 0.6296875000000002
39 0.825 0.6375000000000002 0.771875 0.6375000000000002 0.771875 0.7062500000000002 0.825 0.7062500000000002
26 0.8421875 0.7156250000000002 0.7890625 0.7156250000000002 0.7890625000000001 0.7875000000000002 0.8421875 0.7875000000000002
7 0.5 0.55625 0.446875 0.55625 0.446875 0.625 0.5 0.625
48 0.734375 0.5609375000000001 0.6796875 0.5609375 0.6796875 0.628125 0.734375 0.6281250000000002
40 0.6921875000000002 0.7921875 0.6390625000000002 0.7921875 0.6390625000000002 0.8625 0.6921875000000002 0.8625
46 0.903125 0.7937500000000002 0.7609375000000002 0.7937500000000002 0.7609375000000002 0.8671875 0.903125 0.8671875
33 0.5734375000000002 0.7890625 0.5171875000000001 0.7890625 0.5171875000000001 0.8625 0.5734375000000002 0.8625
29 0.6015625000000001 0.7125 0.5484375 0.7125 0.5484375000000001 0.78125 0.6015625000000002 0.78125
22 0.9 0.6406250000000002 0.8328125 0.6406250000000002 0.8328125 0.7890625000000002 0.9 0.7890625000000002
1 0.14843750000000008 0.5515625 0.09531250000000006 0.5515625 0.09531250000000006 0.6203125 0.14843750000000008 0.6203125
31 0.6609375000000001 0.7125 0.609375 0.7125 0.6093750000000001 0.7828125 0.6609375000000002 0.7828125
41 0.1765625000000001 0.628125 0.1218750000000001 0.628125 0.1218750000000001 0.696875 0.1765625000000001 0.696875
45 0.12656250000000008 0.7046875 0.042187500000000086 0.7046875 0.04218750000000009 0.775 0.12656250000000008 0.775
53 0.528125 0.6328125 0.475 0.6328125 0.475 0.703125 0.528125 0.703125
36 0.646875 0.6359375 0.59375 0.6359375 0.59375 0.7046875 0.646875 0.7046875
24 0.4218750000000001 0.7078125 0.3703125000000001 0.7078125 0.3703125000000001 0.7796875 0.42187500000000017 0.7796875
2 0.2078125000000001 0.553125 0.1546875000000001 0.553125 0.1546875000000001 0.621875 0.2078125000000001 0.621875
50 0.7546875000000002 0.8734375 0.7000000000000002 0.8734375 0.7000000000000002 0.9484375 0.7546875000000002 0.9484375
57 0.2718750000000001 0.7859375 0.21875000000000008 0.7859375 0.21875000000000008 0.85625 0.2718750000000001 0.85625
12 0.7812500000000001 0.7140625000000002 0.728125 0.7140625000000002 0.7281250000000001 0.7859375000000002 0.7812500000000002 0.7859375000000002
59 0.46875 0.63125 0.415625 0.63125 0.415625 0.7 0.46875 0.7
5 0.3828125000000001 0.55625 0.3296875000000001 0.55625 0.3296875000000001 0.6234375 0.3828125000000001 0.6234375
34 0.7531250000000002 0.7953125000000001 0.6984375000000002 0.7953125 0.6984375000000002 0.8640625 0.7531250000000002 0.8640625
3 0.2656250000000001 0.5546875 0.21250000000000008 0.5546875 0.21250000000000008 0.6234375 0.2656250000000001 0.6234375
19 0.3031250000000001 0.70625 0.2515625000000001 0.70625 0.2515625000000001 0.778125 0.3031250000000001 0.778125
8 0.5578125 0.5578125 0.5046875 0.5578125 0.5046875 0.625 0.5578125 0.625
23 0.3625000000000001 0.7078125 0.3109375000000001 0.7078125 0.3109375000000001 0.778125 0.3625000000000001 0.778125
37 0.721875 0.7125 0.66875 0.7125 0.6687500000000001 0.784375 0.7218750000000002 0.784375
54 0.765625 0.6359375 0.7125 0.6359375 0.7125 0.70625 0.765625 0.7062500000000002
56 0.2328125000000001 0.628125 0.17968750000000008 0.628125 0.17968750000000008 0.6984375 0.2328125000000001 0.6984375
32 0.1546875000000001 0.78125 0.10000000000000009 0.78125 0.10000000000000009 0.8546875 0.1546875000000001 0.8546875
27 0.5859375 0.6328125 0.534375 0.6328125 0.534375 0.7015625 0.5859375 0.7015625
38 0.70625 0.634375 0.6515625 0.634375 0.6515625 0.7046875 0.70625 0.7046875
47 0.5718750000000001 0.8671875 0.2765625000000001 0.8671875 0.2765625000000001 0.94375 0.5718750000000001 0.94375
17 0.09062500000000007 0.553125 0.048437500000000064 0.553125 0.04843750000000007 0.61875 0.09062500000000007 0.61875
51 0.409375 0.6296875 0.3578125000000001 0.6296875 0.3578125000000001 0.7 0.409375 0.7