15 0.3500000000000001 0.459375 0.3140625000000001 0.459375 0.3140625000000001 0.5171875 0.3500000000000001 0.5171875
4 0.259375 0.2734375 0.2265625 0.2734375 0.2265625 0.328125 0.259375 0.328125
1 0.14062500000000006 0.271875 0.10468750000000004 0.271875 0.10468750000000004 0.328125 0.14062500000000006 0.328125
55 0.30937500000000007 0.459375 0.2734375000000001 0.459375 0.2734375000000001 0.51875 0.30937500000000007 0.51875
52 0.11718750000000004 0.3359375 0.06875000000000005 0.3359375 0.06875000000000005 0.3921875 0.11718750000000004 0.3921875
7 0.3765625 0.27187500000000003 0.3421875 0.271875 0.3421875 0.32500000000000007 0.3765625 0.32500000000000007
40 0.50625 0.4546875 0.471875 0.4546875 0.471875 0.5109375 0.50625 0.5109375
31 0.484375 0.3906250000000001 0.45 0.3906250000000001 0.45 0.446875 0.484375 0.446875
51 0.31875000000000003 0.3328125 0.284375 0.3328125 0.28437500000000004 0.3875 0.3187500000000001 0.3875
45 0.12500000000000006 0.4 0.06718750000000004 0.4 0.06718750000000005 0.4578125 0.12500000000000006 0.4578125
41 0.15937500000000004 0.334375 0.12187500000000004 0.334375 0.12187500000000004 0.3921875 0.15937500000000004 0.3921875
3 0.2203125 0.271875 0.18437500000000004 0.271875 0.18437500000000004 0.328125 0.2203125 0.328125
38 0.5109375 0.3281250000000001 0.478125 0.3281250000000001 0.478125 0.3828125000000001 0.5109375 0.3828125000000001
11 0.5625 0.2687500000000001 0.5296875 0.2687500000000001 0.5296875 0.3218750000000001 0.5625 0.3218750000000001
34 0.5453125 0.453125 0.509375 0.453125 0.509375 0.509375 0.5453125 0.509375
14 0.490625 0.5171875 0.44375 0.5171875 0.44375 0.5828125 0.490625 0.5828125
48 0.5265625 0.27031250000000007 0.4921875 0.27031250000000007 0.4921875 0.3218750000000001 0.5265625 0.3218750000000001
27 0.434375 0.3312500000000001 0.4015625 0.3312500000000001 0.4015625 0.3859375000000001 0.434375 0.3859375000000001
56 0.20000000000000004 0.3328125 0.16406250000000006 0.3328125 0.16406250000000006 0.390625 0.2000000000000001 0.390625
46 0.6390625 0.45 0.546875 0.45 0.546875 0.50625 0.6390625 0.50625
57 0.22812500000000008 0.4625 0.19062500000000004 0.4625 0.19062500000000004 0.5234375 0.22812500000000008 0.5234375
47 0.440625 0.521875 0.24218750000000008 0.521875 0.24218750000000008 0.590625 0.440625 0.590625
2 0.18125000000000005 0.2734375 0.14375000000000004 0.2734375 0.14375000000000004 0.328125 0.18125000000000005 0.328125
39 0.584375 0.3281250000000001 0.5515625 0.3281250000000001 0.5515625 0.3812500000000001 0.584375 0.3812500000000001
5 0.3 0.2734375 0.265625 0.2734375 0.265625 0.3265625 0.3 0.3265625
42 0.27968750000000003 0.3328125 0.2453125 0.3328125 0.24531250000000004 0.3890625 0.2796875000000001 0.3890625
37 0.521875 0.3906250000000001 0.4890625 0.3906250000000001 0.4890625 0.4453125 0.521875 0.4453125
6 0.3375 0.271875 0.303125 0.271875 0.303125 0.3265625 0.3375 0.3265625
49 0.10000000000000006 0.5359375 0.06093750000000007 0.5359375 0.06093750000000007 0.603125 0.10000000000000009 0.603125
0 0.4890625 0.27031250000000007 0.45625 0.27031250000000007 0.45625 0.3234375000000001 0.4890625 0.3234375000000001
26 0.5984375 0.38750000000000007 0.5640625 0.38750000000000007 0.5640625 0.44375 0.5984375 0.44375
28 0.4078125 0.3937500000000001 0.3734375000000001 0.3937500000000001 0.3734375000000001 0.45 0.4078125 0.45
54 0.5484375 0.3281250000000001 0.5140625 0.3281250000000001 0.5140625 0.3828125000000001 0.5484375 0.3828125000000001
33 0.4296875 0.4546875 0.3937500000000001 0.4546875 0.3937500000000001 0.5140625 0.4296875 0.5140625
25 0.3687500000000001 0.39375000000000004 0.33281250000000007 0.39375 0.33281250000000007 0.45 0.3687500000000001 0.45
58 0.18593750000000003 0.4640625 0.14843750000000006 0.4640625 0.14843750000000006 0.525 0.18593750000000003 0.525
35 0.3906250000000001 0.45625 0.3531250000000001 0.45625 0.3531250000000001 0.5171875 0.3906250000000001 0.5171875
10 0.16718750000000004 0.4 0.12968750000000004 0.4 0.12968750000000004 0.4578125 0.16718750000000004 0.4578125
53 0.39687500000000003 0.33281250000000007 0.3625 0.3328125 0.36250000000000004 0.38750000000000007 0.3968750000000001 0.38750000000000007
44 0.10156250000000004 0.46875 0.06250000000000007 0.46875 0.06250000000000007 0.5265625 0.10156250000000004 0.5265625
18 0.4671875 0.45625 0.4328125 0.45625 0.4328125 0.5125 0.4671875 0.5125
50 0.5296875 0.5171875 0.49375 0.5171875 0.49375 0.58125 0.5296875 0.58125
8 0.415625 0.27031250000000007 0.38125 0.27031250000000007 0.38125 0.32500000000000007 0.415625 0.32500000000000007
59 0.35781250000000003 0.33125 0.3234375 0.33125 0.32343750000000004 0.3875 0.3578125000000001 0.3875
17 0.09843750000000004 0.2734375 0.07187500000000005 0.2734375 0.07187500000000005 0.328125 0.09843750000000004 0.328125
13 0.2375000000000001 0.5296875 0.18750000000000006 0.5296875 0.18750000000000006 0.596875 0.2375000000000001 0.596875
30 0.8140625 0.21718750000000003 0.04062500000000002 0.2171875 0.04062500000000005 0.6359375 0.8140625 0.6359375000000002
22 0.6359375 0.3234375000000001 0.5890625 0.3234375000000001 0.5890625 0.440625 0.6359375 0.440625
19 0.2484375000000001 0.396875 0.21250000000000008 0.396875 0.21250000000000008 0.4546875 0.2484375000000001 0.4546875
43 0.2078125000000001 0.3984375 0.17187500000000006 0.3984375 0.17187500000000006 0.45625 0.2078125000000001 0.45625
32 0.14375000000000004 0.4640625 0.10625000000000004 0.4640625 0.10625000000000004 0.5265625 0.14375000000000004 0.5265625
9 0.4515625 0.27031250000000007 0.41875 0.27031250000000007 0.41875 0.3234375000000001 0.4515625 0.3234375000000001
16 0.2687500000000001 0.4609375 0.2312500000000001 0.4609375 0.2312500000000001 0.521875 0.2687500000000001 0.521875
36 0.4734375 0.3296875000000001 0.4390625 0.3296875000000001 0.4390625 0.3859375000000001 0.4734375 0.3859375000000001
29 0.446875 0.3921875000000001 0.4125 0.3921875000000001 0.4125 0.4484375 0.446875 0.4484375
21 0.24062500000000003 0.3328125 0.2046875 0.3328125 0.20468750000000005 0.3890625 0.2406250000000001 0.3890625
20 0.6265625 0.2671875000000001 0.5671875 0.2671875000000001 0.5671875 0.3203125000000001 0.6265625 0.3203125000000001
12 0.5609375 0.38750000000000007 0.5265625 0.38750000000000007 0.5265625 0.4453125 0.5609375 0.4453125
24 0.3281250000000001 0.3953125 0.29375000000000007 0.3953125 0.29375000000000007 0.4515625 0.3281250000000001 0.4515625
23 0.2890625000000001 0.3953125 0.2531250000000001 0.3953125 0.2531250000000001 0.453125 0.2890625000000001 0.453125