52 0.3859375 4.506317518737526e-17 0.35 4.286263797015736e-17 0.35 0.06562500000000004 0.3859375 0.06562500000000004
4 0.425 0.2062500000000001 0.390625 0.2062500000000001 0.390625 0.2531250000000001 0.425 0.2531250000000001
0 0.4265625 0.5234375 0.3921875000000001 0.5234375 0.3921875000000001 0.5703125 0.4265625 0.5703125
47 0.26562500000000006 0.2171875 0.225 0.2171875 0.22500000000000003 0.5046875 0.2656250000000001 0.5046875
26 0.38750000000000007 0.7109375 0.3531250000000001 0.7109375 0.3531250000000001 0.7671875 0.38750000000000007 0.7671875
33 0.3062500000000001 0.43125 0.27031250000000007 0.43125 0.27031250000000007 0.48125 0.3062500000000001 0.48125
29 0.3468750000000001 0.4578125 0.3109375000000001 0.4578125 0.3109375000000001 0.5046875 0.3468750000000001 0.5046875
38 0.38750000000000007 0.5515625 0.3515625000000001 0.5515625 0.3515625000000001 0.5984375 0.38750000000000007 0.5984375
12 0.3468750000000001 0.6171875 0.3109375000000001 0.6171875 0.3109375000000001 0.665625 0.3468750000000001 0.665625
46 0.30937500000000007 0.6453125 0.2718750000000001 0.6453125 0.2718750000000001 0.76875 0.30937500000000007 0.76875
48 0.4265625 0.5765625 0.3921875000000001 0.5765625 0.3921875000000001 0.6234375 0.4265625 0.6234375
30 0.4671875000000001 4.133182947122317e-17 0.2078125 2.5449691294780934e-17 0.20781250000000004 0.99375 0.4671875000000002 0.99375
27 0.38750000000000007 0.4453125 0.3515625000000001 0.4453125 0.3515625000000001 0.4921875 0.38750000000000007 0.4921875
10 0.3453125 0.08281250000000004 0.3078125 0.08281250000000004 0.3078125 0.13125000000000003 0.3453125 0.13125000000000003
22 0.34843750000000007 0.6734375 0.3125000000000001 0.6734375 0.3125000000000001 0.7703125 0.34843750000000007 0.7703125
37 0.3468750000000001 0.565625 0.3109375000000001 0.565625 0.3109375000000001 0.6125 0.3468750000000001 0.6125
20 0.4281250000000001 0.6828125 0.3937500000000001 0.6828125 0.3937500000000001 0.765625 0.4281250000000002 0.765625
32 0.2656250000000001 0.5625 0.22656250000000008 0.5625 0.22656250000000008 0.6125 0.2656250000000001 0.6125
43 0.3453125 0.13750000000000004 0.309375 0.13750000000000004 0.309375 0.18593750000000003 0.3453125 0.18593750000000003
39 0.3890625000000001 0.65625 0.3531250000000001 0.65625 0.3531250000000001 0.703125 0.3890625000000001 0.703125
21 0.3875 0.17812500000000003 0.35 0.17812500000000003 0.35 0.22656250000000006 0.3875 0.22656250000000008
49 0.2625 0.0015625000000000296 0.2234375 0.001562500000000027 0.2234375 0.051562500000000025 0.2625 0.051562500000000025
19 0.3453125 0.19218750000000004 0.309375 0.19218750000000004 0.309375 0.2390625 0.3453125 0.2390625
16 0.30625 0.2171875 0.26875 0.2171875 0.26875 0.265625 0.30625 0.265625
5 0.425 0.2593750000000001 0.390625 0.2593750000000001 0.390625 0.3078125000000001 0.425 0.3078125000000001
59 0.38750000000000007 0.33906250000000004 0.3515625 0.3390625 0.35156250000000006 0.38593750000000004 0.38750000000000007 0.3859375000000001
54 0.38750000000000007 0.6046875 0.3515625000000001 0.6046875 0.3515625000000001 0.6515625 0.38750000000000007 0.6515625
41 0.3859375 0.07187500000000005 0.3484375 0.07187500000000005 0.3484375 0.12031250000000004 0.3859375 0.12031250000000004
45 0.3453125 3.9992372034655755e-17 0.3078125 3.769615928625447e-17 0.3078125 0.07812500000000004 0.3453125 0.07812500000000004
17 0.425 0.00156250000000005 0.390625 0.0015625000000000478 0.390625 0.03906250000000005 0.425 0.039062500000000056
28 0.3468750000000001 0.40625 0.3109375000000001 0.40625 0.3109375000000001 0.453125 0.3468750000000001 0.453125
51 0.3875 0.28750000000000003 0.3515625 0.2875 0.3515625 0.33437500000000003 0.3875 0.3343750000000001
15 0.30625 0.325 0.2703125 0.325 0.27031250000000007 0.375 0.3062500000000001 0.375
53 0.38750000000000007 0.3921875 0.3515625000000001 0.3921875 0.3515625000000001 0.440625 0.38750000000000007 0.440625
9 0.425 0.471875 0.3906250000000001 0.471875 0.3906250000000001 0.51875 0.425 0.51875
14 0.2671875000000001 0.509375 0.22812500000000008 0.509375 0.22812500000000008 0.559375 0.2671875000000001 0.559375
1 0.4265625 0.04531250000000005 0.390625 0.04531250000000005 0.390625 0.09375000000000004 0.4265625 0.09375000000000004
34 0.3062500000000001 0.5921875 0.2718750000000001 0.5921875 0.2718750000000001 0.640625 0.3062500000000001 0.640625
23 0.3453125 0.2453125 0.3109375 0.2453125 0.3109375 0.2921875 0.3453125 0.2921875
25 0.34687500000000004 0.353125 0.3109375 0.353125 0.31093750000000003 0.4 0.3468750000000001 0.4
57 0.30625 0.16406250000000006 0.2703125 0.16406250000000006 0.2703125 0.2109375 0.30625 0.2109375
35 0.3062500000000001 0.3796875 0.27031250000000007 0.3796875 0.27031250000000007 0.428125 0.3062500000000001 0.428125
18 0.3062500000000001 0.4859375 0.27031250000000007 0.4859375 0.27031250000000007 0.5328125 0.3062500000000001 0.5328125
58 0.3046875 0.10937500000000004 0.26875 0.10937500000000004 0.26875 0.15781250000000005 0.3046875 0.15781250000000005
13 0.2640625 0.16250000000000003 0.225 0.16250000000000003 0.225 0.2109375 0.2640625 0.2109375
36 0.38750000000000007 0.4984375 0.3515625000000001 0.4984375 0.3515625000000001 0.546875 0.38750000000000007 0.546875
11 0.4265625 0.6296875 0.3921875000000001 0.6296875 0.3921875000000001 0.6765625 0.4265625 0.6765625
6 0.425 0.3125000000000001 0.390625 0.3125000000000001 0.390625 0.3609375000000001 0.425 0.3609375000000001
7 0.425 0.3656250000000001 0.3906250000000001 0.3656250000000001 0.3906250000000001 0.4140625 0.425 0.4140625
24 0.346875 0.3 0.3109375 0.3 0.3109375 0.346875 0.346875 0.346875
3 0.4265625 0.15156250000000004 0.390625 0.15156250000000004 0.390625 0.2000000000000001 0.4265625 0.2000000000000001
42 0.3875 0.23281250000000003 0.35 0.2328125 0.35 0.27968750000000003 0.3875 0.2796875000000001
8 0.425 0.4171875 0.3906250000000001 0.4171875 0.3906250000000001 0.465625 0.425 0.465625
56 0.3875 0.12500000000000006 0.35 0.12500000000000006 0.35 0.17343750000000005 0.3875 0.17343750000000005
44 0.3046875 3.501724441311963e-17 0.2671875 3.2721031664718344e-17 0.2671875 0.10468750000000004 0.3046875 0.10468750000000004
2 0.4265625 0.09843750000000004 0.390625 0.09843750000000004 0.390625 0.14687500000000003 0.4265625 0.14687500000000003
55 0.30625 0.271875 0.2703125 0.271875 0.2703125 0.3203125 0.30625 0.3203125
40 0.3062500000000001 0.5390625 0.2718750000000001 0.5390625 0.2718750000000001 0.5859375 0.3062500000000001 0.5859375
31 0.3468750000000001 0.5125 0.3109375000000001 0.5125 0.3109375000000001 0.559375 0.3468750000000001 0.559375