30 1 0.15625000000000006 0.08750000000000002 0.15625 0.08750000000000005 0.6265625000000001 1 0.6265625000000001
17 0.9953125 0.21875000000000008 0.9375 0.21875000000000008 0.9375 0.2890625000000001 0.9953125 0.2890625000000001
34 0.30937500000000007 0.4453125 0.2515625000000001 0.4453125 0.2515625000000001 0.5140625 0.30937500000000007 0.5140625
42 0.73125 0.29375000000000007 0.675 0.29375000000000007 0.675 0.3625000000000001 0.73125 0.3625000000000001
18 0.434375 0.4453125 0.3765625000000001 0.4453125 0.3765625000000001 0.5140625 0.434375 0.5140625
47 0.7515625 0.5250000000000001 0.4390625 0.525 0.4390625 0.6062500000000001 0.7515625 0.6062500000000002
33 0.4984375 0.446875 0.4390625 0.446875 0.4390625 0.5171875 0.4984375 0.5171875
48 0.315625 0.21875 0.259375 0.21875 0.259375 0.284375 0.315625 0.284375
44 1 0.44531250000000017 0.8828125 0.44531250000000017 0.8828125 0.5156250000000002 1 0.5156250000000002
35 0.5609375 0.446875 0.5015625 0.446875 0.5015625 0.51875 0.5609375 0.51875
43 0.84375 0.3703125000000001 0.7859375 0.3703125000000001 0.7859375 0.4390625000000002 0.84375 0.4390625000000002
7 0.5609375 0.21875000000000008 0.5046875 0.21875000000000008 0.5046875 0.2843750000000001 0.5609375 0.2843750000000001
36 0.4203125 0.29375000000000007 0.3640625 0.29375000000000007 0.3640625 0.3625000000000001 0.4203125 0.3625000000000001
20 0.19218750000000004 0.21875 0.12031250000000004 0.21875 0.12031250000000004 0.284375 0.19218750000000004 0.284375
1 0.934375 0.22031250000000008 0.878125 0.22031250000000008 0.878125 0.28593750000000007 0.934375 0.28593750000000007
9 0.4390625 0.22031250000000008 0.3828125 0.22031250000000008 0.3828125 0.28593750000000007 0.4390625 0.28593750000000007
52 1 0.29375000000000007 0.925 0.29375000000000007 0.925 0.3625000000000001 1 0.3625000000000001
28 0.528125 0.3703125000000001 0.471875 0.3703125000000001 0.471875 0.4390625 0.528125 0.4390625
4 0.7484375 0.21875000000000008 0.6921875 0.21875000000000008 0.6921875 0.2843750000000001 0.7484375 0.2843750000000001
57 0.8140625 0.4468750000000002 0.75625 0.4468750000000002 0.75625 0.5171875000000001 0.8140625 0.5171875000000001
8 0.5 0.22031250000000008 0.44375 0.22031250000000008 0.44375 0.28593750000000007 0.5 0.28593750000000007
54 0.2953125 0.2921875 0.2390625 0.2921875 0.2390625 0.3609375 0.2953125 0.3609375
53 0.54375 0.29375000000000007 0.4875 0.29375000000000007 0.4875 0.3625000000000001 0.54375 0.3625000000000001
27 0.4828125 0.29375000000000007 0.4265625 0.29375000000000007 0.4265625 0.3593750000000001 0.4828125 0.3593750000000001
12 0.27812500000000007 0.36875 0.2218750000000001 0.36875 0.2218750000000001 0.4375 0.27812500000000007 0.4375
40 0.37187500000000007 0.4453125 0.3125000000000001 0.4453125 0.3125000000000001 0.5140625 0.37187500000000007 0.5140625
29 0.465625 0.3687500000000001 0.409375 0.3687500000000001 0.409375 0.4375 0.465625 0.4375
38 0.3578125 0.29375 0.3015625 0.29375 0.3015625 0.359375 0.3578125 0.359375
46 0.2453125000000001 0.4453125 0.10937500000000004 0.4453125 0.10937500000000004 0.515625 0.2453125000000001 0.515625
56 0.85625 0.29375000000000007 0.8 0.29375000000000007 0.8 0.3625000000000001 0.85625 0.3625000000000001
39 0.234375 0.2921875 0.17812500000000003 0.2921875 0.17812500000000003 0.3609375 0.234375 0.3609375
31 0.403125 0.36875 0.34843750000000007 0.36875 0.34843750000000007 0.4375 0.403125 0.4375
51 0.66875 0.29375000000000007 0.6140625 0.29375000000000007 0.6140625 0.3593750000000001 0.66875 0.3593750000000001
59 0.6078125 0.29375000000000007 0.55 0.29375000000000007 0.55 0.3625000000000001 0.6078125 0.3625000000000001
37 0.34062500000000007 0.3703125 0.2843750000000001 0.3703125 0.2843750000000001 0.4390625 0.34062500000000007 0.4390625
23 0.7171875 0.3687500000000001 0.6609375 0.3687500000000001 0.6609375 0.4375 0.7171875 0.4375
3 0.8109375 0.22031250000000008 0.7546875 0.22031250000000008 0.7546875 0.28593750000000007 0.8109375 0.28593750000000007
25 0.5921875 0.3703125000000001 0.534375 0.3703125000000001 0.534375 0.4390625 0.5921875 0.4390625
41 0.9203125 0.29375000000000007 0.8609375 0.29375000000000007 0.8609375 0.3625000000000001 0.9203125 0.3625000000000001
26 0.17187500000000006 0.29375 0.11562500000000005 0.29375 0.11562500000000005 0.359375 0.17187500000000006 0.359375
2 0.871875 0.21875000000000008 0.815625 0.21875000000000008 0.815625 0.2843750000000001 0.871875 0.2843750000000001
55 0.6875 0.446875 0.628125 0.446875 0.628125 0.5171875 0.6875 0.5171875
5 0.6859375 0.22031250000000008 0.6296875 0.22031250000000008 0.6296875 0.28593750000000007 0.6859375 0.28593750000000007
32 0.3687500000000001 0.525 0.30937500000000007 0.525 0.30937500000000007 0.6078125 0.3687500000000001 0.6078125
21 0.7953125 0.29375000000000007 0.7375 0.29375000000000007 0.7375 0.3625000000000001 0.7953125 0.3625000000000001
16 0.7515625 0.4468750000000001 0.6921875 0.446875 0.6921875 0.5171875000000001 0.7515625 0.5171875000000001
10 0.9078125 0.3703125000000001 0.8484375 0.3703125000000001 0.8484375 0.4390625000000002 0.9078125 0.4390625000000002
49 1 0.5250000000000001 0.946875 0.5250000000000001 0.946875 0.6062500000000002 1 0.6062500000000002
15 0.625 0.446875 0.565625 0.446875 0.565625 0.515625 0.625 0.515625
45 1 0.3703125000000001 0.9125 0.3703125000000001 0.9125 0.4390625000000002 1 0.4390625000000002
0 0.3765625 0.21875000000000006 0.3203125 0.21875 0.3203125 0.28437500000000004 0.3765625 0.2843750000000001
13 0.815625 0.5265625000000002 0.75625 0.5265625000000002 0.75625 0.6062500000000002 0.815625 0.6062500000000002
14 0.4328125 0.5265625 0.3734375000000001 0.5265625 0.3734375000000001 0.6046875 0.4328125 0.6046875
22 0.2156250000000001 0.3671875 0.11093750000000005 0.3671875 0.11093750000000005 0.4375 0.2156250000000001 0.4375
24 0.65625 0.3703125000000001 0.5984375 0.3703125000000001 0.5984375 0.4390625 0.65625 0.4390625
58 0.878125 0.4468750000000002 0.8203125 0.4468750000000002 0.8203125 0.5171875000000001 0.878125 0.5171875000000001
19 0.78125 0.3703125000000001 0.725 0.3703125000000001 0.725 0.4390625000000001 0.78125 0.4390625000000002
11 0.2546875 0.21875 0.19843750000000004 0.21875 0.19843750000000004 0.284375 0.2546875 0.284375
6 0.6234375 0.21875000000000008 0.5671875 0.21875000000000008 0.5671875 0.2843750000000001 0.6234375 0.2843750000000001