12 0.5875000000000001 0.7296875 0.5234375000000002 0.7296875 0.5234375000000002 0.7828125 0.5875000000000001 0.7828125
8 0.7234375 0.515625 0.6625 0.515625 0.6625 0.565625 0.7234375 0.565625
34 0.5156250000000001 0.7015625 0.453125 0.7015625 0.4531250000000001 0.7546875 0.5156250000000002 0.7546875
47 0.4453125 0.3234375000000001 0.3734375 0.3234375000000001 0.37343750000000003 0.634375 0.4453125 0.634375
42 0.6546875 0.31718750000000007 0.5921875 0.31718750000000007 0.5921875 0.3671875000000001 0.6546875 0.3671875000000001
21 0.6546875 0.2593750000000001 0.5921875 0.2593750000000001 0.5921875 0.3109375000000001 0.6546875 0.3109375000000001
9 0.721875 0.571875 0.6625 0.571875 0.6625 0.621875 0.721875 0.621875
17 0.721875 0.07656250000000009 0.6625 0.07656250000000009 0.6625 0.11718750000000008 0.721875 0.11718750000000008
48 0.7234375000000001 0.6828125 0.6640625 0.6828125 0.6640625000000001 0.734375 0.7234375000000002 0.734375
44 0.5171875 0.06562500000000006 0.4515625 0.06562500000000004 0.4515625 0.17812500000000003 0.5171875 0.17812500000000003
56 0.65625 0.20312500000000008 0.59375 0.20312500000000008 0.59375 0.25468750000000007 0.65625 0.25468750000000007
1 0.7234375 0.12343750000000009 0.6625 0.12343750000000009 0.6625 0.17343750000000008 0.7234375 0.17343750000000008
59 0.6546875 0.4296875 0.5921875 0.4296875 0.5921875 0.48125 0.6546875 0.48125
5 0.721875 0.3468750000000001 0.6625 0.3468750000000001 0.6625 0.3968750000000001 0.721875 0.3968750000000001
58 0.5140625 0.18281250000000004 0.4515625 0.18281250000000004 0.4515625 0.23593750000000008 0.5140625 0.23593750000000008
30 0.7921875 0.04062500000000007 0.3484375 0.04062500000000004 0.34843750000000007 0.978125 0.7921875000000002 0.978125
46 0.5187500000000002 0.759375 0.45312500000000017 0.759375 0.45312500000000017 0.896875 0.5187500000000002 0.896875
3 0.7234375 0.23437500000000008 0.6625 0.23437500000000008 0.6625 0.2843750000000001 0.7234375 0.2843750000000001
52 0.65625 0.07187500000000008 0.59375 0.07187500000000006 0.59375 0.14062500000000008 0.65625 0.14062500000000008
28 0.5875 0.5015625 0.521875 0.5015625 0.521875 0.5515625 0.5875 0.5515625
6 0.7234375 0.403125 0.6625 0.403125 0.6625 0.453125 0.7234375 0.453125
49 0.44375 0.057812500000000044 0.3734375 0.057812500000000044 0.3734375 0.11718750000000004 0.44375 0.11718750000000004
41 0.6546875 0.1468750000000001 0.5921875 0.1468750000000001 0.5921875 0.2000000000000001 0.6546875 0.2000000000000001
0 0.7234375 0.6265625 0.6640625 0.6265625 0.6640625 0.678125 0.7234375 0.678125
16 0.515625 0.2984375000000001 0.45 0.2984375000000001 0.45 0.3515625000000001 0.515625 0.3515625000000001
24 0.5859375 0.3859375000000001 0.521875 0.3859375000000001 0.521875 0.4375 0.5859375 0.4375
54 0.6562500000000001 0.7140625 0.59375 0.7140625 0.5937500000000001 0.765625 0.6562500000000002 0.765625
38 0.65625 0.65625 0.59375 0.65625 0.59375 0.7078125 0.65625 0.7078125
25 0.5859375 0.44375 0.521875 0.44375 0.521875 0.4953125 0.5859375 0.4953125
29 0.5875 0.5578125 0.521875 0.5578125 0.521875 0.609375 0.5875 0.609375
40 0.515625 0.64375 0.453125 0.64375 0.453125 0.696875 0.515625 0.696875
4 0.721875 0.2906250000000001 0.6625 0.2906250000000001 0.6625 0.34062500000000007 0.721875 0.34062500000000007
36 0.6578125 0.6 0.59375 0.6 0.59375 0.6515625 0.6578125 0.6515625
14 0.4453125 0.640625 0.3750000000000001 0.640625 0.3750000000000001 0.725 0.4453125 0.725
11 0.7250000000000002 0.740625 0.6640625000000002 0.740625 0.6640625000000002 0.790625 0.7250000000000002 0.790625
33 0.5171875 0.528125 0.4515625 0.528125 0.4515625 0.58125 0.5171875 0.58125
26 0.6562500000000002 0.828125 0.5937500000000002 0.828125 0.5937500000000002 0.89375 0.6562500000000002 0.89375
39 0.6578125000000001 0.7703125 0.5953125000000001 0.7703125 0.5953125000000001 0.821875 0.6578125000000001 0.821875
18 0.5171875 0.5859375 0.453125 0.5859375 0.453125 0.6375 0.5171875 0.6375
13 0.44375 0.2375000000000001 0.3734375 0.2375000000000001 0.3734375 0.3203125000000001 0.44375 0.3203125000000001
2 0.721875 0.17968750000000008 0.6625 0.17968750000000008 0.6625 0.2296875000000001 0.721875 0.2296875000000001
10 0.5859375 0.15625000000000006 0.5234375 0.15625000000000006 0.5234375 0.2093750000000001 0.5859375 0.2093750000000001
35 0.5171875 0.4703125 0.4515625 0.4703125 0.4515625 0.5234375 0.5171875 0.5234375
23 0.5859375 0.3296875000000001 0.521875 0.3296875000000001 0.521875 0.37968750000000007 0.5859375 0.37968750000000007
27 0.6578125 0.5421875 0.5953125 0.5421875 0.5953125 0.59375 0.6578125 0.59375
53 0.65625 0.4859375 0.5921875 0.4859375 0.5921875 0.5390625 0.65625 0.5390625
22 0.5890625000000002 0.7875 0.5250000000000001 0.7875 0.5250000000000001 0.8953125 0.5890625000000002 0.8953125
19 0.5859375 0.2718750000000001 0.521875 0.2718750000000001 0.521875 0.3234375000000001 0.5859375 0.3234375000000001
57 0.515625 0.2406250000000001 0.4515625 0.2406250000000001 0.4515625 0.29375000000000007 0.515625 0.29375000000000007
31 0.5875 0.6140625 0.5234375 0.6140625 0.5234375 0.665625 0.5875 0.665625
20 0.7250000000000002 0.796875 0.6640625000000002 0.796875 0.6640625000000002 0.8875 0.7250000000000002 0.8875
55 0.515625 0.35625000000000007 0.45 0.35625000000000007 0.45 0.409375 0.515625 0.409375
51 0.65625 0.3734375000000001 0.59375 0.3734375000000001 0.59375 0.4234375 0.65625 0.4234375
7 0.721875 0.459375 0.6625 0.459375 0.6625 0.509375 0.721875 0.509375
43 0.584375 0.2156250000000001 0.521875 0.2156250000000001 0.521875 0.2671875000000001 0.584375 0.2671875000000001
15 0.515625 0.4140625 0.45 0.4140625 0.45 0.4671875 0.515625 0.4671875
37 0.5875 0.671875 0.521875 0.671875 0.521875 0.725 0.5875 0.725
45 0.5859375 0.06718750000000007 0.5234375 0.06718750000000007 0.5234375 0.15156250000000007 0.5859375 0.1515625000000001