12 0.45625 0.2515625000000001 0.396875 0.2515625000000001 0.396875 0.3000000000000001 0.45625 0.3000000000000001
8 0.3296875000000001 0.45 0.2734375000000001 0.45 0.2734375000000001 0.496875 0.3296875000000001 0.496875
34 0.5203125 0.2765625000000001 0.4640625 0.2765625000000001 0.4640625 0.32500000000000007 0.5203125 0.32500000000000007
47 0.59375 0.38750000000000007 0.528125 0.38750000000000007 0.528125 0.671875 0.59375 0.671875
42 0.3937500000000001 0.6328125 0.3359375000000001 0.6328125 0.3359375000000001 0.6796875 0.3937500000000001 0.6796875
21 0.3921875000000001 0.684375 0.3343750000000001 0.684375 0.3343750000000001 0.73125 0.3921875000000001 0.73125
9 0.3296875000000001 0.3984375 0.2734375000000001 0.3984375 0.2734375000000001 0.4453125 0.3296875000000001 0.4453125
17 0.3296875000000001 0.8609375 0.2734375000000001 0.8609375 0.2734375000000001 0.8984375 0.3296875000000001 0.8984375
48 0.328125 0.2953125 0.271875 0.2953125 0.271875 0.3421875 0.328125 0.3421875
44 0.5218750000000002 0.80625 0.4625000000000002 0.80625 0.4625000000000002 0.909375 0.5218750000000002 0.909375
56 0.3921875000000001 0.7359375 0.3343750000000001 0.7359375 0.3343750000000001 0.7828125 0.3921875000000001 0.7828125
1 0.3296875000000001 0.8109375 0.2734375000000001 0.8109375 0.2734375000000001 0.85625 0.3296875000000001 0.85625
59 0.3921875000000001 0.528125 0.3343750000000001 0.528125 0.3343750000000001 0.575 0.3921875000000001 0.575
5 0.3296875000000001 0.60625 0.2734375000000001 0.60625 0.2734375000000001 0.6515625 0.3296875000000001 0.6515625
58 0.5218750000000002 0.753125 0.46406250000000016 0.753125 0.46406250000000016 0.8015625 0.5218750000000002 0.8015625
30 0.6171875000000001 0.07187500000000005 0.209375 0.07187500000000002 0.20937500000000003 0.93125 0.6171875000000002 0.93125
46 0.5203125 0.14531250000000004 0.4609375 0.14531250000000004 0.4609375 0.2718750000000001 0.5203125 0.2718750000000001
3 0.3296875000000001 0.7078125 0.2734375000000001 0.7078125 0.2734375000000001 0.7546875 0.3296875000000001 0.7546875
52 0.3906250000000001 0.8390625 0.3343750000000001 0.8390625 0.3343750000000001 0.903125 0.3906250000000001 0.903125
28 0.4578125 0.4625 0.3984375000000001 0.4625 0.3984375000000001 0.509375 0.4578125 0.509375
6 0.3296875000000001 0.553125 0.2734375000000001 0.553125 0.2734375000000001 0.6 0.3296875000000001 0.6
49 0.5937500000000002 0.8625 0.5281250000000002 0.8625 0.5281250000000002 0.915625 0.5937500000000002 0.915625
41 0.3937500000000001 0.7859375 0.3359375000000001 0.7859375 0.3359375000000001 0.8359375 0.3937500000000001 0.8359375
0 0.32812500000000006 0.346875 0.271875 0.346875 0.27187500000000003 0.39375 0.3281250000000001 0.39375
16 0.5234375 0.646875 0.4625 0.646875 0.4625 0.696875 0.5234375 0.696875
24 0.4578125 0.5671875 0.3984375000000001 0.5671875 0.3984375000000001 0.6140625 0.4578125 0.6140625
54 0.3921875 0.2671875 0.334375 0.2671875 0.334375 0.3140625 0.3921875 0.3140625000000001
38 0.3921875 0.32031250000000006 0.334375 0.3203125 0.33437500000000003 0.36718750000000006 0.3921875000000001 0.3671875000000001
25 0.4578125 0.515625 0.3984375000000001 0.515625 0.3984375000000001 0.5625 0.4578125 0.5625
29 0.4578125 0.4109375 0.3984375000000001 0.4109375 0.3984375000000001 0.4578125 0.4578125 0.4578125
40 0.5203125 0.3296875000000001 0.4640625 0.3296875000000001 0.4640625 0.3781250000000001 0.5203125 0.3781250000000001
4 0.3296875000000001 0.65625 0.2734375000000001 0.65625 0.2734375000000001 0.7015625 0.3296875000000001 0.7015625
36 0.3921875000000001 0.37187500000000007 0.33281250000000007 0.371875 0.33281250000000007 0.41875 0.3921875000000001 0.41875
14 0.59375 0.3046875000000001 0.528125 0.3046875000000001 0.528125 0.3812500000000001 0.59375 0.3812500000000001
11 0.328125 0.24375 0.271875 0.24375 0.271875 0.290625 0.328125 0.290625
33 0.521875 0.4359375 0.4625 0.4359375 0.4625 0.4859375 0.521875 0.4859375
26 0.390625 0.15000000000000005 0.334375 0.15000000000000005 0.334375 0.20937500000000003 0.390625 0.2093750000000001
39 0.390625 0.21562500000000004 0.3328125 0.215625 0.3328125 0.26250000000000007 0.390625 0.26250000000000007
18 0.521875 0.3843750000000001 0.4625 0.3843750000000001 0.4625 0.43125 0.521875 0.43125
13 0.5937500000000001 0.6765625 0.528125 0.6765625 0.5281250000000001 0.7515625 0.5937500000000002 0.7515625
2 0.3296875000000001 0.7578125 0.2734375000000001 0.7578125 0.2734375000000001 0.8046875 0.3296875000000001 0.8046875
10 0.45625000000000016 0.7765625 0.3984375000000001 0.7765625 0.3984375000000001 0.825 0.45625000000000016 0.825
35 0.521875 0.4875 0.4625 0.4875 0.4625 0.5375 0.521875 0.5375
23 0.4578125 0.6203125 0.3984375000000001 0.6203125 0.3984375000000001 0.6671875 0.4578125 0.6671875
27 0.3906250000000001 0.425 0.33281250000000007 0.425 0.33281250000000007 0.471875 0.3906250000000001 0.471875
53 0.3937500000000001 0.475 0.3343750000000001 0.475 0.3343750000000001 0.5234375 0.3937500000000001 0.5234375
22 0.4546875 0.14843750000000006 0.3953125 0.14843750000000006 0.3953125 0.2484375000000001 0.4546875 0.2484375000000001
19 0.4578125 0.6734375 0.3984375000000001 0.6734375 0.3984375000000001 0.7203125 0.4578125 0.7203125
57 0.5234375000000001 0.7 0.4640625 0.7 0.4640625000000001 0.7484375 0.5234375000000002 0.7484375
31 0.45625 0.3593750000000001 0.396875 0.3593750000000001 0.39687500000000003 0.40625 0.45625 0.40625
20 0.3265625 0.15625000000000006 0.2703125 0.15625000000000006 0.2703125 0.2375 0.3265625 0.2375
55 0.521875 0.59375 0.4625 0.59375 0.4625 0.6421875 0.521875 0.6421875
51 0.3921875000000001 0.58125 0.3343750000000001 0.58125 0.3343750000000001 0.6265625 0.3921875000000001 0.6265625
7 0.3296875000000001 0.5015625 0.2734375000000001 0.5015625 0.2734375000000001 0.546875 0.3296875000000001 0.546875
43 0.45781250000000007 0.725 0.4 0.725 0.4000000000000001 0.771875 0.4578125000000002 0.771875
15 0.521875 0.540625 0.4625 0.540625 0.4625 0.590625 0.521875 0.590625
37 0.4578125 0.3046875000000001 0.3984375 0.3046875000000001 0.3984375 0.3531250000000001 0.4578125 0.3531250000000001
45 0.45625000000000016 0.8296875 0.3984375000000001 0.8296875 0.3984375000000001 0.90625 0.45625000000000016 0.90625