19 0.4921875 0.40625 0.39531250000000007 0.40625 0.39531250000000007 0.515625 0.4921875 0.515625
8 0.69375 0.09375000000000008 0.6140625 0.09375000000000007 0.6140625 0.1703125000000001 0.69375 0.1703125000000001
4 0.428125 0.22812500000000005 0.34375 0.228125 0.34375 0.31718750000000007 0.428125 0.31718750000000007
49 0.2921875000000001 0.7765625 0.1312500000000001 0.7765625 0.13125000000000012 0.9875 0.2921875000000001 0.9875
45 0.2375000000000001 0.540625 0.07187500000000006 0.540625 0.07187500000000008 0.7265625 0.2375000000000001 0.7265625
24 0.6359375 0.3234375000000001 0.540625 0.3234375000000001 0.540625 0.4234375 0.6359375 0.4234375
15 0.7171875 0.38750000000000007 0.6140625 0.38750000000000007 0.6140625 0.4921875 0.7171875 0.4921875
51 0.575 0.2515625000000001 0.4875 0.2515625000000001 0.4875 0.3421875000000001 0.575 0.3421875000000001
52 0.18125000000000008 0.4578125 0.04218750000000006 0.4578125 0.042187500000000065 0.6078125 0.18125000000000008 0.6078125
42 0.5046875 0.2906250000000001 0.415625 0.2906250000000001 0.415625 0.3843750000000001 0.5046875 0.3843750000000001
37 0.94375 0.1437500000000001 0.8609375 0.1437500000000001 0.8609375 0.2218750000000001 0.94375 0.2218750000000001
54 0.9359375 0.05468750000000011 0.8578125 0.05468750000000011 0.8578125 0.1265625000000001 0.9359375 0.12656250000000013
3 0.353125 0.2640625 0.26875 0.2640625 0.26875 0.3625 0.353125 0.3625
10 0.3218750000000001 0.4953125 0.2328125000000001 0.4953125 0.2328125000000001 0.615625 0.3218750000000001 0.615625
38 0.88125 0.0843750000000001 0.803125 0.08437500000000009 0.803125 0.15781250000000008 0.88125 0.15781250000000008
47 0.9453125 0.3578125000000001 0.5015625 0.3578125000000001 0.5015625 0.7187500000000001 0.9453125 0.7187500000000002
56 0.34843750000000007 0.371875 0.26250000000000007 0.371875 0.26250000000000007 0.4734375 0.34843750000000007 0.4734375
2 0.27343750000000006 0.303125 0.19218750000000004 0.303125 0.19218750000000004 0.4046875 0.2734375000000001 0.4046875
36 0.828125 0.11562500000000009 0.74375 0.11562500000000009 0.74375 0.1906250000000001 0.828125 0.1906250000000001
14 0.996875 0.3140625000000001 0.8953125 0.3140625000000001 0.8953125 0.4359375000000002 0.996875 0.4359375000000002
33 0.846875 0.3062500000000001 0.7546875 0.3062500000000001 0.7546875 0.4031250000000002 0.846875 0.4031250000000002
39 0.984375 0.03125000000000012 0.9171875 0.03125000000000011 0.9171875 0.09687500000000011 0.984375 0.09687500000000011
27 0.765625 0.1468750000000001 0.6859375 0.1468750000000001 0.6859375 0.2250000000000001 0.765625 0.2250000000000001
34 0.996875 0.19687500000000013 0.9359375 0.19687500000000013 0.9359375 0.2906250000000001 0.996875 0.2906250000000001
21 0.43125 0.3296875 0.340625 0.3296875 0.34062500000000007 0.428125 0.43125 0.428125
57 0.4921875 0.5234375 0.3968750000000001 0.5234375 0.3968750000000001 0.6375 0.4921875 0.6375
5 0.4984375 0.18906250000000005 0.4140625 0.18906250000000005 0.4140625 0.2812500000000001 0.4984375 0.2812500000000001
25 0.7015625 0.2828125000000001 0.6109375 0.2828125000000001 0.6109375 0.3750000000000001 0.7015625 0.3750000000000001
30 0.9984375 0.0015625000000000615 0.003125 0.0015625000000000007 0.003125000000000061 1 0.9984375 1
18 0.9046875 0.2687500000000001 0.8171875 0.2687500000000001 0.8171875 0.3609375000000001 0.9046875 0.3609375000000001
40 0.9625 0.2312500000000001 0.8796875 0.2312500000000001 0.8796875 0.3156250000000001 0.9625 0.3156250000000001
44 0.3187500000000001 0.63125 0.10468750000000009 0.63125 0.10468750000000009 0.828125 0.3187500000000001 0.828125
0 0.809375 0.03437500000000009 0.734375 0.034375000000000086 0.734375 0.1062500000000001 0.809375 0.1062500000000001
1 0.19062500000000004 0.346875 0.11093750000000005 0.346875 0.11093750000000005 0.45 0.19062500000000004 0.45
58 0.403125 0.578125 0.3156250000000001 0.578125 0.3156250000000001 0.690625 0.403125 0.690625
55 0.6453125 0.434375 0.546875 0.434375 0.546875 0.5359375 0.6453125 0.5359375
31 0.8859375 0.1750000000000001 0.803125 0.1750000000000001 0.803125 0.2578125000000001 0.8859375 0.2578125000000001
59 0.6421875 0.2156250000000001 0.5546875 0.2156250000000001 0.5546875 0.3000000000000001 0.6421875 0.3000000000000001
9 0.753125 0.06406250000000009 0.675 0.06406250000000009 0.675 0.1375000000000001 0.753125 0.1375000000000001
12 0.9921875 0.11093750000000013 0.915625 0.11093750000000013 0.915625 0.18437500000000012 0.9921875 0.18437500000000012
53 0.7078125 0.17968750000000008 0.621875 0.17968750000000008 0.621875 0.26250000000000007 0.7078125 0.26250000000000007
29 0.828125 0.2093750000000001 0.7421875 0.2093750000000001 0.7421875 0.2953125000000001 0.828125 0.2953125000000001
41 0.2750000000000001 0.41875 0.17656250000000004 0.41875 0.17656250000000004 0.5296875 0.2750000000000001 0.5296875
17 0.10625000000000004 0.3875 0.01718750000000005 0.3875 0.017187500000000057 0.4984375 0.10625000000000004 0.4984375
13 0.51875 0.6328125 0.3937500000000001 0.6328125 0.3937500000000001 0.796875 0.5187500000000002 0.796875
35 0.784375 0.3453125000000001 0.684375 0.3453125000000001 0.684375 0.4437500000000001 0.784375 0.4437500000000002
7 0.6328125 0.12343750000000009 0.55 0.12343750000000009 0.55 0.2062500000000001 0.6328125 0.2062500000000001
43 0.4109375 0.4515625 0.3156250000000001 0.4515625 0.3156250000000001 0.565625 0.4109375 0.565625
16 0.5765625 0.4765625 0.471875 0.4765625 0.471875 0.590625 0.5765625 0.590625
48 0.8609375 0.009375000000000102 0.7953125 0.009375000000000097 0.7953125 0.0812500000000001 0.8609375 0.08125000000000011
23 0.5640625 0.3625000000000001 0.4703125 0.3625000000000001 0.4703125 0.4640625 0.5640625 0.4640625
28 0.7671875 0.2453125000000001 0.6796875 0.2453125000000001 0.6796875 0.3343750000000001 0.7671875 0.3343750000000001
6 0.56875 0.15781250000000008 0.48125 0.15781250000000005 0.48125 0.24375000000000008 0.56875 0.24375000000000008