32 0.5875 0.61875 0.5328125 0.61875 0.5328125 0.6671875 0.5875 0.6671875
42 0.21875000000000008 0.509375 0.18281250000000004 0.509375 0.18281250000000007 0.55625 0.21875000000000008 0.55625
30 0.8703125 0.36562500000000003 4.4776148593825096e-17 0.365625 6.917340904558878e-17 0.7640625000000001 0.8703125 0.7640625000000002
40 0.45 0.584375 0.4140625 0.584375 0.4140625 0.628125 0.45 0.628125
45 0.06250000000000007 0.575 7.041719095097281e-17 0.575 7.357448348002457e-17 0.6265625 0.06250000000000007 0.6265625
37 0.465625 0.534375 0.4296875 0.534375 0.4296875 0.5765625 0.465625 0.5765625
56 0.13593750000000007 0.521875 0.10312500000000005 0.521875 0.10312500000000006 0.5625 0.1359375000000001 0.5625
17 0.03750000000000006 0.48125 0.007812500000000059 0.48125 0.00781250000000006 0.5234375 0.03750000000000007 0.5234375
28 0.3500000000000001 0.5453125 0.3156250000000001 0.5453125 0.3156250000000001 0.590625 0.3500000000000001 0.590625
44 0.08125000000000007 0.6234375 7.634907388434281e-17 0.6234375 7.960204194457797e-17 0.6765625 0.08125000000000009 0.6765625
2 0.12031250000000004 0.4734375 0.08281250000000007 0.4734375 0.08281250000000007 0.51875 0.12031250000000004 0.51875
11 0.5046875 0.4390625 0.471875 0.4390625 0.471875 0.4796875 0.5046875 0.4796875
52 0.05468750000000007 0.5265625 6.448530801760282e-17 0.5265625 6.745124948428782e-17 0.575 0.05468750000000007 0.575
54 0.490625 0.484375 0.45625 0.484375 0.45625 0.5265625 0.490625 0.5265625
39 0.528125 0.48125 0.49375 0.48125 0.49375 0.5234375 0.528125 0.5234375
24 0.2687500000000001 0.5546875 0.2312500000000001 0.5546875 0.2312500000000001 0.6 0.2687500000000001 0.6
59 0.3000000000000001 0.503125 0.26250000000000007 0.503125 0.26250000000000007 0.546875 0.3000000000000001 0.546875
7 0.31718750000000007 0.4546875 0.2812500000000001 0.4546875 0.2812500000000001 0.496875 0.31718750000000007 0.496875
46 0.58125 0.56875 0.4921875 0.56875 0.4921875 0.6171875 0.58125 0.6171875
23 0.22812500000000008 0.55625 0.1906250000000001 0.55625 0.1906250000000001 0.603125 0.22812500000000008 0.603125
57 0.16562500000000008 0.615625 0.1281250000000001 0.615625 0.1281250000000001 0.6625 0.16562500000000008 0.6625
12 0.503125 0.5296875 0.46875 0.5296875 0.46875 0.5734375 0.503125 0.5734375
22 0.5765625 0.5234375 0.50625 0.5234375 0.50625 0.5671875 0.5765625 0.5671875
48 0.46875 0.4421875 0.434375 0.4421875 0.434375 0.4828125 0.46875 0.4828125
29 0.3890625000000001 0.5421875 0.3531250000000001 0.5421875 0.3531250000000001 0.5875 0.3890625000000001 0.5875
35 0.3312500000000001 0.596875 0.29375000000000007 0.596875 0.29375000000000007 0.6453125 0.3312500000000001 0.6453125
49 0.034375000000000086 0.6828125 8.362041425428021e-17 0.6828125 8.687338231451536e-17 0.7359375 0.034375000000000086 0.7359375
13 0.16406250000000008 0.66875 0.12656250000000008 0.66875 0.12656250000000008 0.7203125 0.16406250000000008 0.7203125
4 0.19843750000000004 0.465625 0.16250000000000003 0.465625 0.16250000000000003 0.509375 0.19843750000000004 0.509375
6 0.27812500000000007 0.4609375 0.24218750000000008 0.4609375 0.24218750000000008 0.503125 0.27812500000000007 0.503125
58 0.12343750000000009 0.61875 0.08437500000000006 0.61875 0.08437500000000007 0.6671875 0.12343750000000009 0.6671875
38 0.453125 0.4890625 0.41875 0.4890625 0.41875 0.53125 0.453125 0.53125
34 0.4890625 0.5796875 0.453125 0.5796875 0.453125 0.6234375 0.4890625 0.6234375
18 0.409375 0.5890625 0.3734375000000001 0.5890625 0.3734375000000001 0.634375 0.409375 0.634375
33 0.3703125000000001 0.5921875 0.3343750000000001 0.5921875 0.3343750000000001 0.6390625 0.3703125000000001 0.6390625
3 0.15937500000000004 0.4671875 0.12343750000000005 0.4671875 0.12343750000000005 0.5140625 0.15937500000000004 0.5140625
36 0.415625 0.49375 0.3812500000000001 0.49375 0.3812500000000001 0.5359375 0.415625 0.5359375
25 0.30937500000000007 0.55 0.2734375000000001 0.55 0.2734375000000001 0.5953125 0.30937500000000007 0.5953125
8 0.3546875000000001 0.453125 0.3203125000000001 0.453125 0.3203125000000001 0.4953125 0.3546875000000001 0.4953125
9 0.3937500000000001 0.4484375 0.3593750000000001 0.4484375 0.3593750000000001 0.4921875 0.3937500000000001 0.4921875
10 0.10312500000000009 0.575 0.06875000000000006 0.575 0.06875000000000006 0.6171875 0.10312500000000009 0.6171875
0 0.43125 0.4453125 0.3968750000000001 0.4453125 0.3968750000000001 0.4875 0.43125 0.4875
31 0.428125 0.5375 0.3921875000000001 0.5375 0.3921875000000001 0.58125 0.428125 0.58125
19 0.1859375000000001 0.565625 0.1515625000000001 0.565625 0.1515625000000001 0.6078125 0.1859375000000001 0.6078125
5 0.2390625000000001 0.4625 0.20312500000000008 0.4625 0.20312500000000008 0.50625 0.2390625000000001 0.50625
53 0.3390625000000001 0.4984375 0.30156250000000007 0.4984375 0.30156250000000007 0.54375 0.3390625000000001 0.54375
47 0.4125 0.640625 0.1687500000000001 0.640625 0.1687500000000001 0.7140625 0.4125 0.7140625
51 0.2593750000000001 0.50625 0.2218750000000001 0.50625 0.2218750000000001 0.55 0.2593750000000001 0.55
26 0.571875 0.478125 0.53125 0.478125 0.53125 0.51875 0.571875 0.51875
21 0.17812500000000006 0.5125 0.13906250000000003 0.5125 0.13906250000000006 0.5609375 0.1781250000000001 0.5609375
15 0.2906250000000001 0.6015625 0.2515625000000001 0.6015625 0.2515625000000001 0.6484375 0.2906250000000001 0.6484375
14 0.453125 0.6328125 0.415625 0.6328125 0.415625 0.6828125 0.453125 0.6828125
16 0.2078125000000001 0.6109375 0.1703125000000001 0.6109375 0.1703125000000001 0.6578125 0.2078125000000001 0.6578125
41 0.09687500000000007 0.521875 0.057812500000000065 0.521875 0.057812500000000065 0.5703125 0.09687500000000007 0.5703125
43 0.1453125000000001 0.5703125 0.11093750000000009 0.5703125 0.11093750000000009 0.6109375 0.1453125000000001 0.6109375
55 0.2484375000000001 0.60625 0.21093750000000008 0.60625 0.21093750000000008 0.653125 0.2484375000000001 0.653125
20 0.5671875 0.4328125 0.5078125 0.4328125 0.5078125 0.475 0.5671875 0.475
1 0.07812500000000007 0.478125 0.04218750000000006 0.478125 0.04218750000000006 0.521875 0.07812500000000007 0.521875
27 0.3781250000000001 0.496875 0.3437500000000001 0.496875 0.3437500000000001 0.5390625 0.3781250000000001 0.5390625