54 0.4609375 0.565625 0.3906250000000001 0.565625 0.3906250000000001 0.596875 0.4609375 0.596875
50 0.73125 0.6500000000000001 0.6515625 0.65 0.6515625 0.70625 0.73125 0.7062500000000002
51 0.459375 0.3203125000000001 0.3875 0.3203125000000001 0.3875 0.3515625000000001 0.459375 0.3515625000000001
14 0.7296875 0.4937500000000001 0.653125 0.49375 0.653125 0.5375000000000001 0.7296875 0.5375000000000002
55 0.6390625 0.3046875000000001 0.5640625 0.3046875000000001 0.5640625 0.3390625000000001 0.6390625 0.3390625000000001
26 0.5484375 0.61875 0.4734375 0.61875 0.4734375 0.65 0.5484375 0.65
30 0.84375 0.03593750000000006 0.1453125 0.035937500000000025 0.14531250000000007 1 0.84375 1
29 0.5484375 0.4546875 0.475 0.4546875 0.475 0.4859375 0.5484375 0.4859375
1 0.375 0.13437500000000005 0.2984375 0.13437500000000005 0.2984375 0.16875000000000004 0.375 0.16875000000000004
38 0.459375 0.525 0.3890625000000001 0.525 0.3890625000000001 0.55625 0.459375 0.55625
15 0.6390625 0.3468750000000001 0.5640625 0.3468750000000001 0.5640625 0.3812500000000001 0.6390625 0.3812500000000001
58 0.64375 0.1750000000000001 0.5640625 0.1750000000000001 0.5640625 0.2093750000000001 0.64375 0.2093750000000001
39 0.4609375 0.60625 0.3890625000000001 0.60625 0.3890625000000001 0.6375 0.4609375 0.6375
57 0.6421875 0.21875000000000008 0.5640625 0.21875000000000008 0.5640625 0.2531250000000001 0.6421875 0.2531250000000001
23 0.5484375 0.28593750000000007 0.475 0.28593750000000007 0.475 0.3187500000000001 0.5484375 0.3187500000000001
45 0.55 0.08281250000000007 0.4734375 0.08281250000000007 0.4734375 0.15000000000000008 0.55 0.15000000000000008
7 0.3750000000000001 0.384375 0.30156250000000007 0.384375 0.30156250000000007 0.415625 0.3750000000000001 0.415625
3 0.375 0.21875000000000006 0.2984375 0.21875 0.2984375 0.25312500000000004 0.375 0.2531250000000001
33 0.6390625 0.4328125 0.5640625 0.4328125 0.5640625 0.4640625 0.6390625 0.4640625
6 0.37500000000000006 0.34375000000000006 0.3 0.34375 0.30000000000000004 0.3765625 0.3750000000000001 0.3765625000000001
9 0.3750000000000001 0.465625 0.30156250000000007 0.465625 0.30156250000000007 0.496875 0.3750000000000001 0.496875
52 0.4609375 0.08906250000000006 0.384375 0.08906250000000004 0.384375 0.14375000000000004 0.4609375 0.14375000000000004
13 0.7359375 0.1921875000000001 0.65625 0.1921875000000001 0.65625 0.2390625000000001 0.7359375 0.2390625000000001
42 0.4609375 0.27812500000000007 0.3859375 0.27812500000000007 0.3859375 0.3109375000000001 0.4609375 0.3109375000000001
24 0.5484375 0.3281250000000001 0.475 0.3281250000000001 0.475 0.3609375000000001 0.5484375 0.3609375000000001
12 0.546875 0.578125 0.475 0.578125 0.475 0.609375 0.546875 0.609375
18 0.6390625 0.4734375 0.5640625 0.4734375 0.5640625 0.5046875 0.6390625 0.5046875
31 0.5484375 0.4953125 0.475 0.4953125 0.475 0.5265625 0.5484375 0.5265625
11 0.3750000000000001 0.5859375 0.3031250000000001 0.5859375 0.3031250000000001 0.6171875 0.3750000000000001 0.6171875
25 0.546875 0.37187500000000007 0.475 0.37187500000000007 0.475 0.403125 0.546875 0.403125
28 0.5484375 0.4125 0.475 0.4125 0.475 0.44375 0.5484375 0.44375
10 0.5515625 0.15937500000000007 0.475 0.15937500000000004 0.475 0.19218750000000007 0.5515625 0.1921875000000001
41 0.4625 0.15156250000000004 0.384375 0.15156250000000004 0.384375 0.18593750000000003 0.4625 0.18593750000000003
16 0.640625 0.2609375000000001 0.565625 0.2609375000000001 0.565625 0.2953125000000001 0.640625 0.2953125000000001
40 0.6390625 0.5140625 0.565625 0.5140625 0.565625 0.546875 0.6390625 0.546875
37 0.55 0.5375 0.475 0.5375 0.475 0.56875 0.55 0.56875
53 0.4609375 0.403125 0.3890625000000001 0.403125 0.3890625000000001 0.434375 0.4609375 0.434375
46 0.6359375 0.5984375 0.5640625 0.5984375 0.5640625 0.7046875 0.6359375 0.7046875
0 0.3765625000000001 0.5046875 0.30156250000000007 0.5046875 0.30156250000000007 0.5359375 0.3765625000000001 0.5359375
49 0.7421875 0.06875000000000009 0.6546875 0.06875000000000009 0.6546875 0.1312500000000001 0.7421875 0.1312500000000001
36 0.459375 0.484375 0.3906250000000001 0.484375 0.3906250000000001 0.515625 0.459375 0.515625
34 0.6375 0.5578125 0.5640625 0.5578125 0.5640625 0.5890625 0.6375 0.5890625
2 0.375 0.17656250000000004 0.2984375 0.17656250000000004 0.2984375 0.21093750000000006 0.375 0.21093750000000008
32 0.64375 0.13281250000000008 0.5625 0.13281250000000008 0.5625 0.1671875000000001 0.64375 0.1671875000000001
22 0.55 0.646875 0.3890625000000001 0.646875 0.3890625000000001 0.7 0.55 0.7
56 0.4609375 0.19531250000000006 0.384375 0.19531250000000006 0.384375 0.22812500000000008 0.4609375 0.22812500000000008
20 0.3750000000000001 0.625 0.3031250000000001 0.625 0.3031250000000001 0.696875 0.3750000000000001 0.696875
35 0.6375 0.3906250000000001 0.565625 0.3906250000000001 0.565625 0.421875 0.6375 0.421875
44 0.64375 0.07812500000000008 0.5640625 0.07812500000000007 0.5640625 0.12500000000000008 0.64375 0.12500000000000008
19 0.5515625 0.24375000000000008 0.4765625 0.24375000000000008 0.4765625 0.2765625000000001 0.5515625 0.2765625000000001
4 0.375 0.26093750000000004 0.2984375 0.2609375 0.2984375 0.29375000000000007 0.375 0.29375000000000007
8 0.3765625000000001 0.425 0.3031250000000001 0.425 0.3031250000000001 0.4578125 0.3765625000000001 0.4578125
5 0.3734375 0.30156250000000007 0.3 0.3015625 0.3 0.33437500000000003 0.3734375 0.3343750000000001
17 0.371875 0.09375000000000004 0.2984375 0.09375000000000004 0.2984375 0.12812500000000004 0.371875 0.12812500000000004
27 0.459375 0.4453125 0.3906250000000001 0.4453125 0.3906250000000001 0.4765625 0.459375 0.4765625
59 0.4609375 0.36406250000000007 0.38750000000000007 0.36406250000000007 0.38750000000000007 0.39531250000000007 0.4609375 0.39531250000000007
47 0.7359375 0.2468750000000001 0.6515625 0.2468750000000001 0.6515625 0.4859375000000001 0.7359375 0.4859375000000002
43 0.55 0.2000000000000001 0.475 0.2000000000000001 0.475 0.23437500000000008 0.55 0.23437500000000008
48 0.3765625000000001 0.5453125 0.3031250000000001 0.5453125 0.3031250000000001 0.5765625 0.3765625000000001 0.5765625
21 0.4609375 0.23593750000000008 0.3859375 0.23593750000000008 0.3859375 0.27031250000000007 0.4609375 0.27031250000000007