23 0.3062500000000001 0.56875 0.2718750000000001 0.56875 0.2718750000000001 0.6171875 0.3062500000000001 0.6171875
57 0.23593750000000008 0.6265625 0.2015625000000001 0.6265625 0.2015625000000001 0.6765625 0.23593750000000008 0.6765625
4 0.2765625000000001 0.453125 0.24218750000000008 0.453125 0.24218750000000008 0.503125 0.2765625000000001 0.503125
43 0.2171875000000001 0.5703125 0.18125000000000008 0.5703125 0.18125000000000008 0.61875 0.2171875000000001 0.61875
37 0.5703125 0.5671875 0.5359375 0.5671875 0.5359375 0.6171875 0.5703125 0.6171875
13 0.2234375000000001 0.6859375 0.17343750000000008 0.6859375 0.17343750000000008 0.740625 0.2234375000000001 0.740625
0 0.5390625 0.453125 0.5015625 0.453125 0.5015625 0.50625 0.5390625 0.50625
17 0.10312500000000005 0.453125 0.06562500000000004 0.453125 0.06562500000000006 0.503125 0.10312500000000005 0.503125
42 0.2968750000000001 0.5109375 0.26250000000000007 0.5109375 0.26250000000000007 0.559375 0.2968750000000001 0.559375
38 0.559375 0.509375 0.525 0.509375 0.525 0.559375 0.559375 0.559375
22 0.715625 0.565625 0.625 0.565625 0.625 0.615625 0.715625 0.615625
29 0.4828125 0.5671875 0.4484375 0.5671875 0.4484375 0.6171875 0.4828125 0.6171875
41 0.16562500000000008 0.5109375 0.12812500000000004 0.5109375 0.12812500000000007 0.5625 0.16562500000000008 0.5625
15 0.37187500000000007 0.625 0.3359375000000001 0.625 0.3359375000000001 0.675 0.37187500000000007 0.675
40 0.5484375 0.625 0.5140625 0.625 0.5140625 0.6765625 0.5484375 0.6765625
7 0.409375 0.4546875 0.3750000000000001 0.4546875 0.3750000000000001 0.5046875 0.409375 0.5046875
54 0.603125 0.5109375 0.5671875 0.5109375 0.5671875 0.5609375 0.603125 0.5609375
55 0.3265625000000001 0.6265625 0.2921875000000001 0.6265625 0.2921875000000001 0.6765625 0.3265625000000001 0.6765625
35 0.415625 0.625 0.3812500000000001 0.625 0.3812500000000001 0.675 0.415625 0.675
58 0.1921875000000001 0.628125 0.15625000000000008 0.628125 0.15625000000000008 0.6765625 0.1921875000000001 0.6765625
18 0.5046875 0.625 0.4703125 0.625 0.4703125 0.678125 0.5046875 0.678125
30 1 0.3453125 0.010937500000000041 0.3453125 0.010937500000000069 0.7953125000000001 1 0.7953125000000002
32 0.7234375000000001 0.684375 0.6578125 0.684375 0.6578125000000001 0.740625 0.7234375000000002 0.740625
27 0.471875 0.5109375 0.4390625 0.5109375 0.4390625 0.559375 0.471875 0.559375
36 0.515625 0.5109375 0.48125 0.5109375 0.48125 0.5609375 0.515625 0.5609375
34 0.59375 0.625 0.559375 0.625 0.559375 0.6765625 0.59375 0.6765625
14 0.5390625000000001 0.6828125 0.490625 0.6828125 0.4906250000000001 0.7359375 0.5390625000000002 0.7359375
11 0.625 0.453125 0.590625 0.453125 0.590625 0.50625 0.625 0.50625
5 0.3218750000000001 0.453125 0.28593750000000007 0.453125 0.28593750000000007 0.503125 0.3218750000000001 0.503125
1 0.14531250000000004 0.4546875 0.11093750000000005 0.4546875 0.11093750000000005 0.5046875 0.14531250000000004 0.5046875
31 0.5265625 0.5671875 0.4921875 0.5671875 0.4921875 0.6171875 0.5265625 0.6171875
33 0.4609375 0.625 0.4265625 0.625 0.4265625 0.6765625 0.4609375 0.6765625
9 0.4953125 0.453125 0.4609375 0.453125 0.4609375 0.50625 0.4953125 0.50625
20 0.7125 0.4515625 0.634375 0.4515625 0.634375 0.5015625 0.7125 0.5015625
28 0.4375 0.5671875 0.4046875 0.5671875 0.4046875 0.6171875 0.4375 0.6171875
39 0.6484375 0.509375 0.6109375 0.509375 0.6109375 0.5625 0.6484375 0.5625
56 0.2078125000000001 0.5109375 0.17343750000000005 0.5109375 0.17343750000000008 0.5609375 0.2078125000000001 0.5609375
47 0.4843750000000001 0.684375 0.2312500000000001 0.684375 0.2312500000000001 0.740625 0.48437500000000017 0.740625
16 0.2812500000000001 0.6265625 0.2453125000000001 0.6265625 0.2453125000000001 0.6765625 0.2812500000000001 0.6765625
48 0.5828125 0.4546875 0.5453125 0.4546875 0.5453125 0.50625 0.5828125 0.50625
59 0.38750000000000007 0.5109375 0.3531250000000001 0.5109375 0.3531250000000001 0.559375 0.38750000000000007 0.559375
52 0.11875000000000006 0.5109375 0.06250000000000007 0.5109375 0.06250000000000007 0.559375 0.11875000000000009 0.559375
19 0.2609375000000001 0.56875 0.22656250000000008 0.56875 0.22656250000000008 0.61875 0.2609375000000001 0.61875
44 0.1468750000000001 0.625 0.05312500000000007 0.625 0.053125000000000075 0.678125 0.1468750000000001 0.678125
46 0.7171875 0.625 0.6046875 0.625 0.6046875 0.675 0.7171875 0.675
49 0.10937500000000008 0.6875 0.04375000000000009 0.6875 0.04375000000000009 0.746875 0.10937500000000008 0.746875
25 0.39531250000000007 0.5671875 0.3625000000000001 0.5671875 0.3625000000000001 0.615625 0.39531250000000007 0.615625
6 0.3656250000000001 0.4546875 0.3312500000000001 0.4546875 0.3312500000000001 0.5046875 0.3656250000000001 0.5046875
12 0.615625 0.5671875 0.58125 0.5671875 0.58125 0.6171875 0.615625 0.6171875
3 0.23437500000000008 0.453125 0.19687500000000005 0.453125 0.19687500000000005 0.50625 0.23437500000000008 0.50625
8 0.4515625 0.4546875 0.4171875 0.4546875 0.4171875 0.50625 0.4515625 0.50625
53 0.4296875 0.5109375 0.39531250000000007 0.5109375 0.39531250000000007 0.5609375 0.4296875 0.5609375
45 0.12656250000000008 0.5703125 0.057812500000000065 0.5703125 0.057812500000000065 0.61875 0.12656250000000008 0.61875
51 0.3421875000000001 0.5109375 0.3078125000000001 0.5109375 0.3078125000000001 0.5578125 0.3421875000000001 0.5578125
2 0.19218750000000004 0.453125 0.15468750000000003 0.453125 0.15468750000000003 0.503125 0.19218750000000004 0.503125
24 0.3500000000000001 0.5671875 0.3156250000000001 0.5671875 0.3156250000000001 0.6171875 0.3500000000000001 0.6171875
26 0.7140625 0.509375 0.65625 0.509375 0.65625 0.559375 0.7140625 0.559375
10 0.1703125000000001 0.56875 0.1359375000000001 0.56875 0.1359375000000001 0.61875 0.1703125000000001 0.61875
21 0.2531250000000001 0.5109375 0.21875000000000008 0.5109375 0.21875000000000008 0.5609375 0.2531250000000001 0.5609375