12 0.7859375 0.3312500000000001 0.734375 0.3312500000000001 0.734375 0.3984375000000001 0.7859375 0.3984375000000001
56 0.284375 0.259375 0.2328125 0.259375 0.2328125 0.328125 0.284375 0.328125
54 0.7703125 0.2578125000000001 0.71875 0.2578125000000001 0.71875 0.3265625000000001 0.7703125 0.3265625000000001
41 0.23125 0.2609375 0.17656250000000004 0.2609375 0.17656250000000004 0.328125 0.23125 0.328125
20 0.89375 0.1859375000000001 0.8 0.1859375000000001 0.8 0.2531250000000001 0.89375 0.2531250000000001
48 0.7421875 0.18750000000000008 0.690625 0.18750000000000008 0.690625 0.25468750000000007 0.7421875 0.25468750000000007
46 0.8953125 0.4000000000000002 0.7609375 0.4000000000000002 0.7609375 0.4703125000000002 0.8953125 0.4703125000000002
34 0.7578125 0.40312500000000007 0.70625 0.403125 0.70625 0.4687500000000001 0.7578125 0.46875000000000017
25 0.5140625 0.3312500000000001 0.4640625 0.3312500000000001 0.4640625 0.4 0.5140625 0.4
42 0.39375 0.26093750000000004 0.3421875 0.2609375 0.3421875 0.32812500000000006 0.39375 0.3281250000000001
58 0.2718750000000001 0.403125 0.22031250000000008 0.403125 0.22031250000000008 0.4703125 0.2718750000000001 0.4703125
10 0.24531250000000004 0.3328125 0.19375000000000003 0.3328125 0.19375000000000003 0.4 0.2453125000000001 0.4
14 0.671875 0.475 0.6203125 0.475 0.6203125 0.54375 0.671875 0.54375
30 0.91875 0.12968750000000007 0.09062500000000002 0.1296875 0.09062500000000004 0.5593750000000001 0.91875 0.5593750000000002
49 0.16250000000000006 0.475 0.10468750000000004 0.475 0.10468750000000007 0.5453125 0.1625000000000001 0.5453125
6 0.471875 0.18750000000000006 0.4203125 0.18750000000000006 0.4203125 0.2562500000000001 0.471875 0.2562500000000001
4 0.3625 0.18750000000000006 0.3125 0.18750000000000006 0.3125 0.25625 0.3625 0.25625
1 0.2015625 0.18750000000000003 0.15000000000000005 0.1875 0.15000000000000005 0.2546875 0.2015625 0.2546875
23 0.4078125 0.33125000000000004 0.35625 0.33125 0.35625000000000007 0.4 0.4078125 0.4
26 0.8390625 0.3296875000000001 0.7890625 0.3296875000000001 0.7890625 0.3968750000000001 0.8390625 0.3968750000000001
32 0.2171875000000001 0.403125 0.16562500000000005 0.403125 0.16562500000000005 0.4703125 0.2171875000000001 0.4703125
44 0.16093750000000004 0.4046875 0.10625000000000004 0.4046875 0.10625000000000004 0.4703125 0.16093750000000004 0.4703125
53 0.553125 0.2609375000000001 0.5015625 0.2609375000000001 0.5015625 0.3281250000000001 0.553125 0.3281250000000001
7 0.5265625 0.18906250000000005 0.475 0.18906250000000005 0.475 0.2562500000000001 0.5265625 0.2562500000000001
36 0.6609375 0.2593750000000001 0.609375 0.2593750000000001 0.609375 0.3265625000000001 0.6609375 0.3265625000000001
21 0.3390625 0.259375 0.2875 0.259375 0.2875 0.3296875 0.3390625 0.3296875
29 0.6234375 0.33281250000000007 0.571875 0.33281250000000007 0.571875 0.4 0.6234375 0.4
39 0.8234375 0.2578125000000001 0.7734375 0.2578125000000001 0.7734375 0.32500000000000007 0.8234375 0.32500000000000007
5 0.41875 0.18750000000000006 0.3671875 0.18750000000000006 0.3671875 0.2562500000000001 0.41875 0.2562500000000001
47 0.6171875 0.475 0.3281250000000001 0.475 0.3281250000000001 0.54375 0.6171875 0.54375
45 0.18906250000000005 0.33125 0.10625000000000004 0.33125 0.10625000000000004 0.3984375 0.18906250000000005 0.3984375
11 0.7953125 0.18750000000000008 0.7453125 0.18750000000000008 0.7453125 0.2531250000000001 0.7953125 0.2531250000000001
13 0.3265625000000001 0.4765625 0.2750000000000001 0.4765625 0.2750000000000001 0.54375 0.3265625000000001 0.54375
24 0.4609375 0.3312500000000001 0.409375 0.3312500000000001 0.409375 0.4015625 0.4609375 0.4015625
16 0.3812500000000001 0.403125 0.3296875000000001 0.403125 0.3296875000000001 0.4734375 0.3812500000000001 0.4734375
3 0.309375 0.18750000000000006 0.2578125 0.18750000000000006 0.2578125 0.25625 0.309375 0.25625
57 0.3281250000000001 0.4046875 0.2765625000000001 0.4046875 0.2765625000000001 0.471875 0.3281250000000001 0.471875
18 0.6484375 0.403125 0.596875 0.403125 0.596875 0.4703125 0.6484375 0.4703125
38 0.715625 0.2593750000000001 0.6640625 0.2593750000000001 0.6640625 0.3265625000000001 0.715625 0.3265625000000001
52 0.17500000000000004 0.259375 0.10781250000000005 0.259375 0.10781250000000005 0.3265625 0.17500000000000004 0.3265625
43 0.2984375 0.33125 0.246875 0.33125 0.24687500000000004 0.4 0.2984375000000001 0.4
33 0.5953125 0.403125 0.54375 0.403125 0.54375 0.471875 0.5953125 0.471875
28 0.56875 0.33281250000000007 0.51875 0.33281250000000007 0.51875 0.4 0.56875 0.4
40 0.703125 0.403125 0.6515625 0.403125 0.6515625 0.46875 0.703125 0.46875
17 0.14687500000000003 0.1890625 0.10781250000000005 0.1890625 0.10781250000000005 0.2546875 0.14687500000000003 0.2546875
15 0.4890625 0.4046875 0.4375 0.4046875 0.4375 0.4703125 0.4890625 0.4703125
9 0.6328125 0.1859375000000001 0.58125 0.1859375000000001 0.58125 0.2562500000000001 0.6328125 0.2562500000000001
37 0.73125 0.3312500000000001 0.6796875 0.3312500000000001 0.6796875 0.3984375000000001 0.73125 0.3984375000000001
0 0.6859375 0.1859375000000001 0.6359375 0.1859375000000001 0.6359375 0.2562500000000001 0.6859375 0.2562500000000001
50 0.7328125 0.4750000000000001 0.675 0.475 0.675 0.5421875 0.7328125 0.5421875000000002
27 0.60625 0.2593750000000001 0.55625 0.2593750000000001 0.55625 0.3265625000000001 0.60625 0.3265625000000001
31 0.6765625 0.3312500000000001 0.625 0.3312500000000001 0.625 0.3984375000000001 0.6765625 0.3984375000000001
51 0.4453125 0.2609375000000001 0.3953125 0.2609375000000001 0.3953125 0.3281250000000001 0.4453125 0.3281250000000001
22 0.8953125 0.2578125000000001 0.828125 0.2578125000000001 0.828125 0.3984375000000001 0.8953125 0.3984375000000001
19 0.353125 0.33125 0.3015625 0.33125 0.30156250000000007 0.4015625 0.3531250000000001 0.4015625
8 0.578125 0.18750000000000006 0.528125 0.18750000000000006 0.528125 0.2562500000000001 0.578125 0.2562500000000001
35 0.5421875 0.403125 0.490625 0.403125 0.490625 0.4703125 0.5421875 0.4703125
55 0.4359375 0.403125 0.3843750000000001 0.403125 0.3843750000000001 0.471875 0.4359375 0.471875
2 0.25625 0.18750000000000006 0.2046875 0.18750000000000006 0.2046875 0.2546875 0.25625 0.2546875
59 0.5 0.2609375000000001 0.4484375 0.2609375000000001 0.4484375 0.3281250000000001 0.5 0.3281250000000001