9 0.571875 0.2484375000000001 0.5140625 0.2484375000000001 0.5140625 0.32500000000000007 0.571875 0.32500000000000007
20 0.853125 0.2468750000000001 0.7609375 0.2468750000000001 0.7609375 0.3234375000000001 0.853125 0.3234375000000001
1 0.07500000000000004 0.2453125 0.01718750000000003 0.2453125 0.017187500000000033 0.321875 0.07500000000000004 0.321875
17 0.020312500000000032 0.246875 3.023346785395028e-17 0.246875 3.482589335075286e-17 0.321875 0.02031250000000004 0.321875
36 0.6046875 0.3296875000000001 0.5453125 0.3296875000000001 0.5453125 0.40625 0.6046875 0.40625
53 0.48125 0.3281250000000001 0.421875 0.3281250000000001 0.421875 0.4078125 0.48125 0.4078125
28 0.4953125 0.409375 0.4390625 0.409375 0.4390625 0.4875 0.4953125 0.4875
11 0.75625 0.2468750000000001 0.7 0.2468750000000001 0.7 0.3234375000000001 0.75625 0.3234375000000001
49 0.03125000000000007 0.5765625 7.060854201333958e-17 0.5765625 7.54879941036923e-17 0.65625 0.031250000000000076 0.65625
41 0.10625000000000004 0.3265625 0.04531250000000005 0.3265625 0.04531250000000005 0.4046875 0.10625000000000004 0.4046875
7 0.45 0.2484375000000001 0.3921875 0.2484375000000001 0.3921875 0.32500000000000007 0.45 0.32500000000000007
16 0.27812500000000007 0.4921875 0.2171875000000001 0.4921875 0.2171875000000001 0.5734375 0.27812500000000007 0.5734375
25 0.434375 0.4109375 0.3765625000000001 0.4109375 0.3765625000000001 0.4890625 0.434375 0.4890625
15 0.4046875 0.4921875 0.3437500000000001 0.4921875 0.3437500000000001 0.5703125 0.4046875 0.5703125
58 0.15000000000000008 0.4921875 0.09062500000000007 0.4921875 0.09062500000000007 0.571875 0.15000000000000008 0.571875
38 0.665625 0.3296875000000001 0.6078125 0.3296875000000001 0.6078125 0.40625 0.665625 0.40625
52 0.042187500000000044 0.3265625 3.999237203465575e-17 0.3265625 4.468047306264171e-17 0.403125 0.042187500000000044 0.403125
32 0.08750000000000006 0.4921875 0.026562500000000055 0.4921875 0.026562500000000062 0.571875 0.08750000000000006 0.571875
31 0.6203125 0.4109375 0.5625 0.4109375 0.5625 0.4890625 0.6203125 0.4890625
21 0.23125000000000004 0.328125 0.17187500000000006 0.328125 0.17187500000000006 0.40625 0.2312500000000001 0.40625
50 0.671875 0.575 0.6125 0.575 0.6125 0.653125 0.671875 0.653125
10 0.11875000000000005 0.4078125 0.059375000000000046 0.4078125 0.05937500000000005 0.4875 0.11875000000000005 0.4875
33 0.528125 0.4921875 0.4671875 0.4921875 0.4671875 0.571875 0.528125 0.571875
57 0.2156250000000001 0.4921875 0.15468750000000003 0.4921875 0.15468750000000006 0.571875 0.2156250000000001 0.571875
8 0.5109375 0.2484375000000001 0.453125 0.2484375000000001 0.453125 0.32500000000000007 0.5109375 0.32500000000000007
3 0.2015625 0.246875 0.14218750000000005 0.246875 0.14218750000000005 0.3234375 0.2015625 0.3234375
59 0.4203125 0.32812500000000006 0.3609375 0.328125 0.3609375 0.40625 0.4203125 0.40625
40 0.6515625 0.4921875 0.5921875 0.4921875 0.5921875 0.56875 0.6515625 0.56875
19 0.2453125000000001 0.4109375 0.18593750000000003 0.4109375 0.18593750000000003 0.4890625 0.2453125000000001 0.4890625
45 0.05625000000000006 0.4078125 4.9942627277728e-17 0.4078125 5.472640383689735e-17 0.4859375 0.056250000000000064 0.4859375
34 0.7125 0.4921875 0.6546875 0.4921875 0.6546875 0.56875 0.7125 0.56875
22 0.8546875 0.3281250000000001 0.7921875 0.3281250000000001 0.7921875 0.4859375000000002 0.8546875 0.4859375000000002
27 0.5421875 0.3296875000000001 0.484375 0.3296875000000001 0.484375 0.40625 0.5421875 0.40625
14 0.609375 0.575 0.55 0.575 0.55 0.653125 0.609375 0.653125
37 0.68125 0.4109375 0.6234375 0.4109375 0.6234375 0.4890625 0.68125 0.4890625
5 0.325 0.246875 0.2671875 0.246875 0.2671875 0.321875 0.325 0.321875
0 0.634375 0.2484375000000001 0.5765625 0.2484375000000001 0.5765625 0.3265625000000001 0.634375 0.3265625000000001
55 0.34062500000000007 0.4921875 0.2812500000000001 0.4921875 0.2812500000000001 0.571875 0.34062500000000007 0.571875
29 0.5578125 0.4109375 0.5 0.4109375 0.5 0.4890625 0.5578125 0.4890625
43 0.18281250000000004 0.409375 0.12343750000000005 0.409375 0.12343750000000005 0.4875 0.18281250000000004 0.4875
2 0.13906250000000003 0.246875 0.07812500000000003 0.246875 0.07812500000000003 0.321875 0.13906250000000003 0.321875
26 0.8046875 0.40937500000000016 0.746875 0.40937500000000016 0.746875 0.4859375000000002 0.8046875 0.4859375000000002
42 0.29375000000000007 0.328125 0.234375 0.328125 0.23437500000000006 0.40625 0.29375000000000007 0.40625
13 0.21250000000000008 0.5765625 0.1515625000000001 0.5765625 0.1515625000000001 0.65625 0.21250000000000008 0.65625
44 0.02968750000000006 0.4921875 6.027558464553379e-17 0.4921875 6.505936120470315e-17 0.5703125 0.029687500000000068 0.5703125
46 0.859375 0.4906250000000001 0.7171875 0.490625 0.7171875 0.5687500000000001 0.859375 0.5687500000000002
24 0.37187500000000007 0.4109375 0.3125000000000001 0.4109375 0.3125000000000001 0.4890625 0.37187500000000007 0.4890625
48 0.6953125 0.2484375000000001 0.6375 0.2484375000000001 0.6375 0.32500000000000007 0.6953125 0.32500000000000007
18 0.5890625 0.4921875 0.53125 0.4921875 0.53125 0.56875 0.5890625 0.56875
35 0.465625 0.4921875 0.40625 0.4921875 0.40625 0.571875 0.465625 0.571875
12 0.74375 0.4093750000000001 0.6859375 0.409375 0.6859375 0.4875000000000001 0.74375 0.48750000000000016
51 0.35625000000000007 0.3265625 0.2984375 0.3265625 0.2984375 0.4046875 0.35625000000000007 0.4046875
54 0.7265625 0.3281250000000001 0.66875 0.3281250000000001 0.66875 0.4062500000000001 0.7265625 0.40625000000000017
39 0.7890625 0.3281250000000001 0.73125 0.3281250000000001 0.73125 0.4046875000000002 0.7890625 0.4046875000000002
47 0.546875 0.575 0.2156250000000001 0.575 0.2156250000000001 0.6546875 0.546875 0.6546875
6 0.3875 0.24687500000000004 0.3296875 0.246875 0.3296875 0.32343750000000004 0.3875 0.3234375000000001
30 1 0.17812500000000006 2.181402110981223e-17 0.178125 5.223884002612929e-17 0.675 1 0.6750000000000002
4 0.2625 0.246875 0.2046875 0.246875 0.2046875 0.321875 0.2625 0.321875
56 0.16718750000000004 0.3265625 0.10937500000000004 0.3265625 0.10937500000000004 0.4046875 0.16718750000000004 0.4046875
23 0.30937500000000007 0.409375 0.2500000000000001 0.409375 0.2500000000000001 0.4875 0.30937500000000007 0.4875