1 0.7984375000000001 0.7953125000000002 0.7312500000000002 0.7953125000000002 0.7312500000000002 0.8453125 0.7984375000000001 0.8453125
27 0.725 0.37968750000000007 0.6578125 0.37968750000000007 0.6578125 0.43125 0.725 0.43125
53 0.725 0.434375 0.65625 0.434375 0.65625 0.4859375 0.725 0.4859375
23 0.653125 0.584375 0.584375 0.584375 0.584375 0.634375 0.653125 0.634375
11 0.8 0.1859375000000001 0.73125 0.1859375000000001 0.73125 0.23593750000000008 0.8 0.23593750000000008
56 0.7250000000000001 0.7109375 0.6578125 0.7109375 0.6578125000000001 0.7609375 0.7250000000000002 0.7609375
54 0.7265625 0.21250000000000008 0.6578125 0.21250000000000008 0.6578125 0.2656250000000001 0.7265625 0.2656250000000001
7 0.7984375 0.46406250000000016 0.7296875 0.46406250000000016 0.7296875 0.5140625000000002 0.7984375 0.5140625000000002
16 0.578125 0.6125 0.509375 0.6125 0.509375 0.6640625 0.578125 0.6640625
0 0.7984375 0.2984375000000001 0.7296875 0.2984375000000001 0.7296875 0.3500000000000001 0.7984375 0.3500000000000001
50 0.50625 0.2531250000000001 0.434375 0.2531250000000001 0.434375 0.30937500000000007 0.50625 0.30937500000000007
44 0.5796875000000001 0.8359375 0.5078125000000002 0.8359375 0.5078125000000002 0.8921875 0.5796875000000001 0.8921875
6 0.796875 0.5203125000000002 0.7296875 0.5203125000000002 0.7296875 0.5703125000000002 0.796875 0.5703125000000002
58 0.5796875000000001 0.7234375 0.5078125 0.7234375 0.5078125000000001 0.775 0.5796875000000001 0.775
52 0.7265625000000002 0.821875 0.6578125000000001 0.821875 0.6578125000000001 0.890625 0.7265625000000002 0.890625
18 0.5796875 0.3375000000000001 0.5078125 0.3375000000000001 0.5078125 0.3890625000000001 0.5796875 0.3890625000000001
30 0.859375 0.05781250000000008 0.415625 0.057812500000000044 0.4156250000000001 0.90625 0.859375 0.90625
57 0.5796875 0.6671875 0.5078125 0.6671875 0.5078125 0.71875 0.5796875 0.71875
12 0.653125 0.19687500000000008 0.584375 0.19687500000000008 0.584375 0.2484375000000001 0.653125 0.2484375000000001
3 0.7984375000000001 0.6843750000000002 0.7296875 0.6843750000000002 0.7296875 0.7359375000000001 0.7984375000000001 0.7359375000000001
4 0.7984375 0.6296875000000002 0.7296875 0.6296875000000002 0.7296875 0.6796875000000002 0.7984375 0.6796875000000002
5 0.7984375 0.5750000000000002 0.7296875 0.5750000000000002 0.7296875 0.6250000000000002 0.7984375 0.6250000000000002
42 0.725 0.6 0.65625 0.6 0.65625 0.6515625 0.725 0.6515625
47 0.50625 0.3687500000000001 0.434375 0.3687500000000001 0.434375 0.665625 0.50625 0.665625
19 0.653125 0.6390625 0.58125 0.6390625 0.58125 0.690625 0.653125 0.690625
46 0.58125 0.08281250000000007 0.509375 0.08281250000000007 0.509375 0.2218750000000001 0.58125 0.2218750000000001
49 0.5046875000000002 0.834375 0.4359375000000002 0.834375 0.4359375000000002 0.89375 0.5046875000000002 0.89375
33 0.578125 0.3921875000000001 0.509375 0.3921875000000001 0.509375 0.44375 0.578125 0.44375
36 0.725 0.3234375000000001 0.6578125 0.3234375000000001 0.6578125 0.3765625000000001 0.725 0.3765625000000001
24 0.65 0.53125 0.5828125 0.53125 0.5828125 0.58125 0.65 0.58125
55 0.5796875 0.55625 0.5078125 0.55625 0.5078125 0.609375 0.5796875 0.609375
45 0.6546875000000002 0.8078125 0.5859375000000002 0.8078125 0.5859375000000002 0.890625 0.6546875000000002 0.890625
21 0.725 0.653125 0.65625 0.653125 0.65625 0.7046875 0.725 0.7046875
15 0.578125 0.5015625 0.5109375 0.5015625 0.5109375 0.5546875 0.578125 0.5546875
39 0.7265625 0.15625000000000008 0.6578125 0.15625000000000008 0.6578125 0.2078125000000001 0.7265625 0.2078125000000001
31 0.653125 0.3078125000000001 0.58125 0.3078125000000001 0.58125 0.3609375000000001 0.653125 0.3609375000000001
13 0.5046875 0.66875 0.4359375 0.66875 0.4359375 0.71875 0.5046875 0.71875
22 0.728125 0.08437500000000007 0.584375 0.08437500000000006 0.584375 0.1515625000000001 0.728125 0.1515625000000001
35 0.578125 0.4484375 0.509375 0.4484375 0.509375 0.4984375 0.578125 0.4984375
41 0.7265625000000002 0.7640625000000001 0.6578125000000001 0.7640625 0.6578125000000001 0.8171875 0.7265625000000002 0.8171875
29 0.653125 0.3656250000000001 0.584375 0.3656250000000001 0.584375 0.415625 0.653125 0.415625
48 0.8 0.24218750000000008 0.728125 0.24218750000000008 0.728125 0.2953125000000001 0.8 0.2953125000000001
43 0.6531250000000001 0.696875 0.584375 0.696875 0.5843750000000001 0.746875 0.6531250000000002 0.746875
32 0.5796875000000001 0.778125 0.5078125000000002 0.778125 0.5078125000000002 0.8296875 0.5796875000000001 0.8296875
40 0.578125 0.2812500000000001 0.509375 0.2812500000000001 0.509375 0.3312500000000001 0.578125 0.3312500000000001
10 0.6531250000000002 0.7515625 0.5843750000000002 0.7515625 0.5843750000000002 0.8015625 0.6531250000000002 0.8015625
17 0.7984375000000001 0.8484375 0.7328125000000002 0.8484375 0.7328125000000002 0.8890625 0.7984375000000001 0.8890625
37 0.653125 0.2531250000000001 0.58125 0.2531250000000001 0.58125 0.3062500000000001 0.653125 0.3062500000000001
20 0.8015625 0.08437500000000009 0.7296875 0.08437500000000009 0.7296875 0.18125000000000008 0.8015625 0.18125000000000008
14 0.50625 0.3140625000000001 0.434375 0.3140625000000001 0.434375 0.3656250000000001 0.50625 0.3656250000000001
25 0.653125 0.475 0.584375 0.475 0.584375 0.5265625 0.653125 0.5265625
34 0.578125 0.2250000000000001 0.509375 0.2250000000000001 0.509375 0.27812500000000007 0.578125 0.27812500000000007
51 0.725 0.5453125 0.6578125 0.5453125 0.6578125 0.596875 0.725 0.596875
38 0.725 0.2687500000000001 0.6578125 0.2687500000000001 0.6578125 0.3203125000000001 0.725 0.3203125000000001
28 0.653125 0.4203125 0.584375 0.4203125 0.584375 0.4703125 0.653125 0.4703125
9 0.7984375 0.3546875000000001 0.7296875 0.3546875000000001 0.7296875 0.4046875000000002 0.7984375 0.4046875000000002
59 0.725 0.490625 0.65625 0.490625 0.65625 0.540625 0.725 0.540625
26 0.6546875 0.14062500000000008 0.5828125 0.14062500000000008 0.5828125 0.1937500000000001 0.6546875 0.1937500000000001
8 0.7984375 0.4109375000000002 0.7296875 0.4109375000000002 0.7296875 0.46093750000000017 0.7984375 0.46093750000000017
2 0.7984375000000001 0.7390625000000002 0.7312500000000002 0.7390625000000002 0.7312500000000002 0.7890625000000002 0.7984375000000001 0.7890625000000002