53 0.703125 0.459375 0.61875 0.459375 0.61875 0.5140625 0.703125 0.5140625
33 0.5265625 0.4125 0.4421875 0.4125 0.4421875 0.46875 0.5265625 0.46875
7 0.7921875 0.48906250000000007 0.7078125 0.4890625 0.7078125 0.5437500000000001 0.7921875 0.5437500000000002
2 0.7921875000000002 0.7859375000000001 0.7078125000000002 0.7859375 0.7078125000000002 0.840625 0.7921875000000002 0.840625
35 0.525 0.471875 0.4421875 0.471875 0.4421875 0.5265625 0.525 0.5265625
21 0.7031250000000001 0.6953125 0.61875 0.6953125 0.6187500000000001 0.7515625 0.7031250000000002 0.7515625
30 0.875 0.07031250000000008 0.33125 0.07031250000000004 0.33125000000000004 0.9546875 0.875 0.9546875
46 0.528125 0.08593750000000006 0.44375 0.08593750000000004 0.44375 0.2328125000000001 0.528125 0.2328125000000001
8 0.7921875 0.4312500000000001 0.7078125 0.43125 0.7078125 0.4859375000000001 0.7921875 0.4859375000000002
22 0.7046875 0.08906250000000007 0.5328125 0.08906250000000007 0.5328125 0.16093750000000007 0.7046875 0.1609375000000001
11 0.79375 0.19531250000000008 0.7109375 0.19531250000000008 0.7109375 0.2484375000000001 0.79375 0.2484375000000001
49 0.4359375000000002 0.8859375 0.3515625000000001 0.8859375 0.3515625000000001 0.9421875 0.4359375000000002 0.9421875
43 0.6140625000000002 0.7390625 0.5312500000000002 0.7390625 0.5312500000000002 0.79375 0.6140625000000002 0.79375
36 0.703125 0.34062500000000007 0.61875 0.34062500000000007 0.61875 0.3968750000000001 0.703125 0.3968750000000001
34 0.525 0.2375000000000001 0.44375 0.2375000000000001 0.44375 0.2921875000000001 0.525 0.2921875000000001
59 0.7046875 0.51875 0.6203125 0.51875 0.6203125 0.5734375 0.7046875 0.5734375
27 0.703125 0.4 0.6203125 0.4 0.6203125 0.4546875 0.703125 0.4546875
37 0.615625 0.2656250000000001 0.53125 0.2656250000000001 0.53125 0.3203125000000001 0.615625 0.3203125000000001
17 0.7906250000000001 0.903125 0.7093750000000002 0.903125 0.7093750000000002 0.940625 0.7906250000000001 0.940625
51 0.703125 0.578125 0.6203125 0.578125 0.6203125 0.6328125 0.703125 0.6328125
26 0.615625 0.14843750000000006 0.5328125 0.14843750000000006 0.5328125 0.2015625000000001 0.615625 0.2015625000000001
52 0.7046875000000001 0.8734375 0.6203125000000002 0.8734375 0.6203125000000002 0.940625 0.7046875000000001 0.940625
55 0.5265625 0.590625 0.4421875 0.590625 0.4421875 0.6453125 0.5265625 0.6453125
18 0.5265625 0.3531250000000001 0.44375 0.3531250000000001 0.44375 0.4078125 0.5265625 0.4078125
4 0.7921875 0.6687500000000001 0.709375 0.66875 0.709375 0.721875 0.7921875 0.7218750000000002
56 0.7031250000000002 0.75625 0.6187500000000001 0.75625 0.6187500000000001 0.8109375 0.7031250000000002 0.8109375
3 0.7937500000000001 0.7250000000000001 0.709375 0.725 0.7093750000000001 0.7812500000000001 0.7937500000000002 0.7812500000000002
54 0.703125 0.2234375000000001 0.61875 0.2234375000000001 0.61875 0.27812500000000007 0.703125 0.27812500000000007
31 0.615625 0.32500000000000007 0.53125 0.32500000000000007 0.53125 0.3781250000000001 0.615625 0.3781250000000001
6 0.79375 0.5484375000000001 0.709375 0.5484375 0.709375 0.6031250000000001 0.79375 0.6031250000000001
14 0.4359375 0.32343750000000004 0.3546875 0.3234375 0.35468750000000004 0.37812500000000004 0.4359375 0.3781250000000001
20 0.79375 0.08750000000000009 0.709375 0.08750000000000009 0.709375 0.18750000000000008 0.79375 0.18750000000000008
57 0.5265625 0.7078125 0.4421875 0.7078125 0.44218750000000007 0.7625 0.5265625000000002 0.7625
39 0.7046875 0.16562500000000008 0.6203125 0.16562500000000008 0.6203125 0.21875000000000008 0.7046875 0.21875000000000008
5 0.79375 0.6078125000000001 0.709375 0.6078125 0.709375 0.6640625000000001 0.79375 0.6640625000000002
1 0.7921875000000002 0.8453125 0.7078125000000002 0.8453125 0.7078125000000002 0.8984375 0.7921875000000002 0.8984375
24 0.6140625 0.5625 0.53125 0.5625 0.53125 0.615625 0.6140625 0.615625
42 0.703125 0.6359375 0.61875 0.6359375 0.61875 0.6921875 0.703125 0.6921875
32 0.5265625000000002 0.828125 0.4421875000000002 0.828125 0.4421875000000002 0.8828125 0.5265625000000002 0.8828125
13 0.4359375000000001 0.7078125 0.3531250000000001 0.7078125 0.3531250000000001 0.7625 0.4359375000000002 0.7625
15 0.5265625 0.53125 0.4421875 0.53125 0.4421875 0.5875 0.5265625 0.5875
12 0.615625 0.2078125000000001 0.5328125 0.2078125000000001 0.5328125 0.2609375000000001 0.615625 0.2609375000000001
41 0.7031250000000002 0.8140625 0.6187500000000001 0.8140625 0.6187500000000001 0.871875 0.7031250000000002 0.871875
38 0.7046875 0.2828125000000001 0.6203125 0.2828125000000001 0.6203125 0.3375000000000001 0.7046875 0.3375000000000001
25 0.6125 0.503125 0.53125 0.503125 0.53125 0.55625 0.6125 0.55625
45 0.6140625000000002 0.8578125 0.5296875000000002 0.8578125 0.5296875000000002 0.9421875 0.6140625000000002 0.9421875
19 0.6140625000000001 0.6796875 0.5296875 0.6796875 0.5296875000000001 0.734375 0.6140625000000002 0.734375
28 0.615625 0.4421875 0.53125 0.4421875 0.53125 0.496875 0.615625 0.496875
40 0.525 0.2953125000000001 0.44375 0.2953125000000001 0.44375 0.3500000000000001 0.525 0.3500000000000001
0 0.7921875 0.3125000000000001 0.7078125 0.3125000000000001 0.7078125 0.3671875000000001 0.7921875 0.3671875000000001
23 0.6140625 0.6203125 0.5296875 0.6203125 0.5296875 0.675 0.6140625 0.675
58 0.5265625000000002 0.76875 0.4421875000000002 0.76875 0.4421875000000002 0.8234375 0.5265625000000002 0.8234375
48 0.79375 0.2531250000000001 0.709375 0.2531250000000001 0.709375 0.3078125000000001 0.79375 0.3078125000000001
44 0.5250000000000001 0.8859375 0.4421875000000002 0.8859375 0.4421875000000002 0.940625 0.5250000000000001 0.940625
47 0.4375 0.38281250000000006 0.3531250000000001 0.3828125 0.3531250000000001 0.7046875 0.4375 0.7046875
29 0.615625 0.3828125000000001 0.53125 0.3828125000000001 0.53125 0.4375 0.615625 0.4375
50 0.4375 0.26562500000000006 0.3546875 0.265625 0.3546875 0.32031250000000006 0.4375 0.3203125000000001
10 0.6125000000000002 0.7984375 0.5312500000000002 0.7984375 0.5312500000000002 0.853125 0.6125000000000002 0.853125
16 0.5265625 0.6484375 0.4421875 0.6484375 0.4421875 0.7046875 0.5265625 0.7046875
9 0.79375 0.3703125000000001 0.709375 0.3703125000000001 0.709375 0.4250000000000001 0.79375 0.42500000000000016