35 0.5375 0.3984375000000001 0.48125 0.3984375000000001 0.48125 0.4859375 0.5375 0.4859375
18 0.6296875 0.3515625000000001 0.575 0.3515625000000001 0.575 0.434375 0.6296875 0.434375
8 0.525 0.16718750000000004 0.471875 0.16718750000000004 0.471875 0.2453125000000001 0.525 0.2453125000000001
38 0.65 0.1828125000000001 0.5984375 0.1828125000000001 0.5984375 0.2609375000000001 0.65 0.2609375000000001
57 0.3437500000000001 0.496875 0.2906250000000001 0.496875 0.2906250000000001 0.5875 0.3437500000000001 0.5875
29 0.590625 0.2906250000000001 0.5359375 0.2906250000000001 0.5359375 0.3734375000000001 0.590625 0.3734375000000001
55 0.4421875 0.446875 0.38750000000000007 0.446875 0.38750000000000007 0.534375 0.4421875 0.534375
6 0.4359375 0.21250000000000008 0.3828125 0.21250000000000008 0.3828125 0.2890625000000001 0.4359375 0.2890625000000001
34 0.721875 0.3078125000000001 0.665625 0.3078125000000001 0.665625 0.3859375000000001 0.721875 0.3859375000000001
52 0.18593750000000003 0.40625 0.12031250000000004 0.40625 0.12031250000000004 0.50625 0.18593750000000003 0.50625
14 0.66875 0.4203125 0.609375 0.4203125 0.609375 0.5046875 0.66875 0.5046875
30 0.8703125 5.931882933369992e-17 0.0984375 1.2055116929106758e-17 0.09843750000000004 0.7859375000000001 0.8703125 0.7859375000000002
3 0.2953125 0.275 0.24375 0.275 0.24375 0.35625 0.2953125 0.35625
39 0.7375 0.14218750000000008 0.684375 0.14218750000000008 0.684375 0.2171875000000001 0.7375 0.2171875000000001
16 0.39531250000000007 0.4734375 0.3390625000000001 0.4734375 0.3390625000000001 0.5625 0.39531250000000007 0.5625
53 0.51875 0.2484375000000001 0.465625 0.2484375000000001 0.465625 0.3296875000000001 0.51875 0.3296875000000001
46 0.83125 0.2531250000000001 0.709375 0.2531250000000001 0.709375 0.3656250000000001 0.83125 0.3656250000000001
12 0.7265625 0.2234375000000001 0.6703125 0.2234375000000001 0.6703125 0.30156250000000007 0.7265625 0.30156250000000007
15 0.4890625 0.4234375 0.434375 0.4234375 0.434375 0.5109375 0.4890625 0.5109375
26 0.76875 0.1984375000000001 0.715625 0.1984375000000001 0.715625 0.2796875000000001 0.76875 0.2796875000000001
47 0.61875 0.4421875 0.3531250000000001 0.4421875 0.3531250000000001 0.6546875 0.61875 0.6546875
32 0.24218750000000008 0.5453125 0.18906250000000008 0.5453125 0.18906250000000008 0.640625 0.24218750000000008 0.640625
28 0.54375 0.3140625000000001 0.490625 0.3140625000000001 0.490625 0.39531250000000007 0.54375 0.39531250000000007
9 0.56875 0.14375000000000007 0.5171875 0.14375000000000004 0.5171875 0.2250000000000001 0.56875 0.2250000000000001
4 0.3421875 0.2515625 0.2921875 0.2515625 0.2921875 0.3328125 0.3421875 0.3328125
27 0.5625 0.2250000000000001 0.509375 0.2250000000000001 0.509375 0.3062500000000001 0.5625 0.3062500000000001
19 0.35625000000000007 0.4046875 0.3031250000000001 0.4046875 0.3031250000000001 0.49375 0.35625000000000007 0.49375
13 0.35625000000000007 0.5765625 0.3000000000000001 0.5765625 0.3000000000000001 0.6734375 0.35625000000000007 0.6734375
51 0.4265625 0.2921875000000001 0.3734375 0.2921875000000001 0.37343750000000003 0.3734375000000001 0.4265625 0.3734375000000001
31 0.6359375 0.2671875000000001 0.58125 0.2671875000000001 0.58125 0.34843750000000007 0.6359375 0.34843750000000007
10 0.2578125000000001 0.453125 0.20468750000000008 0.453125 0.20468750000000008 0.5421875 0.2578125000000001 0.5421875
20 0.7734375 0.05625000000000009 0.6890625 0.05625000000000009 0.6890625 0.14062500000000008 0.7734375 0.14062500000000008
48 0.65625 0.10468750000000009 0.603125 0.10468750000000009 0.603125 0.18125000000000008 0.65625 0.18125000000000008
22 0.8109375 0.1140625000000001 0.7296875 0.1140625000000001 0.7296875 0.2562500000000001 0.8109375 0.2562500000000001
25 0.4984375 0.3375000000000001 0.4453125 0.3375000000000001 0.4453125 0.4203125 0.4984375 0.4203125
21 0.33281250000000007 0.3375 0.2796875 0.3375 0.27968750000000003 0.421875 0.33281250000000007 0.421875
2 0.24843750000000003 0.296875 0.19843750000000004 0.296875 0.19843750000000004 0.3796875 0.2484375000000001 0.3796875
56 0.28437500000000004 0.3609375 0.23125 0.3609375 0.23125000000000004 0.4484375 0.2843750000000001 0.4484375
24 0.4515625 0.3609375000000001 0.3984375 0.3609375000000001 0.39843750000000006 0.44375 0.4515625 0.44375
23 0.4046875 0.38125000000000003 0.3515625000000001 0.38125 0.3515625000000001 0.46875 0.4046875 0.46875
0 0.6125 0.12500000000000008 0.559375 0.12500000000000008 0.559375 0.2015625000000001 0.6125 0.2015625000000001
40 0.6765625 0.3312500000000001 0.6203125 0.3312500000000001 0.6203125 0.409375 0.6765625 0.409375
59 0.471875 0.2718750000000001 0.41875 0.2718750000000001 0.41875 0.3500000000000001 0.471875 0.3500000000000001
37 0.68125 0.2453125000000001 0.628125 0.2453125000000001 0.628125 0.3265625000000001 0.68125 0.3265625000000001
50 0.71875 0.3921875000000001 0.6546875 0.3921875000000001 0.6546875 0.4796875 0.71875 0.4796875
45 0.2078125000000001 0.4765625 0.12656250000000005 0.4765625 0.12656250000000008 0.5828125 0.2078125000000001 0.5828125
58 0.29375000000000007 0.521875 0.2406250000000001 0.521875 0.2406250000000001 0.615625 0.29375000000000007 0.615625
42 0.38125000000000003 0.31562500000000004 0.328125 0.315625 0.32812500000000006 0.39843750000000006 0.3812500000000001 0.3984375000000001
11 0.6984375 0.08437500000000009 0.6453125 0.08437500000000009 0.6453125 0.1593750000000001 0.6984375 0.1593750000000001
5 0.3890625 0.23281250000000003 0.3375 0.2328125 0.3375 0.31093750000000003 0.3890625 0.3109375000000001
33 0.584375 0.3750000000000001 0.528125 0.3750000000000001 0.528125 0.4625 0.584375 0.4625
54 0.6953125 0.1609375000000001 0.6421875 0.1609375000000001 0.6421875 0.2375000000000001 0.6953125 0.2375000000000001
1 0.20000000000000004 0.3203125 0.15156250000000004 0.3203125 0.15156250000000004 0.4046875 0.2000000000000001 0.4046875
43 0.3078125000000001 0.4296875 0.25468750000000007 0.4296875 0.25468750000000007 0.5171875 0.3078125000000001 0.5171875
7 0.4796875 0.18906250000000005 0.4296875 0.18906250000000005 0.4296875 0.27031250000000007 0.4796875 0.27031250000000007
49 0.2015625000000001 0.6546875 0.1390625000000001 0.6546875 0.1390625000000001 0.7578125 0.2015625000000001 0.7578125
41 0.23593750000000008 0.3828125 0.18281250000000004 0.3828125 0.18281250000000004 0.4703125 0.23593750000000008 0.4703125
17 0.15156250000000004 0.3453125 0.11406250000000004 0.3453125 0.11406250000000004 0.421875 0.15156250000000004 0.421875
36 0.6078125 0.2062500000000001 0.5546875 0.2062500000000001 0.5546875 0.2843750000000001 0.6078125 0.2843750000000001
44 0.1921875000000001 0.5734375 0.13281250000000008 0.5734375 0.13281250000000008 0.6703125 0.1921875000000001 0.6703125