52 0.17968750000000006 0.2125 0.10468750000000004 0.2125 0.10468750000000004 0.2890625 0.17968750000000006 0.2890625
26 0.909375 0.3031250000000001 0.853125 0.3031250000000001 0.853125 0.3750000000000001 0.909375 0.3750000000000001
0 0.74375 0.14218750000000008 0.6890625 0.14218750000000008 0.6890625 0.21875000000000008 0.74375 0.21875000000000008
2 0.26875 0.13593750000000004 0.2125 0.13593750000000004 0.2125 0.2109375 0.26875 0.2109375
35 0.5828125 0.3781250000000001 0.528125 0.3781250000000001 0.528125 0.453125 0.5828125 0.453125
29 0.6734375 0.3000000000000001 0.6171875 0.3000000000000001 0.6171875 0.3750000000000001 0.6734375 0.3750000000000001
8 0.625 0.14218750000000008 0.5703125 0.14218750000000008 0.5703125 0.2171875000000001 0.625 0.2171875000000001
24 0.4953125 0.2984375000000001 0.440625 0.2984375000000001 0.440625 0.3734375000000001 0.4953125 0.3734375000000001
34 0.81875 0.3812500000000001 0.7640625 0.3812500000000001 0.7640625 0.45312500000000017 0.81875 0.45312500000000017
20 0.9703125 0.1437500000000001 0.86875 0.1437500000000001 0.86875 0.21875000000000008 0.9703125 0.21875000000000008
12 0.85 0.3031250000000001 0.7953125 0.3031250000000001 0.7953125 0.3765625000000001 0.85 0.3765625000000001
39 0.8921875 0.2218750000000001 0.8375 0.2218750000000001 0.8375 0.2968750000000001 0.8921875 0.2968750000000001
37 0.790625 0.3031250000000001 0.734375 0.3031250000000001 0.734375 0.3765625000000001 0.790625 0.3765625000000001
38 0.7734375 0.2218750000000001 0.7203125 0.2218750000000001 0.7203125 0.2968750000000001 0.7734375 0.2968750000000001
11 0.8625 0.1437500000000001 0.8078125 0.1437500000000001 0.8078125 0.21875000000000008 0.8625 0.21875000000000008
14 0.725 0.459375 0.6703125 0.459375 0.6703125 0.5328125 0.725 0.5328125
56 0.3 0.215625 0.2453125 0.215625 0.2453125 0.2921875 0.3 0.2921875
46 0.9703125 0.37968750000000007 0.825 0.37968750000000007 0.825 0.45625000000000016 0.9703125 0.45625000000000016
42 0.41875 0.21875000000000008 0.365625 0.21875000000000008 0.365625 0.2953125000000001 0.41875 0.2953125000000001
21 0.3609375 0.21875 0.3046875 0.21875 0.3046875 0.29375 0.3609375 0.29375
7 0.565625 0.14218750000000008 0.5125 0.14218750000000005 0.5125 0.2171875000000001 0.565625 0.2171875000000001
3 0.328125 0.13906250000000003 0.2734375 0.13906250000000003 0.2734375 0.2125 0.328125 0.2125
25 0.5546875 0.2984375000000001 0.5 0.2984375000000001 0.5 0.3734375000000001 0.5546875 0.3734375000000001
44 0.16406250000000006 0.3734375 0.10156250000000004 0.3734375 0.10156250000000004 0.45 0.16406250000000006 0.45
59 0.5390625 0.22031250000000008 0.484375 0.22031250000000008 0.484375 0.2953125000000001 0.5390625 0.2953125000000001
58 0.28593750000000007 0.375 0.2296875000000001 0.375 0.2296875000000001 0.45 0.28593750000000007 0.45
15 0.525 0.3781250000000001 0.46875 0.3781250000000001 0.46875 0.453125 0.525 0.453125
30 0.99375 0.07656250000000006 0.0890625 0.0765625 0.08906250000000003 0.5531250000000001 0.99375 0.5531250000000002
36 0.715625 0.2218750000000001 0.659375 0.2218750000000001 0.659375 0.2968750000000001 0.715625 0.2968750000000001
50 0.7921875 0.4593750000000002 0.728125 0.4593750000000002 0.728125 0.5328125000000001 0.7921875 0.5328125000000001
16 0.40625 0.3765625 0.3500000000000001 0.3765625 0.3500000000000001 0.4515625 0.40625 0.4515625
41 0.2421875 0.215625 0.18281250000000004 0.215625 0.18281250000000004 0.2921875 0.2421875 0.2921875
33 0.64375 0.37968750000000007 0.5859375 0.37968750000000007 0.5859375 0.45625 0.64375 0.45625
31 0.73125 0.3000000000000001 0.678125 0.3000000000000001 0.678125 0.3750000000000001 0.73125 0.3750000000000001
18 0.7 0.3781250000000001 0.6453125 0.3781250000000001 0.6453125 0.453125 0.7 0.453125
6 0.5078125 0.14062500000000006 0.4515625 0.14062500000000006 0.4515625 0.2156250000000001 0.5078125 0.2156250000000001
17 0.14843750000000003 0.134375 0.1046875 0.134375 0.10468750000000002 0.209375 0.14843750000000006 0.209375
10 0.25625000000000003 0.2953125 0.2 0.2953125 0.20000000000000004 0.36875 0.2562500000000001 0.36875
55 0.465625 0.3765625000000001 0.4109375 0.3765625000000001 0.4109375 0.4515625 0.465625 0.4515625
32 0.2250000000000001 0.3734375 0.16875000000000004 0.3734375 0.16875000000000004 0.45 0.2250000000000001 0.45
1 0.20625 0.13437500000000002 0.153125 0.134375 0.153125 0.209375 0.20625 0.209375
27 0.65625 0.2234375000000001 0.6015625 0.2234375000000001 0.6015625 0.2953125000000001 0.65625 0.2953125000000001
9 0.6828125 0.14218750000000008 0.6296875 0.14218750000000008 0.6296875 0.2171875000000001 0.6828125 0.2171875000000001
40 0.7609375 0.3812500000000001 0.7046875 0.3812500000000001 0.7046875 0.4531250000000001 0.7609375 0.45312500000000017
5 0.446875 0.14062500000000006 0.3921875 0.14062500000000006 0.3921875 0.2156250000000001 0.446875 0.2156250000000001
28 0.6125 0.3000000000000001 0.559375 0.3000000000000001 0.559375 0.3750000000000001 0.6125 0.3750000000000001
22 0.971875 0.2234375000000001 0.896875 0.2234375000000001 0.896875 0.3781250000000001 0.971875 0.3781250000000001
49 0.16562500000000005 0.4515625 0.09843750000000004 0.4515625 0.09843750000000005 0.5296875 0.16562500000000005 0.5296875
48 0.8015625 0.1437500000000001 0.7484375 0.1437500000000001 0.7484375 0.21875000000000008 0.8015625 0.21875000000000008
47 0.6671875 0.4546875 0.34843750000000007 0.4546875 0.34843750000000007 0.53125 0.6671875 0.53125
51 0.478125 0.21875000000000008 0.4234375 0.21875000000000008 0.4234375 0.2953125000000001 0.478125 0.2953125000000001
23 0.4359375 0.2968750000000001 0.38125 0.2968750000000001 0.38125000000000003 0.37187500000000007 0.4359375 0.37187500000000007
13 0.3453125000000001 0.4578125 0.2890625000000001 0.4578125 0.2890625000000001 0.5296875 0.3453125000000001 0.5296875
45 0.19531250000000006 0.2921875 0.10312500000000005 0.2921875 0.10312500000000005 0.3671875 0.19531250000000006 0.3671875
54 0.834375 0.2218750000000001 0.778125 0.2218750000000001 0.778125 0.2968750000000001 0.834375 0.2968750000000001
43 0.31718750000000007 0.296875 0.2609375 0.296875 0.26093750000000004 0.371875 0.31718750000000007 0.371875
19 0.3765625 0.29687500000000006 0.321875 0.296875 0.321875 0.37343750000000003 0.3765625000000001 0.3734375000000001
4 0.3875 0.13906250000000003 0.3328125 0.13906250000000003 0.3328125 0.21250000000000005 0.3875 0.21250000000000008
53 0.5984375 0.22031250000000008 0.5421875 0.22031250000000008 0.5421875 0.2968750000000001 0.5984375 0.2968750000000001
57 0.3468750000000001 0.375 0.2921875000000001 0.375 0.2921875000000001 0.45 0.3468750000000001 0.45