23 0.4125 0.2828125000000001 0.365625 0.2828125000000001 0.365625 0.3625000000000001 0.4125 0.3625000000000001
56 0.3 0.19843750000000004 0.253125 0.19843750000000004 0.253125 0.278125 0.3 0.278125
0 0.6734375 0.1140625000000001 0.6265625 0.1140625000000001 0.6265625 0.1921875000000001 0.6734375 0.1921875000000001
59 0.5 0.19843750000000004 0.453125 0.19843750000000004 0.453125 0.27812500000000007 0.5 0.27812500000000007
19 0.36250000000000004 0.2828125 0.3140625 0.2828125 0.3140625 0.365625 0.3625000000000001 0.365625
7 0.5234375 0.11718750000000004 0.478125 0.11718750000000004 0.478125 0.19218750000000004 0.5234375 0.19218750000000004
41 0.25 0.2 0.2015625 0.2 0.2015625 0.2796875 0.25 0.2796875
4 0.3734375 0.11875000000000005 0.328125 0.11875000000000005 0.328125 0.19375000000000003 0.3734375 0.19375000000000003
8 0.5734375 0.11562500000000006 0.5265625 0.11562500000000005 0.5265625 0.19375000000000006 0.5734375 0.1937500000000001
26 0.821875 0.2796875000000001 0.7734375 0.2796875000000001 0.7734375 0.3593750000000001 0.821875 0.3593750000000001
39 0.803125 0.19531250000000008 0.75625 0.19531250000000008 0.75625 0.2734375000000001 0.803125 0.2734375000000001
29 0.6171875 0.2796875000000001 0.56875 0.2796875000000001 0.56875 0.3625000000000001 0.6171875 0.3625000000000001
38 0.703125 0.19687500000000008 0.6546875 0.19687500000000008 0.6546875 0.2750000000000001 0.703125 0.2750000000000001
27 0.6015625 0.19687500000000008 0.5546875 0.19687500000000008 0.5546875 0.2750000000000001 0.6015625 0.2750000000000001
32 0.2312500000000001 0.36875 0.18281250000000004 0.36875 0.18281250000000004 0.4515625 0.2312500000000001 0.4515625
1 0.2265625 0.11875000000000002 0.1796875 0.11875 0.17968750000000003 0.19531250000000003 0.2265625 0.19531250000000006
24 0.4625 0.2843750000000001 0.415625 0.2843750000000001 0.415625 0.36406250000000007 0.4625 0.36406250000000007
40 0.6953125 0.3671875000000001 0.646875 0.3671875000000001 0.646875 0.446875 0.6953125 0.446875
57 0.3343750000000001 0.36875 0.28593750000000007 0.36875 0.28593750000000007 0.4515625 0.3343750000000001 0.4515625
55 0.4375 0.3687500000000001 0.3890625000000001 0.3687500000000001 0.3890625000000001 0.45 0.4375 0.45
47 0.6140625 0.453125 0.3343750000000001 0.453125 0.3343750000000001 0.540625 0.6140625 0.540625
44 0.17968750000000006 0.3703125 0.12656250000000005 0.3703125 0.12656250000000005 0.4515625 0.17968750000000006 0.4515625
45 0.20937500000000003 0.284375 0.13125000000000003 0.284375 0.13125000000000003 0.3640625 0.2093750000000001 0.3640625
3 0.325 0.11875000000000005 0.278125 0.11875000000000005 0.278125 0.19375000000000003 0.325 0.19375000000000003
22 0.875 0.1937500000000001 0.8078125 0.1937500000000001 0.8078125 0.3609375000000001 0.875 0.3609375000000001
51 0.45 0.19843750000000004 0.403125 0.19843750000000004 0.403125 0.2765625000000001 0.45 0.2765625000000001
54 0.7546875 0.19687500000000008 0.70625 0.19687500000000008 0.70625 0.2750000000000001 0.7546875 0.2750000000000001
28 0.565625 0.2812500000000001 0.5171875 0.2812500000000001 0.5171875 0.3625000000000001 0.565625 0.3625000000000001
18 0.6421875 0.3671875000000001 0.5953125 0.3671875000000001 0.5953125 0.45 0.6421875 0.45
11 0.775 0.11250000000000009 0.728125 0.11250000000000009 0.728125 0.1906250000000001 0.775 0.1906250000000001
36 0.6515625 0.1984375000000001 0.6046875 0.1984375000000001 0.6046875 0.2765625000000001 0.6515625 0.2765625000000001
34 0.746875 0.3656250000000001 0.696875 0.3656250000000001 0.696875 0.4484375000000001 0.746875 0.44843750000000016
10 0.259375 0.2828125 0.2125 0.2828125 0.21250000000000005 0.3640625 0.2593750000000001 0.3640625
2 0.275 0.11875000000000005 0.228125 0.11875000000000005 0.228125 0.19375000000000003 0.275 0.19375000000000003
58 0.2828125000000001 0.36875 0.23437500000000008 0.36875 0.23437500000000008 0.4515625 0.2828125000000001 0.4515625
48 0.725 0.1140625000000001 0.6765625 0.1140625000000001 0.6765625 0.1921875000000001 0.725 0.1921875000000001
46 0.878125 0.36406250000000007 0.75 0.36406250000000007 0.75 0.44843750000000016 0.878125 0.44843750000000016
20 0.865625 0.11250000000000009 0.778125 0.11250000000000009 0.778125 0.1906250000000001 0.865625 0.1906250000000001
12 0.771875 0.2796875000000001 0.721875 0.2796875000000001 0.721875 0.3609375000000001 0.771875 0.3609375000000001
42 0.4 0.20000000000000004 0.3515625 0.2 0.3515625 0.27812500000000007 0.4 0.27812500000000007
30 0.8984375 0.048437500000000064 0.1109375 0.04843750000000001 0.11093750000000005 0.565625 0.8984375 0.5656250000000002
6 0.4734375 0.11875000000000005 0.428125 0.11875000000000005 0.428125 0.19375000000000003 0.4734375 0.19375000000000003
21 0.35 0.19843750000000004 0.3015625 0.19843750000000004 0.3015625 0.278125 0.35 0.278125
49 0.17812500000000003 0.45625 0.12031250000000004 0.45625 0.12031250000000004 0.540625 0.17812500000000003 0.540625
9 0.6234375 0.11562500000000009 0.5765625 0.11562500000000009 0.5765625 0.1921875000000001 0.6234375 0.1921875000000001
52 0.19843750000000004 0.2 0.13437500000000005 0.2 0.13437500000000005 0.2796875 0.19843750000000004 0.2796875
37 0.7203125 0.2796875000000001 0.6703125 0.2796875000000001 0.6703125 0.3625000000000001 0.7203125 0.3625000000000001
43 0.31093750000000003 0.2828125 0.2625 0.2828125 0.26250000000000007 0.3640625 0.3109375000000001 0.3640625
33 0.5921875 0.3671875000000001 0.5421875 0.3671875000000001 0.5421875 0.45 0.5921875 0.45
5 0.4234375 0.11875000000000005 0.378125 0.11875000000000005 0.378125 0.19375000000000003 0.4234375 0.19375000000000003
33 0.828125 0.5578125000000002 0.75625 0.5578125000000002 0.75625 0.6796875000000002 0.828125 0.6796875000000002
15 0.4890625 0.3687500000000001 0.4390625 0.3687500000000001 0.4390625 0.45 0.4890625 0.45
13 0.33281250000000007 0.45625 0.2828125000000001 0.45625 0.2828125000000001 0.540625 0.33281250000000007 0.540625
50 0.725 0.453125 0.6703125 0.453125 0.6703125 0.5375 0.725 0.5375
14 0.6671875 0.4546875 0.6171875 0.4546875 0.6171875 0.5390625 0.6671875 0.5390625
31 0.6671875 0.2812500000000001 0.6203125 0.2812500000000001 0.6203125 0.3609375000000001 0.6671875 0.3609375000000001
53 0.5515625 0.19843750000000007 0.503125 0.19843750000000004 0.503125 0.27812500000000007 0.5515625 0.27812500000000007
35 0.540625 0.3687500000000001 0.490625 0.3687500000000001 0.490625 0.4515625 0.540625 0.4515625
16 0.3859375000000001 0.36875 0.3375000000000001 0.36875 0.3375000000000001 0.4515625 0.3859375000000001 0.4515625
17 0.1765625 0.1203125 0.1390625 0.1203125 0.13906250000000003 0.1953125 0.17656250000000004 0.1953125
25 0.5140625 0.2828125000000001 0.4671875 0.2828125000000001 0.4671875 0.3625000000000001 0.5140625 0.3625000000000001