1 0.10312500000000005 0.2015625 0.05468750000000002 0.2015625 0.05468750000000002 0.2671875 0.10312500000000005 0.2671875
7 0.4171875 0.20312500000000008 0.36875 0.20312500000000008 0.36875 0.27031250000000007 0.4171875 0.27031250000000007
52 0.07812500000000003 0.271875 0.017187500000000033 0.271875 0.017187500000000036 0.3359375 0.07812500000000004 0.3359375
5 0.3125 0.203125 0.2640625 0.203125 0.2640625 0.26875 0.3125 0.26875
55 0.3296875000000001 0.4109375 0.2796875000000001 0.4109375 0.2796875000000001 0.4765625 0.3296875000000001 0.4765625
44 0.06562500000000006 0.4109375 0.01718750000000005 0.4109375 0.017187500000000053 0.475 0.06562500000000007 0.475
8 0.46875 0.20312500000000008 0.4203125 0.20312500000000008 0.4203125 0.27031250000000007 0.46875 0.27031250000000007
49 0.06718750000000007 0.4796875 0.015625000000000062 0.4796875 0.015625000000000062 0.5453125 0.06718750000000007 0.5453125
30 0.9609375 0.14687500000000006 0.004687500000000018 0.146875 0.004687500000000044 0.5625000000000001 0.9609375 0.5625000000000002
16 0.2765625000000001 0.409375 0.2250000000000001 0.409375 0.2250000000000001 0.4765625 0.2765625000000001 0.4765625
17 0.051562500000000025 0.203125 0.01562500000000002 0.203125 0.015625000000000028 0.26875 0.051562500000000025 0.26875
32 0.11875000000000005 0.409375 0.06875000000000005 0.409375 0.06875000000000006 0.4765625 0.11875000000000005 0.4765625
6 0.365625 0.20312500000000006 0.3171875 0.203125 0.3171875 0.26875000000000004 0.365625 0.2687500000000001
3 0.2078125 0.2015625 0.15937500000000004 0.2015625 0.15937500000000004 0.26875 0.2078125 0.26875
24 0.353125 0.3421875 0.303125 0.3421875 0.30312500000000003 0.4078125 0.3531250000000001 0.4078125
39 0.7015625 0.2718750000000001 0.653125 0.2718750000000001 0.653125 0.3375000000000001 0.7015625 0.3375000000000001
38 0.5984375 0.2718750000000001 0.55 0.2718750000000001 0.55 0.3390625000000001 0.5984375 0.3390625000000001
14 0.55 0.4796875 0.5015625 0.4796875 0.5015625 0.5453125 0.55 0.5453125
15 0.37968750000000007 0.4125 0.3296875000000001 0.4125 0.3296875000000001 0.4765625 0.37968750000000007 0.4765625
20 0.7578125 0.20312500000000008 0.6796875 0.20312500000000008 0.6796875 0.2687500000000001 0.7578125 0.2687500000000001
18 0.534375 0.4109375 0.4859375 0.4109375 0.4859375 0.475 0.534375 0.475
29 0.509375 0.3421875000000001 0.4609375 0.3421875000000001 0.4609375 0.4078125 0.509375 0.4078125
19 0.25000000000000006 0.340625 0.2 0.340625 0.20000000000000004 0.4078125 0.2500000000000001 0.4078125
2 0.15625000000000006 0.2015625 0.10781250000000005 0.2015625 0.10781250000000005 0.26875 0.15625000000000006 0.26875
48 0.6234375 0.20312500000000008 0.575 0.20312500000000008 0.575 0.27031250000000007 0.6234375 0.27031250000000007
45 0.09062500000000004 0.340625 0.015625000000000045 0.340625 0.01562500000000005 0.40625 0.09062500000000004 0.40625
34 0.6359375 0.4109375 0.5875 0.4109375 0.5875 0.475 0.6359375 0.475
33 0.4828125 0.4109375 0.4328125 0.4109375 0.4328125 0.4765625 0.4828125 0.4765625
43 0.19687500000000005 0.340625 0.14687500000000003 0.340625 0.14687500000000003 0.40625 0.19687500000000005 0.40625
12 0.6640625 0.3421875000000001 0.615625 0.3421875000000001 0.615625 0.4078125 0.6640625 0.4078125
31 0.559375 0.3421875000000001 0.5109375 0.3421875000000001 0.5109375 0.4078125 0.559375 0.4078125
27 0.4953125 0.2718750000000001 0.446875 0.2718750000000001 0.446875 0.3375000000000001 0.4953125 0.3375000000000001
57 0.2234375000000001 0.4109375 0.17500000000000004 0.4109375 0.17500000000000004 0.4765625 0.2234375000000001 0.4765625
40 0.5859375 0.4109375 0.5375 0.4109375 0.5375 0.475 0.5859375 0.475
4 0.2609375 0.203125 0.2125 0.203125 0.2125 0.26875 0.2609375 0.26875
56 0.18281250000000004 0.2703125 0.13281250000000006 0.2703125 0.13281250000000006 0.3375 0.18281250000000004 0.3375
9 0.5203125 0.20312500000000008 0.471875 0.20312500000000008 0.471875 0.27031250000000007 0.5203125 0.27031250000000007
23 0.30156250000000007 0.340625 0.253125 0.340625 0.25312500000000004 0.40625 0.30156250000000007 0.40625
58 0.17187500000000006 0.409375 0.12031250000000004 0.409375 0.12031250000000004 0.4765625 0.17187500000000006 0.4765625
47 0.4984375 0.48125 0.22656250000000008 0.48125 0.22656250000000008 0.5453125 0.4984375 0.5453125
35 0.4328125 0.4109375 0.3828125000000001 0.4109375 0.3828125000000001 0.4765625 0.4328125 0.4765625
22 0.7578125 0.27031250000000007 0.70625 0.27031250000000007 0.70625 0.4062500000000001 0.7578125 0.40625000000000017
28 0.45625 0.3421875000000001 0.4078125 0.3421875000000001 0.4078125 0.4078125 0.45625 0.4078125
42 0.2890625 0.271875 0.2390625 0.271875 0.2390625 0.3375 0.2890625 0.3375
26 0.7140625 0.3421875000000001 0.665625 0.3421875000000001 0.665625 0.40625 0.7140625 0.40625
46 0.75625 0.41093750000000007 0.6390625 0.4109375 0.6390625 0.4765625000000001 0.75625 0.47656250000000017
36 0.546875 0.2718750000000001 0.4984375 0.2718750000000001 0.4984375 0.3390625000000001 0.546875 0.3390625000000001
41 0.13281250000000006 0.271875 0.08125000000000002 0.271875 0.08125000000000003 0.3390625 0.13281250000000006 0.3390625
0 0.5734375 0.20312500000000008 0.525 0.20312500000000008 0.525 0.27031250000000007 0.5734375 0.27031250000000007
54 0.65 0.2718750000000001 0.6 0.2718750000000001 0.6 0.3390625000000001 0.65 0.3390625000000001
37 0.6109375 0.3421875000000001 0.5625 0.3421875000000001 0.5625 0.4078125 0.6109375 0.4078125
10 0.14375000000000004 0.340625 0.09531250000000005 0.340625 0.09531250000000005 0.40625 0.14375000000000004 0.40625
11 0.6765625 0.20312500000000008 0.628125 0.20312500000000008 0.628125 0.2687500000000001 0.6765625 0.2687500000000001
21 0.2359375 0.271875 0.18593750000000003 0.271875 0.18593750000000003 0.3390625 0.2359375 0.3390625
25 0.4046875 0.34062500000000007 0.35625 0.340625 0.35625000000000007 0.4078125 0.4046875 0.4078125
51 0.340625 0.271875 0.2921875 0.271875 0.2921875 0.3359375 0.340625 0.3359375
13 0.2250000000000001 0.48125 0.17343750000000005 0.48125 0.17343750000000008 0.5453125 0.2250000000000001 0.5453125
53 0.44375 0.2718750000000001 0.3953125 0.2718750000000001 0.3953125 0.3390625000000001 0.44375 0.3390625000000001
59 0.3921875 0.27343750000000006 0.3421875 0.2734375 0.3421875 0.33906250000000004 0.3921875 0.3390625000000001
50 0.6015625 0.4796875 0.553125 0.4796875 0.553125 0.54375 0.6015625 0.54375