35 0.5953125 0.4140625 0.534375 0.4140625 0.534375 0.5078125 0.5953125 0.5078125
18 0.6953125 0.36406250000000007 0.6359375 0.36406250000000007 0.6359375 0.453125 0.6953125 0.453125
8 0.58125 0.16406250000000006 0.525 0.16406250000000006 0.525 0.2484375000000001 0.58125 0.2484375000000001
38 0.7171875 0.18125000000000008 0.6625 0.18125000000000008 0.6625 0.2656250000000001 0.7171875 0.2656250000000001
57 0.38750000000000007 0.51875 0.3296875000000001 0.51875 0.3296875000000001 0.6171875 0.38750000000000007 0.6171875
29 0.653125 0.2968750000000001 0.59375 0.2968750000000001 0.59375 0.3859375000000001 0.653125 0.3859375000000001
55 0.4921875 0.465625 0.4328125 0.465625 0.4328125 0.559375 0.4921875 0.559375
6 0.484375 0.21250000000000008 0.428125 0.21250000000000008 0.428125 0.29375000000000007 0.484375 0.29375000000000007
34 0.79375 0.3156250000000001 0.734375 0.3156250000000001 0.734375 0.4000000000000002 0.79375 0.4000000000000002
52 0.2156250000000001 0.421875 0.14375000000000004 0.421875 0.14375000000000004 0.5296875 0.2156250000000001 0.5296875
14 0.7375 0.4359375000000001 0.6734375 0.4359375 0.6734375 0.5281250000000001 0.7375 0.5281250000000002
30 0.95625 6.6016116516537e-17 0.121875 1.492538286460837e-17 0.12187500000000004 0.83125 0.95625 0.83125
3 0.33437500000000003 0.28125 0.278125 0.28125 0.27812500000000007 0.3671875 0.3343750000000001 0.3671875
39 0.8109375 0.1375000000000001 0.753125 0.1375000000000001 0.753125 0.2171875000000001 0.8109375 0.2171875000000001
16 0.440625 0.49375 0.3812500000000001 0.49375 0.3812500000000001 0.5890625 0.440625 0.5890625
53 0.575 0.2515625000000001 0.5171875 0.2515625000000001 0.5171875 0.3375000000000001 0.575 0.3375000000000001
46 0.9125 0.2562500000000001 0.78125 0.2562500000000001 0.78125 0.3765625000000001 0.9125 0.3765625000000001
12 0.8 0.2234375000000001 0.7390625 0.2234375000000001 0.7390625 0.3078125000000001 0.8 0.3078125000000001
15 0.54375 0.440625 0.484375 0.440625 0.484375 0.534375 0.54375 0.534375
26 0.8453125 0.1984375000000001 0.7875 0.1984375000000001 0.7875 0.28593750000000007 0.8453125 0.28593750000000007
47 0.684375 0.4609375 0.39531250000000007 0.4609375 0.39531250000000007 0.6890625 0.684375 0.6890625
32 0.2765625000000001 0.5703125 0.22031250000000008 0.5703125 0.22031250000000008 0.6734375 0.2765625000000001 0.6734375
28 0.603125 0.3218750000000001 0.5453125 0.3218750000000001 0.5453125 0.409375 0.603125 0.409375
9 0.628125 0.1390625000000001 0.5734375 0.1390625000000001 0.5734375 0.22656250000000008 0.628125 0.22656250000000008
4 0.384375 0.25625000000000003 0.3296875 0.25625 0.3296875 0.34218750000000003 0.384375 0.3421875000000001
27 0.621875 0.22656250000000008 0.565625 0.22656250000000008 0.565625 0.3125000000000001 0.621875 0.3125000000000001
19 0.4 0.4203125 0.3437500000000001 0.4203125 0.3437500000000001 0.515625 0.4 0.515625
13 0.4 0.60625 0.3375000000000001 0.60625 0.3375000000000001 0.7109375 0.4 0.7109375
51 0.4765625 0.2984375000000001 0.4203125 0.2984375000000001 0.4203125 0.3859375000000001 0.4765625 0.3859375000000001
31 0.7015625 0.2718750000000001 0.6421875 0.2718750000000001 0.6421875 0.3578125000000001 0.7015625 0.3578125000000001
10 0.2953125000000001 0.471875 0.2375000000000001 0.471875 0.2375000000000001 0.56875 0.2953125000000001 0.56875
20 0.85 0.043750000000000094 0.7578125 0.04375000000000009 0.7578125 0.13437500000000008 0.85 0.13437500000000008
48 0.721875 0.09531250000000009 0.665625 0.09531250000000009 0.665625 0.1781250000000001 0.721875 0.1781250000000001
22 0.890625 0.10781250000000009 0.8015625 0.10781250000000009 0.8015625 0.2609375000000001 0.890625 0.2609375000000001
25 0.553125 0.3468750000000001 0.496875 0.3468750000000001 0.496875 0.4359375 0.553125 0.4359375
21 0.37500000000000006 0.34687500000000004 0.3171875 0.346875 0.31718750000000007 0.4390625 0.3750000000000001 0.4390625
2 0.2828125 0.3046875 0.228125 0.3046875 0.22812500000000005 0.39375 0.2828125000000001 0.39375
56 0.3218750000000001 0.371875 0.2656250000000001 0.371875 0.2656250000000001 0.465625 0.3218750000000001 0.465625
24 0.503125 0.37187500000000007 0.446875 0.37187500000000007 0.446875 0.4609375 0.503125 0.4609375
23 0.453125 0.39531250000000007 0.39531250000000007 0.39531250000000007 0.39531250000000007 0.4890625 0.453125 0.4890625
0 0.6765625 0.11875000000000009 0.6203125 0.11875000000000009 0.6203125 0.2015625000000001 0.6765625 0.2015625000000001
40 0.7453125 0.34062500000000007 0.684375 0.34062500000000007 0.684375 0.4250000000000001 0.7453125 0.42500000000000016
59 0.525 0.2765625000000001 0.46875 0.2765625000000001 0.46875 0.3609375000000001 0.525 0.3609375000000001
37 0.7515625 0.2484375000000001 0.69375 0.2484375000000001 0.69375 0.3359375000000001 0.7515625 0.3359375000000001
50 0.7921875 0.4062500000000001 0.721875 0.40625 0.721875 0.5000000000000001 0.7921875 0.5000000000000002
45 0.2390625000000001 0.4984375 0.15156250000000004 0.4984375 0.15156250000000007 0.6125 0.2390625000000001 0.6125
58 0.3312500000000001 0.5453125 0.2734375000000001 0.5453125 0.2734375000000001 0.646875 0.3312500000000001 0.646875
42 0.425 0.32500000000000007 0.36875 0.32500000000000007 0.36875 0.4140625 0.425 0.4140625
11 0.76875 0.07656250000000009 0.7125 0.07656250000000009 0.7125 0.15625000000000008 0.76875 0.15625000000000008
5 0.434375 0.23593750000000008 0.3796875 0.23593750000000008 0.3796875 0.3203125000000001 0.434375 0.3203125000000001
33 0.6453125 0.3890625000000001 0.584375 0.3890625000000001 0.584375 0.4828125 0.6453125 0.4828125
54 0.7671875 0.15781250000000008 0.709375 0.15781250000000008 0.709375 0.2390625000000001 0.7671875 0.2390625000000001
1 0.23125000000000004 0.328125 0.17812500000000003 0.328125 0.17812500000000003 0.4203125 0.2312500000000001 0.4203125
43 0.3468750000000001 0.4484375 0.2890625000000001 0.4484375 0.2890625000000001 0.5421875 0.3468750000000001 0.5421875
7 0.5328125 0.18750000000000006 0.478125 0.18750000000000006 0.478125 0.2734375000000001 0.5328125 0.2734375000000001
49 0.2328125000000001 0.6890625 0.16562500000000008 0.6890625 0.16562500000000008 0.8015625 0.2328125000000001 0.8015625
41 0.27031250000000007 0.396875 0.2140625000000001 0.396875 0.2140625000000001 0.490625 0.27031250000000007 0.490625
17 0.17812500000000003 0.35625 0.13750000000000004 0.35625 0.13750000000000004 0.4375 0.17812500000000003 0.4375
36 0.671875 0.2062500000000001 0.6140625 0.2062500000000001 0.6140625 0.2906250000000001 0.671875 0.2906250000000001
44 0.2218750000000001 0.6015625 0.1593750000000001 0.6015625 0.1593750000000001 0.70625 0.2218750000000001 0.70625