1 0.2453125000000001 0.8 0.1765625000000001 0.8 0.1765625000000001 0.8515625 0.2453125000000001 0.8515625
27 0.3203125000000001 0.3734375 0.2515625000000001 0.3734375 0.2515625000000001 0.4265625 0.3203125000000001 0.4265625
53 0.3234375000000001 0.4296875 0.2515625000000001 0.4296875 0.2515625000000001 0.4828125 0.3234375000000001 0.4828125
23 0.3968750000000001 0.584375 0.32500000000000007 0.584375 0.32500000000000007 0.634375 0.3968750000000001 0.634375
11 0.246875 0.17500000000000002 0.175 0.175 0.17500000000000002 0.228125 0.246875 0.228125
56 0.3203125000000001 0.7125 0.2515625000000001 0.7125 0.2515625000000001 0.765625 0.3203125000000001 0.765625
54 0.3203125 0.2015625 0.2484375 0.2015625 0.2484375 0.25625 0.3203125 0.25625
7 0.2484375000000001 0.459375 0.17656250000000004 0.459375 0.17656250000000004 0.5125 0.2484375000000001 0.5125
16 0.4734375 0.6125 0.4015625 0.6125 0.4015625 0.665625 0.4734375 0.665625
0 0.2484375 0.2890625 0.17656250000000004 0.2890625 0.17656250000000004 0.3421875 0.2484375 0.3421875
50 0.55 0.24218750000000008 0.475 0.24218750000000008 0.475 0.30156250000000007 0.55 0.30156250000000007
44 0.4734375000000002 0.840625 0.40156250000000016 0.840625 0.40156250000000016 0.9 0.4734375000000002 0.9
6 0.2468750000000001 0.5171875 0.17812500000000003 0.5171875 0.17812500000000006 0.5703125 0.2468750000000001 0.5703125
58 0.4734375000000002 0.7265625 0.40156250000000016 0.7265625 0.40156250000000016 0.7796875 0.4734375000000002 0.7796875
52 0.3203125000000001 0.8265625 0.2484375000000001 0.8265625 0.2484375000000001 0.896875 0.3203125000000001 0.896875
18 0.4734375 0.3296875000000001 0.4015625 0.3296875000000001 0.4015625 0.3828125000000001 0.4734375 0.3828125000000001
30 0.5687500000000001 0.04375000000000004 0.1125 0.04375000000000001 0.11250000000000007 0.9140625 0.5687500000000002 0.9140625
57 0.4734375 0.66875 0.4015625 0.66875 0.4015625 0.721875 0.4734375 0.721875
12 0.396875 0.18593750000000003 0.325 0.18593750000000003 0.325 0.23906250000000004 0.396875 0.2390625000000001
3 0.2484375000000001 0.6859375 0.1765625000000001 0.6859375 0.1765625000000001 0.7390625 0.2484375000000001 0.7390625
4 0.2484375000000001 0.6296875 0.1765625000000001 0.6296875 0.1765625000000001 0.6828125 0.2484375000000001 0.6828125
5 0.2484375000000001 0.5734375 0.1765625000000001 0.5734375 0.1765625000000001 0.6265625 0.2484375000000001 0.6265625
42 0.3234375000000001 0.5984375 0.2515625000000001 0.5984375 0.2515625000000001 0.6515625 0.3234375000000001 0.6515625
47 0.55 0.36406250000000007 0.475 0.36406250000000007 0.475 0.6671875 0.55 0.6671875
19 0.3984375000000001 0.640625 0.3265625000000001 0.640625 0.3265625000000001 0.69375 0.3984375000000001 0.69375
46 0.4734375 0.06718750000000005 0.3984375 0.06718750000000004 0.3984375 0.21093750000000008 0.4734375 0.21093750000000008
49 0.5484375000000001 0.8390625 0.47656250000000017 0.8390625 0.47656250000000017 0.9015625 0.5484375000000001 0.9015625
33 0.4734375 0.38750000000000007 0.4015625 0.38750000000000007 0.4015625 0.440625 0.4734375 0.440625
36 0.32031250000000006 0.315625 0.2515625 0.315625 0.2515625 0.3703125 0.3203125000000001 0.3703125
24 0.3968750000000001 0.528125 0.3281250000000001 0.528125 0.3281250000000001 0.58125 0.3968750000000001 0.58125
55 0.4734375 0.5546875 0.4015625 0.5546875 0.4015625 0.609375 0.4734375 0.609375
45 0.39531250000000007 0.8125 0.3234375000000001 0.8125 0.3234375000000001 0.896875 0.39531250000000007 0.896875
21 0.3234375000000001 0.6546875 0.2515625000000001 0.6546875 0.2515625000000001 0.7078125 0.3234375000000001 0.7078125
15 0.471875 0.4984375 0.403125 0.4984375 0.403125 0.553125 0.471875 0.553125
39 0.3203125 0.14375000000000004 0.2484375 0.14375000000000004 0.2484375 0.19687500000000005 0.3203125 0.19687500000000005
31 0.3984375 0.30000000000000004 0.3265625 0.3 0.3265625 0.35468750000000004 0.3984375 0.3546875000000001
13 0.5484375 0.66875 0.4765625 0.66875 0.4765625 0.721875 0.5484375 0.721875
22 0.3953125 0.07187500000000004 0.2484375 0.07187500000000002 0.2484375 0.14062500000000006 0.3953125 0.14062500000000006
35 0.4734375 0.44375 0.4015625 0.44375 0.4015625 0.496875 0.4734375 0.496875
41 0.3203125000000001 0.76875 0.2484375000000001 0.76875 0.2484375000000001 0.8234375 0.3203125000000001 0.8234375
29 0.39687500000000003 0.35781250000000003 0.325 0.3578125 0.32500000000000007 0.4109375 0.3968750000000001 0.4109375
48 0.246875 0.2328125 0.17500000000000004 0.2328125 0.17500000000000004 0.2875 0.246875 0.2875
43 0.3968750000000001 0.6984375 0.32500000000000007 0.6984375 0.32500000000000007 0.7515625 0.3968750000000001 0.7515625
32 0.4734375000000002 0.7828125 0.40156250000000016 0.7828125 0.40156250000000016 0.8359375 0.4734375000000002 0.8359375
40 0.4734375 0.2718750000000001 0.4015625 0.2718750000000001 0.4015625 0.32500000000000007 0.4734375 0.32500000000000007
10 0.3968750000000001 0.7546875 0.32500000000000007 0.7546875 0.32500000000000007 0.8078125 0.3968750000000001 0.8078125
17 0.2453125000000001 0.8546875 0.1765625000000001 0.8546875 0.1765625000000001 0.8953125 0.2453125000000001 0.8953125
37 0.3984375 0.24375000000000005 0.3265625 0.24375 0.3265625 0.2984375 0.3984375 0.2984375000000001
20 0.2453125 0.07187500000000002 0.1734375 0.07187500000000002 0.1734375 0.17031250000000003 0.2453125 0.17031250000000003
14 0.55 0.3062500000000001 0.478125 0.3062500000000001 0.478125 0.3593750000000001 0.55 0.3593750000000001
25 0.3968750000000001 0.471875 0.32500000000000007 0.471875 0.32500000000000007 0.525 0.3968750000000001 0.525
34 0.4734375 0.2156250000000001 0.4015625 0.2156250000000001 0.4015625 0.27031250000000007 0.4734375 0.27031250000000007
51 0.3203125000000001 0.54375 0.2515625000000001 0.54375 0.2515625000000001 0.596875 0.3203125000000001 0.596875
38 0.3203125 0.2609375 0.2515625 0.2609375 0.2515625 0.3140625 0.3203125 0.3140625
28 0.3968750000000001 0.4140625 0.32500000000000007 0.4140625 0.32500000000000007 0.4671875 0.3968750000000001 0.4671875
9 0.24843750000000003 0.3484375 0.17656250000000004 0.3484375 0.17656250000000004 0.4015625 0.2484375000000001 0.4015625
59 0.3234375000000001 0.4859375 0.2515625000000001 0.4859375 0.2515625000000001 0.5390625 0.3234375000000001 0.5390625
26 0.396875 0.12812500000000004 0.325 0.12812500000000004 0.325 0.18281250000000004 0.396875 0.18281250000000004
8 0.2484375000000001 0.40625 0.17656250000000004 0.40625 0.17656250000000004 0.45625 0.2484375000000001 0.45625
2 0.2453125000000001 0.7421875 0.1765625000000001 0.7421875 0.1765625000000001 0.7953125 0.2453125000000001 0.7953125