20 0.6203125000000002 0.86875 0.5359375000000002 0.86875 0.5359375000000002 0.965625 0.6203125000000002 0.965625
33 0.34843750000000007 0.6 0.2593750000000001 0.6 0.2593750000000001 0.65625 0.34843750000000007 0.65625
24 0.4390625 0.459375 0.3515625000000001 0.459375 0.3515625000000001 0.5125 0.4390625 0.5125
22 0.5312500000000002 0.9 0.3515625000000001 0.9 0.3515625000000001 0.9703125 0.5312500000000002 0.9703125
50 0.2531250000000001 0.74375 0.16406250000000008 0.74375 0.16406250000000008 0.80625 0.2531250000000001 0.80625
51 0.528125 0.4453125 0.44375 0.4453125 0.44375 0.4984375 0.528125 0.4984375
48 0.6187500000000001 0.753125 0.5343750000000002 0.753125 0.5343750000000002 0.8078125 0.6187500000000001 0.8078125
37 0.4390625000000002 0.7453125 0.3515625000000001 0.7453125 0.3515625000000001 0.8 0.4390625000000002 0.8
17 0.6171875 0.14531250000000007 0.5328125 0.14531250000000004 0.5328125 0.18750000000000006 0.6171875 0.18750000000000008
31 0.4390625000000001 0.6875 0.3515625000000001 0.6875 0.3515625000000001 0.740625 0.4390625000000002 0.740625
27 0.5296875 0.6140625 0.4453125 0.6140625 0.4453125 0.6671875 0.5296875 0.6671875
1 0.6171875 0.19062500000000007 0.5328125 0.19062500000000004 0.5328125 0.24375000000000008 0.6171875 0.24375000000000008
13 0.25312500000000004 0.3125 0.16406250000000006 0.3125 0.16406250000000006 0.36875 0.2531250000000001 0.36875
6 0.6171875 0.471875 0.5328125 0.471875 0.5328125 0.525 0.6171875 0.525
25 0.4390625 0.5171875 0.3515625000000001 0.5171875 0.3515625000000001 0.5703125 0.4390625 0.5703125
49 0.2515625 0.13281250000000003 0.1609375 0.1328125 0.1609375 0.19531250000000003 0.2515625 0.19531250000000006
38 0.5296875000000002 0.7296875 0.44531250000000017 0.7296875 0.44531250000000017 0.7828125 0.5296875000000002 0.7828125
11 0.6203125000000002 0.8109375 0.5359375000000002 0.8109375 0.5359375000000002 0.8640625 0.6203125000000002 0.8640625
46 0.34843750000000007 0.834375 0.2578125000000001 0.834375 0.2578125000000001 0.975 0.34843750000000007 0.975
21 0.5265625 0.3296875000000001 0.4421875 0.3296875000000001 0.4421875 0.3859375000000001 0.5265625 0.3859375000000001
4 0.6171875 0.3593750000000001 0.5328125 0.3593750000000001 0.5328125 0.4125 0.6171875 0.4125
53 0.5265625 0.5578125 0.4421875 0.5578125 0.4421875 0.6109375 0.5265625 0.6109375
28 0.4390625 0.5734375 0.3546875000000001 0.5734375 0.3546875000000001 0.6265625 0.4390625 0.6265625
39 0.5312500000000002 0.8421875 0.4437500000000002 0.8421875 0.4437500000000002 0.896875 0.5312500000000002 0.896875
26 0.4390625000000002 0.8609375 0.3515625000000001 0.8609375 0.3515625000000001 0.9140625 0.4390625000000002 0.9140625
47 0.2562500000000001 0.3703125 0.16406250000000006 0.3703125 0.16406250000000006 0.68125 0.2562500000000001 0.68125
19 0.4390625 0.3453125 0.35 0.3453125 0.35000000000000003 0.4 0.4390625 0.4
10 0.4375 0.23125000000000004 0.35 0.23125 0.35 0.28437500000000004 0.4375 0.2843750000000001
32 0.346875 0.2 0.2578125 0.2 0.2578125 0.2546875 0.346875 0.2546875
23 0.4390625 0.4046875 0.3515625000000001 0.4046875 0.3515625000000001 0.4578125 0.4390625 0.4578125
40 0.3468750000000001 0.7171875 0.2593750000000001 0.7171875 0.2593750000000001 0.7734375 0.3468750000000001 0.7734375
57 0.34687500000000004 0.315625 0.2578125 0.315625 0.25781250000000006 0.3703125 0.3468750000000001 0.3703125
12 0.4390625000000002 0.8046875 0.3515625000000001 0.8046875 0.3515625000000001 0.8578125 0.4390625000000002 0.8578125
44 0.3453125 0.13750000000000004 0.2578125 0.13750000000000004 0.2578125 0.19687500000000005 0.3453125 0.19687500000000005
7 0.6171875 0.528125 0.5328125 0.528125 0.5328125 0.58125 0.6171875 0.58125
58 0.346875 0.25625 0.2578125 0.25625 0.2578125 0.3109375 0.346875 0.3109375
45 0.4375 0.13906250000000003 0.35 0.13906250000000003 0.35 0.22656250000000006 0.4375 0.22656250000000008
5 0.6171875 0.415625 0.5328125 0.415625 0.5328125 0.46875 0.6171875 0.46875
36 0.5296875 0.6703125 0.4453125 0.6703125 0.4453125 0.725 0.5296875 0.725
0 0.6187500000000001 0.696875 0.534375 0.696875 0.534375 0.75 0.6187500000000001 0.75
59 0.528125 0.5015625 0.44375 0.5015625 0.44375 0.5546875 0.528125 0.5546875
52 0.528125 0.14218750000000005 0.440625 0.14218750000000005 0.440625 0.2140625000000001 0.528125 0.2140625000000001
41 0.528125 0.2156250000000001 0.440625 0.2156250000000001 0.440625 0.2718750000000001 0.528125 0.2718750000000001
55 0.34843750000000007 0.4296875 0.2593750000000001 0.4296875 0.2593750000000001 0.484375 0.34843750000000007 0.484375
54 0.5296875000000002 0.7859375 0.4421875000000002 0.7859375 0.4421875000000002 0.840625 0.5296875000000002 0.840625
56 0.5265625 0.2734375000000001 0.4421875 0.2734375000000001 0.4421875 0.3281250000000001 0.5265625 0.3281250000000001
14 0.2531250000000001 0.684375 0.16406250000000008 0.684375 0.16406250000000008 0.740625 0.2531250000000001 0.740625
2 0.6171875 0.2453125000000001 0.5328125 0.2453125000000001 0.5328125 0.2984375000000001 0.6171875 0.2984375000000001
3 0.6171875 0.3031250000000001 0.5328125 0.3031250000000001 0.5328125 0.35625000000000007 0.6171875 0.35625000000000007
43 0.4390625 0.28750000000000003 0.35 0.2875 0.35 0.34375000000000006 0.4390625 0.3437500000000001
9 0.6171875 0.6390625 0.5328125 0.6390625 0.5328125 0.6921875 0.6171875 0.6921875
15 0.34843750000000007 0.4875 0.2609375000000001 0.4875 0.2609375000000001 0.5421875 0.34843750000000007 0.5421875
42 0.5265625 0.3890625000000001 0.4421875 0.3890625000000001 0.4421875 0.4421875 0.5265625 0.4421875
35 0.34843750000000007 0.54375 0.2593750000000001 0.54375 0.2593750000000001 0.6 0.34843750000000007 0.6
34 0.3437500000000001 0.7765625 0.2593750000000001 0.7765625 0.2593750000000001 0.83125 0.3437500000000001 0.83125
30 0.6828125 0.12187500000000004 0.1421875 0.121875 0.14218750000000008 0.9953125 0.6828125000000002 0.9953125
16 0.3468750000000001 0.371875 0.2578125000000001 0.371875 0.2578125000000001 0.428125 0.3468750000000001 0.428125
18 0.34843750000000007 0.659375 0.2593750000000001 0.659375 0.2593750000000001 0.7140625 0.34843750000000007 0.7140625
29 0.4390625 0.6296875 0.3515625000000001 0.6296875 0.3515625000000001 0.684375 0.4390625 0.684375
8 0.6171875 0.584375 0.5328125 0.584375 0.5328125 0.634375 0.6171875 0.634375