14 0.790625 0.24218750000000008 0.6859375 0.24218750000000008 0.6859375 0.3421875000000001 0.790625 0.3421875000000001
21 0.20625 0.13906250000000003 0.121875 0.1390625 0.12187500000000002 0.228125 0.20625 0.228125
57 0.20625000000000004 0.3109375 0.11406250000000004 0.3109375 0.11406250000000004 0.41875 0.2062500000000001 0.41875
55 0.38906250000000003 0.259375 0.2921875 0.259375 0.29218750000000004 0.36406250000000007 0.3890625000000001 0.36406250000000007
26 0.94375 0.02343750000000011 0.85 0.023437500000000104 0.85 0.10468750000000011 0.94375 0.10468750000000013
42 0.2890625 0.11718750000000004 0.2046875 0.11718750000000004 0.2046875 0.203125 0.2890625 0.203125
18 0.7203125 0.1671875000000001 0.625 0.1671875000000001 0.625 0.2593750000000001 0.7203125 0.2593750000000001
43 0.15156250000000004 0.234375 0.06562500000000002 0.234375 0.06562500000000003 0.334375 0.15156250000000004 0.334375
1 0.023437500000000017 0.1109375 1.358592542804095e-17 0.1109375 1.8561053049577072e-17 0.1921875 0.02343750000000002 0.1921875
5 0.3109375 0.03750000000000003 0.234375 0.03750000000000003 0.234375 0.11406250000000004 0.3109375 0.11406250000000004
56 0.12187500000000002 0.159375 0.03906250000000002 0.159375 0.03906250000000003 0.25 0.12187500000000004 0.25
58 0.11250000000000004 0.3375 0.023437500000000038 0.3375 0.02343750000000005 0.446875 0.11250000000000004 0.446875
9 0.6125 6.993881329505588e-17 0.5296875 6.486801014233636e-17 0.5296875 0.035937500000000074 0.6125 0.03593750000000008
47 0.7140625 0.26250000000000007 0.215625 0.2625 0.21562500000000004 0.5015625 0.7140625 0.5015625
16 0.30000000000000004 0.284375 0.2046875 0.284375 0.20468750000000005 0.39375 0.3000000000000001 0.39375
10 0.06250000000000003 0.2578125 3.15729252905177e-17 0.2578125 3.769615928625447e-17 0.3578125 0.06250000000000004 0.3578125
54 0.81875 9.481445140273649e-17 0.7296875 8.936094612528342e-17 0.7296875 0.0578125000000001 0.81875 0.057812500000000114
8 0.540625 6.113666442618427e-17 0.4578125 5.606586127346476e-17 0.4578125 0.056250000000000064 0.540625 0.056250000000000064
33 0.640625 0.19062500000000007 0.54375 0.19062500000000004 0.54375 0.2875000000000001 0.640625 0.2875000000000001
41 0.043750000000000025 0.18125 2.2196723234545777e-17 0.18125 2.7937255105548996e-17 0.275 0.04375000000000003 0.275
50 0.878125 0.22031250000000008 0.7671875 0.22031250000000008 0.7671875 0.3187500000000001 0.878125 0.3187500000000001
27 0.603125 0.035937500000000074 0.515625 0.03593750000000007 0.515625 0.11406250000000007 0.603125 0.1140625000000001
32 0.03906250000000005 0.3609375 4.420209540672478e-17 0.3609375 5.128208471429541e-17 0.4765625 0.039062500000000056 0.4765625
25 0.49375 0.14375000000000004 0.403125 0.14375000000000004 0.403125 0.23437500000000008 0.49375 0.23437500000000008
13 0.2171875000000001 0.4078125 0.12031250000000004 0.4078125 0.12031250000000004 0.5296875 0.2171875000000001 0.5296875
23 0.3265625 0.18750000000000006 0.2375 0.18750000000000006 0.2375 0.2796875 0.3265625 0.2796875
40 0.8 0.14843750000000008 0.703125 0.14843750000000008 0.703125 0.23437500000000008 0.8 0.23437500000000008
46 1 0.08593750000000012 0.8484375 0.08593750000000011 0.8484375 0.19218750000000012 1 0.19218750000000012
31 0.728125 0.0828125000000001 0.6359375 0.0828125000000001 0.6359375 0.16406250000000008 0.728125 0.16406250000000008
6 0.3890625 0.018750000000000044 0.309375 0.018750000000000037 0.309375 0.09375000000000004 0.3890625 0.09375000000000004
35 0.5578125 0.2140625000000001 0.4625 0.2140625000000001 0.4625 0.3125000000000001 0.5578125 0.3125000000000001
4 0.2328125 0.05625000000000002 0.15625 0.05625000000000002 0.15625 0.13593750000000002 0.2328125 0.13593750000000004
39 0.8859375 1.0304254708450775e-16 0.796875 9.758904180705471e-17 0.796875 0.0375000000000001 0.8859375 0.03750000000000011
30 1 6.123233995736766e-17 0 0 3.712210609915415e-17 0.6062500000000001 1 0.6062500000000002
53 0.528125 0.05625000000000006 0.440625 0.05625000000000004 0.440625 0.13593750000000004 0.528125 0.13593750000000004
38 0.7484375 0.0015625000000000864 0.6609375 0.0015625000000000812 0.6609375 0.07656250000000009 0.7484375 0.07656250000000009
2 0.07187500000000002 0.096875 1.1863765866739984e-17 0.096875 1.674321795709272e-17 0.1765625 0.07187500000000002 0.1765625
51 0.36875 0.09531250000000005 0.2859375 0.09531250000000005 0.2859375 0.17968750000000006 0.36875 0.17968750000000006
7 0.465625 0.0015625000000000521 0.384375 0.0015625000000000471 0.384375 0.07500000000000005 0.465625 0.07500000000000007
59 0.4484375 0.07656250000000005 0.3640625 0.07656250000000005 0.3640625 0.15781250000000005 0.4484375 0.15781250000000005
22 0.9984375 1.1356685551468033e-16 0.85625 1.0486038217699211e-16 0.85625 0.08593750000000012 0.9984375 0.08593750000000014
34 0.875 0.1281250000000001 0.778125 0.1281250000000001 0.778125 0.21250000000000008 0.875 0.21250000000000008
37 0.803125 0.06406250000000009 0.7109375 0.06406250000000009 0.7109375 0.1453125000000001 0.803125 0.1453125000000001
28 0.5734375 0.12187500000000007 0.4828125 0.12187500000000004 0.4828125 0.21093750000000008 0.5734375 0.21093750000000008
24 0.4109375 0.16562500000000005 0.3203125 0.16562500000000005 0.3203125 0.259375 0.4109375 0.2593750000000001
19 0.2390625 0.2109375 0.15156250000000004 0.2109375 0.15156250000000004 0.309375 0.2390625 0.309375
3 0.153125 0.0765625 0.0734375 0.0765625 0.07343750000000002 0.1578125 0.153125 0.1578125
12 0.8734375 0.04375000000000011 0.78125 0.0437500000000001 0.78125 0.12343750000000009 0.8734375 0.12343750000000009
15 0.4765625 0.23593750000000008 0.378125 0.23593750000000008 0.378125 0.3375000000000001 0.4765625 0.3375000000000001
29 0.6515625 0.10000000000000009 0.559375 0.10000000000000009 0.559375 0.18750000000000008 0.6515625 0.18750000000000008
0 0.684375 7.85496111015607e-17 0.5984375 7.328745688647442e-17 0.5984375 0.025000000000000085 0.684375 0.025000000000000088
48 0.7515625 8.706473337688214e-17 0.6703125 8.208960575534602e-17 0.6703125 0.01562500000000009 0.7515625 0.015625000000000094
36 0.6765625 0.020312500000000077 0.5890625 0.020312500000000074 0.5890625 0.09531250000000008 0.6765625 0.09531250000000009