33 0.4296875 0.3234375000000001 0.3640625 0.3234375000000001 0.36406250000000007 0.3921875000000001 0.4296875 0.3921875000000001
29 0.4234375 0.2515625 0.3609375 0.2515625 0.3609375 0.31718750000000007 0.4234375 0.31718750000000007
35 0.484375 0.3421875000000001 0.41875 0.3421875000000001 0.41875 0.4109375 0.484375 0.4109375
42 0.671875 0.27031250000000007 0.609375 0.27031250000000007 0.609375 0.3390625000000001 0.671875 0.3390625000000001
41 0.8453125 0.3281250000000001 0.7796875 0.3281250000000001 0.7796875 0.4000000000000002 0.8453125 0.4000000000000002
1 0.8875 0.2750000000000001 0.828125 0.2750000000000001 0.828125 0.3437500000000001 0.8875 0.3437500000000001
22 0.2125 0.11406250000000002 0.121875 0.1140625 0.12187500000000002 0.228125 0.2125 0.228125
4 0.7171875 0.2171875000000001 0.6578125 0.2171875000000001 0.6578125 0.2828125000000001 0.7171875 0.2828125000000001
43 0.7546875 0.3671875000000001 0.6890625 0.3671875000000001 0.6890625 0.44218750000000007 0.7546875 0.4421875000000002
8 0.5015625 0.14687500000000003 0.4421875 0.14687500000000003 0.4421875 0.21093750000000008 0.5015625 0.21093750000000008
10 0.8140625 0.3859375000000001 0.7484375 0.3859375000000001 0.7484375 0.46093750000000017 0.8140625 0.46093750000000017
39 0.2625 0.13437500000000005 0.203125 0.13437500000000005 0.203125 0.19531250000000006 0.2625 0.19531250000000006
51 0.6171875 0.2515625000000001 0.5546875 0.2515625000000001 0.5546875 0.31718750000000007 0.6171875 0.31718750000000007
48 0.3546875 0.10312500000000005 0.2953125 0.10312500000000005 0.2953125 0.16250000000000003 0.3546875 0.16250000000000003
5 0.6625 0.2000000000000001 0.603125 0.2000000000000001 0.603125 0.2640625000000001 0.6625 0.2640625000000001
14 0.33437500000000003 0.359375 0.26875 0.359375 0.26875000000000004 0.428125 0.3343750000000001 0.428125
15 0.5390625 0.3609375000000001 0.4734375 0.3609375000000001 0.4734375 0.4328125 0.5390625 0.4328125
3 0.7734375 0.2375000000000001 0.7109375 0.2375000000000001 0.7109375 0.3031250000000001 0.7734375 0.3031250000000001
27 0.45625 0.19687500000000005 0.396875 0.19687500000000005 0.396875 0.2609375000000001 0.45625 0.2609375000000001
21 0.7296875 0.2890625000000001 0.6640625 0.2890625000000001 0.6640625 0.3578125000000001 0.7296875 0.3578125000000001
50 0.28437500000000004 0.3375 0.2125 0.3375 0.21250000000000005 0.40625 0.2843750000000001 0.40625
45 0.9078125 0.40937500000000016 0.8109375 0.40937500000000016 0.8109375 0.4984375000000002 0.9078125 0.4984375000000002
53 0.509375 0.2140625000000001 0.446875 0.2140625000000001 0.446875 0.2796875000000001 0.509375 0.2796875000000001
31 0.3703125 0.23437500000000006 0.3109375 0.234375 0.3109375 0.30000000000000004 0.3703125 0.3000000000000001
13 0.69375 0.4890625 0.625 0.4890625 0.625 0.5703125 0.69375 0.5703125
23 0.640625 0.32500000000000007 0.575 0.32500000000000007 0.575 0.3968750000000001 0.640625 0.3968750000000001
18 0.37812500000000004 0.30312500000000003 0.315625 0.303125 0.31562500000000004 0.36875 0.3781250000000001 0.3687500000000001
20 0.259375 0.06406250000000002 0.165625 0.06406250000000002 0.165625 0.1296875 0.259375 0.12968750000000004
44 0.8953125 0.4890625000000002 0.8234375 0.4890625000000002 0.8234375 0.5703125000000002 0.8953125 0.5703125000000002
19 0.696875 0.3453125000000001 0.63125 0.3453125000000001 0.63125 0.4203125 0.696875 0.4203125
52 0.9234375 0.3500000000000001 0.8390625 0.3500000000000001 0.8390625 0.4343750000000002 0.9234375 0.4343750000000002
24 0.584375 0.3062500000000001 0.51875 0.3062500000000001 0.51875 0.3781250000000001 0.584375 0.3781250000000001
59 0.5625 0.23437500000000008 0.5 0.23437500000000008 0.5 0.3000000000000001 0.5625 0.3000000000000001
7 0.5546875 0.16406250000000006 0.4953125 0.16406250000000006 0.4953125 0.22812500000000008 0.5546875 0.22812500000000008
26 0.225 0.184375 0.16562500000000005 0.184375 0.16562500000000005 0.2484375 0.225 0.2484375
2 0.83125 0.2562500000000001 0.76875 0.2562500000000001 0.76875 0.32500000000000007 0.83125 0.32500000000000007
49 0.88125 0.5593750000000002 0.80625 0.5593750000000002 0.80625 0.6484375000000002 0.88125 0.6484375000000002
30 0.9578125 0.010937500000000062 0.0609375 0.010937500000000008 0.06093750000000005 0.675 0.9578125 0.6750000000000002
6 0.6078125 0.18125000000000008 0.5484375 0.18125000000000008 0.5484375 0.2468750000000001 0.6078125 0.2468750000000001
57 0.709375 0.421875 0.64375 0.421875 0.64375 0.496875 0.709375 0.496875
0 0.403125 0.11718750000000004 0.34375 0.11718750000000004 0.34375 0.17812500000000003 0.403125 0.17812500000000003
25 0.5296875 0.2875000000000001 0.4640625 0.2875000000000001 0.4640625 0.35625000000000007 0.5296875 0.35625000000000007
12 0.2734375 0.2 0.2109375 0.2 0.2109375 0.2640625 0.2734375 0.2640625
28 0.475 0.27031250000000007 0.4125 0.27031250000000007 0.4125 0.3359375000000001 0.475 0.3359375000000001
17 0.9328125 0.2953125000000001 0.8859375 0.2953125000000001 0.8859375 0.3609375000000001 0.9328125 0.3609375000000001
9 0.4515625 0.13125000000000003 0.3921875 0.13125000000000003 0.3921875 0.19531250000000006 0.4515625 0.19531250000000006
55 0.59375 0.3812500000000001 0.528125 0.3812500000000001 0.528125 0.453125 0.59375 0.453125
11 0.3046875 0.08593750000000003 0.2484375 0.08593750000000003 0.2484375 0.14531250000000004 0.3046875 0.14531250000000004
40 0.325 0.2859375 0.2625 0.2859375 0.2625 0.35 0.325 0.35
58 0.7671875 0.4453125000000001 0.7015625 0.4453125 0.7015625 0.5234375000000001 0.7671875 0.5234375000000002
32 0.8296875 0.4671875000000002 0.7640625 0.4671875000000002 0.7640625 0.5484375000000001 0.8296875 0.5484375000000001
38 0.35625 0.16718750000000004 0.296875 0.16718750000000004 0.296875 0.2265625 0.35625 0.2265625
46 0.228125 0.2265625 0.09687500000000002 0.2265625 0.09687500000000003 0.3171875 0.228125 0.3171875
47 0.6265625 0.37812500000000004 0.3234375000000001 0.378125 0.3234375000000001 0.55625 0.6265625 0.55625
36 0.4046875 0.18125000000000005 0.3453125 0.18125000000000005 0.3453125 0.24531250000000004 0.4046875 0.2453125000000001
16 0.65 0.4 0.584375 0.4 0.584375 0.478125 0.65 0.478125
37 0.3203125 0.2171875 0.2609375 0.2171875 0.2609375 0.28125 0.3203125 0.28125
54 0.30625 0.15000000000000005 0.246875 0.15000000000000005 0.246875 0.2109375 0.30625 0.2109375
34 0.278125 0.2703125 0.2125 0.2703125 0.2125 0.33125 0.278125 0.33125
56 0.7859375 0.30937500000000007 0.7234375 0.30937500000000007 0.7234375 0.3781250000000001 0.7859375 0.3781250000000001