1 0.2 0.18750000000000003 0.15000000000000005 0.1875 0.15000000000000005 0.25625 0.2 0.25625
27 0.625 0.26250000000000007 0.571875 0.26250000000000007 0.571875 0.3312500000000001 0.625 0.3312500000000001
53 0.56875 0.26250000000000007 0.515625 0.26250000000000007 0.515625 0.33281250000000007 0.56875 0.33281250000000007
23 0.415625 0.3359375000000001 0.3640625 0.3359375000000001 0.36406250000000007 0.40625 0.415625 0.40625
11 0.821875 0.1859375000000001 0.7703125 0.1859375000000001 0.7703125 0.2562500000000001 0.821875 0.2562500000000001
56 0.2875 0.2625 0.2359375 0.2625 0.2359375 0.33125 0.2875 0.33125
54 0.796875 0.2609375000000001 0.7421875 0.2609375000000001 0.7421875 0.3312500000000001 0.796875 0.3312500000000001
7 0.5390625 0.18750000000000006 0.4875 0.18750000000000006 0.4875 0.2578125000000001 0.5390625 0.2578125000000001
16 0.38750000000000007 0.4125 0.3343750000000001 0.4125 0.3343750000000001 0.4828125 0.38750000000000007 0.4828125
0 0.709375 0.18750000000000008 0.65625 0.18750000000000008 0.65625 0.2578125000000001 0.709375 0.2578125000000001
50 0.7546875 0.4843750000000001 0.696875 0.484375 0.696875 0.5578125 0.7546875 0.5578125000000002
44 0.15937500000000004 0.409375 0.10000000000000005 0.409375 0.10000000000000005 0.4828125 0.15937500000000004 0.4828125
6 0.48125 0.18906250000000005 0.4296875 0.18906250000000005 0.4296875 0.2578125000000001 0.48125 0.2578125000000001
58 0.2750000000000001 0.409375 0.2218750000000001 0.409375 0.2218750000000001 0.4828125 0.2750000000000001 0.4828125
52 0.17343750000000005 0.2609375 0.10312500000000005 0.2609375 0.10312500000000005 0.33125 0.17343750000000005 0.33125
18 0.66875 0.409375 0.615625 0.409375 0.615625 0.4828125 0.66875 0.4828125
30 0.953125 0.12343750000000006 0.08750000000000002 0.1234375 0.08750000000000005 0.5781250000000001 0.953125 0.5781250000000002
57 0.3312500000000001 0.409375 0.27812500000000007 0.409375 0.27812500000000007 0.4828125 0.3312500000000001 0.4828125
12 0.8125 0.3359375000000001 0.759375 0.3359375000000001 0.759375 0.40625000000000017 0.8125 0.40625000000000017
3 0.3140625 0.18750000000000006 0.2609375 0.18750000000000006 0.2609375 0.2578125 0.3140625 0.2578125
4 0.3703125 0.18750000000000006 0.31875 0.18750000000000006 0.31875 0.25781250000000006 0.3703125 0.2578125000000001
5 0.4265625 0.18750000000000006 0.375 0.18750000000000006 0.375 0.2578125000000001 0.4265625 0.2578125000000001
42 0.4015625 0.26250000000000007 0.3484375 0.2625 0.3484375 0.33281250000000007 0.4015625 0.33281250000000007
47 0.6359375 0.484375 0.33281250000000007 0.484375 0.33281250000000007 0.5578125 0.6359375 0.5578125
19 0.35937500000000006 0.3359375 0.30625 0.3359375 0.30625 0.4078125 0.3593750000000001 0.4078125
46 0.9296875 0.4078125000000002 0.7875 0.4078125000000002 0.7875 0.4828125000000002 0.9296875 0.4828125000000002
49 0.16093750000000007 0.4859375 0.10000000000000005 0.4859375 0.10000000000000006 0.55625 0.1609375000000001 0.55625
33 0.6125 0.4125 0.559375 0.4125 0.559375 0.4828125 0.6125 0.4828125
36 0.6828125 0.26250000000000007 0.628125 0.26250000000000007 0.628125 0.3312500000000001 0.6828125 0.3312500000000001
24 0.471875 0.3375000000000001 0.4203125 0.3375000000000001 0.4203125 0.40625 0.471875 0.40625
55 0.4453125 0.409375 0.3906250000000001 0.409375 0.3906250000000001 0.4828125 0.4453125 0.4828125
45 0.18906250000000005 0.334375 0.10312500000000005 0.334375 0.10312500000000005 0.4046875 0.18906250000000005 0.4046875
21 0.3453125 0.2625 0.2921875 0.2625 0.2921875 0.3328125 0.3453125 0.3328125
15 0.5 0.4125 0.4453125 0.4125 0.4453125 0.48125 0.5 0.48125
39 0.853125 0.2609375000000001 0.8 0.2609375000000001 0.8 0.3312500000000001 0.853125 0.3312500000000001
31 0.6984375 0.3359375000000001 0.64375 0.3359375000000001 0.64375 0.4078125 0.6984375 0.4078125
13 0.3312500000000001 0.4859375 0.2796875000000001 0.4859375 0.2796875000000001 0.55625 0.3312500000000001 0.55625
22 0.9265625 0.2578125000000001 0.8578125 0.2578125000000001 0.8578125 0.4046875000000002 0.9265625 0.4046875000000002
35 0.5546875 0.4125 0.503125 0.4125 0.503125 0.4828125 0.5546875 0.4828125
41 0.2328125 0.2609375 0.17812500000000003 0.2609375 0.17812500000000003 0.33125 0.2328125 0.33125
29 0.6390625 0.3359375000000001 0.5875 0.3359375000000001 0.5875 0.40625 0.6390625 0.40625
48 0.765625 0.1859375000000001 0.7109375 0.1859375000000001 0.7109375 0.2578125000000001 0.765625 0.2578125000000001
43 0.30156250000000007 0.3359375 0.25 0.3359375 0.25000000000000006 0.40625 0.30156250000000007 0.40625
32 0.2171875000000001 0.409375 0.16406250000000006 0.409375 0.16406250000000006 0.4828125 0.2171875000000001 0.4828125
40 0.725 0.4125 0.6734375 0.4125 0.6734375 0.4828125 0.725 0.4828125
10 0.24531250000000004 0.3359375 0.19375000000000003 0.3359375 0.19375000000000003 0.40625 0.2453125000000001 0.40625
17 0.14531250000000004 0.1875 0.10468750000000004 0.1875 0.10468750000000004 0.2546875 0.14531250000000004 0.2546875
37 0.7546875 0.3359375000000001 0.7 0.3359375000000001 0.7 0.4078125000000001 0.7546875 0.4078125000000002
20 0.9265625 0.18437500000000012 0.828125 0.1843750000000001 0.828125 0.2562500000000001 0.9265625 0.2562500000000001
14 0.6921875 0.4859375 0.6390625 0.4859375 0.6390625 0.5578125 0.6921875 0.5578125
25 0.528125 0.3359375000000001 0.475 0.3359375000000001 0.475 0.40625 0.528125 0.40625
34 0.7828125 0.4125000000000002 0.728125 0.4125000000000002 0.728125 0.4828125000000002 0.7828125 0.4828125000000002
51 0.45625 0.26250000000000007 0.403125 0.26250000000000007 0.403125 0.3312500000000001 0.45625 0.3312500000000001
38 0.7375 0.26250000000000007 0.684375 0.26250000000000007 0.684375 0.3312500000000001 0.7375 0.3312500000000001
28 0.584375 0.3359375000000001 0.5328125 0.3359375000000001 0.5328125 0.40625 0.584375 0.40625
9 0.65 0.18750000000000008 0.5984375 0.18750000000000008 0.5984375 0.2578125000000001 0.65 0.2578125000000001
59 0.5125 0.26250000000000007 0.4609375 0.26250000000000007 0.4609375 0.33281250000000007 0.5125 0.33281250000000007
26 0.86875 0.3343750000000001 0.8140625 0.3343750000000001 0.8140625 0.40625000000000017 0.86875 0.40625000000000017
8 0.59375 0.18750000000000006 0.5421875 0.18750000000000006 0.5421875 0.2578125000000001 0.59375 0.2578125000000001
2 0.2578125 0.18750000000000006 0.20625 0.18750000000000006 0.20625 0.25625 0.2578125 0.25625