25 0.5578125 0.3218750000000001 0.5078125 0.3218750000000001 0.5078125 0.38750000000000007 0.5578125 0.38750000000000007
33 0.6375 0.3906250000000001 0.5859375 0.3906250000000001 0.5859375 0.45625 0.6375 0.45625
35 0.5859375 0.3890625000000001 0.534375 0.3890625000000001 0.534375 0.4546875 0.5859375 0.4546875
5 0.4625 0.19218750000000004 0.4125 0.19218750000000004 0.4125 0.2515625000000001 0.4625 0.2515625000000001
4 0.409375 0.19062500000000004 0.3609375 0.19062500000000004 0.3609375 0.2515625 0.409375 0.2515625000000001
17 0.19843750000000004 0.18750000000000003 0.15781250000000005 0.1875 0.15781250000000005 0.2484375 0.19843750000000004 0.2484375
20 0.9203125 0.19375000000000012 0.8296875 0.1937500000000001 0.8296875 0.25468750000000007 0.9203125 0.25468750000000007
42 0.4359375 0.25468750000000007 0.3859375 0.25468750000000007 0.3859375 0.3187500000000001 0.4359375 0.3187500000000001
59 0.54375 0.25468750000000007 0.4921875 0.25468750000000007 0.4921875 0.3187500000000001 0.54375 0.3187500000000001
15 0.53125 0.3906250000000001 0.4796875 0.3906250000000001 0.4796875 0.45625 0.53125 0.45625
8 0.6171875 0.1937500000000001 0.5703125 0.1937500000000001 0.5703125 0.25468750000000007 0.6171875 0.25468750000000007
1 0.2515625 0.18750000000000006 0.2 0.18750000000000006 0.2 0.25 0.2515625 0.25
19 0.39843750000000006 0.321875 0.346875 0.321875 0.34687500000000004 0.38750000000000007 0.3984375000000001 0.38750000000000007
47 0.6609375 0.4578125 0.3687500000000001 0.4578125 0.3687500000000001 0.5265625 0.6609375 0.5265625
55 0.478125 0.3890625000000001 0.425 0.3890625000000001 0.425 0.4546875 0.478125 0.4546875
43 0.34375000000000006 0.321875 0.29375 0.321875 0.29375000000000007 0.3875 0.3437500000000001 0.3875
21 0.384375 0.25312500000000004 0.334375 0.253125 0.334375 0.31875000000000003 0.384375 0.3187500000000001
9 0.6703125 0.1937500000000001 0.621875 0.1937500000000001 0.621875 0.25468750000000007 0.6703125 0.25468750000000007
30 0.959375 0.14531250000000007 0.134375 0.1453125 0.13437500000000005 0.5468750000000001 0.959375 0.5468750000000002
56 0.33125 0.253125 0.28125 0.253125 0.28125 0.31875 0.33125 0.31875
34 0.796875 0.3906250000000001 0.746875 0.3906250000000001 0.746875 0.45625000000000016 0.796875 0.45625000000000016
29 0.6640625 0.3218750000000001 0.6125 0.3218750000000001 0.6125 0.38750000000000007 0.6640625 0.38750000000000007
24 0.5046875 0.3218750000000001 0.453125 0.3218750000000001 0.453125 0.38750000000000007 0.5046875 0.38750000000000007
40 0.74375 0.3906250000000001 0.69375 0.3906250000000001 0.69375 0.4531250000000001 0.74375 0.45312500000000017
53 0.5953125 0.2578125000000001 0.5453125 0.2578125000000001 0.5453125 0.3203125000000001 0.5953125 0.3203125000000001
44 0.20312500000000008 0.3890625 0.14375000000000004 0.3890625 0.14375000000000004 0.453125 0.20312500000000008 0.453125
2 0.3046875 0.18906250000000005 0.2546875 0.18906250000000005 0.2546875 0.25 0.3046875 0.25
27 0.646875 0.2578125000000001 0.596875 0.2578125000000001 0.596875 0.3187500000000001 0.646875 0.3187500000000001
38 0.7515625 0.2593750000000001 0.7015625 0.2593750000000001 0.7015625 0.3203125000000001 0.7515625 0.3203125000000001
39 0.8546875 0.2578125000000001 0.80625 0.2578125000000001 0.80625 0.3203125000000001 0.8546875 0.3203125000000001
37 0.76875 0.3234375000000001 0.71875 0.3234375000000001 0.71875 0.3890625000000001 0.76875 0.3890625000000001
31 0.715625 0.3218750000000001 0.665625 0.3218750000000001 0.665625 0.38750000000000007 0.715625 0.38750000000000007
18 0.690625 0.3890625000000001 0.640625 0.3890625000000001 0.640625 0.4546875 0.690625 0.4546875
51 0.4890625 0.25468750000000007 0.440625 0.25468750000000007 0.440625 0.3187500000000001 0.4890625 0.3187500000000001
7 0.5671875 0.19375000000000006 0.51875 0.19375000000000003 0.51875 0.25468750000000007 0.5671875 0.25468750000000007
45 0.23437500000000006 0.31875 0.14843750000000006 0.31875 0.14843750000000006 0.384375 0.23437500000000008 0.384375
52 0.221875 0.2515625 0.15312500000000004 0.2515625 0.15312500000000004 0.3171875 0.221875 0.3171875
57 0.3703125000000001 0.39062500000000006 0.3187500000000001 0.390625 0.3187500000000001 0.45625 0.3703125000000001 0.45625
36 0.7 0.2578125000000001 0.65 0.2578125000000001 0.65 0.3203125000000001 0.7 0.3203125000000001
46 0.93125 0.3906250000000001 0.8 0.3906250000000001 0.8 0.45625000000000016 0.93125 0.45625000000000016
12 0.821875 0.3234375000000001 0.771875 0.3234375000000001 0.771875 0.38750000000000007 0.821875 0.38750000000000007
14 0.715625 0.459375 0.6640625 0.459375 0.6640625 0.5265625 0.715625 0.5265625
16 0.4234375 0.3890625000000001 0.37187500000000007 0.3890625000000001 0.37187500000000007 0.4546875 0.4234375 0.4546875
32 0.2593750000000001 0.3875 0.2062500000000001 0.3875 0.2062500000000001 0.453125 0.2593750000000001 0.453125
28 0.609375 0.3218750000000001 0.559375 0.3218750000000001 0.559375 0.38750000000000007 0.609375 0.38750000000000007
6 0.5140625 0.19218750000000004 0.465625 0.19218750000000004 0.465625 0.2515625000000001 0.5140625 0.2515625000000001
11 0.825 0.1937500000000001 0.7765625 0.1937500000000001 0.7765625 0.25468750000000007 0.825 0.25468750000000007
3 0.3578125 0.18906250000000005 0.3078125 0.18906250000000005 0.3078125 0.2515625 0.3578125 0.2515625
26 0.8734375 0.3218750000000001 0.8234375 0.3218750000000001 0.8234375 0.38750000000000007 0.8734375 0.38750000000000007
13 0.3671875000000001 0.459375 0.3140625000000001 0.459375 0.3140625000000001 0.5265625 0.3671875000000001 0.5265625
41 0.278125 0.2515625 0.225 0.2515625 0.225 0.31875 0.278125 0.31875
0 0.721875 0.1921875000000001 0.6734375 0.1921875000000001 0.6734375 0.2562500000000001 0.721875 0.2562500000000001
23 0.45 0.3218750000000001 0.4 0.3218750000000001 0.4 0.3859375000000001 0.45 0.3859375000000001
50 0.7734375 0.4593750000000001 0.7171875 0.459375 0.7171875 0.5265625 0.7734375 0.5265625000000002
48 0.7734375 0.19531250000000008 0.7234375 0.19531250000000008 0.7234375 0.2562500000000001 0.7734375 0.2562500000000001
10 0.290625 0.3203125 0.2375 0.3203125 0.23750000000000004 0.3859375 0.2906250000000001 0.3859375
49 0.2015625000000001 0.4578125 0.13906250000000003 0.4578125 0.13906250000000003 0.528125 0.2015625000000001 0.528125
54 0.803125 0.2593750000000001 0.7546875 0.2593750000000001 0.7546875 0.3203125000000001 0.803125 0.3203125000000001
58 0.3140625000000001 0.3890625 0.26250000000000007 0.3890625 0.26250000000000007 0.4546875 0.3140625000000001 0.4546875
22 0.928125 0.2562500000000001 0.8578125 0.2562500000000001 0.8578125 0.38750000000000007 0.928125 0.38750000000000007