52 0.9546875 0.5140625000000002 0.8703125 0.5140625000000002 0.8703125 0.6109375000000001 0.9546875 0.6109375000000001
48 0.34062500000000007 0.3734375 0.30937500000000007 0.3734375 0.30937500000000007 0.4453125 0.34062500000000007 0.4453125
0 0.3859375000000001 0.3765625 0.3515625000000001 0.3765625 0.3515625000000001 0.4484375 0.3859375000000001 0.4484375
53 0.5078125 0.4734375 0.471875 0.4734375 0.471875 0.5484375 0.5078125 0.5484375
41 0.853125 0.5046875000000002 0.8046875 0.5046875000000002 0.8046875 0.5968750000000002 0.853125 0.5968750000000002
5 0.634375 0.3921875000000001 0.59375 0.3921875000000001 0.59375 0.471875 0.634375 0.471875
22 0.24375000000000008 0.4421875 0.19843750000000004 0.4421875 0.19843750000000007 0.596875 0.24375000000000008 0.596875
38 0.3671875000000001 0.459375 0.3359375000000001 0.459375 0.3359375000000001 0.53125 0.3671875000000001 0.53125
44 0.953125 0.7296875000000002 0.884375 0.7296875000000002 0.884375 0.8265625 0.953125 0.8265625
57 0.7406250000000001 0.6953125000000001 0.696875 0.6953125 0.6968750000000001 0.7765625 0.7406250000000002 0.7765625000000002
21 0.728125 0.4937500000000001 0.684375 0.49375 0.684375 0.5781250000000001 0.728125 0.5781250000000002
14 0.4062500000000001 0.7203125 0.3593750000000001 0.7203125 0.3593750000000001 0.7921875 0.40625000000000017 0.7921875
45 0.95625 0.6171875000000002 0.853125 0.6171875000000002 0.853125 0.7171875000000002 0.95625 0.7171875000000002
25 0.5484375 0.5671875 0.5109375 0.5671875 0.5109375 0.6453125 0.5484375 0.6453125
47 0.6968750000000001 0.725 0.4125 0.725 0.4125000000000001 0.8671875 0.6968750000000001 0.8671875
28 0.496875 0.5625 0.4625 0.5625 0.4625 0.6375 0.496875 0.6375
20 0.2593750000000001 0.3703125 0.19218750000000004 0.3703125 0.19218750000000004 0.4359375 0.2593750000000001 0.4359375
10 0.8375 0.6078125000000002 0.790625 0.6078125000000002 0.790625 0.6953125000000002 0.8375 0.6953125000000002
36 0.4125 0.465625 0.37968750000000007 0.465625 0.37968750000000007 0.5375 0.4125 0.5375
17 0.95 0.40937500000000016 0.9015625 0.40937500000000016 0.9015625 0.5000000000000002 0.95 0.5000000000000002
2 0.8171875 0.40156250000000016 0.7703125 0.40156250000000016 0.7703125 0.48750000000000016 0.8171875 0.48750000000000016
59 0.5578125 0.478125 0.5203125 0.478125 0.5203125 0.55625 0.5578125 0.55625
6 0.58125 0.38750000000000007 0.540625 0.38750000000000007 0.540625 0.465625 0.58125 0.465625
51 0.6109375 0.484375 0.571875 0.484375 0.571875 0.5625 0.6109375 0.5625
42 0.6671875 0.4890625 0.6265625 0.4890625 0.6265625 0.5703125 0.6671875 0.5703125
50 0.2500000000000001 0.6859375 0.1984375000000001 0.6859375 0.1984375000000001 0.7515625 0.2500000000000001 0.7515625
26 0.27812500000000007 0.53125 0.2468750000000001 0.53125 0.2468750000000001 0.6 0.27812500000000007 0.6
4 0.6921875 0.39531250000000007 0.65 0.39531250000000007 0.65 0.4765625 0.6921875 0.4765625
29 0.45 0.5546875 0.415625 0.5546875 0.415625 0.6296875 0.45 0.6296875
35 0.5234375000000001 0.65625 0.4859375 0.65625 0.4859375000000001 0.73125 0.5234375000000002 0.73125
9 0.43125 0.3781250000000001 0.3968750000000001 0.3781250000000001 0.3968750000000001 0.453125 0.43125 0.453125
56 0.7890625 0.4984375000000002 0.74375 0.4984375000000002 0.74375 0.5859375000000002 0.7890625 0.5859375000000002
15 0.5750000000000001 0.665625 0.534375 0.665625 0.534375 0.740625 0.5750000000000002 0.740625
24 0.6 0.5765625 0.5609375 0.5765625 0.5609375 0.6546875 0.6 0.6546875
54 0.3265625000000001 0.4546875 0.2953125000000001 0.4546875 0.2953125000000001 0.525 0.3265625000000001 0.525
43 0.7734375 0.6000000000000002 0.728125 0.6000000000000002 0.728125 0.6859375000000002 0.7734375 0.6859375000000002
37 0.3593750000000001 0.5421875 0.3281250000000001 0.5421875 0.3281250000000001 0.6140625 0.3593750000000001 0.6140625
3 0.753125 0.3984375000000001 0.709375 0.3984375000000001 0.709375 0.4828125000000001 0.753125 0.4828125000000002
30 1 0.20312500000000006 2.487563810768061e-17 0.203125 7.34788079488412e-17 0.996875 1 0.996875
32 0.86875 0.7156250000000002 0.81875 0.7156250000000002 0.81875 0.80625 0.86875 0.80625
40 0.3828125000000001 0.63125 0.34843750000000007 0.63125 0.34843750000000007 0.7 0.3828125000000001 0.7
46 0.2984375000000001 0.60625 0.1984375000000001 0.60625 0.1984375000000001 0.684375 0.2984375000000001 0.684375
18 0.4265625 0.6390625 0.3921875000000001 0.6390625 0.3921875000000001 0.7109375 0.4265625 0.7109375
34 0.34062500000000007 0.6234375 0.3062500000000001 0.6234375 0.3062500000000001 0.6890625 0.34062500000000007 0.6890625
49 0.95625 0.8296875 0.865625 0.8296875 0.865625 0.9359375 0.95625 0.9359375
23 0.6546875 0.584375 0.6140625 0.584375 0.6140625 0.6640625 0.6546875 0.6640625
7 0.528125 0.3843750000000001 0.490625 0.3843750000000001 0.490625 0.459375 0.528125 0.459375
1 0.8828125 0.4078125000000002 0.8359375 0.4078125000000002 0.8359375 0.4937500000000002 0.8828125 0.4937500000000002
19 0.7125 0.5921875 0.6703125 0.5921875 0.6703125 0.675 0.7125 0.675
33 0.475 0.6453125 0.4375 0.6453125 0.4375 0.7203125 0.475 0.7203125
11 0.2984375000000001 0.371875 0.2687500000000001 0.371875 0.2687500000000001 0.4390625 0.2984375000000001 0.4390625
13 0.7734375000000002 0.7953125000000001 0.7109375000000002 0.7953125 0.7109375000000002 0.8859375 0.7734375000000002 0.8859375
8 0.4796875 0.3828125000000001 0.4421875 0.3828125000000001 0.4421875 0.4578125 0.4796875 0.4578125
31 0.4046875 0.5484375 0.37187500000000007 0.5484375 0.37187500000000007 0.6203125 0.4046875 0.6203125
12 0.31718750000000007 0.5359375 0.28593750000000007 0.5359375 0.28593750000000007 0.6078125 0.31718750000000007 0.6078125
39 0.2843750000000001 0.4515625 0.2562500000000001 0.4515625 0.2562500000000001 0.51875 0.2843750000000001 0.51875
16 0.6843750000000001 0.6859375 0.640625 0.6859375 0.6406250000000001 0.765625 0.6843750000000002 0.765625
55 0.6265625000000001 0.675 0.584375 0.675 0.5843750000000001 0.753125 0.6265625000000001 0.753125
58 0.803125 0.7062500000000002 0.75625 0.7062500000000002 0.7562500000000001 0.7906250000000001 0.803125 0.7906250000000001
27 0.459375 0.4671875 0.425 0.4671875 0.425 0.5421875 0.459375 0.5421875