46 0.6625000000000002 0.7296875 0.5562500000000001 0.7296875 0.5562500000000001 0.809375 0.6625000000000002 0.809375
40 0.5093750000000001 0.7296875 0.4734375000000002 0.7296875 0.4734375000000002 0.8140625 0.5093750000000001 0.8140625
4 0.2453125000000001 0.45625 0.21250000000000008 0.45625 0.21250000000000008 0.540625 0.2453125000000001 0.540625
16 0.2562500000000001 0.7390625 0.2218750000000001 0.7390625 0.2218750000000001 0.825 0.2562500000000001 0.825
50 0.6640625000000002 0.8203125 0.6187500000000001 0.8203125 0.6187500000000001 0.90625 0.6640625000000002 0.90625
35 0.3859375000000001 0.7296875 0.34843750000000007 0.7296875 0.34843750000000007 0.821875 0.3859375000000001 0.821875
3 0.2078125000000001 0.453125 0.16875000000000004 0.453125 0.16875000000000004 0.5390625 0.2078125000000001 0.5390625
9 0.45625 0.446875 0.4203125 0.446875 0.4203125 0.5359375 0.45625 0.5359375
11 0.5796875 0.44375 0.5453125 0.44375 0.5453125 0.528125 0.5796875 0.528125
28 0.4046875 0.6375 0.3703125000000001 0.6375 0.3703125000000001 0.7203125 0.4046875 0.7203125
51 0.3125000000000001 0.5453125 0.2750000000000001 0.5453125 0.2750000000000001 0.63125 0.3125000000000001 0.63125
54 0.559375 0.540625 0.525 0.540625 0.525 0.621875 0.559375 0.621875
37 0.5296875 0.6359375 0.49375 0.6359375 0.49375 0.721875 0.5296875 0.721875
32 0.13281250000000008 0.7421875 0.09687500000000009 0.7421875 0.0968750000000001 0.825 0.13281250000000008 0.825
44 0.0859375000000001 0.7453125 0.04531250000000009 0.7453125 0.045312500000000096 0.821875 0.08593750000000011 0.821875
8 0.415625 0.4453125 0.3781250000000001 0.4453125 0.3781250000000001 0.5390625 0.415625 0.5390625
57 0.2140625000000001 0.740625 0.1781250000000001 0.740625 0.1781250000000001 0.8234375 0.2140625000000001 0.8234375
59 0.3515625000000001 0.5453125 0.31718750000000007 0.5453125 0.31718750000000007 0.6296875 0.3515625000000001 0.6296875
58 0.17187500000000008 0.74375 0.1375000000000001 0.74375 0.1375000000000001 0.825 0.17187500000000008 0.825
52 0.10312500000000009 0.5546875 0.048437500000000064 0.5546875 0.04843750000000007 0.6375 0.10312500000000009 0.6375
21 0.2296875000000001 0.55 0.1906250000000001 0.55 0.1906250000000001 0.634375 0.2296875000000001 0.634375
7 0.3734375000000001 0.4484375 0.3375000000000001 0.4484375 0.3375000000000001 0.5390625 0.3734375000000001 0.5390625
5 0.29375000000000007 0.4546875 0.2515625000000001 0.4546875 0.2515625000000001 0.540625 0.29375000000000007 0.540625
31 0.4875 0.6359375 0.4515625 0.6359375 0.4515625 0.7234375 0.4875 0.7234375
36 0.4765625 0.54375 0.4421875 0.54375 0.4421875 0.6265625 0.4765625 0.6265625
33 0.4281250000000002 0.7296875 0.3890625000000001 0.7296875 0.3890625000000001 0.821875 0.4281250000000002 0.821875
56 0.1843750000000001 0.553125 0.14843750000000008 0.553125 0.14843750000000008 0.6359375 0.1843750000000001 0.6359375
38 0.5171875 0.5421875 0.484375 0.5421875 0.484375 0.621875 0.5171875 0.621875
20 0.6625 0.4390625 0.5859375 0.4390625 0.5859375 0.525 0.6625 0.525
34 0.5484375000000001 0.728125 0.5140625000000002 0.728125 0.5140625000000002 0.8125 0.5484375000000001 0.8125
10 0.1515625000000001 0.65 0.11562500000000009 0.65 0.11562500000000009 0.728125 0.1515625000000001 0.728125
24 0.3218750000000001 0.6390625 0.2875000000000001 0.6390625 0.2875000000000001 0.725 0.3218750000000001 0.725
41 0.14062500000000008 0.553125 0.1062500000000001 0.553125 0.1062500000000001 0.6359375 0.14062500000000008 0.6359375
2 0.15937500000000004 0.4546875 0.12656250000000005 0.4546875 0.12656250000000005 0.5390625 0.15937500000000004 0.5390625
17 0.07500000000000007 0.4609375 0.045312500000000054 0.4609375 0.04531250000000006 0.5359375 0.07500000000000007 0.5359375
55 0.3000000000000001 0.7359375 0.2640625000000001 0.7359375 0.2640625000000001 0.821875 0.3000000000000001 0.821875
13 0.1953125000000001 0.834375 0.14843750000000008 0.834375 0.1484375000000001 0.9234375 0.19531250000000014 0.9234375
6 0.3343750000000001 0.4484375 0.29375000000000007 0.4484375 0.29375000000000007 0.5390625 0.3343750000000001 0.5390625
42 0.2718750000000001 0.5484375 0.2328125000000001 0.5484375 0.2328125000000001 0.6296875 0.2718750000000001 0.6296875
19 0.23593750000000008 0.6453125 0.2015625000000001 0.6453125 0.2015625000000001 0.7265625 0.23593750000000008 0.7265625
48 0.5390625 0.4484375 0.5046875 0.4484375 0.5046875 0.534375 0.5390625 0.534375
43 0.19531250000000008 0.6453125 0.15781250000000008 0.6453125 0.15781250000000008 0.7265625 0.19531250000000008 0.7265625
0 0.4984375 0.44375 0.4625 0.44375 0.4625 0.534375 0.4984375 0.534375
23 0.27812500000000007 0.6421875 0.24375000000000008 0.6421875 0.24375000000000008 0.7234375 0.27812500000000007 0.7234375
14 0.5093750000000001 0.8234375 0.4625000000000002 0.8234375 0.4625000000000002 0.9125 0.5093750000000001 0.9125
39 0.6015625 0.5390625 0.5671875 0.5390625 0.5671875 0.6234375 0.6015625 0.6234375
27 0.4359375 0.5453125 0.4015625 0.5453125 0.4015625 0.625 0.4359375 0.625
25 0.36406250000000007 0.6390625 0.3281250000000001 0.6390625 0.3281250000000001 0.725 0.36406250000000007 0.725
1 0.11718750000000004 0.4578125 0.08281250000000007 0.4578125 0.08281250000000007 0.5390625 0.11718750000000004 0.5390625
45 0.10781250000000009 0.65 0.04843750000000008 0.65 0.048437500000000085 0.7328125 0.10781250000000009 0.7328125
49 0.08906250000000011 0.8390625 0.0437500000000001 0.8390625 0.04375000000000011 0.9359375 0.08906250000000011 0.9359375
30 0.996875 0.30156250000000007 0.029687500000000033 0.3015625 0.02968750000000007 0.9515625 0.996875 0.9515625
18 0.4656250000000002 0.7296875 0.43281250000000016 0.7296875 0.43281250000000016 0.81875 0.4656250000000002 0.81875
53 0.39531250000000007 0.5453125 0.3593750000000001 0.5453125 0.3593750000000001 0.6265625 0.39531250000000007 0.6265625
26 0.6125 0.63125 0.5765625 0.63125 0.5765625 0.71875 0.6125 0.71875
15 0.3437500000000001 0.734375 0.3062500000000001 0.734375 0.3062500000000001 0.8203125 0.3437500000000001 0.8203125
29 0.4484375 0.6375 0.4125 0.6375 0.4125 0.7234375 0.4484375 0.7234375
22 0.6625 0.540625 0.609375 0.540625 0.609375 0.71875 0.6625 0.71875
12 0.5703125 0.634375 0.5359375 0.634375 0.5359375 0.7203125 0.5703125 0.7203125
47 0.45625000000000016 0.8328125 0.19687500000000008 0.8328125 0.1968750000000001 0.9265625 0.45625000000000016 0.9265625