28 0.39531250000000007 0.4890625 0.3656250000000001 0.4890625 0.3656250000000001 0.534375 0.39531250000000007 0.534375
32 0.12656250000000008 0.5375 0.09531250000000006 0.5375 0.09531250000000006 0.5828125 0.12656250000000008 0.5828125
59 0.3453125000000001 0.4359375 0.3156250000000001 0.4359375 0.3156250000000001 0.4796875 0.3453125000000001 0.4796875
26 0.59375 0.49375 0.5640625 0.49375 0.5640625 0.5375 0.59375 0.5375
29 0.4359375 0.490625 0.403125 0.490625 0.403125 0.5359375 0.4359375 0.5359375
40 0.49375 0.5453125 0.4640625 0.5453125 0.4640625 0.5875 0.49375 0.5875
47 0.44375 0.5953125 0.1984375000000001 0.5953125 0.1984375000000001 0.640625 0.44375 0.640625
48 0.5265625 0.38750000000000007 0.4953125 0.38750000000000007 0.4953125 0.43125 0.5265625 0.43125
13 0.1906250000000001 0.5921875 0.14843750000000008 0.5921875 0.14843750000000008 0.6375 0.1906250000000001 0.6375
45 0.10781250000000005 0.4859375 0.046875000000000056 0.4859375 0.04687500000000006 0.528125 0.10781250000000005 0.528125
36 0.465625 0.440625 0.434375 0.440625 0.434375 0.48125 0.465625 0.48125
23 0.2734375000000001 0.4875 0.24375000000000008 0.4875 0.24375000000000008 0.53125 0.2734375000000001 0.53125
9 0.446875 0.3859375000000001 0.415625 0.3859375000000001 0.415625 0.43125 0.446875 0.43125
3 0.2015625000000001 0.3796875 0.17031250000000003 0.3796875 0.17031250000000003 0.425 0.2015625000000001 0.425
46 0.6421875 0.5484375 0.5421875 0.5484375 0.5421875 0.590625 0.6421875 0.590625
17 0.07656250000000005 0.3765625 0.04687500000000004 0.3765625 0.04687500000000005 0.4203125 0.07656250000000005 0.4203125
1 0.11718750000000004 0.3765625 0.08750000000000005 0.3765625 0.08750000000000005 0.4203125 0.11718750000000004 0.4203125
15 0.3343750000000001 0.5421875 0.3031250000000001 0.5421875 0.3031250000000001 0.5859375 0.3343750000000001 0.5859375
30 0.9671875 0.28593750000000007 0.03437500000000003 0.2859375 0.03437500000000006 0.6718750000000001 0.9671875 0.6718750000000002
33 0.415625 0.54375 0.3828125000000001 0.54375 0.3828125000000001 0.5875 0.415625 0.5875
27 0.4265625 0.4390625 0.39531250000000007 0.4390625 0.39531250000000007 0.48125 0.4265625 0.48125
6 0.32500000000000007 0.38125 0.29375000000000007 0.38125 0.29375000000000007 0.4265625 0.32500000000000007 0.4265625
50 0.6421875 0.6015625 0.6015625 0.6015625 0.6015625 0.64375 0.6421875 0.64375
51 0.3046875000000001 0.4359375 0.2750000000000001 0.4359375 0.2750000000000001 0.478125 0.3046875000000001 0.478125
21 0.2218750000000001 0.4328125 0.19218750000000004 0.4328125 0.19218750000000004 0.478125 0.2218750000000001 0.478125
49 0.08593750000000007 0.5921875 0.045312500000000075 0.5921875 0.045312500000000075 0.634375 0.08593750000000007 0.634375
55 0.29375000000000007 0.540625 0.26250000000000007 0.540625 0.26250000000000007 0.5859375 0.29375000000000007 0.5859375
11 0.565625 0.3890625000000001 0.5359375 0.3890625000000001 0.5359375 0.43125 0.565625 0.43125
37 0.515625 0.4921875 0.484375 0.4921875 0.484375 0.5375 0.515625 0.5375
14 0.49375 0.5984375 0.453125 0.5984375 0.453125 0.640625 0.49375 0.640625
7 0.3656250000000001 0.38281250000000006 0.3343750000000001 0.3828125 0.3343750000000001 0.428125 0.3656250000000001 0.428125
18 0.4546875 0.54375 0.425 0.54375 0.425 0.5875 0.4546875 0.5875
5 0.2843750000000001 0.38125 0.2531250000000001 0.38125 0.2531250000000001 0.4265625 0.2843750000000001 0.4265625
52 0.09687500000000006 0.43125 0.04843750000000006 0.43125 0.04843750000000006 0.4734375 0.09687500000000007 0.4734375
22 0.64375 0.4421875 0.5953125 0.4421875 0.5953125 0.5375 0.64375 0.5375
39 0.584375 0.4421875 0.5546875 0.4421875 0.5546875 0.484375 0.584375 0.484375
38 0.5046875 0.440625 0.475 0.440625 0.475 0.4828125 0.5046875 0.4828125
2 0.15937500000000004 0.378125 0.12812500000000004 0.378125 0.12812500000000004 0.4234375 0.15937500000000004 0.4234375
56 0.18125000000000005 0.43125 0.15000000000000005 0.43125 0.15000000000000005 0.478125 0.18125000000000005 0.478125
8 0.40625 0.3828125000000001 0.3750000000000001 0.3828125000000001 0.3750000000000001 0.4296875 0.40625 0.4296875
54 0.54375 0.440625 0.5140625 0.440625 0.5140625 0.4859375 0.54375 0.4859375
25 0.3546875000000001 0.4890625 0.32500000000000007 0.4890625 0.32500000000000007 0.5328125 0.3546875000000001 0.5328125
20 0.64375 0.3890625000000001 0.575 0.3890625000000001 0.575 0.43125 0.64375 0.43125
57 0.21093750000000008 0.5390625 0.17968750000000006 0.5390625 0.17968750000000006 0.584375 0.21093750000000008 0.584375
44 0.08593750000000007 0.5390625 0.04531250000000007 0.5390625 0.04531250000000007 0.58125 0.08593750000000007 0.58125
43 0.19062500000000004 0.4859375 0.15937500000000004 0.4859375 0.15937500000000004 0.53125 0.19062500000000004 0.53125
35 0.3750000000000001 0.5421875 0.3437500000000001 0.5421875 0.3437500000000001 0.5875 0.3750000000000001 0.5875
58 0.16875000000000007 0.540625 0.13906250000000003 0.540625 0.13906250000000006 0.5828125 0.1687500000000001 0.5828125
10 0.15000000000000005 0.4859375 0.11875000000000005 0.4859375 0.11875000000000005 0.53125 0.15000000000000005 0.53125
31 0.475 0.4921875 0.44375 0.4921875 0.44375 0.5359375 0.475 0.5359375
19 0.2312500000000001 0.4859375 0.2015625000000001 0.4859375 0.2015625000000001 0.53125 0.2312500000000001 0.53125
24 0.3140625000000001 0.4875 0.2843750000000001 0.4875 0.2843750000000001 0.5328125 0.3140625000000001 0.5328125
42 0.2640625000000001 0.434375 0.2328125000000001 0.434375 0.2328125000000001 0.478125 0.2640625000000001 0.478125
4 0.24218750000000008 0.3796875 0.21250000000000008 0.3796875 0.21250000000000008 0.425 0.24218750000000008 0.425
12 0.5546875 0.49375 0.5234375 0.49375 0.5234375 0.5375 0.5546875 0.5375
41 0.14062500000000006 0.43125 0.10781250000000005 0.43125 0.10781250000000005 0.4765625 0.14062500000000006 0.4765625
34 0.5328125 0.546875 0.503125 0.546875 0.503125 0.5890625 0.5328125 0.5890625
53 0.3859375000000001 0.4375 0.3546875000000001 0.4375 0.3546875000000001 0.48125 0.3859375000000001 0.48125
0 0.4859375 0.3843750000000001 0.4546875 0.3843750000000001 0.4546875 0.43125 0.4859375 0.43125
16 0.2531250000000001 0.5390625 0.2218750000000001 0.5390625 0.2218750000000001 0.584375 0.2531250000000001 0.584375