46 0.6250000000000002 0.828125 0.5000000000000002 0.828125 0.5000000000000002 0.9234375 0.6250000000000002 0.9234375
40 0.4421875000000002 0.828125 0.40156250000000016 0.828125 0.40156250000000016 0.928125 0.4421875000000002 0.928125
4 0.12968750000000007 0.5046875 0.09218750000000006 0.5046875 0.09218750000000006 0.6046875 0.1296875000000001 0.6046875
16 0.1437500000000001 0.8390625 0.10312500000000009 0.8390625 0.1031250000000001 0.9421875 0.14375000000000013 0.9421875
50 0.6265625000000001 0.934375 0.5734375000000002 0.934375 0.5734375000000002 1 0.6265625000000001 1
35 0.2953125000000001 0.828125 0.2515625000000001 0.828125 0.2515625000000001 0.9375 0.2953125000000001 0.9375
3 0.08437500000000006 0.5 0.03750000000000007 0.5 0.037500000000000075 0.603125 0.08437500000000006 0.603125
9 0.37968750000000007 0.4921875 0.3390625000000001 0.4921875 0.3390625000000001 0.5984375 0.37968750000000007 0.5984375
11 0.528125 0.4890625 0.4875 0.4890625 0.4875 0.5890625 0.528125 0.5890625
28 0.3187500000000001 0.71875 0.27812500000000007 0.71875 0.27812500000000007 0.8171875 0.3187500000000001 0.8171875
51 0.21093750000000008 0.609375 0.16562500000000008 0.609375 0.16562500000000008 0.7125 0.21093750000000008 0.7125
54 0.503125 0.6046875 0.4625 0.6046875 0.4625 0.7015625 0.503125 0.7015625
37 0.4687500000000001 0.715625 0.425 0.715625 0.4250000000000001 0.81875 0.46875000000000017 0.81875
8 0.33281250000000007 0.490625 0.2875000000000001 0.490625 0.2875000000000001 0.603125 0.33281250000000007 0.603125
57 0.09218750000000012 0.840625 0.05156250000000011 0.840625 0.05156250000000011 0.9390625 0.09218750000000012 0.9390625
59 0.2562500000000001 0.609375 0.2156250000000001 0.609375 0.2156250000000001 0.709375 0.2562500000000001 0.709375
58 0.04375000000000011 0.84375 0.0031250000000001025 0.84375 0.003125000000000109 0.940625 0.04375000000000011 0.940625
21 0.11250000000000009 0.6140625 0.06562500000000007 0.6140625 0.06562500000000007 0.7140625 0.11250000000000009 0.7140625
7 0.2828125000000001 0.49375 0.2406250000000001 0.49375 0.2406250000000001 0.603125 0.2828125000000001 0.603125
5 0.18750000000000006 0.5015625 0.13750000000000004 0.5015625 0.13750000000000007 0.6046875 0.18750000000000008 0.6046875
31 0.41875000000000007 0.7171875 0.3750000000000001 0.7171875 0.3750000000000001 0.8203125 0.4187500000000002 0.8203125
36 0.4046875 0.6078125 0.36406250000000007 0.6078125 0.36406250000000007 0.70625 0.4046875 0.70625
33 0.3468750000000001 0.8296875 0.3000000000000001 0.8296875 0.3000000000000001 0.9390625 0.3468750000000001 0.9390625
56 0.05937500000000008 0.6171875 0.015625000000000076 0.6171875 0.015625000000000083 0.715625 0.05937500000000009 0.715625
38 0.453125 0.60625 0.415625 0.60625 0.415625 0.7015625 0.453125 0.7015625
20 0.625 0.4828125 0.534375 0.4828125 0.534375 0.5859375 0.625 0.5859375
34 0.4906250000000002 0.8265625 0.4500000000000002 0.8265625 0.4500000000000002 0.9265625 0.4906250000000002 0.9265625
10 0.018750000000000093 0.7328125 8.974364825001696e-17 0.7328125 9.548418012102017e-17 0.8265625 0.0187500000000001 0.8265625
24 0.22031250000000008 0.7203125 0.17968750000000008 0.7203125 0.17968750000000008 0.8234375 0.22031250000000008 0.8234375
2 0.028125000000000074 0.5015625 6.142369101973443e-17 0.5015625 6.754692501547121e-17 0.6015625 0.028125000000000077 0.6015625
55 0.19375000000000012 0.834375 0.1515625000000001 0.834375 0.1515625000000001 0.9375 0.19375000000000014 0.9375
13 0.07031250000000012 0.9515625 0.014062500000000117 0.9515625 0.01406250000000012 1 0.07031250000000014 1
6 0.2375000000000001 0.49375 0.18750000000000006 0.49375 0.18750000000000006 0.603125 0.2375000000000001 0.603125
42 0.1609375000000001 0.6125 0.11562500000000009 0.6125 0.11562500000000009 0.709375 0.1609375000000001 0.709375
19 0.12031250000000009 0.728125 0.07968750000000009 0.728125 0.0796875000000001 0.825 0.12031250000000009 0.825
48 0.478125 0.49375 0.4375 0.49375 0.4375 0.596875 0.478125 0.596875
43 0.0703125000000001 0.728125 0.02656250000000009 0.728125 0.026562500000000093 0.825 0.07031250000000011 0.825
0 0.4296875 0.4875 0.3859375000000001 0.4875 0.3859375000000001 0.596875 0.4296875 0.596875
23 0.1703125000000001 0.7234375 0.1296875000000001 0.7234375 0.1296875000000001 0.8203125 0.1703125000000001 0.8203125
14 0.4437500000000002 0.9390625 0.38750000000000007 0.9390625 0.38750000000000007 1 0.4437500000000002 1
39 0.5515625 0.603125 0.5109375 0.603125 0.5109375 0.703125 0.5515625 0.703125
27 0.35625000000000007 0.609375 0.3156250000000001 0.609375 0.3156250000000001 0.7046875 0.35625000000000007 0.7046875
25 0.2718750000000001 0.71875 0.22812500000000008 0.71875 0.22812500000000008 0.821875 0.2718750000000001 0.821875
30 1 0.31875000000000003 3.903561672282188e-17 0.31875 8.075014831877861e-17 1 1 1
18 0.3937500000000001 0.828125 0.3531250000000001 0.828125 0.3531250000000001 0.934375 0.3937500000000001 0.934375
53 0.3078125000000001 0.609375 0.2640625000000001 0.609375 0.2640625000000001 0.70625 0.3078125000000001 0.70625
26 0.565625 0.7109375 0.525 0.7109375 0.5250000000000001 0.8140625 0.5656250000000002 0.8140625
15 0.2468750000000001 0.8328125 0.20312500000000008 0.8328125 0.20312500000000008 0.9359375 0.2468750000000001 0.9359375
29 0.3703125000000001 0.7171875 0.3265625000000001 0.7171875 0.3265625000000001 0.8203125 0.3703125000000001 0.8203125
22 0.6265625000000001 0.6046875 0.5625 0.6046875 0.5625000000000001 0.815625 0.6265625000000001 0.815625
12 0.5156250000000001 0.7140625 0.475 0.7140625 0.4750000000000001 0.8171875 0.5156250000000002 0.8171875
47 0.3812500000000001 0.95 0.07343750000000011 0.95 0.07343750000000013 1 0.3812500000000001 1