46 0.6703125 0.49375 0.5453125 0.49375 0.5453125 0.571875 0.6703125 0.571875
11 0.56875 0.20312500000000008 0.53125 0.20312500000000008 0.53125 0.28593750000000007 0.56875 0.28593750000000007
28 0.3593750000000001 0.396875 0.3234375000000001 0.396875 0.3234375000000001 0.4796875 0.3593750000000001 0.4796875
26 0.60625 0.3984375000000001 0.5703125 0.3984375000000001 0.5703125 0.4765625 0.60625 0.4765625
56 0.09687500000000004 0.30625 0.059375000000000046 0.30625 0.059375000000000046 0.3859375 0.09687500000000004 0.3859375
41 0.048437500000000036 0.3078125 0.00937500000000004 0.3078125 0.009375000000000043 0.3875 0.04843750000000004 0.3875
40 0.484375 0.4953125 0.446875 0.4953125 0.446875 0.571875 0.484375 0.571875
6 0.2703125 0.2046875 0.2328125 0.2046875 0.2328125 0.2859375 0.2703125 0.2859375
33 0.3843750000000001 0.49375 0.3468750000000001 0.49375 0.3468750000000001 0.5765625 0.3843750000000001 0.5765625
50 0.6703125 0.5875 0.61875 0.5875 0.61875 0.66875 0.6703125 0.66875
55 0.23593750000000008 0.49375 0.19843750000000004 0.49375 0.19843750000000007 0.5734375 0.23593750000000008 0.5734375
27 0.39687500000000003 0.30312500000000003 0.359375 0.303125 0.35937500000000006 0.38125000000000003 0.3968750000000001 0.3812500000000001
2 0.06875000000000003 0.2078125 0.03125000000000002 0.2078125 0.03125000000000003 0.2890625 0.06875000000000005 0.2890625
15 0.28593750000000007 0.49375 0.2484375000000001 0.49375 0.2484375000000001 0.575 0.28593750000000007 0.575
19 0.15937500000000004 0.4015625 0.12343750000000005 0.4015625 0.12343750000000005 0.4796875 0.15937500000000004 0.4796875
59 0.29531250000000003 0.303125 0.2609375 0.303125 0.26093750000000004 0.384375 0.2953125000000001 0.384375
35 0.3343750000000001 0.49375 0.2968750000000001 0.49375 0.2968750000000001 0.5765625 0.3343750000000001 0.5765625
8 0.3703125 0.20468750000000005 0.3328125 0.2046875 0.3328125 0.28750000000000003 0.3703125 0.2875000000000001
54 0.5453125 0.3046875000000001 0.5078125 0.3046875000000001 0.5078125 0.3843750000000001 0.5453125 0.3843750000000001
16 0.18593750000000006 0.4953125 0.14843750000000006 0.4953125 0.14843750000000006 0.575 0.1859375000000001 0.575
58 0.08593750000000007 0.4984375 0.04843750000000006 0.4984375 0.048437500000000064 0.5765625 0.08593750000000007 0.5765625
37 0.509375 0.3984375000000001 0.471875 0.3984375000000001 0.471875 0.478125 0.509375 0.478125
3 0.11875000000000005 0.20625 0.08125000000000002 0.20625 0.08125000000000003 0.2875 0.11875000000000005 0.2875
36 0.446875 0.3046875000000001 0.409375 0.3046875000000001 0.409375 0.3828125000000001 0.446875 0.3828125000000001
43 0.11093750000000005 0.4015625 0.07343750000000004 0.4015625 0.07343750000000006 0.4796875 0.11093750000000005 0.4796875
30 1 0.03593750000000006 4.401074434435801e-18 0.0359375 4.6115606030392526e-17 0.7171875000000001 1 0.7171875000000002
1 0.01718750000000003 0.20625 2.525834023241416e-17 0.20625 3.023346785395028e-17 0.2875 0.017187500000000033 0.2875
38 0.4953125 0.3062500000000001 0.4578125 0.3062500000000001 0.4578125 0.3843750000000001 0.4953125 0.3843750000000001
7 0.3203125 0.2046875 0.2828125 0.2046875 0.2828125 0.2859375 0.3203125 0.2859375
51 0.24687500000000004 0.3046875 0.209375 0.3046875 0.20937500000000003 0.384375 0.2468750000000001 0.384375
31 0.459375 0.3984375000000001 0.421875 0.3984375000000001 0.421875 0.478125 0.459375 0.478125
10 0.060937500000000054 0.4015625 0.02343750000000005 0.4015625 0.023437500000000056 0.48125 0.06093750000000007 0.48125
29 0.4109375 0.3984375000000001 0.3734375000000001 0.3984375000000001 0.3734375000000001 0.478125 0.4109375 0.478125
13 0.11093750000000009 0.59375 0.06093750000000007 0.59375 0.060937500000000075 0.671875 0.11093750000000009 0.671875
14 0.4859375 0.5890625 0.434375 0.5890625 0.434375 0.66875 0.4859375 0.66875
57 0.13593750000000007 0.496875 0.09843750000000007 0.496875 0.09843750000000007 0.575 0.1359375000000001 0.575
47 0.425 0.5890625 0.12031250000000009 0.5890625 0.12031250000000009 0.6765625 0.425 0.6765625
12 0.5578125 0.3984375000000001 0.5203125 0.3984375000000001 0.5203125 0.478125 0.5578125 0.478125
24 0.2593750000000001 0.4 0.2218750000000001 0.4 0.2218750000000001 0.4796875 0.2593750000000001 0.4796875
0 0.471875 0.20312500000000008 0.43125 0.20312500000000008 0.43125 0.28593750000000007 0.471875 0.28593750000000007
18 0.4359375 0.49375 0.3968750000000001 0.49375 0.3968750000000001 0.575 0.4359375 0.575
23 0.21093750000000008 0.4 0.17343750000000005 0.4 0.17343750000000005 0.4796875 0.21093750000000008 0.4796875
34 0.5328125 0.49375 0.4953125 0.49375 0.4953125 0.5703125 0.5328125 0.5703125
22 0.6703125 0.30156250000000007 0.60625 0.30156250000000007 0.60625 0.478125 0.6703125 0.478125
32 0.03593750000000006 0.496875 6.084963783263412e-17 0.496875 6.572908992298685e-17 0.5765625 0.03593750000000007 0.5765625
5 0.2203125 0.2046875 0.18281250000000004 0.2046875 0.18281250000000004 0.2875 0.2203125 0.2875
20 0.66875 0.2015625000000001 0.5828125 0.2015625000000001 0.5828125 0.2828125000000001 0.66875 0.2828125000000001
42 0.19687500000000005 0.30625 0.15937500000000004 0.30625 0.15937500000000004 0.384375 0.19687500000000005 0.384375
48 0.5203125 0.20468750000000008 0.4828125 0.20468750000000008 0.4828125 0.2875000000000001 0.5203125 0.2875000000000001
39 0.5953125 0.3031250000000001 0.5578125 0.3031250000000001 0.5578125 0.3828125000000001 0.5953125 0.3828125000000001
9 0.4203125 0.20468750000000008 0.3828125 0.20468750000000008 0.3828125 0.2875000000000001 0.4203125 0.2875000000000001
21 0.14687500000000003 0.30625 0.10937500000000004 0.30625 0.10937500000000004 0.384375 0.14687500000000003 0.384375
53 0.34687500000000004 0.303125 0.309375 0.303125 0.30937500000000007 0.384375 0.3468750000000001 0.384375
4 0.17031250000000003 0.2046875 0.13281250000000006 0.2046875 0.13281250000000006 0.2875 0.17031250000000003 0.2875
25 0.3109375000000001 0.3984375 0.2734375000000001 0.3984375 0.2734375000000001 0.478125 0.3109375000000001 0.478125