48 0.5421875 0.4453125 0.509375 0.4453125 0.509375 0.5015625 0.5421875 0.5015625
34 0.5546875 0.646875 0.5203125 0.646875 0.5203125 0.7 0.5546875 0.7
24 0.30937500000000007 0.58125 0.27812500000000007 0.58125 0.27812500000000007 0.6390625 0.30937500000000007 0.6390625
6 0.3234375000000001 0.4453125 0.2906250000000001 0.4453125 0.2906250000000001 0.5046875 0.3234375000000001 0.5046875
20 0.6703125 0.4453125 0.5953125 0.4453125 0.5953125 0.5015625 0.6703125 0.5015625
32 0.10312500000000009 0.653125 0.0671875000000001 0.653125 0.0671875000000001 0.7078125 0.10312500000000009 0.7078125
53 0.3906250000000001 0.5140625 0.3578125000000001 0.5140625 0.3578125000000001 0.56875 0.3906250000000001 0.56875
58 0.14843750000000008 0.6546875 0.1140625000000001 0.6546875 0.1140625000000001 0.709375 0.14843750000000008 0.709375
23 0.2656250000000001 0.5828125 0.2328125000000001 0.5828125 0.2328125000000001 0.640625 0.2656250000000001 0.640625
2 0.14687500000000003 0.446875 0.11406250000000004 0.446875 0.11406250000000004 0.503125 0.14687500000000003 0.503125
13 0.17968750000000008 0.7234375 0.13437500000000008 0.7234375 0.13437500000000008 0.7796875 0.17968750000000008 0.7796875
28 0.4 0.5796875 0.3671875000000001 0.5796875 0.3671875000000001 0.6375 0.4 0.6375
45 0.08593750000000008 0.5875 0.01718750000000007 0.5875 0.017187500000000074 0.6421875 0.08593750000000008 0.6421875
1 0.10156250000000004 0.446875 0.07031250000000004 0.446875 0.07031250000000006 0.503125 0.10156250000000004 0.503125
12 0.5765625 0.578125 0.5421875 0.578125 0.5421875 0.634375 0.5765625 0.634375
26 0.61875 0.5765625 0.584375 0.5765625 0.584375 0.6328125 0.61875 0.6328125
11 0.5828125 0.446875 0.553125 0.446875 0.553125 0.5 0.5828125 0.5
9 0.4546875 0.446875 0.421875 0.446875 0.421875 0.503125 0.4546875 0.503125
29 0.4453125 0.5796875 0.4109375 0.5796875 0.4109375 0.6359375 0.4453125 0.6359375
5 0.2796875000000001 0.44375 0.2468750000000001 0.44375 0.2468750000000001 0.503125 0.2796875000000001 0.503125
40 0.5109375 0.646875 0.4765625 0.646875 0.4765625 0.7015625 0.5109375 0.7015625
0 0.4984375 0.44375 0.465625 0.44375 0.465625 0.503125 0.4984375 0.503125
38 0.5203125 0.5140625 0.4875 0.5140625 0.4875 0.56875 0.5203125 0.56875
3 0.19218750000000004 0.446875 0.15937500000000004 0.446875 0.15937500000000004 0.503125 0.19218750000000004 0.503125
57 0.1937500000000001 0.653125 0.1609375000000001 0.653125 0.1609375000000001 0.7078125 0.1937500000000001 0.7078125
44 0.057812500000000086 0.65625 0.01093750000000008 0.65625 0.010937500000000083 0.709375 0.057812500000000086 0.709375
49 0.06562500000000009 0.7265625 0.004687500000000089 0.7265625 0.004687500000000093 0.78125 0.06562500000000009 0.78125
18 0.465625 0.6484375 0.4328125 0.6484375 0.4328125 0.703125 0.465625 0.703125
55 0.2843750000000001 0.65 0.2515625000000001 0.65 0.2515625000000001 0.70625 0.2843750000000001 0.70625
36 0.478125 0.5140625 0.44375 0.5140625 0.44375 0.56875 0.478125 0.56875
4 0.23593750000000008 0.44375 0.20312500000000008 0.44375 0.20312500000000008 0.5015625 0.23593750000000008 0.5015625
31 0.4875 0.5796875 0.4546875 0.5796875 0.4546875 0.634375 0.4875 0.634375
56 0.16562500000000008 0.5171875 0.13437500000000005 0.5171875 0.13437500000000008 0.571875 0.16562500000000008 0.571875
8 0.4125 0.446875 0.3781250000000001 0.446875 0.3781250000000001 0.5046875 0.4125 0.5046875
25 0.3546875000000001 0.58125 0.3218750000000001 0.58125 0.3218750000000001 0.6375 0.3546875000000001 0.6375
22 0.6734375 0.5078125 0.615625 0.5078125 0.615625 0.6328125 0.6734375 0.6328125
19 0.21875000000000008 0.5828125 0.18750000000000008 0.5828125 0.18750000000000008 0.640625 0.21875000000000008 0.640625
47 0.4453125000000001 0.7171875 0.18750000000000008 0.7171875 0.18750000000000008 0.7828125 0.44531250000000017 0.7828125
51 0.3000000000000001 0.5140625 0.2687500000000001 0.5140625 0.2687500000000001 0.56875 0.3000000000000001 0.56875
16 0.2390625000000001 0.6515625 0.20468750000000008 0.6515625 0.20468750000000008 0.70625 0.2390625000000001 0.70625
43 0.1750000000000001 0.584375 0.1437500000000001 0.584375 0.1437500000000001 0.6390625 0.1750000000000001 0.6390625
46 0.6765625 0.6453125 0.565625 0.6453125 0.565625 0.7015625 0.6765625 0.7015625
35 0.3765625000000001 0.65 0.3421875000000001 0.65 0.3421875000000001 0.7046875 0.3765625000000001 0.7046875
14 0.5015625000000001 0.715625 0.453125 0.715625 0.4531250000000001 0.7765625 0.5015625000000001 0.7765625
27 0.434375 0.5140625 0.4015625 0.5140625 0.4015625 0.56875 0.434375 0.56875
17 0.05937500000000005 0.45 0.028125000000000056 0.45 0.02812500000000006 0.5046875 0.05937500000000007 0.5046875
15 0.3312500000000001 0.65 0.2968750000000001 0.65 0.2968750000000001 0.7046875 0.3312500000000001 0.7046875
42 0.2562500000000001 0.5140625 0.2250000000000001 0.5140625 0.2250000000000001 0.5703125 0.2562500000000001 0.5703125
54 0.5640625 0.5140625 0.5296875 0.5140625 0.5296875 0.56875 0.5640625 0.56875
33 0.421875 0.6484375 0.3859375000000001 0.6484375 0.3859375000000001 0.70625 0.421875 0.70625
7 0.3687500000000001 0.44375 0.3359375000000001 0.44375 0.3359375000000001 0.503125 0.3687500000000001 0.503125
41 0.12187500000000007 0.5171875 0.08906250000000007 0.5171875 0.08906250000000007 0.5703125 0.1218750000000001 0.5703125
52 0.07812500000000007 0.51875 0.023437500000000062 0.51875 0.023437500000000066 0.571875 0.07812500000000007 0.571875
30 1 0.33281250000000007 0.0015625000000000409 0.3328125 0.0015625000000000714 0.8328125 1 0.8328125
21 0.21093750000000008 0.515625 0.17812500000000003 0.515625 0.17812500000000006 0.5703125 0.21093750000000008 0.5703125
37 0.5328125 0.5796875 0.496875 0.5796875 0.496875 0.634375 0.5328125 0.634375
10 0.1296875000000001 0.584375 0.09687500000000007 0.584375 0.09687500000000007 0.640625 0.1296875000000001 0.640625
59 0.3453125000000001 0.5140625 0.3125000000000001 0.5140625 0.3125000000000001 0.56875 0.3453125000000001 0.56875
50 0.6812500000000001 0.7140625 0.61875 0.7140625 0.6187500000000001 0.775 0.6812500000000001 0.775
39 0.6078125 0.5109375 0.575 0.5109375 0.575 0.5671875 0.6078125 0.5671875