56 0.30156250000000007 0.796875 0.2562500000000001 0.796875 0.2562500000000001 0.81875 0.30156250000000007 0.81875
50 0.4625 0.4921875 0.4125 0.4921875 0.4125 0.5265625 0.4625 0.5265625
8 0.2531250000000001 0.646875 0.21875000000000008 0.646875 0.21875000000000008 0.6703125 0.2531250000000001 0.6703125
55 0.3968750000000001 0.7390625 0.3546875000000001 0.7390625 0.3546875000000001 0.7609375 0.3968750000000001 0.7609375
27 0.3031250000000001 0.6375 0.2609375000000001 0.6375 0.2609375000000001 0.659375 0.3031250000000001 0.659375
25 0.3468750000000001 0.690625 0.3046875000000001 0.690625 0.3046875000000001 0.7125 0.3468750000000001 0.7125
29 0.3515625000000001 0.634375 0.3140625000000001 0.634375 0.3140625000000001 0.6578125 0.3515625000000001 0.6578125
53 0.3031250000000001 0.6640625 0.26250000000000007 0.6640625 0.26250000000000007 0.6859375 0.3031250000000001 0.6859375
22 0.35625000000000007 0.4875 0.2656250000000001 0.4875 0.2656250000000001 0.521875 0.35625000000000007 0.521875
11 0.25468750000000007 0.540625 0.2171875000000001 0.540625 0.2171875000000001 0.5609375 0.25468750000000007 0.5609375
28 0.3500000000000001 0.6640625 0.30937500000000007 0.6640625 0.30937500000000007 0.6859375 0.3500000000000001 0.6859375
30 0.5296875000000001 0.25000000000000006 0.14843750000000006 0.25 0.14843750000000008 0.915625 0.5296875000000002 0.915625
32 0.39531250000000007 0.8453125 0.3531250000000001 0.8453125 0.3531250000000001 0.8703125 0.39531250000000007 0.8703125
40 0.4046875 0.6 0.36406250000000007 0.6 0.36406250000000007 0.621875 0.4046875 0.621875
37 0.35625000000000007 0.58125 0.3156250000000001 0.58125 0.3156250000000001 0.6046875 0.35625000000000007 0.6046875
44 0.3906250000000001 0.871875 0.3531250000000001 0.871875 0.3531250000000001 0.9015625 0.3906250000000001 0.9015625
39 0.3109375000000001 0.5296875 0.2656250000000001 0.5296875 0.2656250000000001 0.5515625 0.3109375000000001 0.5515625
1 0.2500000000000001 0.828125 0.21250000000000008 0.828125 0.21250000000000008 0.846875 0.2500000000000001 0.846875
16 0.39531250000000007 0.7671875 0.3546875000000001 0.7671875 0.3546875000000001 0.7890625 0.39531250000000007 0.7890625
7 0.2531250000000001 0.675 0.2156250000000001 0.675 0.2156250000000001 0.696875 0.2531250000000001 0.696875
42 0.30156250000000007 0.74375 0.2609375000000001 0.74375 0.2609375000000001 0.765625 0.30156250000000007 0.765625
2 0.2468750000000001 0.803125 0.21250000000000008 0.803125 0.21250000000000008 0.8234375 0.2468750000000001 0.8234375
20 0.2578125000000001 0.4859375 0.22031250000000008 0.4859375 0.22031250000000008 0.534375 0.2578125000000001 0.534375
54 0.3078125000000001 0.55625 0.2671875000000001 0.55625 0.2671875000000001 0.5796875 0.3078125000000001 0.5796875
43 0.3468750000000001 0.7984375 0.3062500000000001 0.7984375 0.3062500000000001 0.821875 0.3468750000000001 0.821875
10 0.3453125000000001 0.8234375 0.3078125000000001 0.8234375 0.3078125000000001 0.846875 0.3453125000000001 0.846875
38 0.3062500000000001 0.584375 0.2640625000000001 0.584375 0.2640625000000001 0.60625 0.3062500000000001 0.60625
13 0.4593750000000002 0.8140625 0.40156250000000016 0.8140625 0.40156250000000016 0.846875 0.4593750000000002 0.846875
46 0.4015625 0.490625 0.3671875000000001 0.490625 0.3671875000000001 0.565625 0.4015625 0.565625
34 0.403125 0.571875 0.3687500000000001 0.571875 0.3687500000000001 0.59375 0.403125 0.59375
35 0.4 0.6828125 0.3546875000000001 0.6828125 0.3546875000000001 0.70625 0.4 0.70625
51 0.3000000000000001 0.71875 0.26250000000000007 0.71875 0.26250000000000007 0.740625 0.3000000000000001 0.740625
52 0.3000000000000001 0.8484375 0.2593750000000001 0.8484375 0.2593750000000001 0.8828125 0.3000000000000001 0.8828125
3 0.2500000000000001 0.7796875 0.2156250000000001 0.7796875 0.2156250000000001 0.7984375 0.2500000000000001 0.7984375
18 0.403125 0.6265625 0.3593750000000001 0.6265625 0.3593750000000001 0.6515625 0.403125 0.6515625
31 0.3531250000000001 0.6078125 0.30937500000000007 0.6078125 0.30937500000000007 0.63125 0.3531250000000001 0.63125
19 0.3468750000000001 0.771875 0.3062500000000001 0.771875 0.3062500000000001 0.79375 0.3468750000000001 0.79375
47 0.4671875000000001 0.6375 0.40625 0.6375 0.4062500000000001 0.8125 0.4671875000000002 0.8125
21 0.30156250000000007 0.7703125 0.2593750000000001 0.7703125 0.2593750000000001 0.7953125 0.30156250000000007 0.7953125
57 0.3937500000000001 0.7921875 0.3531250000000001 0.7921875 0.3531250000000001 0.815625 0.3937500000000001 0.815625
17 0.2484375000000001 0.8546875 0.2078125000000001 0.8546875 0.2078125000000001 0.8734375 0.2484375000000001 0.8734375
33 0.403125 0.6546875 0.3593750000000001 0.6546875 0.3593750000000001 0.678125 0.403125 0.678125
41 0.30156250000000007 0.821875 0.2578125000000001 0.821875 0.2578125000000001 0.8453125 0.30156250000000007 0.8453125
45 0.3437500000000001 0.8515625 0.3062500000000001 0.8515625 0.3062500000000001 0.8921875 0.3437500000000001 0.8921875
6 0.25468750000000007 0.7 0.2140625000000001 0.7 0.2140625000000001 0.71875 0.25468750000000007 0.71875
58 0.39531250000000007 0.8203125 0.3546875000000001 0.8203125 0.3546875000000001 0.84375 0.39531250000000007 0.84375
5 0.2515625000000001 0.7265625 0.2140625000000001 0.7265625 0.2140625000000001 0.7453125 0.2515625000000001 0.7453125
36 0.3046875000000001 0.6109375 0.2640625000000001 0.6109375 0.2640625000000001 0.6328125 0.3046875000000001 0.6328125
23 0.3468750000000001 0.7453125 0.3046875000000001 0.7453125 0.3046875000000001 0.7671875 0.3468750000000001 0.7671875
0 0.25468750000000007 0.59375 0.2171875000000001 0.59375 0.2171875000000001 0.6171875 0.25468750000000007 0.6171875
14 0.459375 0.603125 0.415625 0.603125 0.415625 0.634375 0.459375 0.634375
4 0.2515625000000001 0.7546875 0.2140625000000001 0.7546875 0.2140625000000001 0.7734375 0.2515625000000001 0.7734375
24 0.34843750000000007 0.71875 0.3078125000000001 0.71875 0.3078125000000001 0.740625 0.34843750000000007 0.740625
49 0.4578125000000002 0.88125 0.40156250000000016 0.88125 0.40156250000000016 0.9140625 0.4578125000000002 0.9140625
9 0.2562500000000001 0.621875 0.21875000000000008 0.621875 0.21875000000000008 0.64375 0.2562500000000001 0.64375
12 0.3578125000000001 0.553125 0.3109375000000001 0.553125 0.3109375000000001 0.578125 0.3578125000000001 0.578125
15 0.3984375000000001 0.7109375 0.3546875000000001 0.7109375 0.3546875000000001 0.7359375 0.3984375000000001 0.7359375
26 0.3593750000000001 0.525 0.30937500000000007 0.525 0.30937500000000007 0.5484375 0.3593750000000001 0.5484375
48 0.2562500000000001 0.565625 0.2156250000000001 0.565625 0.2156250000000001 0.5875 0.2562500000000001 0.5875
59 0.30156250000000007 0.6921875 0.2609375000000001 0.6921875 0.2609375000000001 0.7140625 0.30156250000000007 0.7140625