50 0.2515625 0.3296875 0.17500000000000004 0.3296875 0.17500000000000004 0.3796875 0.2515625000000001 0.3796875
46 0.3296875 0.3328125 0.2609375 0.3328125 0.26093750000000004 0.440625 0.3296875000000001 0.440625
18 0.3312500000000001 0.5359375 0.2609375000000001 0.5359375 0.2609375000000001 0.5703125 0.3312500000000001 0.5703125
36 0.490625 0.5234375 0.4234375 0.5234375 0.4234375 0.5578125 0.490625 0.5578125
20 0.56875 0.3343750000000001 0.50625 0.3343750000000001 0.50625 0.4078125 0.56875 0.4078125
11 0.5703125 0.4171875 0.5046875 0.4171875 0.5046875 0.4515625 0.5703125 0.4515625
31 0.4125 0.5140625 0.3421875000000001 0.5140625 0.3421875000000001 0.5484375 0.4125 0.5484375
59 0.49375 0.6578125 0.4234375 0.6578125 0.4234375 0.6890625 0.49375 0.6890625
4 0.5765625000000002 0.7703125 0.5078125000000002 0.7703125 0.5078125000000002 0.803125 0.5765625000000002 0.803125
3 0.5750000000000002 0.8140625 0.5078125000000002 0.8140625 0.5078125000000002 0.8484375 0.5750000000000002 0.8484375
57 0.3296875000000001 0.8046875 0.2578125000000001 0.8046875 0.2578125000000001 0.8375 0.3296875000000001 0.8375
53 0.4921875 0.6125 0.421875 0.6125 0.421875 0.646875 0.4921875 0.646875
58 0.3281250000000001 0.85 0.2578125000000001 0.85 0.2578125000000001 0.8828125 0.3281250000000001 0.8828125
0 0.571875 0.5015625 0.5015625 0.5015625 0.5015625 0.5359375 0.571875 0.5359375
38 0.490625 0.48125 0.4234375 0.48125 0.4234375 0.515625 0.490625 0.515625
2 0.5750000000000002 0.859375 0.5093750000000001 0.859375 0.5093750000000001 0.89375 0.5750000000000002 0.89375
42 0.4937500000000002 0.7453125 0.4234375000000002 0.7453125 0.4234375000000002 0.7796875 0.4937500000000002 0.7796875
22 0.4921875 0.33437500000000003 0.3421875 0.334375 0.34218750000000003 0.38750000000000007 0.4921875 0.38750000000000007
52 0.4968750000000002 0.9265625 0.4281250000000002 0.9265625 0.4281250000000002 0.9828125 0.4968750000000002 0.9828125
27 0.4921875 0.56875 0.425 0.56875 0.425 0.603125 0.4921875 0.603125
35 0.3296875000000001 0.625 0.2578125000000001 0.625 0.2578125000000001 0.659375 0.3296875000000001 0.659375
44 0.3281250000000001 0.9421875 0.2593750000000001 0.9421875 0.2593750000000001 0.9859375 0.3281250000000001 0.9859375
43 0.4125000000000002 0.828125 0.34062500000000007 0.828125 0.34062500000000007 0.859375 0.4125000000000002 0.859375
28 0.4125 0.6015625 0.34062500000000007 0.6015625 0.34062500000000007 0.6359375 0.4125 0.6359375
33 0.3312500000000001 0.578125 0.2562500000000001 0.578125 0.2562500000000001 0.615625 0.3312500000000001 0.615625
8 0.575 0.590625 0.5046875 0.590625 0.5046875 0.625 0.575 0.625
23 0.4125000000000002 0.7359375 0.3421875000000001 0.7359375 0.3421875000000001 0.7671875 0.4125000000000002 0.7671875
26 0.4125 0.38593750000000004 0.34062500000000007 0.3859375 0.34062500000000007 0.4203125 0.4125 0.4203125
7 0.575 0.634375 0.5046875 0.634375 0.5046875 0.66875 0.575 0.66875
9 0.5734375 0.5453125 0.503125 0.5453125 0.503125 0.5796875 0.5734375 0.5796875
10 0.4125000000000002 0.871875 0.34062500000000007 0.871875 0.34062500000000007 0.903125 0.4125000000000002 0.903125
55 0.3296875000000001 0.715625 0.26250000000000007 0.715625 0.26250000000000007 0.75 0.3296875000000001 0.75
32 0.33281250000000007 0.8953125 0.2562500000000001 0.8953125 0.2562500000000001 0.9296875 0.33281250000000007 0.9296875
6 0.5765625 0.6796875 0.50625 0.6796875 0.50625 0.7140625 0.5765625 0.7140625
29 0.4125 0.55625 0.34062500000000007 0.55625 0.34062500000000007 0.590625 0.4125 0.590625
48 0.56875 0.459375 0.503125 0.459375 0.503125 0.49375 0.56875 0.49375
51 0.4953125000000001 0.703125 0.425 0.703125 0.4250000000000001 0.734375 0.49531250000000016 0.734375
25 0.4125 0.646875 0.3421875000000001 0.646875 0.3421875000000001 0.6796875 0.4125 0.6796875
13 0.2468750000000001 0.828125 0.1765625000000001 0.828125 0.1765625000000001 0.8734375 0.2468750000000001 0.8734375
41 0.4968750000000002 0.88125 0.4265625000000002 0.88125 0.4265625000000002 0.915625 0.4968750000000002 0.915625
21 0.49531250000000016 0.790625 0.42500000000000016 0.790625 0.42500000000000016 0.825 0.49531250000000016 0.825
16 0.3281250000000001 0.759375 0.2578125000000001 0.759375 0.2578125000000001 0.79375 0.3281250000000001 0.79375
15 0.3312500000000001 0.66875 0.2593750000000001 0.66875 0.2593750000000001 0.703125 0.3312500000000001 0.703125
1 0.5765625000000002 0.90625 0.5109375000000002 0.90625 0.5109375000000002 0.9390625 0.5765625000000002 0.9390625
19 0.4125000000000002 0.78125 0.3421875000000001 0.78125 0.3421875000000001 0.815625 0.4125000000000002 0.815625
12 0.409375 0.428125 0.34062500000000007 0.428125 0.34062500000000007 0.4625 0.409375 0.4625
14 0.2515625000000001 0.490625 0.17656250000000004 0.490625 0.17656250000000004 0.540625 0.2515625000000001 0.540625
30 0.7046875000000001 5.0516680464828325e-17 0.1203125 1.4734031802241592e-17 0.12031250000000007 1 0.7046875000000001 1
5 0.5765625000000001 0.725 0.50625 0.725 0.5062500000000001 0.7578125 0.5765625000000002 0.7578125
24 0.4125 0.6921875 0.34062500000000007 0.6921875 0.34062500000000007 0.725 0.4125 0.725
47 0.2484375000000001 0.546875 0.17343750000000008 0.546875 0.17343750000000008 0.81875 0.2484375000000001 0.81875
39 0.490625 0.3968750000000001 0.4203125 0.3968750000000001 0.4203125 0.4296875 0.490625 0.4296875
37 0.4109375 0.4703125 0.34062500000000007 0.4703125 0.34062500000000007 0.5046875 0.4109375 0.5046875
40 0.3312500000000001 0.4921875 0.26250000000000007 0.4921875 0.26250000000000007 0.5265625 0.3312500000000001 0.5265625
17 0.5796875000000001 0.95 0.5140625000000002 0.95 0.5140625000000002 0.9828125 0.5796875000000001 0.9828125
34 0.3312500000000001 0.4484375 0.2609375000000001 0.4484375 0.2609375000000001 0.484375 0.3312500000000001 0.484375
49 0.2453125000000001 0.9421875 0.17656250000000012 0.9421875 0.17656250000000012 0.9890625 0.2453125000000001 0.9890625
54 0.490625 0.4375 0.4234375 0.4375 0.4234375 0.471875 0.490625 0.471875
56 0.49531250000000016 0.8375 0.4265625000000002 0.8375 0.4265625000000002 0.86875 0.49531250000000016 0.86875
45 0.4125000000000002 0.915625 0.34062500000000007 0.915625 0.34062500000000007 0.984375 0.4125000000000002 0.984375