12 0.4578125 0.496875 0.4234375 0.496875 0.4234375 0.56875 0.4578125 0.56875
19 0.840625 0.4890625000000002 0.803125 0.4890625000000002 0.803125 0.5640625000000001 0.840625 0.5640625000000001
38 0.5171875 0.4125 0.48125 0.4125 0.48125 0.4828125 0.5171875 0.4828125
41 0.946875 0.4046875000000002 0.909375 0.4046875000000002 0.909375 0.47656250000000017 0.946875 0.47656250000000017
42 0.8015625 0.4078125000000002 0.7640625 0.4078125000000002 0.7640625 0.4750000000000002 0.8015625 0.4750000000000002
15 0.721875 0.5765625 0.684375 0.5765625 0.684375 0.646875 0.721875 0.646875
8 0.634375 0.3265625000000001 0.596875 0.3265625000000001 0.596875 0.3984375000000001 0.634375 0.3984375000000001
11 0.4453125 0.3312500000000001 0.4109375 0.3312500000000001 0.4109375 0.3968750000000001 0.4453125 0.3968750000000001
40 0.528125 0.5796875 0.49375 0.5796875 0.49375 0.6484375 0.528125 0.6484375
51 0.753125 0.4078125000000001 0.7171875 0.4078125 0.7171875 0.4781250000000001 0.753125 0.4781250000000002
54 0.4703125 0.4140625 0.4328125 0.4140625 0.4328125 0.4859375 0.4703125 0.4859375
30 1 0.20468750000000005 2.5066989170047385e-17 0.2046875 6.104098889500089e-17 0.7921875 1 0.7921875000000002
1 0.9703125 0.31718750000000007 0.934375 0.31718750000000007 0.934375 0.3890625000000001 0.9703125 0.3890625000000001
59 0.7046875 0.4078125 0.6703125 0.4078125 0.6703125 0.478125 0.7046875 0.478125
6 0.7296875 0.3218750000000001 0.6921875 0.3218750000000001 0.6921875 0.3937500000000001 0.7296875 0.3937500000000001
35 0.6734375 0.5765625 0.6359375 0.5765625 0.6359375 0.646875 0.6734375 0.646875
57 0.865625 0.5750000000000002 0.828125 0.5750000000000002 0.828125 0.6437500000000002 0.865625 0.6437500000000002
45 1 0.48750000000000016 0.946875 0.48750000000000016 0.946875 0.5625000000000002 1 0.5625000000000002
43 0.8890625 0.4890625000000002 0.8515625 0.4890625000000002 0.8515625 0.5609375000000002 0.8890625 0.5609375000000002
31 0.5515625 0.49375 0.5171875 0.49375 0.5171875 0.565625 0.5515625 0.565625
47 0.8484375 0.6609375000000001 0.5546875 0.6609375 0.5546875000000001 0.7484375000000001 0.8484375 0.7484375000000002
10 0.9359375 0.48750000000000016 0.9 0.48750000000000016 0.9 0.5625000000000002 0.9359375 0.5625000000000002
14 0.5437500000000001 0.665625 0.4953125 0.665625 0.4953125000000001 0.734375 0.5437500000000002 0.734375
53 0.6578125 0.4078125 0.6203125 0.4078125 0.6203125 0.4828125 0.6578125 0.4828125
56 0.8984375 0.4046875000000002 0.859375 0.4046875000000002 0.859375 0.47656250000000017 0.8984375 0.47656250000000017
9 0.5890625 0.32500000000000007 0.5515625 0.32500000000000007 0.5515625 0.39531250000000007 0.5890625 0.39531250000000007
55 0.76875 0.5750000000000002 0.73125 0.5750000000000002 0.73125 0.6468750000000002 0.76875 0.6468750000000002
7 0.68125 0.3234375000000001 0.6453125 0.3234375000000001 0.6453125 0.3937500000000001 0.68125 0.3937500000000001
48 0.4921875 0.3296875000000001 0.45625 0.3296875000000001 0.45625 0.3984375000000001 0.4921875 0.3984375000000001
5 0.778125 0.3218750000000001 0.740625 0.3218750000000001 0.740625 0.3937500000000001 0.778125 0.3937500000000001
17 1 0.3203125000000001 0.98125 0.3203125000000001 0.98125 0.38750000000000007 1 0.38750000000000007
13 0.90625 0.6625000000000002 0.85625 0.6625000000000002 0.85625 0.7281250000000001 0.90625 0.7281250000000001
24 0.7421875 0.4921875000000001 0.7078125 0.4921875 0.7078125 0.5640625000000001 0.7421875 0.5640625000000001
28 0.646875 0.4921875 0.6125 0.4921875 0.6125 0.5671875 0.646875 0.5671875
39 0.4234375 0.4125 0.3859375000000001 0.4125 0.3859375000000001 0.4875 0.4234375 0.4875
3 0.875 0.3203125000000001 0.8375 0.3203125000000001 0.8375 0.3921875000000001 0.875 0.3921875000000001
20 0.39843750000000006 0.33125000000000004 0.3171875 0.33125 0.31718750000000007 0.39843750000000006 0.3984375000000001 0.3984375000000001
16 0.8171875 0.5765625000000002 0.7796875 0.5765625000000002 0.7796875 0.6437500000000002 0.8171875 0.6437500000000002
22 0.3750000000000001 0.4125 0.31718750000000007 0.4125 0.31718750000000007 0.5734375 0.3750000000000001 0.5734375
37 0.5046875 0.4953125 0.4703125 0.4953125 0.4703125 0.5671875 0.5046875 0.5671875
4 0.825 0.3218750000000001 0.7890625 0.3218750000000001 0.7890625 0.3906250000000001 0.825 0.3906250000000001
27 0.6109375 0.409375 0.5734375 0.409375 0.5734375 0.48125 0.6109375 0.48125
25 0.6953125 0.4921875 0.659375 0.4921875 0.659375 0.5640625 0.6953125 0.5640625
18 0.5765625 0.578125 0.5421875 0.578125 0.5421875 0.6484375 0.5765625 0.6484375
21 0.85 0.40625000000000017 0.8125 0.40625000000000017 0.8125 0.4781250000000002 0.85 0.4781250000000002
44 1 0.5765625000000002 0.975 0.5765625000000002 0.975 0.6437500000000002 1 0.6437500000000002
26 0.4109375 0.496875 0.3765625000000001 0.496875 0.3765625000000001 0.5671875 0.4109375 0.5671875
33 0.625 0.578125 0.5875 0.578125 0.5875 0.6484375 0.625 0.6484375
58 0.915625 0.5750000000000002 0.878125 0.5750000000000002 0.878125 0.6437500000000002 0.915625 0.6437500000000002
52 1 0.4031250000000002 0.9578125 0.4031250000000002 0.9578125 0.47656250000000017 1 0.47656250000000017
46 0.434375 0.5828125 0.3156250000000001 0.5828125 0.3156250000000001 0.6546875 0.434375 0.6546875
0 0.540625 0.3281250000000001 0.503125 0.3281250000000001 0.503125 0.3984375000000001 0.540625 0.3984375000000001
49 1 0.6609375000000002 0.978125 0.6609375000000002 0.978125 0.7265625000000002 1 0.7265625000000002
2 0.921875 0.3187500000000001 0.884375 0.3187500000000001 0.884375 0.3890625000000001 0.921875 0.3890625000000001
29 0.6 0.49375 0.5640625 0.49375 0.5640625 0.565625 0.6 0.565625
34 0.48125 0.58125 0.446875 0.58125 0.446875 0.65 0.48125 0.65
23 0.7921875 0.49218750000000017 0.7546875 0.49218750000000017 0.7546875 0.5640625000000001 0.7921875 0.5640625000000001
36 0.565625 0.4109375 0.528125 0.4109375 0.528125 0.4828125 0.565625 0.4828125
32 0.9640625 0.5734375000000002 0.9265625 0.5734375000000002 0.9265625 0.6437500000000002 0.9640625 0.6437500000000002
50 0.36406250000000007 0.6703125 0.3156250000000001 0.6703125 0.3156250000000001 0.7375 0.36406250000000007 0.7375