14 0.2656250000000001 0.4671875 0.2250000000000001 0.4671875 0.2250000000000001 0.5015625 0.2656250000000001 0.5015625
2 0.4390625 0.20468750000000008 0.4 0.20468750000000008 0.4 0.2296875000000001 0.4390625 0.2296875000000001
22 0.3984375000000001 0.58125 0.3140625000000001 0.58125 0.3140625000000001 0.625 0.3984375000000001 0.625
55 0.3078125 0.3109375 0.2703125 0.3109375 0.2703125 0.3359375 0.3078125 0.3359375
5 0.4390625 0.3046875000000001 0.4015625 0.3046875000000001 0.4015625 0.3296875000000001 0.4390625 0.3296875000000001
38 0.3968750000000001 0.484375 0.3593750000000001 0.484375 0.3593750000000001 0.509375 0.3968750000000001 0.509375
32 0.3078125 0.17656250000000004 0.26875 0.17656250000000004 0.26875 0.2015625 0.3078125 0.2015625
44 0.30625 0.13593750000000004 0.26875 0.13593750000000004 0.26875 0.16875000000000004 0.30625 0.16875000000000004
37 0.3531250000000001 0.4921875 0.3140625000000001 0.4921875 0.3140625000000001 0.51875 0.3531250000000001 0.51875
50 0.2656250000000001 0.5921875 0.2250000000000001 0.5921875 0.2250000000000001 0.6265625 0.2656250000000001 0.6265625
31 0.3531250000000001 0.4609375 0.3140625000000001 0.4609375 0.3140625000000001 0.4859375 0.3531250000000001 0.4859375
51 0.396875 0.32031250000000006 0.3578125 0.3203125 0.3578125 0.3453125 0.396875 0.3453125000000001
24 0.3515625 0.328125 0.3140625 0.328125 0.3140625 0.353125 0.3515625 0.353125
15 0.30781250000000004 0.34375 0.2703125 0.34375 0.27031250000000007 0.36875 0.3078125000000001 0.36875
28 0.3531250000000001 0.39375 0.3140625000000001 0.39375 0.3140625000000001 0.41875 0.3531250000000001 0.41875
27 0.3968750000000001 0.4203125 0.3593750000000001 0.4203125 0.3593750000000001 0.4453125 0.3968750000000001 0.4453125
57 0.3078125 0.24375 0.26875 0.24375 0.26875 0.26875 0.3078125 0.26875
43 0.353125 0.2296875 0.3140625 0.2296875 0.3140625 0.2546875 0.353125 0.2546875
35 0.3078125000000001 0.378125 0.27031250000000007 0.378125 0.27031250000000007 0.403125 0.3078125000000001 0.403125
47 0.26406250000000003 0.259375 0.221875 0.259375 0.22187500000000004 0.4625 0.2640625000000001 0.4625
49 0.2625 0.13437500000000005 0.2234375 0.13437500000000005 0.2234375 0.16718750000000004 0.2625 0.16718750000000004
12 0.3531250000000001 0.525 0.3140625000000001 0.525 0.3140625000000001 0.5515625 0.3531250000000001 0.5515625
4 0.440625 0.27031250000000007 0.403125 0.27031250000000007 0.403125 0.2953125000000001 0.440625 0.2953125000000001
41 0.3953125 0.18750000000000006 0.3578125 0.18750000000000006 0.3578125 0.21250000000000005 0.3953125 0.21250000000000008
36 0.3968750000000001 0.4515625 0.3578125000000001 0.4515625 0.3578125000000001 0.4765625 0.3968750000000001 0.4765625
53 0.3968750000000001 0.38750000000000007 0.3578125000000001 0.3875 0.3578125000000001 0.4125 0.3968750000000001 0.4125
8 0.4390625 0.403125 0.4 0.403125 0.4 0.428125 0.4390625 0.428125
18 0.30937500000000007 0.44375 0.2687500000000001 0.44375 0.2687500000000001 0.46875 0.30937500000000007 0.46875
29 0.3531250000000001 0.428125 0.3140625000000001 0.428125 0.3140625000000001 0.453125 0.3531250000000001 0.453125
11 0.4390625 0.5328125 0.403125 0.5328125 0.403125 0.5578125 0.4390625 0.5578125
45 0.35 0.13750000000000004 0.3125 0.13750000000000004 0.3125 0.18750000000000006 0.35 0.18750000000000006
46 0.30937500000000007 0.5421875 0.27031250000000007 0.5421875 0.27031250000000007 0.6265625 0.30937500000000007 0.6265625
39 0.3968750000000001 0.55 0.3578125000000001 0.55 0.3578125000000001 0.575 0.3968750000000001 0.575
7 0.440625 0.3703125000000001 0.403125 0.3703125000000001 0.403125 0.39531250000000007 0.440625 0.39531250000000007
48 0.440625 0.5015625 0.4015625 0.5015625 0.4015625 0.5265625 0.440625 0.5265625
26 0.3531250000000001 0.5578125 0.3140625000000001 0.5578125 0.3140625000000001 0.5828125 0.3531250000000001 0.5828125
33 0.3078125000000001 0.4109375 0.27031250000000007 0.4109375 0.27031250000000007 0.4375 0.3078125000000001 0.4375
13 0.2625 0.2171875 0.2234375 0.2171875 0.2234375 0.2515625 0.2625 0.2515625
1 0.4390625 0.17187500000000006 0.4 0.17187500000000006 0.4 0.19687500000000005 0.4390625 0.19687500000000005
56 0.3953125 0.22187500000000004 0.3578125 0.221875 0.3578125 0.24687500000000004 0.3953125 0.2468750000000001
19 0.3515625 0.2625 0.3125 0.2625 0.3125 0.2875 0.3515625 0.2875
34 0.30937500000000007 0.509375 0.2718750000000001 0.509375 0.2718750000000001 0.534375 0.30937500000000007 0.534375
54 0.3968750000000001 0.515625 0.3578125000000001 0.515625 0.3578125000000001 0.54375 0.3968750000000001 0.54375
42 0.3953125 0.28750000000000003 0.3578125 0.2875 0.3578125 0.31250000000000006 0.3953125 0.3125000000000001
23 0.3515625 0.2953125 0.3140625 0.2953125 0.3140625 0.3203125 0.3515625 0.3203125
16 0.309375 0.278125 0.26875 0.278125 0.26875 0.303125 0.309375 0.303125
30 0.5093750000000001 0.12656250000000005 0.209375 0.12656250000000005 0.20937500000000003 0.8859375 0.5093750000000001 0.8859375
3 0.4390625 0.2375000000000001 0.4015625 0.2375000000000001 0.4015625 0.26250000000000007 0.4390625 0.26250000000000007
52 0.3953125 0.14062500000000006 0.3578125 0.14062500000000006 0.3578125 0.17968750000000006 0.3953125 0.17968750000000006
0 0.440625 0.46875 0.4015625 0.46875 0.4015625 0.49375 0.440625 0.49375
25 0.35156250000000006 0.3609375 0.3140625 0.3609375 0.3140625 0.3859375 0.3515625000000001 0.3859375
59 0.39687500000000003 0.353125 0.3578125 0.353125 0.35781250000000003 0.37812500000000004 0.3968750000000001 0.3781250000000001
58 0.3078125 0.2109375 0.26875 0.2109375 0.26875 0.2359375 0.3078125 0.2359375
17 0.4375 0.14062500000000006 0.4 0.14062500000000006 0.4 0.16406250000000006 0.4375 0.16406250000000006
10 0.3515625 0.19531250000000006 0.3140625 0.19531250000000006 0.3140625 0.2203125 0.3515625 0.2203125
40 0.3109375000000001 0.4765625 0.27031250000000007 0.4765625 0.27031250000000007 0.5015625 0.3109375000000001 0.5015625
6 0.4390625 0.3375000000000001 0.4015625 0.3375000000000001 0.4015625 0.3625000000000001 0.4390625 0.3625000000000001
20 0.440625 0.565625 0.403125 0.565625 0.403125 0.6234375 0.440625 0.6234375
9 0.4421875 0.4359375 0.403125 0.4359375 0.403125 0.4609375 0.4421875 0.4609375
21 0.396875 0.25468750000000007 0.3578125 0.2546875 0.3578125 0.27968750000000003 0.396875 0.2796875000000001