2 0.3593750000000001 0.840625 0.3125000000000001 0.840625 0.3125000000000001 0.878125 0.3593750000000001 0.878125
24 0.4765625 0.6703125 0.4296875 0.6703125 0.4296875 0.7078125 0.4765625 0.7078125
22 0.48125 0.30156250000000007 0.378125 0.30156250000000007 0.378125 0.3593750000000001 0.48125 0.3593750000000001
49 0.5968750000000002 0.946875 0.5453125000000002 0.946875 0.5453125000000002 1 0.5968750000000002 1
42 0.41718750000000016 0.7265625 0.3734375000000001 0.7265625 0.3734375000000001 0.7640625 0.41718750000000016 0.7640625
37 0.48125 0.440625 0.434375 0.440625 0.434375 0.478125 0.48125 0.478125
5 0.3656250000000001 0.7 0.3156250000000001 0.7 0.3156250000000001 0.7375 0.3656250000000001 0.7375
50 0.5984375 0.28593750000000007 0.5484375 0.28593750000000007 0.5484375 0.3421875000000001 0.5984375 0.3421875000000001
48 0.3734375000000001 0.434375 0.3265625000000001 0.434375 0.3265625000000001 0.46875 0.3734375000000001 0.46875
0 0.37187500000000007 0.4765625 0.3218750000000001 0.4765625 0.3218750000000001 0.5109375 0.37187500000000007 0.5109375
31 0.4796875 0.4875 0.434375 0.4875 0.434375 0.5234375 0.4796875 0.5234375
44 0.5328125000000001 0.9375 0.4828125000000002 0.9375 0.4828125000000002 1 0.5328125000000001 1
39 0.428125 0.3671875000000001 0.3812500000000001 0.3671875000000001 0.3812500000000001 0.4015625 0.428125 0.4015625
20 0.36875 0.30625 0.328125 0.30625 0.32812500000000006 0.38125000000000003 0.3687500000000001 0.3812500000000001
23 0.47343750000000007 0.7203125 0.4265625 0.7203125 0.42656250000000007 0.7546875 0.4734375000000002 0.7546875
58 0.5312500000000002 0.840625 0.48437500000000017 0.840625 0.48437500000000017 0.884375 0.5312500000000002 0.884375
9 0.37187500000000007 0.51875 0.3218750000000001 0.51875 0.3218750000000001 0.55625 0.37187500000000007 0.55625
34 0.5375 0.41875 0.490625 0.41875 0.490625 0.45625 0.5375 0.45625
1 0.3546875000000001 0.890625 0.3109375000000001 0.890625 0.3109375000000001 0.925 0.3546875000000001 0.925
28 0.4796875 0.5765625 0.4328125 0.5765625 0.4328125 0.6140625 0.4796875 0.6140625
16 0.5343750000000002 0.7453125 0.48750000000000016 0.7453125 0.48750000000000016 0.7859375 0.5343750000000002 0.7859375
7 0.3687500000000001 0.609375 0.3187500000000001 0.609375 0.3187500000000001 0.646875 0.3687500000000001 0.646875
59 0.41875 0.634375 0.3750000000000001 0.634375 0.3750000000000001 0.66875 0.41875 0.66875
18 0.5375 0.509375 0.490625 0.509375 0.490625 0.546875 0.5375 0.546875
12 0.48125 0.3984375000000001 0.4359375 0.3984375000000001 0.4359375 0.434375 0.48125 0.434375
29 0.478125 0.5296875 0.43125 0.5296875 0.43125 0.5671875 0.478125 0.5671875
40 0.5375 0.4625 0.490625 0.4625 0.490625 0.5 0.5375 0.5
8 0.37187500000000007 0.5625 0.3218750000000001 0.5625 0.3218750000000001 0.6 0.37187500000000007 0.6
26 0.48125 0.3531250000000001 0.4359375 0.3531250000000001 0.4359375 0.3890625000000001 0.48125 0.3890625000000001
43 0.4734375000000002 0.8171875 0.4265625000000002 0.8171875 0.4265625000000002 0.853125 0.4734375000000002 0.853125
25 0.4765625 0.6234375 0.4296875 0.6234375 0.4296875 0.6609375 0.4765625 0.6609375
54 0.428125 0.4109375 0.3812500000000001 0.4109375 0.3812500000000001 0.4453125 0.428125 0.4453125
13 0.6015625000000002 0.821875 0.5437500000000002 0.821875 0.5437500000000002 0.8796875 0.6015625000000002 0.8796875
53 0.421875 0.5859375 0.3765625000000001 0.5859375 0.3765625000000001 0.6234375 0.421875 0.6234375
27 0.421875 0.5421875 0.3781250000000001 0.5421875 0.3781250000000001 0.5765625 0.421875 0.5765625
30 0.675 5.281289321322961e-17 0.1875 2.2962127484012874e-17 0.18750000000000006 1 0.6750000000000002 1
4 0.36406250000000007 0.7453125 0.3140625000000001 0.7453125 0.3140625000000001 0.7828125 0.36406250000000007 0.7828125
15 0.5359375 0.6484375 0.4890625 0.6484375 0.4890625 0.6890625 0.5359375 0.6890625
10 0.47187500000000016 0.8640625 0.42500000000000016 0.8640625 0.42500000000000016 0.9015625 0.47187500000000016 0.9015625
3 0.3625000000000001 0.7921875 0.3125000000000001 0.7921875 0.3125000000000001 0.8296875 0.3625000000000001 0.8296875
56 0.41406250000000017 0.821875 0.3703125000000001 0.821875 0.3703125000000001 0.85625 0.41406250000000017 0.85625
51 0.4171875 0.68125 0.3734375000000001 0.68125 0.3734375000000001 0.715625 0.4171875 0.715625
38 0.425 0.4546875 0.3812500000000001 0.4546875 0.3812500000000001 0.4890625 0.425 0.4890625
52 0.41406250000000017 0.9140625 0.3671875000000001 0.9140625 0.3671875000000001 0.9796875 0.41406250000000017 0.9796875
57 0.5328125000000001 0.7921875 0.4859375000000002 0.7921875 0.4859375000000002 0.8359375 0.5328125000000001 0.8359375
32 0.5328125000000001 0.8875 0.4828125000000002 0.8875 0.4828125000000002 0.934375 0.5328125000000001 0.934375
55 0.534375 0.6953125 0.4875 0.6953125 0.4875000000000001 0.7359375 0.5343750000000002 0.7359375
21 0.41718750000000016 0.7734375 0.3703125000000001 0.7734375 0.3703125000000001 0.8109375 0.41718750000000016 0.8109375
11 0.37187500000000007 0.39062500000000006 0.32500000000000007 0.390625 0.32500000000000007 0.425 0.37187500000000007 0.425
17 0.35625000000000007 0.9359375 0.30937500000000007 0.9359375 0.30937500000000007 0.9734375 0.35625000000000007 0.9734375
35 0.5359375 0.6015625 0.4890625 0.6015625 0.4890625 0.640625 0.5359375 0.640625
47 0.6015625000000001 0.5140625 0.5453125 0.5140625 0.5453125000000001 0.8203125 0.6015625000000002 0.8203125
33 0.5375 0.553125 0.490625 0.553125 0.490625 0.5921875 0.5375 0.5921875
14 0.6046875 0.4609375 0.5484375 0.4609375 0.5484375 0.5140625 0.6046875 0.5140625
19 0.4734375000000002 0.76875 0.4265625000000002 0.76875 0.4265625000000002 0.803125 0.4734375000000002 0.803125
46 0.5375 0.2953125000000001 0.490625 0.2953125000000001 0.490625 0.4109375 0.5375 0.4109375
45 0.47187500000000016 0.909375 0.42500000000000016 0.909375 0.42500000000000016 0.9875 0.47187500000000016 0.9875
36 0.4234375 0.4984375 0.37968750000000007 0.4984375 0.37968750000000007 0.5328125 0.4234375 0.5328125
41 0.4156250000000002 0.8640625 0.3703125000000001 0.8640625 0.3703125000000001 0.90625 0.4156250000000002 0.90625
6 0.3656250000000001 0.653125 0.3156250000000001 0.653125 0.3156250000000001 0.690625 0.3656250000000001 0.690625