56 0.209375 0.278125 0.18906250000000005 0.278125 0.18906250000000005 0.3203125 0.209375 0.3203125
50 0.4859375 0.4203125 0.4546875 0.4203125 0.4546875 0.465625 0.4859375 0.465625
8 0.34375 0.246875 0.3234375 0.246875 0.3234375 0.278125 0.34375 0.278125
55 0.2609375000000001 0.36875 0.2406250000000001 0.36875 0.2406250000000001 0.40625 0.2609375000000001 0.40625
27 0.3515625 0.2828125 0.3328125 0.2828125 0.3328125 0.321875 0.3515625 0.321875
25 0.3046875 0.3234375 0.284375 0.3234375 0.284375 0.3609375 0.3046875 0.3609375
29 0.35625000000000007 0.33125 0.334375 0.33125 0.33437500000000003 0.365625 0.35625000000000007 0.365625
53 0.328125 0.284375 0.309375 0.284375 0.309375 0.321875 0.328125 0.321875
22 0.4890625 0.2890625000000001 0.4578125 0.2890625000000001 0.4578125 0.3703125000000001 0.4890625 0.3703125000000001
11 0.440625 0.2453125000000001 0.421875 0.2453125000000001 0.421875 0.2796875000000001 0.440625 0.2796875000000001
28 0.3296875 0.3265625 0.309375 0.3265625 0.30937500000000007 0.3640625 0.3296875000000001 0.3640625
30 0.703125 0.18125000000000005 0.1015625 0.18125 0.10156250000000003 0.5265625 0.703125 0.5265625
32 0.16406250000000006 0.3671875 0.14218750000000005 0.3671875 0.14218750000000005 0.4046875 0.16406250000000006 0.4046875
40 0.38750000000000007 0.3781250000000001 0.3671875000000001 0.3781250000000001 0.3671875000000001 0.4140625 0.38750000000000007 0.4140625
37 0.4046875 0.33281250000000007 0.3828125 0.33281250000000007 0.38281250000000006 0.3687500000000001 0.4046875 0.3687500000000001
44 0.14062500000000006 0.3671875 0.11406250000000004 0.3671875 0.11406250000000004 0.4015625 0.14062500000000006 0.4015625
39 0.4515625 0.2875000000000001 0.43125 0.2875000000000001 0.43125 0.3281250000000001 0.4515625 0.3281250000000001
1 0.18125000000000005 0.2390625 0.16406250000000006 0.2390625 0.16406250000000006 0.2734375 0.18125000000000005 0.2734375
16 0.23593750000000008 0.3703125 0.2156250000000001 0.3703125 0.2156250000000001 0.40625 0.23593750000000008 0.40625
7 0.3203125 0.24375 0.3 0.24375 0.3 0.2765625 0.3203125 0.2765625
42 0.25625 0.284375 0.2359375 0.284375 0.2359375 0.3203125 0.25625 0.3203125
2 0.203125 0.2390625 0.18437500000000004 0.2390625 0.18437500000000004 0.2703125 0.203125 0.2703125
20 0.490625 0.2484375000000001 0.446875 0.2484375000000001 0.446875 0.2812500000000001 0.490625 0.2812500000000001
54 0.4265625 0.2890625000000001 0.4046875 0.2890625000000001 0.4046875 0.32500000000000007 0.4265625 0.32500000000000007
43 0.2078125 0.325 0.18593750000000003 0.325 0.18593750000000003 0.3609375 0.2078125 0.3609375
10 0.18437500000000004 0.3265625 0.16250000000000003 0.3265625 0.16250000000000003 0.3609375 0.18437500000000004 0.3609375
38 0.4015625 0.28593750000000007 0.38125 0.28593750000000007 0.38125 0.3234375000000001 0.4015625 0.3234375000000001
13 0.19375000000000003 0.4109375 0.16406250000000006 0.4109375 0.16406250000000006 0.4625 0.19375000000000003 0.4625
46 0.4859375 0.37968750000000007 0.4171875 0.37968750000000007 0.4171875 0.4109375 0.4859375 0.4109375
34 0.4125 0.3812500000000001 0.3921875000000001 0.3812500000000001 0.3921875000000001 0.4125 0.4125 0.4125
35 0.3109375000000001 0.36875 0.2906250000000001 0.36875 0.2906250000000001 0.409375 0.3109375000000001 0.409375
51 0.28125 0.284375 0.2609375 0.284375 0.2609375 0.31875 0.28125 0.31875
52 0.16250000000000003 0.28125 0.13125000000000003 0.28125 0.13125000000000003 0.31875 0.16250000000000003 0.31875
3 0.225 0.2421875 0.2078125 0.2421875 0.2078125 0.2734375 0.225 0.2734375
18 0.3625000000000001 0.371875 0.34062500000000007 0.371875 0.34062500000000007 0.4125 0.3625000000000001 0.4125
31 0.37968750000000007 0.32656250000000003 0.3578125 0.3265625 0.35781250000000003 0.36718750000000006 0.37968750000000007 0.3671875000000001
19 0.23125 0.3265625 0.2109375 0.3265625 0.2109375 0.3625 0.23125 0.3625
47 0.3531250000000001 0.415625 0.19531250000000006 0.415625 0.19531250000000006 0.4703125 0.3531250000000001 0.4703125
21 0.2328125 0.28125 0.2109375 0.28125 0.2109375 0.3203125 0.2328125 0.3203125
57 0.21250000000000008 0.3671875 0.19062500000000004 0.3671875 0.19062500000000004 0.403125 0.21250000000000008 0.403125
17 0.15781250000000005 0.2359375 0.14062500000000006 0.2359375 0.14062500000000006 0.271875 0.15781250000000005 0.271875
33 0.3375000000000001 0.371875 0.3156250000000001 0.371875 0.3156250000000001 0.4125 0.3375000000000001 0.4125
41 0.18593750000000003 0.2796875 0.16562500000000005 0.2796875 0.16562500000000005 0.3203125 0.18593750000000003 0.3203125
45 0.15937500000000004 0.3265625 0.12187500000000004 0.3265625 0.12187500000000004 0.359375 0.15937500000000004 0.359375
6 0.296875 0.240625 0.2796875 0.240625 0.2796875 0.2765625 0.296875 0.2765625
58 0.18750000000000006 0.36875 0.16562500000000005 0.36875 0.16562500000000005 0.4046875 0.18750000000000006 0.4046875
5 0.271875 0.240625 0.2546875 0.240625 0.2546875 0.275 0.271875 0.275
36 0.378125 0.28593750000000007 0.3578125 0.2859375 0.3578125 0.321875 0.378125 0.3218750000000001
23 0.25625 0.3234375 0.2359375 0.3234375 0.2359375 0.3609375 0.25625 0.3609375
0 0.3921875 0.2453125000000001 0.371875 0.2453125000000001 0.371875 0.27812500000000007 0.3921875 0.27812500000000007
14 0.3843750000000001 0.4234375 0.35625000000000007 0.4234375 0.35625000000000007 0.4625 0.3843750000000001 0.4625
4 0.2484375 0.240625 0.23125 0.240625 0.23125 0.275 0.2484375 0.275
24 0.2796875 0.3265625 0.259375 0.3265625 0.259375 0.3625 0.2796875 0.3625
49 0.13125000000000003 0.4109375 0.10312500000000005 0.4109375 0.10312500000000005 0.4609375 0.13125000000000003 0.4609375
9 0.36875 0.24687500000000004 0.3484375 0.246875 0.3484375 0.27968750000000003 0.36875 0.2796875000000001
12 0.4296875 0.3281250000000001 0.40625 0.3281250000000001 0.40625 0.3703125000000001 0.4296875 0.3703125000000001
15 0.2875000000000001 0.36875 0.2640625000000001 0.36875 0.2640625000000001 0.4078125 0.2875000000000001 0.4078125
26 0.4546875 0.3265625000000001 0.4328125 0.3265625000000001 0.4328125 0.37187500000000007 0.4546875 0.37187500000000007
48 0.41875 0.24375000000000008 0.3984375 0.24375000000000008 0.3984375 0.2796875000000001 0.41875 0.2796875000000001
59 0.303125 0.284375 0.284375 0.284375 0.284375 0.3203125 0.303125 0.3203125