19 0.5953125000000001 0.7578125 0.5187500000000002 0.7578125 0.5187500000000002 0.7984375 0.5953125000000001 0.7984375
24 0.5953125 0.6484375 0.51875 0.6484375 0.51875 0.6875 0.5953125 0.6875
8 0.4125 0.5296875 0.3312500000000001 0.5296875 0.3312500000000001 0.5703125 0.4125 0.5703125
38 0.5046875 0.4 0.4296875 0.4 0.4296875 0.4375 0.5046875 0.4375
55 0.6921875 0.671875 0.6171875 0.671875 0.6171875 0.7125 0.6921875 0.7125
53 0.503125 0.55625 0.428125 0.55625 0.428125 0.59375 0.503125 0.59375
57 0.6921875000000002 0.784375 0.6156250000000002 0.784375 0.6156250000000002 0.825 0.6921875000000002 0.825
43 0.5937500000000002 0.8140625 0.5156250000000002 0.8140625 0.5156250000000002 0.85625 0.5937500000000002 0.85625
12 0.596875 0.33281250000000007 0.521875 0.33281250000000007 0.521875 0.3703125000000001 0.596875 0.3703125000000001
10 0.5953125000000001 0.8703125 0.5171875000000001 0.8703125 0.5171875000000001 0.9140625 0.5953125000000001 0.9140625
42 0.5000000000000001 0.715625 0.421875 0.715625 0.4218750000000001 0.75625 0.5000000000000002 0.75625
0 0.4140625 0.425 0.3343750000000001 0.425 0.3343750000000001 0.465625 0.4140625 0.465625
31 0.5984375 0.4359375 0.5234375 0.4359375 0.5234375 0.4734375 0.5984375 0.4734375
34 0.6875 0.3546875000000001 0.615625 0.3546875000000001 0.615625 0.39531250000000007 0.6875 0.39531250000000007
52 0.49531250000000016 0.94375 0.4156250000000002 0.94375 0.4156250000000002 1 0.49531250000000016 1
51 0.5015625 0.6625 0.425 0.6625 0.425 0.7015625 0.5015625 0.7015625
28 0.6 0.5421875 0.521875 0.5421875 0.521875 0.5796875 0.6 0.5796875
56 0.5000000000000002 0.828125 0.4203125000000002 0.828125 0.4203125000000002 0.8703125 0.5000000000000002 0.8703125
25 0.596875 0.59375 0.5203125 0.59375 0.5203125 0.6328125 0.596875 0.6328125
58 0.6921875000000002 0.840625 0.6156250000000002 0.840625 0.6156250000000002 0.8828125 0.6921875000000002 0.8828125
22 0.5984375 0.21875000000000008 0.4296875 0.21875000000000008 0.4296875 0.2875000000000001 0.5984375 0.2875000000000001
17 0.3984375000000001 0.971875 0.31718750000000007 0.971875 0.31718750000000007 1 0.3984375000000001 1
21 0.5015625000000001 0.771875 0.42187500000000017 0.771875 0.42187500000000017 0.8125 0.5015625000000001 0.8125
36 0.5046875 0.45 0.4296875 0.45 0.4296875 0.4890625 0.5046875 0.4890625
41 0.5000000000000002 0.884375 0.4187500000000002 0.884375 0.4187500000000002 0.928125 0.5000000000000002 0.928125
29 0.5953125 0.4875 0.5203125 0.4875 0.5203125 0.5265625 0.5953125 0.5265625
1 0.3984375000000001 0.9140625 0.3203125000000001 0.9140625 0.3203125000000001 0.9578125 0.3984375000000001 0.9578125
54 0.5046875 0.34843750000000007 0.4296875 0.34843750000000007 0.4296875 0.3859375000000001 0.5046875 0.3859375000000001
2 0.40156250000000016 0.85625 0.3203125000000001 0.85625 0.3203125000000001 0.9 0.40156250000000016 0.9
23 0.596875 0.7015625 0.51875 0.7015625 0.51875 0.7421875 0.5968750000000002 0.7421875
37 0.5984375 0.3843750000000001 0.5234375 0.3843750000000001 0.5234375 0.4234375 0.5984375 0.4234375
20 0.4140625 0.22656250000000006 0.3390625 0.2265625 0.3390625 0.31093750000000003 0.4140625 0.3109375000000001
5 0.4078125000000001 0.6890625 0.3265625000000001 0.6890625 0.3265625000000001 0.7296875 0.4078125000000002 0.7296875
47 0.7937500000000001 0.4671875000000001 0.709375 0.4671875 0.7093750000000001 0.8 0.7937500000000002 0.8
3 0.4046875000000002 0.8 0.3234375000000001 0.8 0.3234375000000001 0.8421875 0.4046875000000002 0.8421875
40 0.6875 0.4078125 0.615625 0.4078125 0.615625 0.4453125 0.6875 0.4453125
39 0.5078125 0.2984375000000001 0.43125 0.2984375000000001 0.43125 0.3359375000000001 0.5078125 0.3359375000000001
9 0.4140625 0.4765625 0.33281250000000007 0.4765625 0.33281250000000007 0.5171875 0.4140625 0.5171875
59 0.5 0.609375 0.425 0.609375 0.425 0.646875 0.5 0.646875
15 0.690625 0.6171875 0.615625 0.6171875 0.615625 0.6578125 0.690625 0.6578125
49 0.7953125000000002 0.9578125 0.7140625000000002 0.9578125 0.7140625000000002 1 0.7953125000000002 1
30 0.8578125 0.017187500000000064 0.1859375 0.017187500000000022 0.18593750000000006 1 0.8578125 1
33 0.690625 0.5109375 0.615625 0.5109375 0.615625 0.5515625 0.690625 0.5515625
50 0.7796875 0.21093750000000008 0.7078125 0.21093750000000008 0.7078125 0.2640625000000001 0.7796875 0.2640625000000001
35 0.6890625 0.5640625 0.6140625 0.5640625 0.6140625 0.6046875 0.6890625 0.6046875
46 0.6890625 0.2156250000000001 0.6171875 0.2156250000000001 0.6171875 0.3421875000000001 0.6890625 0.3421875000000001
26 0.5984375 0.2812500000000001 0.5234375 0.2812500000000001 0.5234375 0.3203125000000001 0.5984375 0.3203125000000001
14 0.7859375 0.40312500000000007 0.7109375 0.403125 0.7109375 0.4562500000000001 0.7859375 0.45625000000000016
16 0.6906250000000002 0.728125 0.6156250000000002 0.728125 0.6156250000000002 0.76875 0.6906250000000002 0.76875
7 0.409375 0.58125 0.3312500000000001 0.58125 0.3312500000000001 0.621875 0.409375 0.621875
32 0.6953125000000002 0.9 0.6140625000000002 0.9 0.6140625000000002 0.94375 0.6953125000000002 0.94375
6 0.4078125 0.6359375 0.3281250000000001 0.6359375 0.3281250000000001 0.6765625 0.4078125 0.6765625
13 0.7890625000000002 0.8125 0.7140625000000002 0.8125 0.7140625000000002 0.8703125 0.7890625000000002 0.8703125
27 0.5 0.503125 0.428125 0.503125 0.428125 0.540625 0.5 0.540625
44 0.6921875000000002 0.9578125 0.6140625000000002 0.9578125 0.6140625000000002 1 0.6921875000000002 1
11 0.4140625 0.32500000000000007 0.3375 0.325 0.3375 0.36250000000000004 0.4140625 0.3625000000000001
18 0.6890625 0.459375 0.6140625 0.459375 0.6140625 0.4984375 0.6890625 0.4984375
4 0.4031250000000002 0.7453125 0.32500000000000007 0.7453125 0.32500000000000007 0.7859375 0.4031250000000002 0.7859375
48 0.415625 0.37500000000000006 0.3359375000000001 0.375 0.3359375000000001 0.415625 0.415625 0.415625
45 0.5953125000000001 0.928125 0.5171875000000001 0.928125 0.5171875000000001 1 0.5953125000000001 1