2 0.10625000000000004 0.2890625 0.06562500000000004 0.2890625 0.06562500000000004 0.340625 0.10625000000000004 0.340625
24 0.2890625000000001 0.415625 0.2484375000000001 0.415625 0.2484375000000001 0.465625 0.2890625000000001 0.465625
22 0.6859375 0.3609375000000001 0.6234375 0.3609375000000001 0.6234375 0.4703125 0.6859375 0.4703125
42 0.22812500000000005 0.3546875 0.18750000000000006 0.3546875 0.18750000000000006 0.4015625 0.22812500000000008 0.4015625
37 0.5359375 0.4203125 0.4953125 0.4203125 0.4953125 0.4703125 0.5359375 0.4703125
5 0.2578125 0.29375 0.2171875 0.29375 0.2171875 0.346875 0.2578125 0.346875
50 0.7015625 0.54375 0.6421875 0.54375 0.6421875 0.5984375 0.7015625 0.5984375
48 0.54375 0.3046875000000001 0.50625 0.3046875000000001 0.50625 0.3546875000000001 0.54375 0.3546875000000001
0 0.4984375 0.3000000000000001 0.4609375 0.3000000000000001 0.4609375 0.3531250000000001 0.4984375 0.3531250000000001
31 0.4875 0.41875 0.4484375 0.41875 0.4484375 0.46875 0.4875 0.46875
39 0.615625 0.36406250000000007 0.578125 0.36406250000000007 0.578125 0.4140625 0.615625 0.4140625
20 0.68125 0.3062500000000001 0.6 0.3062500000000001 0.6 0.3500000000000001 0.68125 0.3500000000000001
23 0.23593750000000008 0.4125 0.19843750000000004 0.4125 0.19843750000000004 0.4625 0.23593750000000008 0.4625
58 0.10625000000000004 0.475 0.05937500000000007 0.475 0.05937500000000007 0.5265625 0.10625000000000004 0.5265625
9 0.453125 0.3000000000000001 0.4125 0.3000000000000001 0.4125 0.3531250000000001 0.453125 0.3531250000000001
34 0.5609375 0.48125 0.5203125 0.48125 0.5203125 0.53125 0.5609375 0.53125
1 0.051562500000000046 0.2890625 0.014062500000000033 0.2890625 0.014062500000000037 0.3359375 0.051562500000000046 0.3359375
28 0.3906250000000001 0.41875 0.3500000000000001 0.41875 0.3500000000000001 0.4703125 0.3906250000000001 0.4703125
16 0.2093750000000001 0.4765625 0.16562500000000005 0.4765625 0.16562500000000005 0.5265625 0.2093750000000001 0.5265625
7 0.35625 0.296875 0.315625 0.296875 0.315625 0.35 0.35625 0.35
59 0.32812500000000006 0.3578125 0.290625 0.3578125 0.290625 0.4046875 0.3281250000000001 0.4046875
18 0.4625 0.48125 0.421875 0.48125 0.421875 0.53125 0.4625 0.53125
12 0.5828125 0.421875 0.54375 0.421875 0.54375 0.471875 0.5828125 0.471875
29 0.440625 0.4171875 0.4 0.4171875 0.4 0.4671875 0.440625 0.4671875
40 0.5125 0.48125 0.471875 0.48125 0.471875 0.53125 0.5125 0.53125
8 0.4046875 0.3000000000000001 0.3640625 0.3000000000000001 0.3640625 0.3531250000000001 0.4046875 0.3531250000000001
26 0.63125 0.421875 0.5921875 0.421875 0.5921875 0.471875 0.63125 0.471875
43 0.13125000000000003 0.4109375 0.09218750000000005 0.4109375 0.09218750000000006 0.4609375 0.13125000000000003 0.4609375
25 0.3390625000000001 0.415625 0.2984375000000001 0.415625 0.2984375000000001 0.465625 0.3390625000000001 0.465625
54 0.56875 0.36406250000000007 0.53125 0.36406250000000007 0.53125 0.4140625 0.56875 0.4140625
13 0.12500000000000006 0.5390625 0.06250000000000007 0.5390625 0.06250000000000007 0.6015625 0.12500000000000008 0.6015625
53 0.37968750000000007 0.35781250000000003 0.3390625 0.3578125 0.33906250000000004 0.4078125 0.37968750000000007 0.4078125
27 0.4265625 0.3609375000000001 0.3890625 0.3609375000000001 0.38906250000000003 0.4078125 0.4265625 0.4078125
30 1 0.15468750000000006 1.894375517431062e-17 0.1546875 5.109073365192865e-17 0.6796875000000001 1 0.6796875000000002
4 0.2078125 0.290625 0.16718750000000004 0.290625 0.16718750000000004 0.34375 0.2078125 0.34375
15 0.3125000000000001 0.4796875 0.2687500000000001 0.4796875 0.2687500000000001 0.5296875 0.3125000000000001 0.5296875
10 0.08125000000000006 0.4109375 0.04062500000000006 0.4109375 0.04062500000000006 0.4609375 0.08125000000000007 0.4609375
3 0.15781250000000005 0.2890625 0.11718750000000004 0.2890625 0.11718750000000004 0.3421875 0.15781250000000005 0.3421875
56 0.12656250000000005 0.353125 0.08906250000000004 0.353125 0.08906250000000004 0.4 0.12656250000000005 0.4
51 0.27812500000000007 0.35625 0.240625 0.35625 0.24062500000000003 0.403125 0.27812500000000007 0.403125
38 0.521875 0.36406250000000007 0.484375 0.36406250000000007 0.484375 0.4109375 0.521875 0.4109375
52 0.026562500000000044 0.3484375 0.0015625000000000424 0.3484375 0.0015625000000000454 0.3984375 0.026562500000000044 0.3984375
57 0.15781250000000005 0.475 0.11093750000000005 0.475 0.11093750000000005 0.5265625 0.15781250000000005 0.5265625
32 0.05468750000000007 0.471875 0.004687500000000058 0.471875 0.004687500000000061 0.5265625 0.05468750000000007 0.5265625
55 0.2609375000000001 0.478125 0.2171875000000001 0.478125 0.2171875000000001 0.528125 0.2609375000000001 0.528125
21 0.17812500000000003 0.3515625 0.13750000000000004 0.3515625 0.13750000000000004 0.4015625 0.17812500000000003 0.4015625
11 0.5890625 0.3046875000000001 0.553125 0.3046875000000001 0.553125 0.3546875000000001 0.5890625 0.3546875000000001
35 0.36406250000000007 0.4796875 0.3218750000000001 0.4796875 0.3218750000000001 0.5296875 0.36406250000000007 0.5296875
47 0.4578125 0.540625 0.12656250000000005 0.540625 0.12656250000000008 0.6 0.4578125 0.6
33 0.4140625 0.48125 0.37187500000000007 0.48125 0.37187500000000007 0.53125 0.4140625 0.53125
14 0.515625 0.54375 0.4578125 0.54375 0.4578125 0.603125 0.515625 0.603125
19 0.18437500000000004 0.4125 0.14687500000000003 0.4125 0.14687500000000003 0.4625 0.18437500000000004 0.4625
46 0.69375 0.48125 0.56875 0.48125 0.56875 0.53125 0.69375 0.53125
45 0.031250000000000056 0.4109375 5.032532940246154e-17 0.4109375 5.348262193151332e-17 0.4625 0.031250000000000056 0.4625
36 0.475 0.3625000000000001 0.4375 0.3625000000000001 0.4375 0.409375 0.475 0.409375
41 0.07968750000000005 0.35 0.035937500000000046 0.35 0.035937500000000046 0.4 0.07968750000000005 0.4
6 0.3078125 0.29375 0.2671875 0.29375 0.2671875 0.346875 0.3078125 0.346875