53 0.31718750000000007 0.509375 0.22031250000000008 0.509375 0.22031250000000008 0.575 0.31718750000000007 0.575
31 0.4250000000000001 0.6765625 0.3281250000000001 0.6765625 0.3281250000000001 0.7421875 0.42500000000000016 0.7421875
9 0.21250000000000008 0.6171875 0.11562500000000009 0.6171875 0.11562500000000009 0.6875 0.21250000000000008 0.6875
43 0.4234375 0.16250000000000003 0.328125 0.16250000000000003 0.328125 0.22812500000000005 0.4234375 0.22812500000000008
25 0.421875 0.4546875 0.32500000000000007 0.4546875 0.32500000000000007 0.5203125 0.421875 0.5203125
29 0.4234375 0.6015625 0.3281250000000001 0.6015625 0.3281250000000001 0.6671875 0.4234375 0.6671875
59 0.3156250000000001 0.4375 0.22031250000000008 0.4375 0.22031250000000008 0.503125 0.3156250000000001 0.503125
28 0.4234375 0.528125 0.3281250000000001 0.528125 0.3281250000000001 0.59375 0.4234375 0.59375
34 0.5296875000000002 0.784375 0.43281250000000016 0.784375 0.43281250000000016 0.85 0.5296875000000002 0.85
54 0.31718750000000007 0.8015625 0.2171875000000001 0.8015625 0.2171875000000001 0.8703125 0.31718750000000007 0.8703125
0 0.21250000000000008 0.6921875 0.11562500000000009 0.6921875 0.11562500000000009 0.7609375 0.21250000000000008 0.7609375
23 0.4203125 0.30781250000000004 0.328125 0.3078125 0.32812500000000006 0.37343750000000003 0.4203125 0.3734375000000001
57 0.528125 0.2000000000000001 0.4328125 0.2000000000000001 0.4328125 0.2656250000000001 0.528125 0.2656250000000001
42 0.315625 0.2921875 0.2203125 0.2921875 0.2203125 0.3578125 0.315625 0.3578125
10 0.4203125 0.08750000000000005 0.325 0.08750000000000005 0.325 0.15625000000000006 0.4203125 0.15625000000000006
36 0.3156250000000001 0.65625 0.21875000000000008 0.65625 0.21875000000000008 0.721875 0.3156250000000001 0.721875
6 0.2093750000000001 0.3984375 0.11250000000000004 0.3984375 0.11250000000000004 0.4671875 0.2093750000000001 0.4671875
27 0.3156250000000001 0.5828125 0.22031250000000008 0.5828125 0.22031250000000008 0.6484375 0.3156250000000001 0.6484375
49 0.6703125 7.386151007357473e-17 0.5359375 6.563341439180346e-17 0.5359375 0.028125000000000074 0.6703125 0.028125000000000077
16 0.5296875 0.2718750000000001 0.4328125 0.2718750000000001 0.4328125 0.34062500000000007 0.5296875 0.34062500000000007
15 0.5296875 0.4171875 0.4328125 0.4171875 0.4328125 0.4859375 0.5296875 0.4859375
17 0.209375 1.9709159423777714e-17 0.1125 1.3777276490407724e-17 0.1125 0.025000000000000015 0.209375 0.025000000000000022
58 0.528125 0.12343750000000005 0.4328125 0.12343750000000005 0.4328125 0.19218750000000004 0.528125 0.19218750000000004
13 0.6703125 0.18125000000000008 0.5375 0.18125000000000005 0.5375 0.2500000000000001 0.6703125 0.2500000000000001
44 0.5296875 5.87447761465996e-17 0.4296875 5.262154215086284e-17 0.4296875 0.12031250000000004 0.5296875 0.12031250000000004
2 0.2109375 0.10781250000000002 0.115625 0.1078125 0.115625 0.1765625 0.2109375 0.17656250000000004
40 0.5281250000000001 0.7125 0.4328125 0.7125 0.4328125000000001 0.778125 0.5281250000000002 0.778125
48 0.21093750000000008 0.765625 0.11562500000000009 0.765625 0.11562500000000009 0.83125 0.21093750000000008 0.83125
18 0.5296875 0.6390625 0.4296875 0.6390625 0.4296875 0.7046875 0.5296875 0.7046875
22 0.42500000000000016 0.8984375 0.3265625000000001 0.8984375 0.3265625000000001 1 0.42500000000000016 1
45 0.421875 4.5732903905658965e-17 0.325 3.980102097228898e-17 0.325 0.08281250000000004 0.421875 0.08281250000000004
7 0.21250000000000008 0.471875 0.11562500000000005 0.471875 0.11562500000000005 0.540625 0.21250000000000008 0.540625
55 0.5296875 0.3453125000000001 0.4296875 0.3453125000000001 0.4296875 0.4140625 0.5296875 0.4140625
14 0.671875 0.65625 0.5375 0.65625 0.5375 0.725 0.671875 0.725
8 0.21250000000000008 0.546875 0.11562500000000009 0.546875 0.11562500000000009 0.6125 0.21250000000000008 0.6125
3 0.2125 0.17968750000000003 0.1125 0.1796875 0.11250000000000002 0.2484375 0.2125 0.2484375
11 0.2078125000000001 0.8421875 0.11250000000000009 0.8421875 0.11250000000000009 0.9046875 0.2078125000000001 0.9046875
37 0.4234375000000002 0.746875 0.3281250000000001 0.746875 0.3281250000000001 0.815625 0.4234375000000002 0.815625
47 0.671875 0.2484375000000001 0.5375 0.2484375000000001 0.5375 0.65625 0.671875 0.65625
4 0.209375 0.2546875 0.11250000000000004 0.2546875 0.11250000000000004 0.3203125 0.209375 0.3203125
51 0.3156250000000001 0.365625 0.22031250000000008 0.365625 0.22031250000000008 0.428125 0.3156250000000001 0.428125
52 0.3171875 0.001562500000000033 0.2203125 0.001562500000000027 0.2203125 0.06718750000000004 0.3171875 0.06718750000000004
5 0.21250000000000005 0.3265625 0.11250000000000004 0.3265625 0.11250000000000004 0.3921875 0.21250000000000008 0.3921875
38 0.3156250000000001 0.7296875 0.22031250000000008 0.7296875 0.22031250000000008 0.7953125 0.3156250000000001 0.7953125
24 0.421875 0.38281250000000006 0.32500000000000007 0.3828125 0.32500000000000007 0.4484375 0.421875 0.4484375
30 0.7031250000000001 4.305398903252414e-17 0 0 6.123233995736766e-17 1 0.7031250000000002 1
12 0.4234375000000002 0.821875 0.3281250000000001 0.821875 0.3281250000000001 0.8875 0.4234375000000002 0.8875
56 0.315625 0.14375000000000004 0.21875 0.14375000000000004 0.21875 0.209375 0.315625 0.209375
33 0.5296875 0.5640625 0.4296875 0.5640625 0.4296875 0.6328125 0.5296875 0.6328125
46 0.5312500000000002 0.859375 0.4343750000000002 0.859375 0.4343750000000002 1 0.5312500000000002 1
39 0.3156250000000001 0.878125 0.22031250000000008 0.878125 0.22031250000000008 0.94375 0.3156250000000001 0.94375
19 0.4234375 0.23437500000000006 0.328125 0.234375 0.328125 0.30312500000000003 0.4234375 0.3031250000000001
1 0.2078125 0.03437500000000002 0.115625 0.03437500000000001 0.115625 0.10000000000000002 0.2078125 0.10000000000000005
21 0.3171875 0.215625 0.2203125 0.215625 0.2203125 0.284375 0.3171875 0.284375
35 0.528125 0.490625 0.43125 0.490625 0.43125 0.55625 0.528125 0.55625
20 0.21093750000000008 0.9140625 0.11093750000000013 0.9140625 0.11093750000000013 1 0.21093750000000008 1
26 0.3156250000000001 0.9515625 0.22031250000000008 0.9515625 0.22031250000000008 1 0.3156250000000001 1
41 0.3171875 0.07031250000000003 0.2171875 0.07031250000000003 0.2171875 0.13906250000000003 0.3171875 0.13906250000000003