1 0.8265625 0.3609375000000001 0.7640625 0.3609375000000001 0.7640625 0.4046875000000002 0.8265625 0.4046875000000002
29 0.3890625000000001 0.5265625 0.3296875000000001 0.5265625 0.3296875000000001 0.5703125 0.3890625000000001 0.5703125
41 0.8078125 0.40937500000000016 0.7453125 0.40937500000000016 0.7453125 0.45312500000000017 0.8078125 0.45312500000000017
46 0.1937500000000001 0.603125 0.06562500000000007 0.603125 0.06562500000000007 0.6625 0.1937500000000001 0.6625
6 0.521875 0.4125 0.4625 0.4125 0.4625 0.45625 0.521875 0.45625
16 0.665625 0.525 0.603125 0.525 0.603125 0.56875 0.665625 0.56875
58 0.7859375 0.5046875000000001 0.7234375 0.5046875 0.7234375 0.5484375000000001 0.7859375 0.5484375000000001
55 0.60625 0.534375 0.54375 0.534375 0.54375 0.578125 0.60625 0.578125
59 0.5078125 0.4609375 0.4453125 0.4609375 0.4453125 0.5046875 0.5078125 0.5046875
19 0.68125 0.4765625 0.621875 0.4765625 0.621875 0.5203125 0.68125 0.5203125
54 0.2140625000000001 0.5109375 0.15468750000000003 0.5109375 0.15468750000000006 0.5546875 0.2140625000000001 0.5546875
45 0.915625 0.4390625000000002 0.80625 0.4390625000000002 0.80625 0.4906250000000002 0.915625 0.4906250000000002
53 0.446875 0.471875 0.38750000000000007 0.471875 0.38750000000000007 0.515625 0.446875 0.515625
7 0.4640625 0.4234375 0.4046875 0.4234375 0.4046875 0.4671875 0.4640625 0.4671875
27 0.3890625000000001 0.4796875 0.3296875000000001 0.4796875 0.3296875000000001 0.5234375 0.3890625000000001 0.5234375
10 0.8046875 0.4546875000000002 0.7421875 0.4546875000000002 0.7421875 0.5000000000000002 0.8046875 0.5000000000000002
38 0.2718750000000001 0.5015625 0.21250000000000008 0.5015625 0.21250000000000008 0.5453125 0.2718750000000001 0.5453125
13 0.75625 0.5562500000000001 0.675 0.55625 0.675 0.6078125000000001 0.75625 0.6078125000000002
2 0.7640625 0.3703125000000001 0.7015625 0.3703125000000001 0.7015625 0.4140625000000001 0.7640625 0.41406250000000017
52 0.8984375 0.3937500000000001 0.80625 0.3937500000000001 0.80625 0.4437500000000002 0.8984375 0.4437500000000002
34 0.2578125000000001 0.59375 0.19531250000000008 0.59375 0.19531250000000008 0.634375 0.2578125000000001 0.634375
12 0.2156250000000001 0.55625 0.1531250000000001 0.55625 0.1531250000000001 0.6 0.2156250000000001 0.6
33 0.43125 0.5640625 0.3687500000000001 0.5640625 0.3687500000000001 0.6078125 0.43125 0.6078125
26 0.09531250000000006 0.53125 0.03593750000000007 0.53125 0.03593750000000007 0.575 0.09531250000000006 0.575
15 0.5484375 0.54375 0.4859375 0.54375 0.4859375 0.5875 0.5484375 0.5875
37 0.2718750000000001 0.5484375 0.21250000000000008 0.5484375 0.21250000000000008 0.5890625 0.2718750000000001 0.5890625
42 0.625 0.440625 0.5625 0.440625 0.5625 0.484375 0.625 0.484375
3 0.703125 0.3812500000000001 0.640625 0.3812500000000001 0.640625 0.425 0.703125 0.425
51 0.5640625 0.45 0.5046875 0.45 0.5046875 0.49375 0.5640625 0.49375
24 0.5625 0.496875 0.503125 0.496875 0.503125 0.540625 0.5625 0.540625
25 0.5046875 0.50625 0.4453125 0.50625 0.4453125 0.55 0.5046875 0.55
5 0.58125 0.4015625 0.521875 0.4015625 0.521875 0.446875 0.58125 0.446875
48 0.22812500000000008 0.4625 0.16875000000000004 0.4625 0.16875000000000004 0.50625 0.22812500000000008 0.50625
9 0.34843750000000007 0.4421875 0.28593750000000007 0.4421875 0.28593750000000007 0.4859375 0.34843750000000007 0.4859375
56 0.7453125 0.41875000000000007 0.6859375 0.41875 0.6859375 0.4640625000000001 0.7453125 0.46406250000000016
17 0.8890625 0.3500000000000001 0.8265625 0.3500000000000001 0.8265625 0.3937500000000001 0.8890625 0.3937500000000001
22 0.1531250000000001 0.565625 0.05156250000000007 0.565625 0.05156250000000007 0.6171875 0.1531250000000001 0.6171875
47 0.68125 0.56875 0.38750000000000007 0.56875 0.38750000000000007 0.65625 0.68125 0.65625
18 0.37187500000000007 0.5734375 0.3125000000000001 0.5734375 0.3125000000000001 0.6171875 0.37187500000000007 0.6171875
49 0.94375 0.5265625000000002 0.8734375 0.5265625000000002 0.8734375 0.5781250000000002 0.94375 0.5781250000000002
20 0.11093750000000005 0.484375 0.02187500000000006 0.484375 0.021875000000000065 0.5328125 0.11093750000000005 0.5328125
43 0.74375 0.4671875000000001 0.68125 0.4671875 0.68125 0.5109375 0.74375 0.5109375000000002
21 0.684375 0.4296875 0.621875 0.4296875 0.621875 0.4734375 0.684375 0.4734375
8 0.4046875 0.4328125 0.3453125000000001 0.4328125 0.3453125000000001 0.4765625 0.4046875 0.4765625
23 0.621875 0.4875 0.5625 0.4875 0.5625 0.53125 0.621875 0.53125
57 0.725 0.515625 0.6625 0.515625 0.6625 0.559375 0.725 0.559375
30 0.9515625 0.3140625 0.0031250000000000388 0.3140625 0.003125000000000064 0.7250000000000001 0.9515625 0.7250000000000002
35 0.4890625 0.553125 0.4265625 0.553125 0.4265625 0.596875 0.4890625 0.596875
40 0.3140625000000001 0.584375 0.2515625000000001 0.584375 0.2515625000000001 0.625 0.3140625000000001 0.625
31 0.3312500000000001 0.5359375 0.2718750000000001 0.5359375 0.2718750000000001 0.5796875 0.3312500000000001 0.5796875
14 0.3937500000000001 0.61875 0.31718750000000007 0.61875 0.31718750000000007 0.671875 0.3937500000000001 0.671875
36 0.3312500000000001 0.490625 0.2718750000000001 0.490625 0.2718750000000001 0.534375 0.3312500000000001 0.534375
28 0.446875 0.5171875 0.38750000000000007 0.5171875 0.38750000000000007 0.5609375 0.446875 0.5609375
44 0.925 0.4828125000000002 0.784375 0.4828125000000002 0.784375 0.5390625000000002 0.925 0.5390625000000002
11 0.17031250000000003 0.471875 0.11093750000000005 0.471875 0.11093750000000005 0.515625 0.17031250000000003 0.515625
39 0.15625000000000006 0.521875 0.09687500000000007 0.521875 0.09687500000000007 0.5625 0.15625000000000008 0.5625
0 0.2875000000000001 0.453125 0.22812500000000008 0.453125 0.22812500000000008 0.496875 0.2875000000000001 0.496875
4 0.640625 0.3906250000000001 0.58125 0.3906250000000001 0.58125 0.434375 0.640625 0.434375