51 0.634375 0.32500000000000007 0.55625 0.32500000000000007 0.55625 0.3843750000000001 0.634375 0.3843750000000001
9 0.70625 0.5671875 0.63125 0.5671875 0.63125 0.6296875 0.70625 0.6296875
38 0.6187500000000001 0.6703125 0.540625 0.6703125 0.5406250000000001 0.7328125 0.6187500000000001 0.7328125
40 0.434375 0.6578125 0.35625000000000007 0.6578125 0.35625000000000007 0.7234375 0.434375 0.7234375
46 0.4281250000000002 0.7828125 0.34062500000000007 0.7828125 0.34062500000000007 0.8703125 0.4281250000000002 0.8703125
3 0.7296875 0.15625000000000008 0.6546875 0.15625000000000008 0.6546875 0.21875000000000008 0.7296875 0.21875000000000008
45 0.5796875 6.553773886062008e-17 0.490625 6.008423358316702e-17 0.490625 0.050000000000000065 0.5796875 0.050000000000000065
35 0.4453125 0.440625 0.36406250000000007 0.440625 0.36406250000000007 0.50625 0.4453125 0.50625
7 0.7125 0.43125 0.6375 0.43125 0.6375 0.490625 0.7125 0.490625
54 0.6156250000000002 0.740625 0.5375000000000002 0.740625 0.5375000000000002 0.803125 0.6156250000000002 0.803125
56 0.65 0.1140625000000001 0.56875 0.1140625000000001 0.56875 0.1781250000000001 0.65 0.1781250000000001
31 0.5296875 0.6203125 0.4484375 0.6203125 0.4484375 0.684375 0.5296875 0.684375
39 0.6156250000000002 0.8828125 0.5343750000000002 0.8828125 0.5343750000000002 0.9640625 0.6156250000000002 0.9640625
55 0.45625 0.2984375000000001 0.371875 0.2984375000000001 0.37187500000000007 0.36406250000000007 0.45625 0.36406250000000007
4 0.725 0.22656250000000008 0.65 0.22656250000000008 0.65 0.28593750000000007 0.725 0.28593750000000007
53 0.6234375 0.4625 0.5453125 0.4625 0.5453125 0.525 0.6234375 0.525
29 0.53125 0.55 0.453125 0.55 0.453125 0.6125 0.53125 0.6125
18 0.4375 0.584375 0.3593750000000001 0.584375 0.3593750000000001 0.65 0.4375 0.65
52 0.66875 7.654042494670958e-17 0.58125 7.11825952004399e-17 0.58125 0.04062500000000007 0.66875 0.04062500000000008
49 0.3796875 0.0046875000000000415 0.2890625 0.004687500000000036 0.2890625 0.07656250000000005 0.3796875 0.07656250000000005
1 0.740625 0.018750000000000086 0.665625 0.018750000000000083 0.665625 0.08125000000000009 0.740625 0.08125000000000009
20 0.7015625000000002 0.8421875 0.6234375000000002 0.8421875 0.6234375000000002 0.959375 0.7015625000000002 0.959375
41 0.6546875 0.043750000000000074 0.5734375 0.04375000000000007 0.5734375 0.10937500000000008 0.6546875 0.10937500000000008
24 0.5421875 0.3359375000000001 0.4640625 0.3359375000000001 0.4640625 0.4 0.5421875 0.4
5 0.7203125 0.2953125000000001 0.6453125 0.2953125000000001 0.6453125 0.3546875000000001 0.7203125 0.3546875000000001
34 0.4359375000000002 0.7296875 0.3515625000000001 0.7296875 0.3515625000000001 0.7765625 0.4359375000000002 0.7765625
23 0.546875 0.2656250000000001 0.465625 0.2656250000000001 0.465625 0.3296875000000001 0.546875 0.3296875000000001
11 0.7000000000000002 0.775 0.6265625000000001 0.775 0.6265625000000001 0.8359375 0.7000000000000002 0.8359375
10 0.565625 0.05468750000000007 0.484375 0.05468750000000007 0.484375 0.12031250000000007 0.565625 0.12031250000000009
57 0.4671875 0.15468750000000003 0.3859375 0.15468750000000003 0.3859375 0.22031250000000008 0.4671875 0.22031250000000008
48 0.7015625000000001 0.7046875 0.6234375 0.7046875 0.6234375000000001 0.7671875 0.7015625000000002 0.7671875
37 0.5265625 0.690625 0.4453125 0.690625 0.4453125000000001 0.753125 0.5265625000000002 0.753125
58 0.471875 0.08281250000000005 0.390625 0.08281250000000004 0.390625 0.14843750000000006 0.471875 0.14843750000000006
8 0.709375 0.4984375 0.634375 0.4984375 0.634375 0.5609375 0.709375 0.5609375
14 0.3453125000000001 0.5890625 0.2484375000000001 0.5890625 0.2484375000000001 0.6546875 0.3453125000000001 0.6546875
16 0.4609375 0.2250000000000001 0.3765625 0.2250000000000001 0.3765625 0.2921875000000001 0.4609375 0.2921875000000001
43 0.5578125 0.12500000000000006 0.4765625 0.12500000000000006 0.4765625 0.18906250000000008 0.5578125 0.18906250000000008
12 0.5234375000000002 0.7640625 0.4421875000000002 0.7640625 0.4421875000000002 0.828125 0.5234375000000002 0.828125
36 0.6171875 0.6015625 0.5421875 0.6015625 0.5421875 0.6640625 0.6171875 0.6640625
59 0.628125 0.3921875000000001 0.553125 0.3921875000000001 0.553125 0.4546875 0.628125 0.4546875
42 0.6359375 0.2531250000000001 0.5609375 0.2531250000000001 0.5609375 0.3156250000000001 0.6359375 0.3156250000000001
47 0.36406250000000007 0.21875000000000006 0.2515625 0.21875 0.2515625 0.58125 0.36406250000000007 0.58125
26 0.6156250000000002 0.8125 0.5312500000000002 0.8125 0.5312500000000002 0.8765625 0.6156250000000002 0.8765625
2 0.7328125 0.08593750000000008 0.659375 0.08593750000000008 0.659375 0.14843750000000008 0.7328125 0.14843750000000008
17 0.74375 8.677770678333199e-17 0.6734375 8.247230788007957e-17 0.6734375 0.012500000000000086 0.74375 0.01250000000000009
21 0.64375 0.1843750000000001 0.565625 0.1843750000000001 0.565625 0.2468750000000001 0.64375 0.2468750000000001
33 0.4453125 0.5125 0.3609375000000001 0.5125 0.3609375000000001 0.578125 0.4453125 0.578125
50 0.34062500000000007 0.734375 0.2531250000000001 0.734375 0.2531250000000001 0.815625 0.34062500000000007 0.815625
19 0.553125 0.19531250000000006 0.475 0.19531250000000006 0.475 0.2593750000000001 0.553125 0.2593750000000001
28 0.5375 0.478125 0.453125 0.478125 0.453125 0.5421875 0.5375 0.5421875
13 0.375 0.14843750000000006 0.284375 0.14843750000000006 0.284375 0.21718750000000003 0.375 0.2171875000000001
27 0.6203125 0.53125 0.5453125 0.53125 0.5453125 0.59375 0.6203125 0.59375
6 0.7140625 0.3609375000000001 0.6390625 0.3609375000000001 0.6390625 0.4234375 0.7140625 0.4234375
22 0.5265625000000002 0.8328125 0.4421875000000002 0.8328125 0.4421875000000002 0.9703125 0.5265625000000002 0.9703125
25 0.5390625 0.40625 0.4578125 0.40625 0.4578125 0.4703125 0.5390625 0.4703125
44 0.490625 5.443937724334719e-17 0.3984375 4.8794520903527353e-17 0.3984375 0.07812500000000006 0.490625 0.07812500000000007
15 0.453125 0.3687500000000001 0.3687500000000001 0.3687500000000001 0.3687500000000001 0.4375 0.453125 0.4375
30 0.8421875 6.199774420683475e-17 0.1703125 2.085726579797836e-17 0.17031250000000006 1 0.8421875 1
0 0.7015625 0.6359375 0.6265625 0.6359375 0.6265625 0.6984375 0.7015625 0.6984375