51 0.61875 0.6078125 0.54375 0.6078125 0.54375 0.665625 0.61875 0.665625
9 0.6890625 0.3734375000000001 0.6171875 0.3734375000000001 0.6171875 0.4328125 0.6890625 0.4328125
38 0.603125 0.2750000000000001 0.528125 0.2750000000000001 0.528125 0.3343750000000001 0.603125 0.3343750000000001
40 0.4265625 0.28437500000000004 0.3515625 0.284375 0.3515625 0.34687500000000004 0.4265625 0.3468750000000001
46 0.4203125 0.14375000000000004 0.3375 0.14375000000000004 0.3375 0.22656250000000006 0.4203125 0.22656250000000008
3 0.7109375000000002 0.7671875 0.6390625000000002 0.7671875 0.6390625000000002 0.8265625 0.7109375000000002 0.8265625
45 0.5656250000000002 0.928125 0.4812500000000002 0.928125 0.4812500000000002 1 0.5656250000000002 1
35 0.4375 0.4921875 0.3593750000000001 0.4921875 0.3593750000000001 0.5546875 0.4375 0.5546875
7 0.69375 0.50625 0.621875 0.50625 0.621875 0.5640625 0.69375 0.5640625
54 0.6 0.2078125000000001 0.525 0.2078125000000001 0.525 0.2671875000000001 0.6 0.2671875000000001
56 0.6343750000000001 0.8046875 0.5562500000000001 0.8046875 0.5562500000000001 0.865625 0.6343750000000001 0.865625
31 0.51875 0.3218750000000001 0.440625 0.3218750000000001 0.440625 0.3828125000000001 0.51875 0.3828125000000001
39 0.6015625 0.05468750000000007 0.5234375 0.05468750000000007 0.5234375 0.13281250000000006 0.6015625 0.13281250000000008
55 0.4484375 0.628125 0.3671875000000001 0.628125 0.3671875000000001 0.690625 0.4484375 0.690625
4 0.70625 0.703125 0.634375 0.703125 0.6343750000000001 0.759375 0.7062500000000002 0.759375
53 0.6078125 0.475 0.5328125 0.475 0.5328125 0.534375 0.6078125 0.534375
29 0.5203125 0.3906250000000001 0.4453125 0.3906250000000001 0.4453125 0.45 0.5203125 0.45
18 0.4296875 0.353125 0.3546875 0.353125 0.35468750000000004 0.415625 0.4296875 0.415625
52 0.6515625000000002 0.9375 0.5687500000000002 0.9375 0.5687500000000002 1 0.6515625000000002 1
49 0.3750000000000001 0.903125 0.2875000000000001 0.903125 0.2875000000000001 0.971875 0.3750000000000001 0.971875
1 0.7203125000000001 0.8984375 0.6484375000000002 0.8984375 0.6484375000000002 0.9578125 0.7203125000000001 0.9578125
20 0.684375 0.05781250000000008 0.609375 0.057812500000000065 0.609375 0.1703125000000001 0.684375 0.1703125000000001
41 0.6390625000000002 0.8703125 0.5609375000000002 0.8703125 0.5609375000000002 0.934375 0.6390625000000002 0.934375
24 0.5296875 0.59375 0.4546875 0.59375 0.4546875 0.6546875 0.5296875 0.6546875
5 0.7015625 0.6359375 0.6296875 0.6359375 0.6296875 0.69375 0.7015625 0.69375
34 0.428125 0.23125000000000004 0.346875 0.23125 0.346875 0.27812500000000007 0.428125 0.27812500000000007
23 0.5359375 0.6609375 0.4578125 0.6609375 0.4578125 0.721875 0.5359375 0.721875
11 0.68125 0.1765625000000001 0.6109375 0.1765625000000001 0.6109375 0.23437500000000008 0.68125 0.23437500000000008
10 0.5531250000000002 0.8609375 0.4750000000000002 0.8609375 0.4750000000000002 0.9234375 0.5531250000000002 0.9234375
57 0.4578125000000002 0.765625 0.37968750000000007 0.765625 0.37968750000000007 0.828125 0.4578125000000002 0.828125
48 0.684375 0.24218750000000008 0.609375 0.24218750000000008 0.609375 0.30156250000000007 0.684375 0.30156250000000007
37 0.515625 0.2562500000000001 0.4375 0.2562500000000001 0.4375 0.3156250000000001 0.515625 0.3156250000000001
58 0.4625000000000002 0.834375 0.3843750000000001 0.834375 0.3843750000000001 0.896875 0.4625000000000002 0.896875
8 0.690625 0.4390625 0.61875 0.4390625 0.61875 0.4984375 0.690625 0.4984375
14 0.34218750000000003 0.35 0.2484375 0.35 0.24843750000000003 0.4125 0.3421875000000001 0.4125
16 0.4531250000000001 0.696875 0.37187500000000007 0.696875 0.37187500000000007 0.7609375 0.45312500000000017 0.7609375
43 0.5453125000000002 0.7953125 0.4671875000000002 0.7953125 0.4671875000000002 0.85625 0.5453125000000002 0.85625
12 0.5125 0.18437500000000004 0.434375 0.18437500000000004 0.434375 0.2453125000000001 0.5125 0.2453125000000001
36 0.603125 0.34062500000000007 0.53125 0.34062500000000007 0.53125 0.4 0.603125 0.4
59 0.6125 0.5421875 0.540625 0.5421875 0.540625 0.6015625 0.6125 0.6015625
42 0.6203125 0.6734375 0.5484375 0.6734375 0.5484375000000001 0.7328125 0.6203125000000002 0.7328125
47 0.3593750000000001 0.4203125 0.2515625000000001 0.4203125 0.2515625000000001 0.7671875 0.3593750000000001 0.7671875
26 0.6015625 0.13750000000000007 0.5203125 0.13750000000000004 0.5203125 0.19843750000000007 0.6015625 0.1984375000000001
2 0.7140625000000002 0.8328125 0.6437500000000002 0.8328125 0.6437500000000002 0.8921875 0.7140625000000002 0.8921875
17 0.7250000000000002 0.9625 0.6562500000000002 0.9625 0.6562500000000002 1 0.7250000000000002 1
21 0.6281250000000002 0.7390625 0.5531250000000002 0.7390625 0.5531250000000002 0.7984375 0.6281250000000002 0.7984375
33 0.4375 0.421875 0.35625000000000007 0.421875 0.35625000000000007 0.484375 0.4375 0.484375
50 0.3375 0.19531250000000006 0.2546875 0.19531250000000006 0.2546875 0.2734375 0.3375 0.2734375
19 0.5406250000000001 0.728125 0.4656250000000002 0.728125 0.4656250000000002 0.7890625 0.5406250000000001 0.7890625
28 0.5265625 0.4578125 0.4453125 0.4578125 0.4453125 0.51875 0.5265625 0.51875
13 0.3687500000000001 0.76875 0.2812500000000001 0.76875 0.2812500000000001 0.834375 0.3687500000000001 0.834375
27 0.6046875 0.4078125 0.5328125 0.4078125 0.5328125 0.4671875 0.6046875 0.4671875
6 0.6953125 0.5703125 0.6234375 0.5703125 0.6234375 0.6296875 0.6953125 0.6296875
22 0.515625 0.04687500000000006 0.434375 0.046875000000000056 0.434375 0.17812500000000003 0.515625 0.17812500000000003
25 0.528125 0.525 0.45 0.525 0.45 0.5859375 0.528125 0.5859375
44 0.47968750000000016 0.9 0.3921875000000001 0.9 0.3921875000000001 1 0.47968750000000016 1
15 0.4453125 0.5578125 0.36406250000000007 0.5578125 0.36406250000000007 0.6234375 0.4453125 0.6234375
30 0.8203125 6.08496378326341e-17 0.1734375 2.1239967922711906e-17 0.17343750000000008 1 0.8203125 1
0 0.6828125 0.3078125000000001 0.6109375 0.3078125000000001 0.6109375 0.3671875000000001 0.6828125 0.3671875000000001