6 0.3765625000000001 0.58125 0.2953125000000001 0.58125 0.2953125000000001 0.640625 0.3765625000000001 0.640625
21 0.4625000000000002 0.7625 0.3828125000000001 0.7625 0.3828125000000001 0.8234375 0.4625000000000002 0.8234375
16 0.6468750000000001 0.7078125 0.5640625 0.7078125 0.5640625000000001 0.7703125 0.6468750000000002 0.7703125
23 0.5546875000000001 0.6734375 0.471875 0.6734375 0.4718750000000001 0.734375 0.5546875000000002 0.734375
45 0.5562500000000001 0.94375 0.4734375000000002 0.94375 0.4734375000000002 1 0.5562500000000001 1
34 0.6484375 0.2312500000000001 0.565625 0.2312500000000001 0.565625 0.29375000000000007 0.6484375 0.29375000000000007
41 0.46406250000000016 0.8953125 0.3843750000000001 0.8953125 0.3843750000000001 0.9546875 0.46406250000000016 0.9546875
24 0.553125 0.60625 0.471875 0.60625 0.471875 0.6671875 0.553125 0.6671875
19 0.5562500000000001 0.7390625 0.4734375000000002 0.7390625 0.4734375000000002 0.8015625 0.5562500000000001 0.8015625
11 0.371875 0.17812500000000003 0.2921875 0.17812500000000003 0.2921875 0.23750000000000004 0.371875 0.2375000000000001
3 0.3734375000000001 0.784375 0.29375000000000007 0.784375 0.29375000000000007 0.8453125 0.3734375000000001 0.8453125
55 0.6453125 0.640625 0.5625 0.640625 0.5625 0.703125 0.6453125 0.703125
8 0.3734375000000001 0.45 0.2921875000000001 0.45 0.2921875000000001 0.509375 0.3734375000000001 0.509375
54 0.4625 0.22031250000000008 0.38125 0.22031250000000008 0.38125 0.2828125000000001 0.4625 0.2828125000000001
53 0.4625 0.4921875 0.3812500000000001 0.4921875 0.3812500000000001 0.553125 0.4625 0.553125
30 0.81875 0.07968750000000006 0.2046875 0.07968750000000002 0.20468750000000005 1 0.81875 1
52 0.4656250000000002 0.959375 0.3828125000000001 0.959375 0.3828125000000001 1 0.4656250000000002 1
46 0.6484375 0.09843750000000008 0.5640625 0.09843750000000007 0.5640625 0.2218750000000001 0.6484375 0.2218750000000001
47 0.7625000000000001 0.4359375000000001 0.653125 0.4359375 0.6531250000000001 0.76875 0.7625000000000002 0.7687500000000002
18 0.6453125 0.3687500000000001 0.5625 0.3687500000000001 0.5625 0.4296875 0.6453125 0.4296875
42 0.4625000000000001 0.6953125 0.3812500000000001 0.6953125 0.3812500000000001 0.7546875 0.4625000000000002 0.7546875
59 0.4625 0.559375 0.3828125000000001 0.559375 0.3828125000000001 0.6203125 0.4625 0.6203125
36 0.4640625 0.35625000000000007 0.38125 0.35625000000000007 0.38125000000000003 0.41875 0.4640625 0.41875
38 0.4625 0.2875000000000001 0.38125 0.2875000000000001 0.38125 0.3500000000000001 0.4625 0.3500000000000001
56 0.46406250000000016 0.8296875 0.3828125000000001 0.8296875 0.3828125000000001 0.8890625 0.46406250000000016 0.8890625
9 0.3750000000000001 0.38125000000000003 0.2921875000000001 0.38125 0.2921875000000001 0.44375 0.3750000000000001 0.44375
4 0.3734375000000001 0.7171875 0.29375000000000007 0.7171875 0.29375000000000007 0.7765625 0.3734375000000001 0.7765625
31 0.5546875 0.33281250000000007 0.471875 0.33281250000000007 0.471875 0.39531250000000007 0.5546875 0.39531250000000007
44 0.6484375000000002 0.9109375 0.5640625000000001 0.9109375 0.5640625000000001 1 0.6484375000000002 1
48 0.375 0.24687500000000004 0.2921875 0.246875 0.2921875 0.30781250000000004 0.375 0.3078125000000001
49 0.7671875000000001 0.971875 0.6531250000000002 0.971875 0.6531250000000002 1 0.7671875000000001 1
51 0.4625 0.628125 0.3812500000000001 0.628125 0.3812500000000001 0.6875 0.4625 0.6875
0 0.37500000000000006 0.31250000000000006 0.2921875 0.3125 0.29218750000000004 0.37500000000000006 0.3750000000000001 0.3750000000000001
35 0.646875 0.5046875 0.5640625 0.5046875 0.5640625 0.5671875 0.646875 0.5671875
13 0.7656250000000002 0.840625 0.6562500000000002 0.840625 0.6562500000000002 0.903125 0.7656250000000002 0.903125
58 0.6484375000000002 0.84375 0.5656250000000002 0.84375 0.5656250000000002 0.9046875 0.6484375000000002 0.9046875
28 0.553125 0.471875 0.471875 0.471875 0.471875 0.53125 0.553125 0.53125
33 0.646875 0.4375 0.5625 0.4375 0.5625 0.5 0.646875 0.5
43 0.5562500000000001 0.8078125 0.47187500000000016 0.8078125 0.47187500000000016 0.8703125 0.5562500000000001 0.8703125
7 0.3781250000000001 0.5140625 0.2953125000000001 0.5140625 0.2953125000000001 0.575 0.3781250000000001 0.575
20 0.375 0.10312500000000005 0.290625 0.10312500000000005 0.290625 0.17187500000000006 0.375 0.17187500000000006
12 0.5546875 0.19687500000000008 0.471875 0.19687500000000005 0.471875 0.2593750000000001 0.5546875 0.2593750000000001
1 0.3734375000000001 0.91875 0.2953125000000001 0.91875 0.2953125000000001 0.9765625 0.3734375000000001 0.9765625
57 0.6468750000000002 0.7765625 0.5640625000000001 0.7765625 0.5640625000000001 0.8375 0.6468750000000002 0.8375
22 0.5546875 0.10000000000000006 0.4703125 0.10000000000000005 0.4703125 0.18906250000000008 0.5546875 0.18906250000000008
2 0.3734375000000001 0.8515625 0.2953125000000001 0.8515625 0.2953125000000001 0.9125 0.3734375000000001 0.9125
27 0.4609375 0.425 0.3812500000000001 0.425 0.3812500000000001 0.484375 0.4609375 0.484375
25 0.553125 0.5390625 0.471875 0.5390625 0.471875 0.5984375 0.553125 0.5984375
37 0.5546875 0.2671875000000001 0.471875 0.2671875000000001 0.471875 0.3281250000000001 0.5546875 0.3281250000000001
17 0.3734375000000001 0.984375 0.2968750000000001 0.984375 0.2968750000000001 1 0.3734375000000001 1
15 0.6453125 0.5734375 0.5625 0.5734375 0.5625 0.6359375 0.6453125 0.6359375
10 0.5578125000000002 0.875 0.4734375000000002 0.875 0.4734375000000002 0.9359375 0.5578125000000002 0.9359375
26 0.4640625 0.10156250000000004 0.38125 0.10156250000000004 0.38125 0.14218750000000005 0.4640625 0.14218750000000005
40 0.6453125 0.3000000000000001 0.5640625 0.3000000000000001 0.5640625 0.3625000000000001 0.6453125 0.3625000000000001
29 0.553125 0.4015625 0.4703125 0.4015625 0.4703125 0.4625 0.553125 0.4625
39 0.4625 0.15156250000000004 0.38125 0.15156250000000004 0.38125 0.2140625000000001 0.4625 0.2140625000000001
5 0.3734375000000001 0.6515625 0.2921875000000001 0.6515625 0.2921875000000001 0.7109375 0.3734375000000001 0.7109375