1 0.2046875 0.20625 0.15781250000000005 0.20625 0.15781250000000005 0.2734375 0.2046875 0.2734375
17 0.15000000000000005 0.209375 0.10625000000000004 0.209375 0.10625000000000004 0.275 0.15000000000000005 0.275
41 0.2203125 0.2828125 0.17343750000000005 0.2828125 0.17343750000000005 0.3515625 0.2203125 0.3515625
11 0.796875 0.20468750000000008 0.7515625 0.20468750000000008 0.7515625 0.27031250000000007 0.796875 0.27031250000000007
16 0.37187500000000007 0.4359375 0.3234375000000001 0.4359375 0.3234375000000001 0.5046875 0.37187500000000007 0.5046875
54 0.7609375 0.2828125000000001 0.7140625 0.2828125000000001 0.7140625 0.3515625000000001 0.7609375 0.3515625000000001
34 0.753125 0.4359375000000001 0.7046875 0.4359375 0.7046875 0.5046875000000001 0.753125 0.5046875000000002
2 0.2578125 0.20625 0.2109375 0.20625 0.2109375 0.2734375 0.2578125 0.2734375
19 0.3453125 0.3578125 0.2984375 0.3578125 0.2984375 0.4265625 0.3453125000000001 0.4265625
35 0.5359375 0.4359375 0.4875 0.4359375 0.4875 0.5046875 0.5359375 0.5046875
12 0.7796875 0.3578125000000001 0.7328125 0.3578125000000001 0.7328125 0.4265625000000002 0.7796875 0.4265625000000002
13 0.3234375000000001 0.5140625 0.27031250000000007 0.5140625 0.27031250000000007 0.6015625 0.3234375000000001 0.6015625
37 0.7265625 0.3593750000000001 0.6796875 0.3593750000000001 0.6796875 0.4281250000000001 0.7265625 0.4281250000000002
27 0.5984375 0.2796875000000001 0.5515625 0.2796875000000001 0.5515625 0.34843750000000007 0.5984375 0.34843750000000007
39 0.8140625 0.2812500000000001 0.7671875 0.2812500000000001 0.7671875 0.3500000000000001 0.8140625 0.3500000000000001
21 0.3265625 0.2828125 0.2796875 0.2828125 0.2796875 0.3515625 0.3265625 0.3515625
31 0.671875 0.3578125000000001 0.625 0.3578125000000001 0.625 0.4265625 0.671875 0.4265625
9 0.6359375 0.20468750000000008 0.5890625 0.20468750000000008 0.5890625 0.2734375000000001 0.6359375 0.2734375000000001
10 0.23750000000000004 0.3578125 0.19062500000000004 0.3578125 0.19062500000000004 0.4265625 0.2375000000000001 0.4265625
7 0.5265625 0.20312500000000008 0.4796875 0.20312500000000008 0.4796875 0.2718750000000001 0.5265625 0.2718750000000001
29 0.61875 0.35625000000000007 0.571875 0.35625000000000007 0.571875 0.425 0.61875 0.425
0 0.690625 0.20468750000000008 0.64375 0.20468750000000008 0.64375 0.2734375000000001 0.690625 0.2734375000000001
22 0.8703125 0.35625000000000007 0.7875 0.35625000000000007 0.7875 0.4281250000000002 0.8703125 0.4281250000000002
23 0.39843750000000006 0.35781250000000003 0.3515625 0.3578125 0.35156250000000006 0.4265625 0.3984375000000001 0.4265625
45 0.18593750000000003 0.359375 0.10468750000000004 0.359375 0.10468750000000004 0.4296875 0.18593750000000003 0.4296875
53 0.54375 0.2796875000000001 0.4953125 0.2796875000000001 0.4953125 0.34843750000000007 0.54375 0.34843750000000007
4 0.365625 0.20312500000000006 0.31875 0.203125 0.31875 0.27187500000000003 0.365625 0.2718750000000001
58 0.2640625000000001 0.4359375 0.2171875000000001 0.4359375 0.2171875000000001 0.5046875 0.2640625000000001 0.5046875
51 0.434375 0.2812500000000001 0.3875 0.2812500000000001 0.3875 0.3500000000000001 0.434375 0.3500000000000001
48 0.74375 0.20468750000000008 0.696875 0.20468750000000008 0.696875 0.2734375000000001 0.74375 0.2734375000000001
25 0.509375 0.3578125000000001 0.4609375 0.3578125000000001 0.4609375 0.4265625 0.509375 0.4265625
8 0.58125 0.20312500000000008 0.534375 0.20312500000000008 0.534375 0.2718750000000001 0.58125 0.2718750000000001
52 0.16718750000000004 0.2828125 0.10468750000000004 0.2828125 0.10468750000000004 0.3515625 0.16718750000000004 0.3515625
47 0.540625 0.5109375 0.3281250000000001 0.5109375 0.3281250000000001 0.6015625 0.540625 0.6015625
28 0.5625 0.35625000000000007 0.515625 0.35625000000000007 0.515625 0.425 0.5625 0.425
20 0.86875 0.2062500000000001 0.80625 0.2062500000000001 0.80625 0.2750000000000001 0.86875 0.2750000000000001
49 0.15468750000000006 0.5109375 0.10156250000000004 0.5109375 0.10156250000000007 0.6015625 0.1546875000000001 0.6015625
18 0.6453125 0.4359375 0.5984375 0.4359375 0.5984375 0.5046875 0.6453125 0.5046875
3 0.3109375 0.2046875 0.2640625 0.2046875 0.2640625 0.2734375 0.3109375 0.2734375
55 0.4265625 0.4359375 0.3781250000000001 0.4359375 0.3781250000000001 0.5046875 0.4265625 0.5046875
40 0.7 0.434375 0.653125 0.434375 0.653125 0.503125 0.7 0.503125
24 0.453125 0.3578125000000001 0.4046875 0.3578125000000001 0.4046875 0.4265625 0.453125 0.4265625
33 0.5921875 0.434375 0.5421875 0.434375 0.5421875 0.50625 0.5921875 0.50625
36 0.653125 0.2812500000000001 0.60625 0.2812500000000001 0.60625 0.3500000000000001 0.653125 0.3500000000000001
26 0.8671875 0.2828125000000001 0.8203125 0.2828125000000001 0.8203125 0.3515625000000001 0.8671875 0.3515625000000001
46 0.8703125 0.4343750000000002 0.7609375 0.4343750000000002 0.7609375 0.5062500000000002 0.8703125 0.5062500000000002
5 0.41875 0.20468750000000008 0.371875 0.20468750000000008 0.371875 0.2734375000000001 0.41875 0.2734375000000001
56 0.271875 0.28125 0.225 0.28125 0.225 0.35 0.271875 0.35
30 0.884375 0.13125000000000003 0.09062500000000002 0.13125 0.09062500000000004 0.6250000000000001 0.884375 0.6250000000000002
43 0.290625 0.3578125 0.24375 0.3578125 0.24375000000000005 0.4265625 0.2906250000000001 0.4265625
59 0.4890625 0.2796875000000001 0.4421875 0.2796875000000001 0.4421875 0.34843750000000007 0.4890625 0.34843750000000007
57 0.31718750000000007 0.4359375 0.27031250000000007 0.4359375 0.27031250000000007 0.5046875 0.31718750000000007 0.5046875
15 0.4828125 0.4359375 0.4328125 0.4359375 0.4328125 0.5046875 0.4828125 0.5046875
50 0.7171875 0.5125 0.6625 0.5125 0.6625 0.6 0.7171875 0.6
42 0.3796875 0.28125000000000006 0.3328125 0.28125 0.3328125 0.35000000000000003 0.3796875 0.3500000000000001
38 0.70625 0.2812500000000001 0.659375 0.2812500000000001 0.659375 0.3500000000000001 0.70625 0.3500000000000001
6 0.4734375 0.20312500000000008 0.425 0.20312500000000008 0.425 0.2718750000000001 0.4734375 0.2718750000000001
14 0.6015625 0.5140625 0.5484375 0.5140625 0.5484375 0.6046875 0.6015625 0.6046875
44 0.21093750000000008 0.434375 0.10468750000000004 0.434375 0.10468750000000004 0.5046875 0.21093750000000008 0.5046875