17 0.46875000000000017 0.9515625 0.4312500000000002 0.9515625 0.4312500000000002 0.990625 0.46875000000000017 0.990625
59 0.5109375 0.665625 0.471875 0.665625 0.471875 0.7046875 0.5109375 0.7046875
14 0.646875 0.5109375 0.6015625 0.5109375 0.6015625 0.5609375 0.646875 0.5609375
23 0.5546875000000002 0.74375 0.5156250000000002 0.74375 0.5156250000000002 0.78125 0.5546875000000002 0.78125
4 0.46875000000000017 0.7734375 0.4281250000000002 0.7734375 0.4281250000000002 0.8125 0.46875000000000017 0.8125
55 0.5984375000000001 0.721875 0.559375 0.721875 0.5593750000000001 0.7609375 0.5984375000000002 0.7609375
45 0.5562500000000001 0.91875 0.5171875000000001 0.91875 0.5171875000000001 0.990625 0.5562500000000001 0.990625
41 0.5125000000000002 0.884375 0.47187500000000016 0.884375 0.47187500000000016 0.9265625 0.5125000000000002 0.9265625
19 0.5562500000000001 0.7875 0.5156250000000002 0.7875 0.5156250000000002 0.825 0.5562500000000001 0.825
6 0.4687500000000001 0.6875 0.428125 0.6875 0.4281250000000001 0.7265625 0.46875000000000017 0.7265625
57 0.6000000000000002 0.8078125 0.5593750000000002 0.8078125 0.5593750000000002 0.846875 0.6000000000000002 0.846875
7 0.46875 0.64375 0.428125 0.64375 0.428125 0.6828125 0.46875 0.6828125
12 0.5546875 0.4359375 0.5140625 0.4359375 0.5140625 0.475 0.5546875 0.475
50 0.646875 0.3359375000000001 0.6015625 0.3359375000000001 0.6015625 0.4 0.646875 0.4
3 0.46875000000000017 0.8171875 0.42968750000000017 0.8171875 0.42968750000000017 0.8578125 0.46875000000000017 0.8578125
9 0.4671875 0.55625 0.428125 0.55625 0.428125 0.5953125 0.4671875 0.5953125
43 0.5562500000000001 0.8296875 0.5156250000000002 0.8296875 0.5156250000000002 0.86875 0.5562500000000001 0.86875
35 0.5984375 0.634375 0.559375 0.634375 0.559375 0.6734375 0.5984375 0.6734375
13 0.6484375000000002 0.8203125 0.6031250000000001 0.8203125 0.6031250000000001 0.8703125 0.6484375000000002 0.8703125
16 0.5984375000000002 0.765625 0.5593750000000002 0.765625 0.5593750000000002 0.8046875 0.5984375000000002 0.8046875
27 0.5109375 0.5796875 0.471875 0.5796875 0.471875 0.6171875 0.5109375 0.6171875
38 0.5109375 0.4921875 0.471875 0.4921875 0.471875 0.53125 0.5109375 0.53125
1 0.46875000000000017 0.9078125 0.42968750000000017 0.9078125 0.42968750000000017 0.9453125 0.46875000000000017 0.9453125
25 0.5546875 0.65625 0.515625 0.65625 0.515625 0.69375 0.5546875 0.69375
21 0.5125000000000002 0.796875 0.47187500000000016 0.796875 0.47187500000000016 0.834375 0.5125000000000002 0.834375
54 0.5109375 0.4484375 0.471875 0.4484375 0.471875 0.4875 0.5109375 0.4875
26 0.5109375 0.3390625000000001 0.471875 0.3390625000000001 0.471875 0.3984375000000001 0.5109375 0.3984375000000001
52 0.5125000000000002 0.93125 0.4734375000000002 0.93125 0.4734375000000002 0.9890625 0.5125000000000002 0.9890625
8 0.46875 0.6 0.428125 0.6 0.428125 0.6390625 0.46875 0.6390625
37 0.5546875 0.4796875 0.515625 0.4796875 0.515625 0.51875 0.5546875 0.51875
44 0.6000000000000002 0.940625 0.5625000000000002 0.940625 0.5625000000000002 0.990625 0.6000000000000002 0.990625
18 0.5984375 0.5453125 0.5578125 0.5453125 0.5578125 0.584375 0.5984375 0.584375
15 0.5984375 0.678125 0.5578125 0.678125 0.5578125 0.7171875 0.5984375 0.7171875
51 0.5109375 0.709375 0.471875 0.709375 0.4718750000000001 0.746875 0.5109375000000002 0.746875
33 0.6 0.5890625 0.5578125 0.5890625 0.5578125 0.628125 0.6 0.628125
46 0.596875 0.34062500000000007 0.5578125 0.34062500000000007 0.5578125 0.453125 0.596875 0.453125
48 0.4671875 0.46875 0.428125 0.46875 0.428125 0.509375 0.4671875 0.509375
32 0.6000000000000002 0.8953125 0.5593750000000002 0.8953125 0.5593750000000002 0.9359375 0.6000000000000002 0.9359375
0 0.4671875 0.5140625 0.428125 0.5140625 0.428125 0.553125 0.4671875 0.553125
30 0.6765625000000001 0.006250000000000064 0.3609375 0.006250000000000045 0.3609375 1 0.6765625000000002 1
47 0.6484375000000001 0.5640625 0.6015625 0.5640625 0.6015625000000001 0.8140625 0.6484375000000002 0.8140625
58 0.6000000000000002 0.8515625 0.5609375000000002 0.8515625 0.5609375000000002 0.890625 0.6000000000000002 0.890625
2 0.46875000000000017 0.8625 0.42968750000000017 0.8625 0.42968750000000017 0.903125 0.46875000000000017 0.903125
29 0.5546875 0.5671875 0.515625 0.5671875 0.515625 0.60625 0.5546875 0.60625
36 0.5109375 0.5359375 0.471875 0.5359375 0.471875 0.575 0.5109375 0.575
24 0.5546875000000001 0.6984375 0.515625 0.6984375 0.5156250000000001 0.7375 0.5546875000000002 0.7375
31 0.5546875 0.5234375 0.515625 0.5234375 0.515625 0.5625 0.5546875 0.5625
49 0.6500000000000001 0.9296875 0.6046875000000002 0.9296875 0.6046875000000002 0.99375 0.6500000000000001 0.99375
28 0.5546875 0.6125 0.515625 0.6125 0.515625 0.6515625 0.5546875 0.6515625
53 0.5125 0.621875 0.471875 0.621875 0.471875 0.6609375 0.5125 0.6609375
5 0.46875000000000017 0.73125 0.42968750000000017 0.73125 0.42968750000000017 0.7703125 0.46875000000000017 0.7703125
20 0.4671875 0.3390625000000001 0.4265625 0.3390625000000001 0.4265625 0.4203125 0.4671875 0.4203125
39 0.5109375 0.4046875 0.471875 0.4046875 0.471875 0.44375 0.5109375 0.44375
22 0.5546875 0.34062500000000007 0.5140625 0.34062500000000007 0.5140625 0.43125 0.5546875 0.43125
40 0.596875 0.5015625 0.5578125 0.5015625 0.5578125 0.540625 0.596875 0.540625
11 0.4671875 0.4265625 0.428125 0.4265625 0.428125 0.465625 0.4671875 0.465625
34 0.596875 0.459375 0.5578125 0.459375 0.5578125 0.4984375 0.596875 0.4984375
10 0.5562500000000001 0.8734375 0.5156250000000002 0.8734375 0.5156250000000002 0.9140625 0.5562500000000001 0.9140625
42 0.5109375000000002 0.753125 0.47187500000000016 0.753125 0.47187500000000016 0.7921875 0.5109375000000002 0.7921875
56 0.5125000000000002 0.840625 0.47187500000000016 0.840625 0.47187500000000016 0.88125 0.5125000000000002 0.88125