6 0.22812500000000008 0.4 0.19375000000000003 0.4 0.19375000000000003 0.4375 0.22812500000000008 0.4375
53 0.2890625000000001 0.4390625 0.2515625000000001 0.4390625 0.2515625000000001 0.4765625 0.2890625000000001 0.4765625
43 0.10000000000000005 0.4796875 0.06562500000000007 0.4796875 0.06562500000000007 0.5171875 0.10000000000000005 0.5171875
32 0.040625000000000064 0.5203125 0.003125000000000064 0.5203125 0.003125000000000066 0.5578125 0.040625000000000064 0.5578125
55 0.2000000000000001 0.5203125 0.16250000000000003 0.5203125 0.16250000000000006 0.5578125 0.2000000000000001 0.5578125
25 0.2593750000000001 0.48125 0.2250000000000001 0.48125 0.2250000000000001 0.515625 0.2593750000000001 0.515625
45 0.02031250000000006 0.4796875 0.001562500000000059 0.4796875 0.001562500000000061 0.5171875 0.02031250000000006 0.5171875
1 0.02968750000000005 0.4 4.898587196589413e-17 0.4 5.128208471429542e-17 0.4375 0.029687500000000054 0.4375
0 0.3890625000000001 0.4 0.3515625000000001 0.4 0.3515625000000001 0.4375 0.3890625000000001 0.4375
15 0.2390625000000001 0.5203125 0.2015625000000001 0.5203125 0.2015625000000001 0.5578125 0.2390625000000001 0.5578125
18 0.3593750000000001 0.51875 0.3218750000000001 0.51875 0.3218750000000001 0.55625 0.3593750000000001 0.55625
46 0.546875 0.51875 0.440625 0.51875 0.440625 0.55625 0.546875 0.55625
35 0.2796875000000001 0.5203125 0.24218750000000008 0.5203125 0.24218750000000008 0.5578125 0.2796875000000001 0.5578125
5 0.19062500000000004 0.4 0.15312500000000004 0.4 0.15312500000000004 0.4375 0.19062500000000004 0.4375
16 0.16093750000000007 0.5203125 0.12343750000000005 0.5203125 0.12343750000000006 0.5578125 0.1609375000000001 0.5578125
34 0.4375 0.5203125 0.4 0.5203125 0.4 0.5546875 0.4375 0.5546875
11 0.4671875 0.4015625 0.4328125 0.4015625 0.4328125 0.4359375 0.4671875 0.4359375
36 0.3671875000000001 0.440625 0.33281250000000007 0.440625 0.33281250000000007 0.478125 0.3671875000000001 0.478125
33 0.3187500000000001 0.5203125 0.2812500000000001 0.5203125 0.2812500000000001 0.5578125 0.3187500000000001 0.5578125
7 0.2687500000000001 0.4 0.23437500000000008 0.4 0.23437500000000008 0.4375 0.2687500000000001 0.4375
57 0.11875000000000006 0.5203125 0.08437500000000006 0.5203125 0.08437500000000006 0.5578125 0.11875000000000009 0.5578125
26 0.546875 0.440625 0.490625 0.440625 0.490625 0.475 0.546875 0.475
51 0.2093750000000001 0.440625 0.17500000000000004 0.440625 0.17500000000000004 0.478125 0.2093750000000001 0.478125
13 0.10937500000000008 0.559375 0.06250000000000007 0.559375 0.06250000000000007 0.603125 0.10937500000000008 0.603125
39 0.4890625 0.4390625 0.4515625 0.4390625 0.4515625 0.4765625 0.4890625 0.4765625
59 0.2500000000000001 0.4390625 0.21250000000000008 0.4390625 0.21250000000000008 0.4765625 0.2500000000000001 0.4765625
28 0.2984375000000001 0.4796875 0.2640625000000001 0.4796875 0.2640625000000001 0.5171875 0.2984375000000001 0.5171875
47 0.34062500000000007 0.559375 0.11250000000000009 0.559375 0.11250000000000009 0.603125 0.34062500000000007 0.603125
37 0.41875 0.4796875 0.3812500000000001 0.4796875 0.3812500000000001 0.5171875 0.41875 0.5171875
58 0.07968750000000006 0.5203125 0.04531250000000007 0.5203125 0.04531250000000007 0.5578125 0.07968750000000006 0.5578125
12 0.459375 0.4796875 0.421875 0.4796875 0.421875 0.5171875 0.459375 0.5171875
4 0.14843750000000006 0.4 0.11406250000000004 0.4 0.11406250000000004 0.4375 0.14843750000000006 0.4375
14 0.3906250000000001 0.559375 0.3437500000000001 0.559375 0.3437500000000001 0.6015625 0.3906250000000001 0.6015625
22 0.546875 0.478125 0.4625 0.478125 0.4625 0.515625 0.546875 0.515625
3 0.11093750000000005 0.403125 0.07343750000000004 0.403125 0.07343750000000004 0.4375 0.11093750000000005 0.4375
19 0.13906250000000003 0.48125 0.10468750000000004 0.48125 0.10468750000000004 0.51875 0.13906250000000003 0.51875
40 0.3984375000000001 0.51875 0.3609375000000001 0.51875 0.3609375000000001 0.55625 0.3984375000000001 0.55625
56 0.09062500000000005 0.440625 0.05312500000000005 0.440625 0.053125000000000054 0.478125 0.09062500000000007 0.478125
31 0.37968750000000007 0.4796875 0.3421875000000001 0.4796875 0.3421875000000001 0.5171875 0.37968750000000007 0.5171875
50 0.5484375 0.559375 0.4890625 0.559375 0.4890625 0.6015625 0.5484375 0.6015625
2 0.07031250000000004 0.403125 0.03281250000000004 0.403125 0.03281250000000005 0.4375 0.07031250000000004 0.4375
54 0.4484375 0.4390625 0.4109375 0.4390625 0.4109375 0.4765625 0.4484375 0.4765625
41 0.05000000000000006 0.440625 0.012500000000000056 0.440625 0.012500000000000058 0.478125 0.050000000000000065 0.478125
42 0.17031250000000003 0.440625 0.13281250000000006 0.440625 0.13281250000000006 0.478125 0.17031250000000003 0.478125
29 0.3390625000000001 0.4796875 0.30156250000000007 0.4796875 0.30156250000000007 0.5171875 0.3390625000000001 0.5171875
9 0.3500000000000001 0.4 0.3125000000000001 0.4 0.3125000000000001 0.4375 0.3500000000000001 0.4375
48 0.4296875 0.4 0.3921875000000001 0.4 0.3921875000000001 0.4375 0.4296875 0.4375
30 0.853125 0.33906250000000004 4.152318053358994e-17 0.3390625 5.941450486488332e-17 0.6312500000000001 0.853125 0.6312500000000002
8 0.30937500000000007 0.4 0.2718750000000001 0.4 0.2718750000000001 0.4375 0.30937500000000007 0.4375
38 0.40625 0.4390625 0.37187500000000007 0.4390625 0.37187500000000007 0.4765625 0.40625 0.4765625
24 0.21875000000000008 0.4796875 0.18437500000000004 0.4796875 0.18437500000000004 0.5171875 0.21875000000000008 0.5171875
20 0.546875 0.4 0.471875 0.4 0.471875 0.4375 0.546875 0.4375
10 0.05937500000000007 0.4796875 0.025000000000000057 0.4796875 0.02500000000000006 0.5171875 0.05937500000000007 0.5171875
27 0.3296875000000001 0.440625 0.2921875000000001 0.440625 0.2921875000000001 0.478125 0.3296875000000001 0.478125
21 0.12968750000000004 0.440625 0.09531250000000005 0.440625 0.09531250000000005 0.478125 0.12968750000000004 0.478125
23 0.17968750000000006 0.4796875 0.14531250000000004 0.4796875 0.14531250000000004 0.5171875 0.17968750000000006 0.5171875