4 0.7515625 8.094149938114538e-17 0.5703125 6.984313776387249e-17 0.5703125 0.07343750000000007 0.7515625 0.07343750000000009
13 0.7187500000000001 0.659375 0.54375 0.659375 0.5437500000000001 0.915625 0.7187500000000002 0.915625
2 0.453125 0.026562500000000044 0.2765625 0.026562500000000034 0.2765625 0.23593750000000005 0.453125 0.23593750000000008
42 0.8859375 0.0015625000000000968 0.6953125 0.0015625000000000853 0.6953125 0.1859375000000001 0.8859375 0.1859375000000001
49 0.31718750000000007 0.8765625 0.14062500000000008 0.8765625 0.1406250000000001 1 0.31718750000000007 1
10 0.5125 0.35468750000000004 0.3203125 0.3546875 0.32031250000000006 0.59375 0.5125 0.59375
16 0.9859375 0.3046875000000001 0.7734375 0.3046875000000001 0.7734375 0.5437500000000002 0.9859375 0.5437500000000002
47 1 0.3281250000000001 0.790625 0.3281250000000001 0.7906250000000001 0.7843750000000002 1 0.7843750000000002
30 1 6.123233995736766e-17 0 0 6.123233995736766e-17 1 1 1
51 1 1.1261010020284646e-16 0.8390625 1.027555204909576e-16 0.8390625 0.10000000000000012 1 0.10000000000000013
57 0.81875 0.3984375000000001 0.615625 0.3984375000000001 0.615625 0.6390625000000001 0.81875 0.6390625000000002
3 0.6078125 6.324152611221879e-17 0.425 5.204748896376251e-17 0.425 0.15937500000000007 0.6078125 0.1593750000000001
17 0.14687500000000003 0.1828125 0.009375000000000022 0.1828125 0.009375000000000034 0.3859375 0.14687500000000003 0.3859375
19 0.834375 0.18906250000000008 0.6375 0.18906250000000008 0.6375 0.4140625000000001 0.834375 0.41406250000000017
23 0.990625 0.10937500000000011 0.79375 0.10937500000000008 0.79375 0.3343750000000001 0.990625 0.3343750000000001
43 0.6734375 0.2750000000000001 0.48125 0.2750000000000001 0.48125 0.5140625 0.6734375 0.5140625
52 0.26875000000000004 0.3015625 0.03437500000000003 0.3015625 0.03437500000000005 0.5546875 0.2687500000000001 0.5546875
56 0.5828125 0.14062500000000006 0.3984375 0.14062500000000006 0.3984375 0.3546875000000001 0.5828125 0.3546875000000001
58 0.6578125000000001 0.484375 0.4515625 0.484375 0.4515625000000001 0.7359375 0.6578125000000001 0.7359375
1 0.3015625 0.10000000000000002 0.1296875 0.1 0.1296875 0.31875 0.3015625 0.31875
45 0.3453125000000001 0.44375 0.06718750000000004 0.44375 0.06718750000000007 0.7390625 0.3453125000000001 0.7390625
21 0.734375 0.06406250000000008 0.546875 0.06406250000000006 0.546875 0.2671875000000001 0.734375 0.2671875000000001
44 0.3578125000000001 0.64375 0.10156250000000008 0.64375 0.10156250000000011 0.940625 0.3578125000000001 0.940625
24 1 0.03750000000000012 0.940625 0.03750000000000011 0.940625 0.26250000000000007 1 0.26250000000000007
55 1 0.2328125000000001 0.9328125 0.2328125000000001 0.9328125 0.4546875000000002 1 0.4546875000000002
32 0.48906250000000007 0.565625 0.3234375000000001 0.565625 0.3234375000000001 0.8125 0.4890625000000002 0.8125
41 0.4296875 0.22187500000000004 0.2359375 0.221875 0.23593750000000005 0.44375 0.4296875 0.44375