17 0.503125 5.912747827133314e-17 0.4625 5.663991446056509e-17 0.4625 0.017187500000000057 0.503125 0.01718750000000006
59 0.5515625 0.2515625000000001 0.5078125 0.2515625000000001 0.5078125 0.2953125000000001 0.5515625 0.2953125000000001
14 0.703125 0.4125 0.653125 0.4125 0.653125 0.4671875 0.703125 0.4671875
23 0.6 0.1671875000000001 0.55625 0.1671875000000001 0.55625 0.2078125000000001 0.6 0.2078125000000001
4 0.5046875 0.12968750000000004 0.459375 0.12968750000000004 0.459375 0.17343750000000005 0.5046875 0.17343750000000005
55 0.65 0.18906250000000008 0.60625 0.18906250000000008 0.60625 0.2328125000000001 0.65 0.2328125000000001
45 0.603125 7.11825952004399e-17 0.559375 6.850368032730508e-17 0.559375 0.035937500000000074 0.603125 0.03593750000000008
41 0.553125 0.004687500000000065 0.5078125 0.004687500000000062 0.5078125 0.05156250000000007 0.553125 0.05156250000000007
19 0.6015625 0.11718750000000008 0.55625 0.11718750000000008 0.55625 0.15781250000000008 0.6015625 0.15781250000000008
6 0.5046875 0.22656250000000008 0.459375 0.22656250000000008 0.459375 0.27031250000000007 0.5046875 0.27031250000000007
57 0.6515625 0.09218750000000007 0.60625 0.09218750000000006 0.60625 0.1359375000000001 0.6515625 0.1359375000000001
7 0.5046875 0.2750000000000001 0.459375 0.2750000000000001 0.459375 0.3187500000000001 0.5046875 0.3187500000000001
12 0.6 0.5078125 0.5546875 0.5078125 0.5546875 0.5515625 0.6 0.5515625
50 0.703125 0.590625 0.653125 0.590625 0.653125 0.6625 0.703125 0.6625
3 0.5046875 0.07968750000000006 0.4609375 0.07968750000000006 0.4609375 0.12500000000000006 0.5046875 0.12500000000000006
9 0.503125 0.3734375000000001 0.459375 0.3734375000000001 0.459375 0.4171875 0.503125 0.4171875
43 0.6015625 0.06875000000000006 0.55625 0.06875000000000006 0.55625 0.11250000000000009 0.6015625 0.11250000000000009
35 0.65 0.2875000000000001 0.60625 0.2875000000000001 0.60625 0.3312500000000001 0.65 0.3312500000000001
13 0.70625 0.0671875000000001 0.65625 0.0671875000000001 0.65625 0.12343750000000009 0.70625 0.12343750000000009
16 0.65 0.1390625000000001 0.60625 0.1390625000000001 0.60625 0.1828125000000001 0.65 0.1828125000000001
27 0.5515625 0.3500000000000001 0.5078125 0.3500000000000001 0.5078125 0.3906250000000001 0.5515625 0.3906250000000001
38 0.5515625 0.4453125 0.5078125 0.4453125 0.5078125 0.4890625 0.5515625 0.4890625
1 0.5046875 5.912747827133314e-17 0.4609375 5.644856339819831e-17 0.4609375 0.02500000000000006 0.5046875 0.025000000000000067
25 0.6 0.2656250000000001 0.55625 0.2656250000000001 0.55625 0.3062500000000001 0.6 0.3062500000000001
21 0.553125 0.10625000000000007 0.5078125 0.10625000000000004 0.5078125 0.14687500000000006 0.553125 0.1468750000000001
54 0.5515625 0.4953125 0.5078125 0.4953125 0.5078125 0.5390625 0.5515625 0.5390625
26 0.5515625 0.59375 0.5078125 0.59375 0.5078125 0.659375 0.5515625 0.659375
52 0.553125 6.505936120470315e-17 0.509375 6.23804463315683e-17 0.509375 0.028125000000000067 0.553125 0.028125000000000067
8 0.5046875 0.32500000000000007 0.459375 0.32500000000000007 0.459375 0.3687500000000001 0.5046875 0.3687500000000001
37 0.6 0.459375 0.55625 0.459375 0.55625 0.503125 0.6 0.503125
44 0.65 7.711447813380989e-17 0.609375 7.462691432304184e-17 0.609375 0.021875000000000075 0.65 0.02187500000000008
18 0.65 0.3843750000000001 0.6046875 0.3843750000000001 0.6046875 0.428125 0.65 0.428125
15 0.65 0.2375000000000001 0.6046875 0.2375000000000001 0.6046875 0.2812500000000001 0.65 0.2812500000000001
51 0.5515625 0.20468750000000008 0.5078125 0.20468750000000008 0.5078125 0.2453125000000001 0.5515625 0.2453125000000001
33 0.6515625 0.3359375000000001 0.6046875 0.3359375000000001 0.6046875 0.37968750000000007 0.6515625 0.37968750000000007
46 0.6484375 0.5328125 0.6046875 0.5328125 0.6046875 0.659375 0.6484375 0.659375
48 0.503125 0.4703125 0.459375 0.4703125 0.459375 0.515625 0.503125 0.515625
32 0.6515625 7.701880260262651e-17 0.60625 7.424421219830829e-17 0.60625 0.037500000000000075 0.6515625 0.037500000000000075
0 0.503125 0.4203125 0.459375 0.4203125 0.459375 0.4640625 0.503125 0.4640625
30 0.7359375000000001 6.850368032730508e-17 0.3828125 4.6881010279859617e-17 0.38281250000000006 1 0.7359375000000001 1
47 0.70625 0.1296875000000001 0.653125 0.1296875000000001 0.653125 0.4078125 0.70625 0.4078125
58 0.6515625 0.04375000000000008 0.6078125 0.04375000000000008 0.6078125 0.08750000000000008 0.6515625 0.08750000000000009
2 0.5046875 0.03125000000000006 0.4609375 0.031250000000000056 0.4609375 0.07656250000000006 0.5046875 0.07656250000000006
29 0.6 0.3609375000000001 0.55625 0.3609375000000001 0.55625 0.4046875 0.6 0.4046875
36 0.5515625 0.3968750000000001 0.5078125 0.3968750000000001 0.5078125 0.440625 0.5515625 0.440625
24 0.6 0.2156250000000001 0.55625 0.2156250000000001 0.55625 0.2593750000000001 0.6 0.2593750000000001
31 0.6 0.409375 0.55625 0.409375 0.55625 0.453125 0.6 0.453125
49 0.7078125 0.0015625000000000836 0.6578125 0.0015625000000000805 0.6578125 0.032812500000000085 0.7078125 0.03281250000000009
28 0.6 0.3109375000000001 0.55625 0.3109375000000001 0.55625 0.3546875000000001 0.6 0.3546875000000001
53 0.553125 0.3000000000000001 0.5078125 0.3000000000000001 0.5078125 0.3437500000000001 0.553125 0.3437500000000001
5 0.5046875 0.17812500000000003 0.4609375 0.17812500000000003 0.4609375 0.2218750000000001 0.5046875 0.2218750000000001
20 0.5015625 0.56875 0.45625 0.56875 0.45625 0.659375 0.5015625 0.659375
39 0.5515625 0.54375 0.5078125 0.54375 0.5078125 0.5875 0.5515625 0.5875
22 0.6 0.5578125 0.5546875 0.5578125 0.5546875 0.659375 0.6 0.659375
40 0.6484375 0.434375 0.6046875 0.434375 0.6046875 0.478125 0.6484375 0.478125
11 0.503125 0.51875 0.459375 0.51875 0.459375 0.5625 0.503125 0.5625
34 0.6484375 0.48125 0.6046875 0.48125 0.6046875 0.525 0.6484375 0.525
10 0.6015625 0.01718750000000007 0.55625 0.017187500000000067 0.55625 0.06250000000000007 0.6015625 0.06250000000000007
42 0.5515625 0.15312500000000007 0.5078125 0.15312500000000004 0.5078125 0.19687500000000008 0.5515625 0.19687500000000008
56 0.553125 0.05468750000000007 0.5078125 0.05468750000000007 0.5078125 0.10000000000000006 0.553125 0.10000000000000009