17 0.05156250000000005 0.4296875 0.01406250000000005 0.4296875 0.014062500000000052 0.4671875 0.05156250000000007 0.4671875
59 0.33281250000000007 0.4703125 0.2953125000000001 0.4703125 0.2953125000000001 0.5078125 0.33281250000000007 0.5078125
14 0.4859375 0.5984375 0.4375 0.5984375 0.4375 0.64375 0.4859375 0.64375
23 0.2562500000000001 0.5140625 0.22031250000000008 0.5140625 0.22031250000000008 0.5515625 0.2562500000000001 0.5515625
4 0.22656250000000008 0.4265625 0.18906250000000005 0.4265625 0.18906250000000005 0.4671875 0.22656250000000008 0.4671875
55 0.27812500000000007 0.55625 0.2406250000000001 0.55625 0.2406250000000001 0.5953125 0.27812500000000007 0.5953125
45 0.08437500000000006 0.515625 0.014062500000000061 0.515625 0.014062500000000065 0.553125 0.08437500000000006 0.553125
41 0.11875000000000005 0.4703125 0.07656250000000006 0.4703125 0.07656250000000006 0.509375 0.11875000000000005 0.509375
19 0.2140625000000001 0.5140625 0.17656250000000004 0.5140625 0.17656250000000007 0.553125 0.2140625000000001 0.553125
6 0.3109375000000001 0.4265625 0.2734375000000001 0.4265625 0.2734375000000001 0.4671875 0.3109375000000001 0.4671875
57 0.1937500000000001 0.55625 0.1546875000000001 0.55625 0.1546875000000001 0.596875 0.1937500000000001 0.596875
7 0.3546875000000001 0.4265625 0.31718750000000007 0.4265625 0.31718750000000007 0.4671875 0.3546875000000001 0.4671875
12 0.559375 0.5125 0.521875 0.5125 0.521875 0.5515625 0.559375 0.5515625
50 0.6578125 0.5984375 0.5953125 0.5984375 0.5953125 0.64375 0.6578125 0.64375
3 0.18281250000000004 0.428125 0.14375000000000004 0.428125 0.14375000000000004 0.4671875 0.18281250000000004 0.4671875
9 0.4421875 0.4265625 0.403125 0.4265625 0.403125 0.465625 0.4421875 0.465625
43 0.17187500000000006 0.5140625 0.13281250000000006 0.5140625 0.13281250000000006 0.553125 0.17187500000000008 0.553125
35 0.3656250000000001 0.55625 0.3265625000000001 0.55625 0.3265625000000001 0.5953125 0.3656250000000001 0.5953125
13 0.1828125000000001 0.6 0.13281250000000008 0.6 0.13281250000000008 0.6453125 0.1828125000000001 0.6453125
16 0.23437500000000008 0.55625 0.19687500000000008 0.55625 0.19687500000000008 0.5953125 0.23437500000000008 0.5953125
27 0.41875 0.4703125 0.3812500000000001 0.4703125 0.3812500000000001 0.5078125 0.41875 0.5078125
38 0.5046875 0.4703125 0.4671875 0.4703125 0.4671875 0.5078125 0.5046875 0.5078125
1 0.09531250000000005 0.428125 0.057812500000000044 0.428125 0.05781250000000006 0.4671875 0.09531250000000006 0.4671875
25 0.3437500000000001 0.5140625 0.3062500000000001 0.5140625 0.3062500000000001 0.5515625 0.3437500000000001 0.5515625
21 0.20312500000000008 0.4703125 0.16718750000000004 0.4703125 0.16718750000000004 0.509375 0.20312500000000008 0.509375
54 0.5484375 0.4703125 0.509375 0.4703125 0.509375 0.5078125 0.5484375 0.5078125
26 0.6546875 0.4703125 0.596875 0.4703125 0.596875 0.5078125 0.6546875 0.5078125
52 0.07187500000000006 0.471875 0.014062500000000056 0.471875 0.014062500000000058 0.509375 0.07187500000000006 0.509375
8 0.3984375000000001 0.4265625 0.3593750000000001 0.4265625 0.3593750000000001 0.4671875 0.3984375000000001 0.4671875
37 0.5171875 0.5140625 0.478125 0.5140625 0.478125 0.5515625 0.5171875 0.5515625
44 0.06250000000000007 0.559375 0.014062500000000066 0.559375 0.01406250000000007 0.596875 0.06250000000000007 0.596875
18 0.4515625 0.5546875 0.4140625 0.5546875 0.4140625 0.5953125 0.4515625 0.5953125
15 0.3218750000000001 0.5546875 0.2828125000000001 0.5546875 0.2828125000000001 0.5953125 0.3218750000000001 0.5953125
51 0.2906250000000001 0.4703125 0.2531250000000001 0.4703125 0.2531250000000001 0.5078125 0.2906250000000001 0.5078125
33 0.4078125 0.5546875 0.3703125000000001 0.5546875 0.3703125000000001 0.596875 0.4078125 0.596875
46 0.6546875 0.5546875 0.54375 0.5546875 0.54375 0.59375 0.6546875 0.59375
48 0.528125 0.4265625 0.4890625 0.4265625 0.4890625 0.465625 0.528125 0.465625
32 0.1062500000000001 0.55625 0.06718750000000007 0.55625 0.06718750000000007 0.596875 0.1062500000000001 0.596875
0 0.4828125 0.4265625 0.4453125 0.4265625 0.4453125 0.465625 0.4828125 0.465625
30 0.9828125 0.35937500000000006 4.4010744344358005e-17 0.359375 6.305017504985202e-17 0.6703125000000001 0.9828125 0.6703125000000002
47 0.434375 0.5984375 0.18750000000000008 0.5984375 0.18750000000000008 0.6453125 0.434375 0.6453125
58 0.15000000000000008 0.5578125 0.11093750000000009 0.5578125 0.11093750000000009 0.596875 0.15000000000000008 0.596875
2 0.14062500000000006 0.428125 0.10000000000000005 0.428125 0.10000000000000005 0.4671875 0.14062500000000006 0.4671875
29 0.4296875 0.5140625 0.3921875000000001 0.5140625 0.3921875000000001 0.5515625 0.4296875 0.5515625
36 0.4609375 0.4703125 0.4234375 0.4703125 0.4234375 0.5078125 0.4609375 0.5078125
24 0.30156250000000007 0.5140625 0.2640625000000001 0.5140625 0.2640625000000001 0.5515625 0.30156250000000007 0.5515625
31 0.4734375 0.5140625 0.434375 0.5140625 0.434375 0.5515625 0.4734375 0.5515625
49 0.07343750000000007 0.6015625 0.009375000000000074 0.6015625 0.009375000000000078 0.646875 0.07343750000000009 0.646875
28 0.3859375000000001 0.5140625 0.34843750000000007 0.5140625 0.34843750000000007 0.5515625 0.3859375000000001 0.5515625
53 0.3765625000000001 0.4703125 0.3390625000000001 0.4703125 0.3390625000000001 0.509375 0.3765625000000001 0.509375
5 0.2687500000000001 0.428125 0.2296875000000001 0.428125 0.2296875000000001 0.4671875 0.2687500000000001 0.4671875
20 0.6546875 0.425 0.575 0.425 0.575 0.465625 0.6546875 0.465625
39 0.5921875 0.4703125 0.553125 0.4703125 0.553125 0.5078125 0.5921875 0.5078125
22 0.6546875 0.5125 0.565625 0.5125 0.565625 0.5515625 0.6546875 0.5515625
40 0.4953125 0.5546875 0.45625 0.5546875 0.45625 0.59375 0.4953125 0.59375
11 0.5703125 0.4265625 0.53125 0.4265625 0.53125 0.465625 0.5703125 0.465625
34 0.5359375 0.5546875 0.4984375 0.5546875 0.4984375 0.59375 0.5359375 0.59375
10 0.12812500000000007 0.5140625 0.08906250000000007 0.5140625 0.08906250000000007 0.553125 0.1281250000000001 0.553125
42 0.2468750000000001 0.4703125 0.2078125000000001 0.4703125 0.2078125000000001 0.5078125 0.2468750000000001 0.5078125
56 0.16093750000000004 0.4703125 0.12187500000000004 0.4703125 0.12187500000000004 0.509375 0.16093750000000004 0.509375