31 0.56875 0.58125 0.5234375 0.58125 0.5234375 0.684375 0.56875 0.684375
44 0.1312500000000001 0.690625 0.020312500000000084 0.690625 0.02031250000000009 0.796875 0.1312500000000001 0.796875
55 0.3359375000000001 0.69375 0.2890625000000001 0.69375 0.2890625000000001 0.796875 0.3359375000000001 0.796875
22 0.7640625 0.5781250000000001 0.678125 0.578125 0.678125 0.6812500000000001 0.7640625 0.6812500000000001
27 0.503125 0.465625 0.4578125 0.465625 0.4578125 0.56875 0.503125 0.56875
43 0.2078125000000001 0.58125 0.1609375000000001 0.58125 0.1609375000000001 0.68125 0.2078125000000001 0.68125
58 0.18125000000000008 0.69375 0.1359375000000001 0.69375 0.1359375000000001 0.796875 0.18125000000000008 0.796875
17 0.06406250000000005 0.3578125 0.018750000000000044 0.3578125 0.01875000000000005 0.4546875 0.06406250000000006 0.4546875
49 0.0671875000000001 0.80625 0.0187500000000001 0.80625 0.018750000000000107 0.9296875 0.06718750000000011 0.9296875
59 0.4 0.465625 0.3546875000000001 0.465625 0.3546875000000001 0.571875 0.4 0.571875
20 0.7625 0.3546875000000001 0.6921875 0.3546875000000001 0.6921875 0.4546875000000001 0.7625 0.4546875000000002
46 0.7625000000000001 0.6937500000000001 0.6515625 0.69375 0.6515625 0.7968750000000001 0.7625000000000002 0.7968750000000002
53 0.4515625 0.465625 0.40625 0.465625 0.40625 0.56875 0.4515625 0.56875
15 0.3890625000000001 0.69375 0.34062500000000007 0.69375 0.34062500000000007 0.796875 0.3890625000000001 0.796875
38 0.6078125 0.465625 0.5609375 0.465625 0.5609375 0.56875 0.6078125 0.56875
40 0.5953125000000001 0.69375 0.5484375 0.69375 0.5484375000000001 0.79375 0.5953125000000001 0.79375
47 0.4859375000000002 0.803125 0.2390625000000001 0.803125 0.2390625000000001 0.9296875 0.4859375000000002 0.9296875
54 0.659375 0.465625 0.6125 0.465625 0.6125 0.56875 0.659375 0.56875
1 0.11562500000000005 0.3578125 0.07187500000000005 0.3578125 0.07187500000000005 0.4578125 0.11562500000000005 0.4578125
8 0.4765625 0.3515625000000001 0.43125 0.3515625000000001 0.43125 0.4546875 0.4765625 0.4546875
4 0.27031250000000007 0.3546875 0.225 0.3546875 0.22500000000000003 0.4546875 0.27031250000000007 0.4546875
6 0.37500000000000006 0.35468750000000004 0.328125 0.3546875 0.32812500000000006 0.4546875 0.3750000000000001 0.4546875
2 0.16875000000000004 0.3546875 0.12187500000000004 0.3546875 0.12187500000000004 0.4546875 0.16875000000000004 0.4546875
23 0.3109375000000001 0.58125 0.2640625000000001 0.58125 0.2640625000000001 0.68125 0.3109375000000001 0.68125
5 0.32343750000000004 0.3515625 0.2765625 0.3515625 0.27656250000000004 0.4546875 0.3234375000000001 0.4546875
9 0.528125 0.3515625000000001 0.4828125 0.3515625000000001 0.4828125 0.4546875 0.528125 0.4546875
12 0.671875 0.58125 0.625 0.58125 0.625 0.684375 0.671875 0.684375
33 0.4921875000000001 0.690625 0.44375 0.690625 0.4437500000000001 0.796875 0.49218750000000017 0.796875
29 0.515625 0.58125 0.4703125 0.58125 0.4703125 0.684375 0.515625 0.684375
13 0.23593750000000008 0.803125 0.17343750000000008 0.803125 0.1734375000000001 0.9296875 0.23593750000000008 0.9296875
10 0.1546875000000001 0.58125 0.10781250000000009 0.58125 0.10781250000000009 0.68125 0.1546875000000001 0.68125
24 0.3609375000000001 0.58125 0.3156250000000001 0.58125 0.3156250000000001 0.68125 0.3609375000000001 0.68125
3 0.22031250000000005 0.3546875 0.17343750000000005 0.3546875 0.17343750000000005 0.4546875 0.22031250000000008 0.4546875
41 0.14375000000000007 0.465625 0.09687500000000007 0.465625 0.09687500000000007 0.571875 0.1437500000000001 0.571875
56 0.19375000000000006 0.4625 0.14843750000000006 0.4625 0.14843750000000006 0.56875 0.1937500000000001 0.56875
42 0.2968750000000001 0.465625 0.2515625000000001 0.465625 0.2515625000000001 0.56875 0.2968750000000001 0.56875
30 0.99375 0.20625000000000004 2.525834023241416e-17 0.20625 7.280907923055748e-17 0.9828125 0.99375 0.9828125
19 0.2593750000000001 0.58125 0.21250000000000008 0.58125 0.21250000000000008 0.684375 0.2593750000000001 0.684375
52 0.09062500000000007 0.465625 0.018750000000000055 0.465625 0.018750000000000065 0.571875 0.09062500000000007 0.571875
51 0.34843750000000007 0.465625 0.3031250000000001 0.465625 0.3031250000000001 0.56875 0.34843750000000007 0.56875
34 0.6453125000000001 0.69375 0.5984375 0.69375 0.5984375000000001 0.796875 0.6453125000000002 0.796875
0 0.58125 0.3515625000000001 0.534375 0.3515625000000001 0.534375 0.4546875 0.58125 0.4546875
7 0.4265625 0.3515625000000001 0.3796875 0.3515625000000001 0.37968750000000007 0.4546875 0.4265625 0.4546875
16 0.2843750000000001 0.69375 0.2390625000000001 0.69375 0.2390625000000001 0.796875 0.2843750000000001 0.796875
39 0.7109375 0.465625 0.6640625 0.465625 0.6640625 0.56875 0.7109375 0.56875
11 0.684375 0.3515625000000001 0.6390625 0.3515625000000001 0.6390625 0.4515625 0.684375 0.4515625
57 0.2328125000000001 0.69375 0.18750000000000008 0.69375 0.18750000000000008 0.796875 0.2328125000000001 0.796875
26 0.7609375 0.4687500000000001 0.715625 0.46875 0.715625 0.5687500000000001 0.7609375 0.5687500000000002
37 0.6203125 0.58125 0.5734375 0.58125 0.5734375 0.684375 0.6203125 0.684375
14 0.5531250000000002 0.803125 0.4906250000000002 0.803125 0.4906250000000002 0.9265625 0.5531250000000002 0.9265625
36 0.5546875 0.465625 0.5078125 0.465625 0.5078125 0.56875 0.5546875 0.56875
48 0.6328125 0.3515625000000001 0.5875 0.3515625000000001 0.5875 0.4546875 0.6328125 0.4546875
21 0.2453125000000001 0.465625 0.2000000000000001 0.465625 0.2000000000000001 0.56875 0.2453125000000001 0.56875
45 0.10468750000000009 0.58125 0.020312500000000074 0.58125 0.020312500000000077 0.684375 0.10468750000000009 0.684375
25 0.4125 0.58125 0.3671875000000001 0.58125 0.3671875000000001 0.68125 0.4125 0.68125
18 0.5437500000000001 0.69375 0.496875 0.69375 0.49687500000000007 0.796875 0.5437500000000002 0.796875
28 0.4640625 0.58125 0.41875 0.58125 0.41875 0.68125 0.4640625 0.68125
35 0.4390625000000001 0.69375 0.3921875000000001 0.69375 0.3921875000000001 0.796875 0.4390625000000002 0.796875