43 0.3109375000000001 0.4578125 0.2656250000000001 0.4578125 0.2656250000000001 0.534375 0.3109375000000001 0.534375
59 0.53125 0.3671875000000001 0.4890625 0.3671875000000001 0.4890625 0.440625 0.53125 0.440625
0 0.7359375 0.27031250000000007 0.690625 0.27031250000000007 0.690625 0.3468750000000001 0.7359375 0.3468750000000001
55 0.453125 0.5578125 0.4078125 0.5578125 0.4078125 0.6359375 0.453125 0.6359375
38 0.765625 0.3671875000000001 0.721875 0.3671875000000001 0.721875 0.44218750000000007 0.765625 0.4421875000000002
5 0.4515625 0.2687500000000001 0.4078125 0.2687500000000001 0.4078125 0.3453125000000001 0.4515625 0.3453125000000001
3 0.3375 0.2671875 0.2921875 0.2671875 0.2921875 0.34375 0.3375 0.34375
32 0.2140625000000001 0.5546875 0.16562500000000008 0.5546875 0.16562500000000008 0.6328125 0.2140625000000001 0.6328125
45 0.19531250000000006 0.4578125 0.10625000000000004 0.4578125 0.10625000000000004 0.5328125 0.19531250000000006 0.5328125
58 0.2734375000000001 0.55625 0.22656250000000008 0.55625 0.22656250000000008 0.634375 0.2734375000000001 0.634375
50 1 0.6718750000000002 0.93125 0.6718750000000002 0.93125 0.7562500000000002 1 0.7562500000000002
48 0.7953125 0.2718750000000001 0.75 0.2718750000000001 0.75 0.3468750000000001 0.7953125 0.3468750000000001
49 0.1468750000000001 0.653125 0.07812500000000008 0.653125 0.07812500000000008 0.7359375 0.1468750000000001 0.7359375
53 0.590625 0.3671875000000001 0.5453125 0.3671875000000001 0.5453125 0.4421875 0.590625 0.4421875
22 0.9828125 0.36406250000000007 0.8984375 0.36406250000000007 0.8984375 0.5421875000000002 0.9828125 0.5421875000000002
40 0.75625 0.5640625000000001 0.709375 0.5640625 0.709375 0.64375 0.75625 0.6437500000000002
14 0.7593750000000001 0.6656250000000001 0.6953125 0.665625 0.6953125000000001 0.753125 0.7593750000000001 0.7531250000000002
52 0.18906250000000005 0.3625 0.11562500000000005 0.3625 0.11562500000000005 0.434375 0.18906250000000005 0.434375
6 0.50625 0.2687500000000001 0.4609375 0.2687500000000001 0.4609375 0.3453125000000001 0.50625 0.3453125000000001
36 0.70625 0.3671875000000001 0.6609375 0.3671875000000001 0.6609375 0.4421875 0.70625 0.4421875
20 0.96875 0.2687500000000001 0.8640625 0.2687500000000001 0.8640625 0.34843750000000007 0.96875 0.34843750000000007
27 0.646875 0.3671875000000001 0.603125 0.3671875000000001 0.603125 0.4421875 0.646875 0.4421875
35 0.5734375 0.5609375 0.5265625 0.5609375 0.5265625 0.6390625 0.5734375 0.6390625
23 0.428125 0.459375 0.3828125000000001 0.459375 0.3828125000000001 0.5359375 0.428125 0.5359375
19 0.3687500000000001 0.4578125 0.32500000000000007 0.4578125 0.32500000000000007 0.5375 0.3687500000000001 0.5375
24 0.4875 0.4609375 0.4421875 0.4609375 0.4421875 0.5359375 0.4875 0.5359375
2 0.2828125 0.2671875 0.2375 0.2671875 0.2375 0.34375 0.2828125 0.34375
17 0.16875000000000004 0.2640625 0.12500000000000006 0.2640625 0.12500000000000006 0.3390625 0.16875000000000004 0.3390625
41 0.24531250000000004 0.3609375 0.19843750000000004 0.3609375 0.19843750000000004 0.4359375 0.2453125000000001 0.4359375
57 0.33281250000000007 0.5578125 0.28593750000000007 0.5578125 0.28593750000000007 0.634375 0.33281250000000007 0.634375
29 0.6625 0.4625 0.6171875 0.4625 0.6171875 0.540625 0.6625 0.540625
10 0.2531250000000001 0.4546875 0.2062500000000001 0.4546875 0.2062500000000001 0.534375 0.2531250000000001 0.534375
9 0.678125 0.2734375000000001 0.6328125 0.2734375000000001 0.6328125 0.34843750000000007 0.678125 0.34843750000000007
47 0.6859375000000001 0.6625 0.3078125000000001 0.6625 0.3078125000000001 0.753125 0.6859375000000002 0.753125
42 0.4171875 0.36406250000000007 0.37187500000000007 0.36406250000000007 0.37187500000000007 0.4390625 0.4171875 0.4390625
54 0.8265625 0.3656250000000001 0.7796875 0.3656250000000001 0.7796875 0.4421875000000002 0.8265625 0.4421875000000002
4 0.3953125 0.27031250000000007 0.35 0.2703125 0.35 0.34687500000000004 0.3953125 0.3468750000000001
26 0.9046875 0.4656250000000002 0.8578125 0.4656250000000002 0.8578125 0.5453125000000002 0.9046875 0.5453125000000002
1 0.221875 0.2625 0.17812500000000003 0.2625 0.17812500000000003 0.3390625 0.221875 0.3390625
18 0.6953125 0.5625 0.6484375 0.5625 0.6484375 0.6421875 0.6953125 0.6421875
39 0.884375 0.36406250000000007 0.8390625 0.36406250000000007 0.8390625 0.4437500000000002 0.884375 0.4437500000000002
8 0.621875 0.2718750000000001 0.575 0.2718750000000001 0.575 0.3468750000000001 0.621875 0.3468750000000001
44 0.15781250000000008 0.55625 0.09062500000000007 0.55625 0.09062500000000007 0.63125 0.15781250000000008 0.63125
16 0.3937500000000001 0.559375 0.3468750000000001 0.559375 0.3468750000000001 0.6375 0.3937500000000001 0.6375
30 1 0.25312500000000004 0.07031250000000003 0.253125 0.07031250000000007 0.8203125 1 0.8203125
46 0.9875 0.5687500000000002 0.8328125 0.5687500000000002 0.8328125 0.6468750000000002 0.9875 0.6468750000000002
13 0.2968750000000001 0.659375 0.2328125000000001 0.659375 0.2328125000000001 0.7421875 0.2968750000000001 0.7421875
25 0.5453125 0.4609375 0.5 0.4609375 0.5 0.5375 0.5453125 0.5375
33 0.634375 0.5625 0.5859375 0.5625 0.5859375 0.6421875 0.634375 0.6421875
28 0.603125 0.4609375 0.559375 0.4609375 0.559375 0.5390625 0.603125 0.5390625
34 0.8171875 0.5656250000000002 0.76875 0.5656250000000002 0.76875 0.6453125000000002 0.8171875 0.6453125000000002
37 0.784375 0.4625000000000002 0.7375 0.4625000000000002 0.7375 0.5421875000000002 0.784375 0.5421875000000002
11 0.8546875 0.27031250000000007 0.8078125 0.27031250000000007 0.8078125 0.3468750000000001 0.8546875 0.3468750000000001
56 0.30156250000000007 0.3609375 0.25625 0.3609375 0.25625000000000003 0.4359375 0.30156250000000007 0.4359375
15 0.515625 0.559375 0.46875 0.559375 0.46875 0.6359375 0.515625 0.6359375
51 0.475 0.3656250000000001 0.43125 0.3656250000000001 0.43125 0.440625 0.475 0.440625
7 0.5640625 0.27031250000000007 0.5171875 0.27031250000000007 0.5171875 0.3468750000000001 0.5640625 0.3468750000000001
21 0.3609375000000001 0.3671875 0.3156250000000001 0.3671875 0.3156250000000001 0.4421875 0.3609375000000001 0.4421875
31 0.721875 0.4625 0.6765625 0.4625 0.6765625 0.540625 0.721875 0.540625
12 0.8453125 0.46406250000000016 0.7984375 0.46406250000000016 0.7984375 0.5453125000000002 0.8453125 0.5453125000000002