9 0.440625 0.4140625 0.40625 0.4140625 0.40625 0.465625 0.440625 0.465625
52 0.07500000000000007 0.46875 0.018750000000000055 0.46875 0.01875000000000006 0.51875 0.07500000000000007 0.51875
24 0.30156250000000007 0.528125 0.2671875000000001 0.528125 0.2671875000000001 0.5765625 0.30156250000000007 0.5765625
57 0.1937500000000001 0.584375 0.1593750000000001 0.584375 0.1593750000000001 0.63125 0.1937500000000001 0.63125
34 0.5359375 0.5875 0.5015625 0.5875 0.5015625 0.6375 0.5359375 0.6375
20 0.65625 0.4140625 0.578125 0.4140625 0.578125 0.4625 0.65625 0.4625
14 0.4953125 0.6421875 0.446875 0.6421875 0.446875 0.696875 0.4953125 0.696875
44 0.06406250000000006 0.584375 0.01718750000000007 0.584375 0.017187500000000074 0.634375 0.06406250000000006 0.634375
43 0.17187500000000006 0.5265625 0.13750000000000004 0.5265625 0.13750000000000007 0.575 0.17187500000000008 0.575
1 0.09687500000000006 0.4109375 0.06250000000000004 0.4109375 0.06250000000000006 0.459375 0.09687500000000007 0.459375
15 0.3218750000000001 0.5859375 0.2875000000000001 0.5859375 0.2875000000000001 0.634375 0.3218750000000001 0.634375
48 0.5265625 0.4140625 0.490625 0.4140625 0.490625 0.4625 0.5265625 0.4625
39 0.590625 0.471875 0.55625 0.471875 0.55625 0.5203125 0.590625 0.5203125
33 0.409375 0.5859375 0.3734375000000001 0.5859375 0.3734375000000001 0.6359375 0.409375 0.6359375
40 0.49375 0.5875 0.4578125 0.5875 0.4578125 0.6359375 0.49375 0.6359375
16 0.23593750000000008 0.584375 0.2015625000000001 0.584375 0.2015625000000001 0.63125 0.23593750000000008 0.63125
56 0.16093750000000004 0.46875 0.12812500000000004 0.46875 0.12812500000000004 0.515625 0.16093750000000004 0.515625
54 0.546875 0.471875 0.5125 0.471875 0.5125 0.521875 0.546875 0.521875
22 0.65625 0.471875 0.6 0.471875 0.6 0.5796875 0.65625 0.5796875
0 0.484375 0.4140625 0.45 0.4140625 0.45 0.465625 0.484375 0.465625
47 0.4421875 0.64375 0.18125000000000008 0.64375 0.18125000000000008 0.7 0.4421875 0.7
13 0.17343750000000008 0.6421875 0.12500000000000008 0.6421875 0.12500000000000008 0.6953125 0.17343750000000008 0.6953125
46 0.65625 0.5859375 0.546875 0.5859375 0.546875 0.6359375 0.65625 0.6359375
10 0.12812500000000007 0.528125 0.09531250000000006 0.528125 0.09531250000000006 0.5765625 0.1281250000000001 0.5765625
5 0.27031250000000007 0.4140625 0.23437500000000008 0.4140625 0.23437500000000008 0.4609375 0.27031250000000007 0.4609375
3 0.18437500000000004 0.4125 0.15000000000000005 0.4125 0.15000000000000005 0.4609375 0.18437500000000004 0.4609375
19 0.2156250000000001 0.528125 0.18125000000000005 0.528125 0.18125000000000008 0.5765625 0.2156250000000001 0.5765625
4 0.22656250000000008 0.4140625 0.19218750000000004 0.4140625 0.19218750000000004 0.4609375 0.22656250000000008 0.4609375
11 0.56875 0.415625 0.534375 0.415625 0.534375 0.4640625 0.56875 0.4640625
32 0.10781250000000009 0.584375 0.07343750000000007 0.584375 0.07343750000000007 0.634375 0.10781250000000009 0.634375
25 0.3437500000000001 0.528125 0.30937500000000007 0.528125 0.30937500000000007 0.5765625 0.3437500000000001 0.5765625
42 0.2468750000000001 0.4703125 0.21250000000000008 0.4703125 0.21250000000000008 0.515625 0.2468750000000001 0.515625
8 0.3984375000000001 0.4140625 0.3625000000000001 0.4140625 0.3625000000000001 0.465625 0.3984375000000001 0.465625
58 0.15000000000000008 0.584375 0.11562500000000009 0.584375 0.11562500000000009 0.63125 0.15000000000000008 0.63125
31 0.471875 0.5296875 0.4375 0.5296875 0.4375 0.578125 0.471875 0.578125
27 0.41875 0.471875 0.3859375000000001 0.471875 0.3859375000000001 0.5203125 0.41875 0.5203125
35 0.3656250000000001 0.5859375 0.3312500000000001 0.5859375 0.3312500000000001 0.634375 0.3656250000000001 0.634375
29 0.4296875 0.5296875 0.39531250000000007 0.5296875 0.39531250000000007 0.578125 0.4296875 0.578125
45 0.07500000000000007 0.5265625 0.018750000000000065 0.5265625 0.01875000000000007 0.575 0.07500000000000007 0.575
26 0.6015625 0.5296875 0.5671875 0.5296875 0.5671875 0.578125 0.6015625 0.578125
51 0.2906250000000001 0.4703125 0.2578125000000001 0.4703125 0.2578125000000001 0.5171875 0.2906250000000001 0.5171875
12 0.559375 0.5296875 0.525 0.5296875 0.525 0.5796875 0.559375 0.5796875
37 0.515625 0.5296875 0.48125 0.5296875 0.48125 0.578125 0.515625 0.578125
17 0.054687500000000056 0.4109375 0.01875000000000005 0.4109375 0.01875000000000005 0.4609375 0.05468750000000007 0.4609375
7 0.35625000000000007 0.4140625 0.3203125000000001 0.4140625 0.3203125000000001 0.465625 0.35625000000000007 0.465625
50 0.6578125 0.6453125 0.60625 0.6453125 0.60625 0.6984375 0.6578125 0.6984375
6 0.3125000000000001 0.4140625 0.27812500000000007 0.4140625 0.27812500000000007 0.4609375 0.3125000000000001 0.4609375
38 0.50625 0.471875 0.4703125 0.471875 0.4703125 0.5203125 0.50625 0.5203125
49 0.06562500000000009 0.640625 0.015625000000000076 0.640625 0.01562500000000008 0.696875 0.06562500000000009 0.696875
23 0.2578125000000001 0.528125 0.2250000000000001 0.528125 0.2250000000000001 0.5734375 0.2578125000000001 0.5734375
53 0.3750000000000001 0.471875 0.34062500000000007 0.471875 0.34062500000000007 0.5203125 0.3750000000000001 0.5203125
18 0.4515625 0.5859375 0.415625 0.5859375 0.415625 0.6359375 0.4515625 0.6359375
36 0.4625 0.471875 0.428125 0.471875 0.428125 0.5203125 0.4625 0.5203125
28 0.3859375000000001 0.528125 0.3531250000000001 0.528125 0.3531250000000001 0.5765625 0.3859375000000001 0.5765625
2 0.14062500000000006 0.4125 0.10781250000000005 0.4125 0.10781250000000005 0.459375 0.14062500000000006 0.459375
55 0.2796875000000001 0.584375 0.2453125000000001 0.584375 0.2453125000000001 0.63125 0.2796875000000001 0.63125
30 0.9984375 0.2828125 3.463454228838608e-17 0.2828125 6.343287717458557e-17 0.753125 0.9984375 0.7531250000000002
59 0.33281250000000007 0.4703125 0.3000000000000001 0.4703125 0.3000000000000001 0.51875 0.33281250000000007 0.51875
41 0.11875000000000005 0.4703125 0.08437500000000006 0.4703125 0.08437500000000006 0.5171875 0.11875000000000005 0.5171875
21 0.20468750000000008 0.4703125 0.17031250000000003 0.4703125 0.17031250000000003 0.5171875 0.20468750000000008 0.5171875