29 0.44375 0.4875 0.4046875 0.4875 0.4046875 0.5484375 0.44375 0.5484375
22 0.675 0.428125 0.615625 0.428125 0.615625 0.55 0.675 0.55
4 0.2312500000000001 0.3640625 0.19375000000000003 0.3640625 0.19375000000000003 0.415625 0.2312500000000001 0.415625
15 0.3296875000000001 0.5484375 0.2906250000000001 0.5484375 0.2906250000000001 0.6046875 0.3296875000000001 0.6046875
41 0.11875000000000005 0.4265625 0.07343750000000004 0.4265625 0.07343750000000006 0.4828125 0.11875000000000005 0.4828125
46 0.678125 0.55 0.559375 0.55 0.559375 0.6109375 0.678125 0.6109375
18 0.4671875 0.5484375 0.428125 0.5484375 0.428125 0.60625 0.4671875 0.60625
30 1 0.27343750000000006 3.348643591418544e-17 0.2734375 6.161504208210122e-17 0.7328125000000001 1 0.7328125000000002
25 0.3531250000000001 0.4875 0.3156250000000001 0.4875 0.3156250000000001 0.54375 0.3531250000000001 0.54375
12 0.5765625 0.4890625 0.5375 0.4890625 0.5375 0.5484375 0.5765625 0.5484375
53 0.3890625000000001 0.4265625 0.3500000000000001 0.4265625 0.3500000000000001 0.4859375 0.3890625000000001 0.4859375
24 0.3078125000000001 0.4890625 0.2687500000000001 0.4890625 0.2687500000000001 0.5453125 0.3078125000000001 0.5453125
42 0.2562500000000001 0.4234375 0.2140625000000001 0.4234375 0.2140625000000001 0.4859375 0.2562500000000001 0.4859375
8 0.409375 0.3609375000000001 0.371875 0.3609375000000001 0.37187500000000007 0.4265625 0.409375 0.4265625
1 0.09218750000000005 0.3578125 0.05312500000000005 0.3578125 0.05312500000000005 0.4140625 0.09218750000000005 0.4140625
13 0.17968750000000008 0.6078125 0.12343750000000009 0.6078125 0.12343750000000009 0.675 0.17968750000000008 0.675
40 0.5109375 0.5484375 0.471875 0.5484375 0.471875 0.60625 0.5109375 0.60625
59 0.3421875000000001 0.425 0.3031250000000001 0.425 0.3031250000000001 0.4859375 0.3421875000000001 0.4859375
9 0.4546875 0.3609375000000001 0.415625 0.3609375000000001 0.415625 0.428125 0.4546875 0.428125
31 0.4890625 0.4875 0.45 0.4875 0.45 0.546875 0.4890625 0.546875
26 0.6234375 0.4890625 0.5796875 0.4890625 0.5796875 0.55 0.6234375 0.55
50 0.684375 0.6078125 0.6234375 0.6078125 0.6234375 0.6765625 0.684375 0.6765625
27 0.4328125 0.4265625 0.3937500000000001 0.4265625 0.3937500000000001 0.4859375 0.4328125 0.4859375
39 0.609375 0.43125 0.56875 0.43125 0.56875 0.490625 0.609375 0.490625
52 0.06562500000000006 0.4265625 0.006250000000000052 0.4265625 0.006250000000000056 0.475 0.06562500000000007 0.475
5 0.2765625000000001 0.365625 0.2390625000000001 0.365625 0.2390625000000001 0.4203125 0.2765625000000001 0.4203125
6 0.321875 0.3625 0.2828125 0.3625 0.2828125 0.4203125 0.3218750000000001 0.4203125
35 0.3765625000000001 0.5484375 0.3359375000000001 0.5484375 0.3359375000000001 0.6046875 0.3765625000000001 0.6046875
32 0.10000000000000009 0.5484375 0.05937500000000007 0.5484375 0.05937500000000007 0.6078125 0.10000000000000009 0.6078125
28 0.3984375000000001 0.4890625 0.3593750000000001 0.4890625 0.3593750000000001 0.54375 0.3984375000000001 0.54375
34 0.5546875 0.5484375 0.5140625 0.5484375 0.5140625 0.60625 0.5546875 0.60625
19 0.21875000000000008 0.4890625 0.17812500000000003 0.4890625 0.17812500000000003 0.54375 0.21875000000000008 0.54375
47 0.4421875 0.6078125 0.1828125000000001 0.6078125 0.1828125000000001 0.6796875 0.4421875 0.6796875
54 0.565625 0.4296875 0.525 0.4296875 0.525 0.4859375 0.565625 0.4859375
38 0.521875 0.428125 0.48125 0.428125 0.48125 0.4859375 0.521875 0.4859375
56 0.16406250000000006 0.425 0.12343750000000005 0.425 0.12343750000000005 0.4875 0.16406250000000006 0.4875
11 0.5859375 0.3687500000000001 0.546875 0.3687500000000001 0.546875 0.428125 0.5859375 0.428125
36 0.478125 0.4265625 0.4359375 0.4265625 0.4359375 0.4875 0.478125 0.4875
21 0.2078125000000001 0.4234375 0.16875000000000004 0.4234375 0.16875000000000004 0.4859375 0.2078125000000001 0.4859375
17 0.04375000000000005 0.3640625 0.010937500000000044 0.3640625 0.010937500000000048 0.409375 0.04375000000000005 0.409375
2 0.13906250000000003 0.365625 0.10000000000000005 0.365625 0.10000000000000005 0.4171875 0.13906250000000003 0.4171875
45 0.07812500000000007 0.4859375 0.00468750000000006 0.4859375 0.004687500000000063 0.5421875 0.07812500000000007 0.5421875
58 0.1468750000000001 0.546875 0.10781250000000009 0.546875 0.10781250000000009 0.603125 0.1468750000000001 0.603125
49 0.05000000000000008 0.6078125 7.443556326067507e-17 0.6078125 7.797555791446039e-17 0.665625 0.050000000000000086 0.665625
57 0.1937500000000001 0.5484375 0.1546875000000001 0.5484375 0.1546875000000001 0.6046875 0.1937500000000001 0.6046875
51 0.2984375000000001 0.425 0.2593750000000001 0.425 0.2593750000000001 0.484375 0.2984375000000001 0.484375
20 0.6734375 0.3671875000000001 0.590625 0.3671875000000001 0.590625 0.4296875 0.6734375 0.4296875
14 0.5 0.6078125 0.4453125 0.6078125 0.4453125 0.6765625 0.5 0.6765625
7 0.36562500000000003 0.3609375 0.3265625 0.3609375 0.32656250000000003 0.4203125 0.3656250000000001 0.4203125
10 0.12500000000000006 0.4875 0.08437500000000006 0.4875 0.08437500000000006 0.5453125 0.12500000000000008 0.5453125
43 0.17187500000000006 0.4875 0.13125000000000003 0.4875 0.13125000000000003 0.54375 0.17187500000000006 0.54375
23 0.2640625000000001 0.4875 0.2250000000000001 0.4875 0.2250000000000001 0.5453125 0.2640625000000001 0.5453125
0 0.5 0.3656250000000001 0.459375 0.3656250000000001 0.459375 0.4234375 0.5 0.4234375
33 0.421875 0.5484375 0.37968750000000007 0.5484375 0.37968750000000007 0.60625 0.421875 0.60625
48 0.540625 0.3687500000000001 0.5046875 0.3687500000000001 0.5046875 0.4265625 0.540625 0.4265625
3 0.18437500000000004 0.3625 0.14531250000000004 0.3625 0.14531250000000004 0.4171875 0.18437500000000004 0.4171875
44 0.050000000000000065 0.55 6.735557395310443e-17 0.55 7.041719095097281e-17 0.6 0.050000000000000065 0.6
16 0.2390625000000001 0.5484375 0.1984375000000001 0.5484375 0.1984375000000001 0.6046875 0.2390625000000001 0.6046875
55 0.2843750000000001 0.5484375 0.2468750000000001 0.5484375 0.2468750000000001 0.603125 0.2843750000000001 0.603125
37 0.534375 0.490625 0.49375 0.490625 0.49375 0.5484375 0.534375 0.5484375