43 0.48750000000000016 0.7921875 0.4125000000000002 0.7921875 0.4125000000000002 0.859375 0.48750000000000016 0.859375
58 0.5718750000000001 0.834375 0.4937500000000002 0.834375 0.4937500000000002 0.903125 0.5718750000000001 0.903125
24 0.4890625 0.5703125 0.4140625 0.5703125 0.4140625 0.6375 0.4890625 0.6375
54 0.4140625 0.16875000000000004 0.3453125 0.16875000000000004 0.3453125 0.23125000000000004 0.4140625 0.2312500000000001
48 0.340625 0.2140625 0.2765625 0.2140625 0.2765625 0.2734375 0.340625 0.2734375
45 0.4859375000000002 0.934375 0.4109375000000002 0.934375 0.4109375000000002 1 0.4859375000000002 1
18 0.571875 0.3062500000000001 0.49375 0.3062500000000001 0.49375 0.3734375000000001 0.571875 0.3734375000000001
41 0.4078125000000002 0.871875 0.3390625000000001 0.871875 0.3390625000000001 0.9390625 0.4078125000000002 0.9390625
57 0.5718750000000001 0.759375 0.4937500000000002 0.759375 0.4937500000000002 0.828125 0.5718750000000001 0.828125
2 0.3343750000000001 0.828125 0.2687500000000001 0.828125 0.2687500000000001 0.8921875 0.3343750000000001 0.8921875
13 0.6718750000000002 0.8609375 0.5750000000000002 0.8609375 0.5750000000000002 0.9359375 0.6718750000000002 0.9359375
34 0.5734375 0.16093750000000007 0.4984375 0.16093750000000004 0.4984375 0.2296875000000001 0.5734375 0.2296875000000001
35 0.5734375 0.45625 0.4953125 0.45625 0.4953125 0.525 0.5734375 0.525
20 0.346875 0.05468750000000004 0.284375 0.05468750000000004 0.284375 0.14531250000000004 0.346875 0.14531250000000004
16 0.5734375 0.684375 0.4921875 0.684375 0.4921875000000001 0.753125 0.5734375000000002 0.753125
23 0.4875 0.6453125 0.4140625 0.6453125 0.4140625 0.7109375 0.4875 0.7109375
4 0.3343750000000001 0.6921875 0.2687500000000001 0.6921875 0.2687500000000001 0.7546875 0.3343750000000001 0.7546875
22 0.49375 0.018750000000000055 0.421875 0.01875000000000005 0.421875 0.13437500000000005 0.49375 0.13437500000000005
9 0.3375 0.346875 0.271875 0.346875 0.27187500000000003 0.409375 0.3375000000000001 0.409375
39 0.415625 0.10156250000000004 0.3484375 0.10156250000000004 0.3484375 0.16406250000000006 0.415625 0.16406250000000006
27 0.409375 0.37500000000000006 0.34062500000000007 0.375 0.34062500000000007 0.4375 0.409375 0.4375
12 0.4921875 0.13906250000000003 0.4203125 0.13906250000000003 0.4203125 0.20468750000000008 0.4921875 0.20468750000000008
36 0.4109375 0.30625 0.3421875 0.30625 0.34218750000000003 0.36875 0.4109375 0.3687500000000001
17 0.3343750000000001 0.9640625 0.2687500000000001 0.9640625 0.2687500000000001 1 0.3343750000000001 1
1 0.3343750000000001 0.8984375 0.2687500000000001 0.8984375 0.2687500000000001 0.9609375 0.3343750000000001 0.9609375
11 0.3421875 0.14843750000000006 0.2796875 0.14843750000000006 0.2796875 0.2078125 0.3421875 0.2078125
6 0.3343750000000001 0.553125 0.2687500000000001 0.553125 0.2687500000000001 0.615625 0.3343750000000001 0.615625
53 0.4109375 0.4453125 0.3390625000000001 0.4453125 0.3390625000000001 0.5109375 0.4109375 0.5109375
0 0.3375 0.278125 0.2734375 0.278125 0.2734375 0.340625 0.3375 0.340625
47 0.675 0.3828125000000001 0.578125 0.3828125000000001 0.5781250000000001 0.7578125 0.6750000000000002 0.7578125
10 0.4859375000000002 0.8640625 0.4125000000000002 0.8640625 0.4125000000000002 0.93125 0.4859375000000002 0.93125
42 0.4109375 0.659375 0.3390625000000001 0.659375 0.3390625000000001 0.725 0.4109375 0.725
46 0.575 0.004687500000000066 0.496875 0.004687500000000061 0.496875 0.15781250000000008 0.575 0.15781250000000008
56 0.4078125000000002 0.8015625 0.3359375000000001 0.8015625 0.3359375000000001 0.8671875 0.4078125000000002 0.8671875
14 0.6734375 0.2078125000000001 0.5796875 0.2078125000000001 0.5796875 0.2796875000000001 0.6734375 0.2796875000000001
21 0.40937500000000016 0.73125 0.3375000000000001 0.73125 0.3375000000000001 0.796875 0.40937500000000016 0.796875
38 0.4140625 0.23593750000000005 0.34375 0.2359375 0.34375 0.2984375 0.4140625 0.2984375000000001
30 0.7156250000000001 5.568315914873122e-17 0.19375 2.3727531733479968e-17 0.19375000000000006 1 0.7156250000000002 1
51 0.409375 0.5875 0.3390625000000001 0.5875 0.3390625000000001 0.6515625 0.409375 0.6515625
37 0.4921875 0.2078125000000001 0.41875 0.2078125000000001 0.41875 0.2734375000000001 0.4921875 0.2734375000000001
29 0.4890625 0.3500000000000001 0.4140625 0.3500000000000001 0.4140625 0.415625 0.4890625 0.415625
31 0.490625 0.27812500000000007 0.4171875 0.27812500000000007 0.4171875 0.3437500000000001 0.490625 0.3437500000000001
7 0.3359375000000001 0.4828125 0.27031250000000007 0.4828125 0.27031250000000007 0.5453125 0.3359375000000001 0.5453125
5 0.3343750000000001 0.6234375 0.2687500000000001 0.6234375 0.2687500000000001 0.6859375 0.3343750000000001 0.6859375
59 0.409375 0.515625 0.34062500000000007 0.515625 0.34062500000000007 0.58125 0.409375 0.58125
19 0.48906250000000007 0.71875 0.4140625 0.71875 0.4140625000000001 0.784375 0.4890625000000002 0.784375
25 0.4890625 0.496875 0.4140625 0.496875 0.4140625 0.5640625 0.4890625 0.5640625
3 0.3343750000000001 0.759375 0.2687500000000001 0.759375 0.2687500000000001 0.8234375 0.3343750000000001 0.8234375
8 0.3359375000000001 0.415625 0.27031250000000007 0.415625 0.27031250000000007 0.4765625 0.3359375000000001 0.4765625
28 0.4890625 0.4234375 0.415625 0.4234375 0.415625 0.490625 0.4890625 0.490625
44 0.5687500000000002 0.90625 0.4906250000000002 0.90625 0.4906250000000002 1 0.5687500000000002 1
33 0.5734375 0.3812500000000001 0.4921875 0.3812500000000001 0.4921875 0.4484375 0.5734375 0.4484375
55 0.571875 0.6078125 0.49375 0.6078125 0.49375 0.6765625 0.571875 0.6765625
40 0.5734375 0.2328125000000001 0.4953125 0.2328125000000001 0.4953125 0.3000000000000001 0.5734375 0.3000000000000001
15 0.5734375 0.53125 0.4921875 0.53125 0.4921875 0.6015625 0.5734375 0.6015625
26 0.41875 0.03593750000000005 0.3515625 0.035937500000000046 0.3515625 0.09843750000000004 0.41875 0.09843750000000004
52 0.4078125000000002 0.940625 0.3375000000000001 0.940625 0.3375000000000001 1 0.4078125000000002 1