43 0.50625 0.16406250000000006 0.43125 0.16406250000000006 0.43125 0.2312500000000001 0.50625 0.2312500000000001
58 0.590625 0.11718750000000007 0.5125 0.11718750000000004 0.5125 0.18750000000000006 0.590625 0.18750000000000008
24 0.5078125 0.38750000000000007 0.4328125 0.38750000000000007 0.4328125 0.4546875 0.5078125 0.4546875
54 0.43281250000000016 0.796875 0.36406250000000007 0.796875 0.36406250000000007 0.8609375 0.43281250000000016 0.8609375
49 0.6953125 7.912366428866102e-17 0.596875 7.309610582410764e-17 0.596875 0.012500000000000077 0.6953125 0.012500000000000084
48 0.3593750000000001 0.7546875 0.29375000000000007 0.7546875 0.29375000000000007 0.815625 0.3593750000000001 0.815625
45 0.5046875 5.72139676476654e-17 0.4296875 5.262154215086284e-17 0.4296875 0.08593750000000006 0.5046875 0.08593750000000007
18 0.5921875 0.653125 0.5140625 0.653125 0.5140625 0.721875 0.5921875 0.721875
41 0.4265625 0.08281250000000004 0.3578125 0.08281250000000004 0.3578125 0.15000000000000005 0.4265625 0.15000000000000005
57 0.5921875 0.19375000000000006 0.5140625 0.19375000000000003 0.5140625 0.26250000000000007 0.5921875 0.26250000000000007
2 0.3515625 0.12968750000000004 0.2859375 0.12968750000000004 0.2859375 0.19375000000000003 0.3515625 0.19375000000000003
13 0.69375 0.08593750000000008 0.5953125 0.08593750000000007 0.5953125 0.1625000000000001 0.69375 0.1625000000000001
34 0.5937500000000002 0.8 0.5171875000000001 0.8 0.5171875000000001 0.86875 0.5937500000000002 0.86875
35 0.59375 0.5 0.5140625 0.5 0.5140625 0.5703125 0.59375 0.5703125
20 0.36406250000000007 0.884375 0.30156250000000007 0.884375 0.30156250000000007 0.9765625 0.36406250000000007 0.9765625
16 0.59375 0.27031250000000007 0.5125 0.27031250000000007 0.5125 0.34062500000000007 0.59375 0.34062500000000007
23 0.50625 0.3125000000000001 0.43125 0.3125000000000001 0.43125 0.3781250000000001 0.50625 0.3781250000000001
4 0.3515625 0.26875 0.284375 0.26875 0.284375 0.33125 0.3515625 0.33125
22 0.5125000000000002 0.89375 0.4390625000000002 0.89375 0.4390625000000002 1 0.5125000000000002 1
9 0.3546875000000001 0.6171875 0.2890625000000001 0.6171875 0.2890625000000001 0.6796875 0.3546875000000001 0.6796875
39 0.4343750000000002 0.865625 0.3656250000000001 0.865625 0.3656250000000001 0.928125 0.4343750000000002 0.928125
27 0.428125 0.5875 0.3593750000000001 0.5875 0.3593750000000001 0.6515625 0.428125 0.6515625
12 0.5109375000000002 0.825 0.4390625000000002 0.825 0.4390625000000002 0.890625 0.5109375000000002 0.890625
36 0.4296875 0.659375 0.3609375000000001 0.659375 0.3609375000000001 0.7234375 0.4296875 0.7234375
17 0.35 3.884426566045511e-17 0.284375 3.482589335075286e-17 0.284375 0.05468750000000004 0.35 0.05468750000000004
1 0.3515625 0.06093750000000005 0.2859375 0.06093750000000005 0.2859375 0.12343750000000005 0.3515625 0.12343750000000005
11 0.3609375000000001 0.8203125 0.2968750000000001 0.8203125 0.2968750000000001 0.88125 0.3609375000000001 0.88125
6 0.3531250000000001 0.409375 0.28593750000000007 0.409375 0.28593750000000007 0.471875 0.3531250000000001 0.471875
53 0.428125 0.515625 0.35625000000000007 0.515625 0.35625000000000007 0.58125 0.428125 0.58125
0 0.35625000000000007 0.6859375 0.2906250000000001 0.6859375 0.2906250000000001 0.7484375 0.35625000000000007 0.7484375
47 0.6953125 0.2640625000000001 0.596875 0.2640625000000001 0.596875 0.6453125 0.6953125 0.6453125
10 0.50625 0.09062500000000005 0.43125 0.09062500000000004 0.43125 0.15781250000000005 0.50625 0.15781250000000005
42 0.428125 0.2984375 0.35625 0.2984375 0.35625000000000007 0.36406250000000007 0.428125 0.36406250000000007
46 0.5953125000000001 0.871875 0.5171875000000001 0.871875 0.5171875000000001 1 0.5953125000000001 1
56 0.4265625 0.15468750000000003 0.3546875 0.15468750000000003 0.3546875 0.22031250000000005 0.4265625 0.22031250000000008
14 0.6953125000000002 0.7484375 0.6000000000000002 0.7484375 0.6000000000000002 0.8203125 0.6953125000000002 0.8203125
21 0.428125 0.22656250000000006 0.35625 0.2265625 0.35625 0.29218750000000004 0.428125 0.2921875000000001
38 0.43281250000000016 0.7296875 0.3609375000000001 0.7296875 0.3609375000000001 0.7921875 0.43281250000000016 0.7921875
30 0.7375 5.797937189713251e-17 0.209375 2.5641042357147705e-17 0.20937500000000003 1 0.7375000000000002 1
51 0.428125 0.37187500000000007 0.35625000000000007 0.371875 0.35625000000000007 0.4375 0.428125 0.4375
37 0.5109375000000002 0.75625 0.4359375000000002 0.75625 0.4359375000000002 0.821875 0.5109375000000002 0.821875
29 0.5078125 0.6109375 0.4328125 0.6109375 0.4328125 0.6765625 0.5078125 0.6765625
31 0.5093750000000001 0.684375 0.434375 0.684375 0.43437500000000007 0.75 0.5093750000000001 0.75
7 0.3531250000000001 0.4796875 0.2875000000000001 0.4796875 0.2875000000000001 0.5421875 0.3531250000000001 0.5421875
5 0.353125 0.3390625 0.2859375 0.3390625 0.28593750000000007 0.4015625 0.3531250000000001 0.4015625
59 0.4265625 0.44375 0.3578125000000001 0.44375 0.3578125000000001 0.509375 0.4265625 0.509375
19 0.50625 0.2390625000000001 0.43125 0.2390625000000001 0.43125 0.3046875000000001 0.50625 0.3046875000000001
25 0.5078125 0.4625 0.4328125 0.4625 0.4328125 0.5296875 0.5078125 0.5296875
3 0.3515625 0.19843750000000004 0.284375 0.19843750000000004 0.284375 0.2625 0.3515625 0.2625
8 0.3531250000000001 0.5484375 0.2875000000000001 0.5484375 0.2875000000000001 0.6109375 0.3531250000000001 0.6109375
28 0.5078125 0.5359375 0.4328125 0.5359375 0.4328125 0.603125 0.5078125 0.603125
44 0.5890625 6.725989842192105e-17 0.509375 6.23804463315683e-17 0.509375 0.11406250000000007 0.5890625 0.1140625000000001
33 0.59375 0.5765625 0.5125 0.5765625 0.5125 0.6453125 0.59375 0.6453125
55 0.5921875 0.3468750000000001 0.5140625 0.3468750000000001 0.5140625 0.415625 0.5921875 0.415625
40 0.5937500000000002 0.7296875 0.5156250000000002 0.7296875 0.5156250000000002 0.796875 0.5937500000000002 0.796875
15 0.59375 0.4234375 0.5125 0.4234375 0.5125 0.4953125 0.59375 0.4953125
26 0.43750000000000017 0.93125 0.3687500000000001 0.93125 0.3687500000000001 0.9953125 0.43750000000000017 0.9953125
52 0.4265625 4.783776559169348e-17 0.3546875 4.343669115725768e-17 0.3546875 0.07968750000000005 0.4265625 0.07968750000000005