29 0.6484375 0.17343750000000008 0.6015625 0.17343750000000008 0.6015625 0.2390625000000001 0.6484375 0.2390625000000001
27 0.6328125 0.09531250000000006 0.5859375 0.09531250000000006 0.5859375 0.15781250000000008 0.6328125 0.15781250000000008
15 0.496875 0.2562500000000001 0.446875 0.2562500000000001 0.446875 0.3187500000000001 0.496875 0.3187500000000001
57 0.3109375 0.25625 0.2625 0.25625 0.2625 0.31875 0.3109375 0.31875
20 0.9703125 0.012500000000000112 0.859375 0.012500000000000105 0.859375 0.08125000000000011 0.9703125 0.08125000000000011
8 0.6015625 0.01250000000000007 0.553125 0.012500000000000067 0.553125 0.08125000000000007 0.6015625 0.08125000000000007
16 0.3734375 0.25625000000000003 0.3234375 0.25625 0.3234375 0.31875000000000003 0.3734375 0.3187500000000001
32 0.18281250000000004 0.2578125 0.13593750000000004 0.2578125 0.13593750000000004 0.3203125 0.18281250000000004 0.3203125
37 0.7703125 0.17187500000000008 0.721875 0.17187500000000008 0.721875 0.2375000000000001 0.7703125 0.2375000000000001
10 0.2171875 0.17500000000000002 0.1671875 0.175 0.16718750000000002 0.240625 0.2171875 0.240625
53 0.571875 0.09375000000000007 0.525 0.09375000000000007 0.525 0.15937500000000007 0.571875 0.1593750000000001
47 0.66875 0.33281250000000007 0.290625 0.3328125 0.290625 0.4015625 0.66875 0.4015625
9 0.6625 0.01250000000000008 0.6140625 0.012500000000000077 0.6140625 0.08125000000000007 0.6625 0.08125000000000009
26 0.8953125 0.1687500000000001 0.8453125 0.1687500000000001 0.8453125 0.2390625000000001 0.8953125 0.2390625000000001
33 0.6203125 0.25468750000000007 0.56875 0.25468750000000007 0.56875 0.3203125000000001 0.6203125 0.3203125000000001
5 0.4171875 0.010937500000000048 0.3671875 0.010937500000000044 0.3671875 0.08125000000000004 0.4171875 0.08125000000000004
23 0.403125 0.17500000000000004 0.35625 0.17500000000000004 0.35625 0.23750000000000004 0.403125 0.2375000000000001
39 0.8765625 0.09062500000000011 0.8296875 0.09062500000000011 0.8296875 0.15625000000000008 0.8765625 0.15625000000000008
50 0.896875 0.3343750000000001 0.8328125 0.3343750000000001 0.8328125 0.4000000000000002 0.896875 0.4000000000000002
14 0.74375 0.3312500000000001 0.6765625 0.3312500000000001 0.6765625 0.3968750000000001 0.74375 0.3968750000000001
17 0.10625 0.014062500000000009 0.059375 0.014062500000000006 0.059375 0.08281250000000001 0.10625 0.08281250000000002
0 0.725 0.010937500000000086 0.6765625 0.010937500000000083 0.6765625 0.07968750000000009 0.725 0.07968750000000009
13 0.27968750000000003 0.3359375 0.2140625 0.3359375 0.21406250000000004 0.4015625 0.2796875000000001 0.4015625
1 0.165625 0.010937500000000017 0.11875 0.010937500000000013 0.11875 0.07968750000000002 0.165625 0.07968750000000002
58 0.2453125 0.2578125 0.19843750000000004 0.2578125 0.19843750000000004 0.3203125 0.2453125 0.3203125
22 0.9703125 0.08906250000000011 0.8875 0.08906250000000011 0.8875 0.2375000000000001 0.9703125 0.2375000000000001
41 0.2015625 0.09531250000000002 0.1515625 0.09531250000000002 0.1515625 0.16406250000000003 0.2015625 0.16406250000000006
36 0.69375 0.09375000000000008 0.646875 0.09375000000000008 0.646875 0.1593750000000001 0.69375 0.1593750000000001
46 0.9703125 0.2500000000000001 0.8171875 0.2500000000000001 0.8171875 0.3156250000000001 0.9703125 0.3156250000000001
28 0.5875 0.17343750000000008 0.540625 0.17343750000000005 0.540625 0.2390625000000001 0.5875 0.2390625000000001
12 0.8328125 0.1703125000000001 0.7859375 0.1703125000000001 0.7859375 0.23593750000000008 0.8328125 0.23593750000000008
55 0.4359375 0.2562500000000001 0.3859375 0.2562500000000001 0.3859375 0.3187500000000001 0.4359375 0.3187500000000001
4 0.35625 0.010937500000000041 0.30625 0.01093750000000004 0.30625 0.07968750000000005 0.35625 0.07968750000000005
42 0.3859375 0.09375000000000004 0.3390625 0.09375000000000004 0.3390625 0.15937500000000004 0.3859375 0.15937500000000004
48 0.7875 0.012500000000000091 0.7390625 0.01250000000000009 0.7390625 0.08125000000000009 0.7875 0.08125000000000009
49 0.12031250000000004 0.3375 0.05468750000000004 0.3375 0.05468750000000004 0.403125 0.12031250000000004 0.403125
6 0.4796875 0.010937500000000055 0.4296875 0.010937500000000053 0.4296875 0.08125000000000006 0.4796875 0.08125000000000007
44 0.12187500000000004 0.259375 0.05468750000000002 0.259375 0.054687500000000035 0.325 0.12187500000000004 0.325
45 0.15468750000000003 0.1796875 0.057812500000000024 0.1796875 0.057812500000000024 0.2421875 0.15468750000000003 0.2421875
43 0.278125 0.17656250000000004 0.23125 0.17656250000000004 0.23125 0.2421875 0.278125 0.2421875
19 0.340625 0.17500000000000004 0.2921875 0.17500000000000004 0.2921875 0.240625 0.340625 0.240625
30 0.9890625 0.004687500000000063 0.0453125 0.004687500000000006 0.045312500000000026 0.4390625000000001 0.9890625 0.4390625000000002
11 0.8484375 0.0109375000000001 0.8 0.010937500000000096 0.8 0.0796875000000001 0.8484375 0.0796875000000001
38 0.7546875 0.09218750000000009 0.7078125 0.09218750000000009 0.7078125 0.15781250000000008 0.7546875 0.15781250000000008
54 0.815625 0.0906250000000001 0.76875 0.0906250000000001 0.76875 0.15625000000000008 0.815625 0.15625000000000008
52 0.1359375 0.09687500000000002 0.05625000000000002 0.096875 0.05625000000000002 0.1625 0.1359375 0.1625
2 0.23125 0.010937500000000025 0.18125 0.010937500000000022 0.18125 0.08281250000000002 0.23125 0.08281250000000002
3 0.29375 0.010937500000000034 0.24375 0.01093750000000003 0.24375 0.08125000000000003 0.29375 0.08125000000000004
24 0.4640625 0.17343750000000005 0.4171875 0.17343750000000005 0.4171875 0.2390625000000001 0.4640625 0.2390625000000001
35 0.559375 0.25468750000000007 0.509375 0.25468750000000007 0.509375 0.31718750000000007 0.559375 0.31718750000000007
7 0.540625 0.010937500000000063 0.4921875 0.010937500000000062 0.4921875 0.07968750000000006 0.540625 0.07968750000000006
34 0.803125 0.2515625000000001 0.753125 0.2515625000000001 0.753125 0.31718750000000007 0.803125 0.31718750000000007
59 0.509375 0.09531250000000006 0.4625 0.09531250000000006 0.4625 0.15781250000000005 0.509375 0.15781250000000005
31 0.709375 0.1703125000000001 0.6625 0.1703125000000001 0.6625 0.23593750000000008 0.709375 0.23593750000000008
21 0.3265625 0.09531250000000005 0.2765625 0.09531250000000005 0.2765625 0.16250000000000003 0.3265625 0.16250000000000003
40 0.7421875 0.2531250000000001 0.6953125 0.2531250000000001 0.6953125 0.3156250000000001 0.7421875 0.3156250000000001
56 0.2609375 0.09531250000000002 0.2140625 0.09531250000000002 0.2140625 0.16093750000000004 0.2609375 0.16093750000000004
51 0.4484375 0.09531250000000005 0.4015625 0.09531250000000005 0.4015625 0.15781250000000005 0.4484375 0.15781250000000005
18 0.6796875 0.2531250000000001 0.6328125 0.2531250000000001 0.6328125 0.3156250000000001 0.6796875 0.3156250000000001
25 0.5265625 0.17500000000000004 0.4796875 0.17500000000000004 0.4796875 0.2375000000000001 0.5265625 0.2375000000000001