35 0.6640625 0.5765625 0.6328125 0.5765625 0.6328125 0.625 0.6640625 0.625
50 0.3984375000000001 0.63125 0.3500000000000001 0.63125 0.3500000000000001 0.68125 0.3984375000000001 0.68125
8 0.6359375 0.4109375 0.6015625 0.4109375 0.6015625 0.4640625 0.6359375 0.4640625
55 0.75 0.5781250000000001 0.7171875 0.578125 0.7171875 0.6265625000000001 0.75 0.6265625000000001
45 0.9734375 0.5250000000000001 0.90625 0.5250000000000001 0.90625 0.5750000000000002 0.9734375 0.5750000000000002
16 0.790625 0.5781250000000002 0.7578125 0.5781250000000002 0.7578125 0.6281250000000002 0.790625 0.6281250000000002
18 0.58125 0.5765625 0.5484375 0.5765625 0.5484375 0.6265625 0.58125 0.6265625
3 0.846875 0.40937500000000016 0.8125 0.40937500000000016 0.8125 0.46406250000000016 0.846875 0.46406250000000016
47 0.8125 0.6343750000000001 0.55625 0.634375 0.55625 0.6859375000000001 0.8125 0.6859375000000002
7 0.678125 0.4109375 0.64375 0.4109375 0.64375 0.4625 0.678125 0.4625
48 0.5109375 0.409375 0.4765625 0.409375 0.4765625 0.4609375 0.5109375 0.4609375
5 0.7640625 0.4109375000000002 0.728125 0.4109375000000002 0.728125 0.46406250000000016 0.7640625 0.46406250000000016
41 0.9109375 0.4671875000000002 0.875 0.4671875000000002 0.875 0.5203125000000002 0.9109375 0.5203125000000002
2 0.8890625 0.4109375000000002 0.8546875 0.4109375000000002 0.8546875 0.46406250000000016 0.8890625 0.46406250000000016
9 0.59375 0.409375 0.559375 0.409375 0.559375 0.4625 0.59375 0.4625
13 0.865625 0.6343750000000001 0.821875 0.6343750000000001 0.821875 0.6843750000000002 0.865625 0.6843750000000002
0 0.5515625 0.409375 0.5171875 0.409375 0.5171875 0.4625 0.5515625 0.4625
53 0.65625 0.4671875 0.621875 0.4671875 0.621875 0.5171875 0.65625 0.5171875
10 0.896875 0.5234375000000002 0.8640625 0.5234375000000002 0.8640625 0.5734375000000002 0.896875 0.5734375000000002
25 0.6859375 0.521875 0.653125 0.521875 0.653125 0.571875 0.6859375 0.571875
32 0.91875 0.5796875000000001 0.884375 0.5796875000000001 0.884375 0.6296875000000002 0.91875 0.6296875000000002
19 0.8140625 0.5218750000000002 0.7796875 0.5218750000000002 0.7796875 0.5734375000000002 0.8140625 0.5734375000000002
20 0.4265625 0.4078125 0.3515625000000001 0.4078125 0.3515625000000001 0.4609375 0.4265625 0.4609375
49 0.9734375 0.6359375000000002 0.9265625 0.6359375000000002 0.9265625 0.6890625000000001 0.9734375 0.6890625000000001
15 0.7078125 0.578125 0.675 0.578125 0.675 0.6265625 0.7078125 0.6265625
40 0.5390625 0.5765625 0.5078125 0.5765625 0.5078125 0.625 0.5390625 0.625
57 0.8328125 0.5781250000000002 0.8 0.5781250000000002 0.8 0.6281250000000002 0.8328125 0.6281250000000002
26 0.4359375 0.51875 0.4046875 0.51875 0.4046875 0.5703125 0.4359375 0.5703125
27 0.6125 0.4671875 0.58125 0.4671875 0.58125 0.5140625 0.6125 0.5140625
42 0.7828125 0.4671875000000002 0.7484375 0.4671875000000002 0.7484375 0.5187500000000002 0.7828125 0.5187500000000002
21 0.825 0.4671875000000002 0.790625 0.4671875000000002 0.790625 0.5187500000000002 0.825 0.5187500000000002
28 0.64375 0.521875 0.6125 0.521875 0.6125 0.571875 0.64375 0.571875
23 0.7703125 0.5218750000000002 0.7390625 0.5218750000000002 0.7390625 0.5718750000000001 0.7703125 0.5718750000000001
11 0.4671875 0.409375 0.4359375 0.409375 0.4359375 0.459375 0.4671875 0.459375
22 0.4046875 0.4640625 0.3515625000000001 0.4640625 0.3515625000000001 0.571875 0.4046875 0.571875
34 0.4984375 0.5765625 0.465625 0.5765625 0.465625 0.6265625 0.4984375 0.6265625
59 0.696875 0.4671875 0.6640625 0.4671875 0.6640625 0.5171875 0.696875 0.5171875
52 0.975 0.4671875000000002 0.91875 0.4671875000000002 0.91875 0.5203125000000002 0.975 0.5203125000000002
6 0.7203125 0.4109375 0.6859375 0.4109375 0.6859375 0.4640625 0.7203125 0.4640625
39 0.4484375 0.465625 0.4140625 0.465625 0.4140625 0.5171875 0.4484375 0.5171875
17 0.9765625 0.4109375000000002 0.940625 0.4109375000000002 0.940625 0.46406250000000016 0.9765625 0.46406250000000016
4 0.8046875 0.4109375000000002 0.7703125 0.4109375000000002 0.7703125 0.46406250000000016 0.8046875 0.46406250000000016
29 0.6 0.521875 0.56875 0.521875 0.56875 0.5703125 0.6 0.5703125
44 0.9734375 0.5812500000000002 0.928125 0.5812500000000002 0.928125 0.6296875000000002 0.9734375 0.6296875000000002
58 0.875 0.5796875000000001 0.8421875 0.5796875000000001 0.8421875 0.6265625000000001 0.875 0.6265625000000001
36 0.571875 0.4671875 0.5390625 0.4671875 0.5390625 0.5140625 0.571875 0.5140625
24 0.7296875 0.5218750000000001 0.696875 0.521875 0.696875 0.5718750000000001 0.7296875 0.5718750000000001
54 0.4890625 0.465625 0.45625 0.465625 0.45625 0.515625 0.4890625 0.515625
31 0.5609375 0.521875 0.5296875 0.521875 0.5296875 0.5703125 0.5609375 0.5703125
56 0.8671875 0.4671875000000002 0.834375 0.4671875000000002 0.834375 0.5187500000000002 0.8671875 0.5187500000000002
30 1 0.28593750000000007 3.501724441311963e-17 0.2859375 6.132801548855106e-17 0.7156250000000001 1 0.7156250000000002
33 0.6234375 0.5765625 0.5890625 0.5765625 0.5890625 0.6265625 0.6234375 0.6265625
12 0.478125 0.5203125 0.4453125 0.5203125 0.4453125 0.5703125 0.478125 0.5703125
38 0.5296875 0.4671875 0.4984375 0.4671875 0.4984375 0.515625 0.5296875 0.515625
14 0.55 0.63125 0.50625 0.63125 0.50625 0.68125 0.55 0.68125
46 0.4578125 0.5734375 0.3515625000000001 0.5734375 0.3515625000000001 0.6234375 0.4578125 0.6234375
1 0.9328125 0.4125000000000002 0.8984375 0.4125000000000002 0.8984375 0.4625000000000002 0.9328125 0.4625000000000002
37 0.51875 0.521875 0.4875 0.521875 0.4875 0.5703125 0.51875 0.5703125
51 0.7390625 0.4671875000000001 0.70625 0.4671875 0.70625 0.5171875000000001 0.7390625 0.5171875000000001
43 0.85625 0.5234375000000002 0.821875 0.5234375000000002 0.821875 0.5734375000000002 0.85625 0.5734375000000002