23 0.33281250000000007 0.4171875 0.3000000000000001 0.4171875 0.3000000000000001 0.4671875 0.33281250000000007 0.4671875
10 0.18906250000000005 0.41875 0.15312500000000004 0.41875 0.15312500000000004 0.46875 0.18906250000000005 0.46875
2 0.18906250000000005 0.2875 0.15000000000000005 0.2875 0.15000000000000005 0.34375 0.18906250000000005 0.34375
54 0.665625 0.3500000000000001 0.6296875 0.3500000000000001 0.6296875 0.4015625 0.665625 0.4015625
16 0.3156250000000001 0.4796875 0.2796875000000001 0.4796875 0.2796875000000001 0.528125 0.3156250000000001 0.528125
55 0.36406250000000007 0.478125 0.3296875000000001 0.478125 0.3296875000000001 0.5265625 0.36406250000000007 0.5265625
3 0.2390625 0.2859375 0.2 0.2859375 0.2 0.3421875 0.2390625 0.3421875
52 0.12187500000000004 0.35625 0.06406250000000005 0.35625 0.06406250000000005 0.4078125 0.12187500000000004 0.4078125
24 0.3828125000000001 0.4171875 0.34843750000000007 0.4171875 0.34843750000000007 0.4671875 0.3828125000000001 0.4671875
11 0.6953125 0.2843750000000001 0.6578125 0.2843750000000001 0.6578125 0.3375000000000001 0.6953125 0.3375000000000001
53 0.4671875 0.3531250000000001 0.43125 0.3531250000000001 0.43125 0.4046875 0.4671875 0.4046875
30 0.9828125 0.16250000000000006 0.029687500000000023 0.1625 0.02968750000000005 0.6156250000000001 0.9828125 0.6156250000000002
13 0.2500000000000001 0.540625 0.20312500000000008 0.540625 0.20312500000000008 0.5875 0.2500000000000001 0.5875
57 0.2671875000000001 0.4796875 0.2328125000000001 0.4796875 0.2328125000000001 0.528125 0.2671875000000001 0.528125
28 0.4796875 0.4171875 0.44375 0.4171875 0.44375 0.4671875 0.4796875 0.4671875
26 0.7234375 0.415625 0.6875 0.415625 0.6875 0.465625 0.7234375 0.465625
59 0.4171875 0.3531250000000001 0.38125 0.3531250000000001 0.38125000000000003 0.4046875 0.4171875 0.4046875
49 0.13125000000000006 0.5421875 0.08593750000000007 0.5421875 0.08593750000000007 0.5890625 0.1312500000000001 0.5890625
39 0.71875 0.3500000000000001 0.68125 0.3500000000000001 0.68125 0.403125 0.71875 0.403125
4 0.290625 0.2890625 0.2515625 0.2890625 0.2515625 0.340625 0.290625 0.340625
18 0.553125 0.478125 0.51875 0.478125 0.51875 0.5265625 0.553125 0.5265625
12 0.675 0.415625 0.6390625 0.415625 0.6390625 0.4671875 0.675 0.4671875
17 0.09062500000000004 0.2921875 0.05312500000000005 0.2921875 0.05312500000000005 0.34375 0.09062500000000004 0.34375
5 0.340625 0.2890625 0.3015625 0.2890625 0.3015625 0.3421875 0.340625 0.3421875
37 0.6265625 0.415625 0.590625 0.415625 0.590625 0.465625 0.6265625 0.465625
25 0.43125 0.4171875 0.3968750000000001 0.4171875 0.3968750000000001 0.4671875 0.43125 0.4671875
8 0.4921875 0.2890625000000001 0.453125 0.2890625000000001 0.453125 0.3421875000000001 0.4921875 0.3421875000000001
47 0.5421875 0.5375 0.2609375000000001 0.5375 0.2609375000000001 0.5875 0.5421875 0.5875
19 0.28593750000000007 0.4171875 0.2515625000000001 0.4171875 0.2515625000000001 0.46875 0.28593750000000007 0.46875
15 0.4109375 0.478125 0.3765625000000001 0.478125 0.3765625000000001 0.5265625 0.4109375 0.5265625
50 0.7859375 0.5406250000000001 0.7359375 0.5406250000000001 0.7359375 0.5859375000000002 0.7859375 0.5859375000000002
42 0.32031250000000006 0.353125 0.2828125 0.353125 0.2828125 0.4046875 0.3203125000000001 0.4046875
58 0.22031250000000008 0.4796875 0.18593750000000003 0.4796875 0.18593750000000003 0.5296875 0.22031250000000008 0.5296875
21 0.27031250000000007 0.3546875 0.234375 0.3546875 0.23437500000000006 0.4046875 0.27031250000000007 0.4046875
1 0.13906250000000003 0.2890625 0.10000000000000005 0.2890625 0.10000000000000005 0.3421875 0.13906250000000003 0.3421875
38 0.6171875 0.3515625000000001 0.58125 0.3515625000000001 0.58125 0.403125 0.6171875 0.403125
14 0.6 0.5390625 0.5546875 0.5390625 0.5546875 0.584375 0.6 0.584375
22 0.790625 0.34843750000000007 0.7328125 0.34843750000000007 0.7328125 0.46406250000000016 0.790625 0.46406250000000016
36 0.5671875 0.3531250000000001 0.53125 0.3531250000000001 0.53125 0.4046875 0.5671875 0.4046875
33 0.50625 0.478125 0.471875 0.478125 0.471875 0.5265625 0.50625 0.5265625
20 0.7984375 0.2828125000000001 0.709375 0.2828125000000001 0.709375 0.3359375000000001 0.7984375 0.3359375000000001
0 0.5953125 0.2875000000000001 0.55625 0.2875000000000001 0.55625 0.34062500000000007 0.5953125 0.34062500000000007
46 0.7828125 0.4765625000000001 0.6625 0.4765625 0.6625 0.5265625 0.7828125 0.5265625000000002
40 0.6015625 0.478125 0.565625 0.478125 0.565625 0.528125 0.6015625 0.528125
29 0.528125 0.4171875 0.4921875 0.4171875 0.4921875 0.4671875 0.528125 0.4671875
32 0.17187500000000006 0.4796875 0.13750000000000004 0.4796875 0.13750000000000004 0.5296875 0.17187500000000006 0.5296875
35 0.459375 0.478125 0.425 0.478125 0.425 0.5265625 0.459375 0.5265625
48 0.6484375 0.28593750000000007 0.609375 0.28593750000000007 0.609375 0.3390625000000001 0.6484375 0.3390625000000001
9 0.5421875 0.28593750000000007 0.503125 0.28593750000000007 0.503125 0.34062500000000007 0.5421875 0.34062500000000007
7 0.440625 0.2890625000000001 0.403125 0.2890625000000001 0.403125 0.34062500000000007 0.440625 0.34062500000000007
41 0.17187500000000006 0.353125 0.13437500000000005 0.353125 0.13437500000000005 0.4046875 0.17187500000000006 0.4046875
43 0.2390625000000001 0.4171875 0.20312500000000008 0.4171875 0.20312500000000008 0.46875 0.2390625000000001 0.46875
56 0.22187500000000004 0.353125 0.18593750000000003 0.353125 0.18593750000000003 0.4046875 0.2218750000000001 0.4046875
51 0.36875 0.35468750000000004 0.3328125 0.3546875 0.33281250000000007 0.4046875 0.3687500000000001 0.4046875
44 0.12500000000000006 0.4828125 0.07968750000000006 0.4828125 0.07968750000000006 0.5359375 0.12500000000000006 0.5359375
31 0.5765625 0.415625 0.5421875 0.415625 0.5421875 0.465625 0.5765625 0.465625
6 0.390625 0.28906250000000006 0.3515625 0.2890625 0.3515625 0.34062500000000007 0.390625 0.34062500000000007
34 0.6484375 0.478125 0.6140625 0.478125 0.6140625 0.528125 0.6484375 0.528125
45 0.14062500000000006 0.421875 0.07187500000000005 0.421875 0.07187500000000005 0.4734375 0.14062500000000006 0.4734375
27 0.5171875 0.3546875000000001 0.48125 0.3546875000000001 0.48125 0.4046875 0.5171875 0.4046875