10 0.971875 0.4359375000000002 0.9125 0.4359375000000002 0.9125 0.5265625000000002 0.971875 0.5265625000000002
26 0.13906250000000003 0.4375 0.07968750000000005 0.4375 0.07968750000000005 0.528125 0.13906250000000003 0.528125
11 0.19531250000000006 0.2234375 0.13593750000000004 0.2234375 0.13593750000000004 0.3140625 0.19531250000000006 0.3140625
8 0.5 0.22656250000000008 0.4375 0.22656250000000008 0.4375 0.31718750000000007 0.5 0.31718750000000007
13 0.915625 0.6484375000000002 0.8359375 0.6484375000000002 0.8359375 0.7390625000000002 0.915625 0.7390625000000002
42 0.7609375 0.33281250000000007 0.703125 0.33281250000000007 0.703125 0.4218750000000001 0.7609375 0.42187500000000017
47 0.821875 0.6484375000000001 0.3593750000000001 0.6484375 0.3593750000000001 0.7421875000000001 0.821875 0.7421875000000002
15 0.63125 0.54375 0.571875 0.54375 0.571875 0.6328125 0.63125 0.6328125
46 0.17812500000000006 0.5421875 6.639881864127056e-17 0.5421875 7.233070157464055e-17 0.6390625 0.1781250000000001 0.6390625
37 0.2921875000000001 0.4359375 0.2328125000000001 0.4359375 0.2328125000000001 0.5265625 0.2921875000000001 0.5265625
16 0.78125 0.5437500000000001 0.721875 0.54375 0.721875 0.6328125000000001 0.78125 0.6328125000000002
57 0.85625 0.5437500000000002 0.796875 0.5437500000000002 0.796875 0.6328125000000002 0.85625 0.6328125000000002
28 0.5171875 0.4359375 0.4609375 0.4359375 0.4609375 0.5265625 0.5171875 0.5265625
3 0.878125 0.2234375000000001 0.81875 0.2234375000000001 0.81875 0.31718750000000007 0.878125 0.31718750000000007
22 0.07812500000000006 0.3265625 3.999237203465575e-17 0.3265625 5.271721768204621e-17 0.534375 0.07812500000000007 0.534375
53 0.5359375 0.3312500000000001 0.478125 0.3312500000000001 0.478125 0.421875 0.5359375 0.421875
59 0.6109375 0.3312500000000001 0.553125 0.3312500000000001 0.553125 0.421875 0.6109375 0.421875
20 0.12187500000000004 0.2203125 2.6980499793715128e-17 0.2203125 3.2816707195901736e-17 0.315625 0.12187500000000004 0.315625
30 1 0.19531250000000006 2.3918882795846743e-17 0.1953125 5.989288252080025e-17 0.7828125000000001 1 0.7828125000000001
40 0.3281250000000001 0.5421875 0.2687500000000001 0.5421875 0.2687500000000001 0.6328125 0.3281250000000001 0.6328125
33 0.48125 0.5421875 0.421875 0.5421875 0.421875 0.6359375 0.48125 0.6359375
0 0.3484375 0.2234375 0.2859375 0.2234375 0.2859375 0.3171875 0.3484375 0.3171875
24 0.66875 0.4375 0.6109375 0.4375 0.6109375 0.5265625 0.66875 0.5265625
23 0.74375 0.4359375000000001 0.684375 0.4359375 0.684375 0.5265625 0.74375 0.5265625000000002
5 0.7265625 0.22656250000000008 0.6640625 0.22656250000000008 0.6640625 0.31718750000000007 0.7265625 0.31718750000000007
19 0.8203125 0.4359375000000002 0.7609375 0.4359375000000002 0.7609375 0.5265625000000002 0.8203125 0.5265625000000002
35 0.55625 0.54375 0.496875 0.54375 0.496875 0.6328125 0.55625 0.6328125
27 0.4609375 0.3296875000000001 0.403125 0.3296875000000001 0.403125 0.41875 0.4609375 0.41875
18 0.40625 0.5421875 0.3468750000000001 0.5421875 0.3468750000000001 0.63125 0.40625 0.63125
21 0.8390625 0.33281250000000007 0.7796875 0.33281250000000007 0.7796875 0.4234375000000002 0.8390625 0.4234375000000002
32 1 0.5437500000000002 0.9515625 0.5437500000000002 0.9515625 0.6328125000000002 1 0.6328125000000002
55 0.70625 0.5421875 0.646875 0.5421875 0.646875 0.6328125 0.70625 0.6328125
14 0.3500000000000001 0.6484375 0.2671875000000001 0.6484375 0.2671875000000001 0.7421875 0.3500000000000001 0.7421875
29 0.44375 0.4359375 0.3843750000000001 0.4359375 0.3843750000000001 0.5265625 0.44375 0.5265625
58 0.934375 0.5437500000000002 0.875 0.5437500000000002 0.875 0.6343750000000001 0.934375 0.6343750000000001
56 0.915625 0.3312500000000001 0.8578125 0.3312500000000001 0.8578125 0.42187500000000017 0.915625 0.42187500000000017
12 0.2156250000000001 0.434375 0.15625000000000006 0.434375 0.15625000000000006 0.528125 0.2156250000000001 0.528125
4 0.8 0.22656250000000008 0.740625 0.22656250000000008 0.740625 0.31718750000000007 0.8 0.31718750000000007
38 0.30937500000000007 0.3296875 0.2515625 0.3296875 0.2515625 0.41875 0.30937500000000007 0.41875
48 0.2703125 0.2234375 0.2109375 0.2234375 0.2109375 0.3171875 0.2703125 0.3171875
1 1 0.2234375000000001 0.971875 0.2234375000000001 0.971875 0.3125000000000001 1 0.3125000000000001
41 0.9921875 0.33281250000000007 0.9328125 0.33281250000000007 0.9328125 0.42187500000000017 0.9921875 0.42187500000000017
31 0.3656250000000001 0.4359375 0.3078125000000001 0.4359375 0.3078125000000001 0.5265625 0.3656250000000001 0.5265625
34 0.2531250000000001 0.5421875 0.19375000000000003 0.5421875 0.19375000000000006 0.6328125 0.2531250000000001 0.6328125
2 0.95625 0.2234375000000001 0.89375 0.2234375000000001 0.89375 0.3140625000000001 0.95625 0.3140625000000001
51 0.684375 0.3296875000000001 0.628125 0.3296875000000001 0.628125 0.41875 0.684375 0.41875
36 0.38593750000000004 0.33125000000000004 0.3265625 0.33125 0.32656250000000003 0.421875 0.3859375000000001 0.421875
9 0.4234375 0.22656250000000006 0.3609375 0.2265625 0.3609375 0.31718750000000007 0.4234375 0.31718750000000007
39 0.15625000000000006 0.328125 0.09687500000000004 0.328125 0.09687500000000004 0.421875 0.15625000000000006 0.421875
6 0.6515625 0.22656250000000008 0.5890625 0.22656250000000008 0.5890625 0.31718750000000007 0.6515625 0.31718750000000007
7 0.575 0.2250000000000001 0.515625 0.2250000000000001 0.515625 0.3140625000000001 0.575 0.3140625000000001
43 0.8953125 0.43750000000000017 0.8359375 0.43750000000000017 0.8359375 0.5265625000000002 0.8953125 0.5265625000000002
50 0.15625000000000008 0.6515625 0.07187500000000009 0.6515625 0.07187500000000009 0.7453125 0.15625000000000008 0.7453125
54 0.23281250000000003 0.3296875 0.17343750000000005 0.3296875 0.17343750000000005 0.4234375 0.2328125000000001 0.4234375
25 0.59375 0.4359375 0.534375 0.4359375 0.534375 0.5265625 0.59375 0.5265625