10 0.17968750000000006 0.4484375 0.12812500000000004 0.4484375 0.12812500000000004 0.5265625 0.17968750000000006 0.5265625
26 0.9 0.4500000000000002 0.846875 0.4500000000000002 0.846875 0.5281250000000002 0.9 0.5281250000000002
11 0.8515625 0.2656250000000001 0.7984375 0.2656250000000001 0.7984375 0.3437500000000001 0.8515625 0.3437500000000001
8 0.5890625 0.2687500000000001 0.5359375 0.2687500000000001 0.5359375 0.3468750000000001 0.5890625 0.3468750000000001
13 0.2453125000000001 0.6328125 0.1765625000000001 0.6328125 0.1765625000000001 0.7109375 0.2453125000000001 0.7109375
52 0.09687500000000004 0.359375 0.009375000000000045 0.359375 0.009375000000000048 0.4375 0.09687500000000004 0.4375
42 0.3609375 0.359375 0.3109375 0.359375 0.31093750000000003 0.4359375 0.3609375000000001 0.4359375
47 0.6578125 0.6328125 0.2578125000000001 0.6328125 0.2578125000000001 0.7125 0.6578125 0.7125
15 0.475 0.5421875 0.421875 0.5421875 0.421875 0.61875 0.475 0.61875
46 0.9875 0.5406250000000001 0.8125 0.5406250000000001 0.8125 0.6234375000000002 0.9875 0.6234375000000002
37 0.7671875 0.4484375000000001 0.715625 0.4484375 0.715625 0.5265625 0.7671875 0.5265625000000002
16 0.3453125000000001 0.5421875 0.2921875000000001 0.5421875 0.2921875000000001 0.61875 0.3453125000000001 0.61875
57 0.2796875000000001 0.5421875 0.2296875000000001 0.5421875 0.2296875000000001 0.61875 0.2796875000000001 0.61875
28 0.5703125 0.4484375 0.521875 0.4484375 0.521875 0.5265625 0.5703125 0.5265625
3 0.2625 0.265625 0.209375 0.265625 0.209375 0.3453125 0.2625 0.3453125
22 0.984375 0.3546875000000001 0.9 0.3546875000000001 0.9 0.5328125000000001 0.984375 0.5328125000000001
53 0.5546875 0.3578125000000001 0.5046875 0.3578125000000001 0.5046875 0.4359375 0.5546875 0.4359375
59 0.490625 0.3578125000000001 0.440625 0.3578125000000001 0.440625 0.4359375 0.490625 0.4359375
20 0.9875 0.2640625000000001 0.8625 0.2640625000000001 0.8625 0.3453125000000001 0.9875 0.3453125000000001
30 0.9953125 0.24218750000000006 0.0031250000000000292 0.2421875 0.0031250000000000605 0.7484375000000001 0.9953125 0.7484375000000002
40 0.7359375 0.5406250000000001 0.684375 0.540625 0.684375 0.6187500000000001 0.7359375 0.6187500000000001
33 0.603125 0.540625 0.5515625 0.540625 0.5515625 0.6203125 0.603125 0.6203125
0 0.721875 0.2656250000000001 0.6671875 0.2656250000000001 0.6671875 0.3453125000000001 0.721875 0.3453125000000001
24 0.440625 0.45 0.3906250000000001 0.45 0.3906250000000001 0.5265625 0.440625 0.5265625
23 0.3765625000000001 0.4484375 0.32500000000000007 0.4484375 0.32500000000000007 0.5265625 0.3765625000000001 0.5265625
5 0.3953125 0.26875000000000004 0.3421875 0.26875 0.3421875 0.34687500000000004 0.3953125 0.3468750000000001
44 0.08125000000000007 0.54375 0.009375000000000067 0.54375 0.00937500000000007 0.6203125 0.08125000000000007 0.6203125
19 0.3109375000000001 0.4484375 0.2593750000000001 0.4484375 0.2593750000000001 0.5265625 0.3109375000000001 0.5265625
35 0.5390625 0.5421875 0.4875 0.5421875 0.4875 0.61875 0.5390625 0.61875
27 0.6203125 0.3578125000000001 0.5703125 0.3578125000000001 0.5703125 0.434375 0.6203125 0.434375
18 0.6671875 0.540625 0.6171875 0.540625 0.6171875 0.6171875 0.6671875 0.6171875
21 0.29531250000000003 0.359375 0.24375 0.359375 0.24375000000000005 0.4375 0.2953125000000001 0.4375
32 0.14687500000000006 0.5421875 0.09375000000000007 0.5421875 0.09375000000000007 0.61875 0.1468750000000001 0.61875
55 0.409375 0.540625 0.3593750000000001 0.540625 0.3593750000000001 0.61875 0.409375 0.61875
14 0.7359375 0.6328125000000001 0.665625 0.6328125 0.665625 0.7125000000000001 0.7359375 0.7125000000000001
29 0.6359375 0.4484375 0.5859375 0.4484375 0.5859375 0.5265625 0.6359375 0.5265625
58 0.21250000000000008 0.5421875 0.16093750000000004 0.5421875 0.16093750000000007 0.6203125 0.21250000000000008 0.6203125
56 0.22812500000000005 0.3578125 0.17812500000000003 0.3578125 0.17812500000000003 0.4359375 0.22812500000000008 0.4359375
12 0.8328125 0.44843750000000016 0.78125 0.44843750000000016 0.78125 0.5281250000000002 0.8328125 0.5281250000000002
4 0.328125 0.26875 0.278125 0.26875 0.278125 0.346875 0.328125 0.346875
38 0.7515625 0.3578125000000001 0.7015625 0.3578125000000001 0.7015625 0.43437500000000007 0.7515625 0.4343750000000002
45 0.11562500000000005 0.4515625 0.009375000000000055 0.4515625 0.00937500000000006 0.528125 0.11562500000000005 0.528125
48 0.7859375 0.2656250000000001 0.734375 0.2656250000000001 0.734375 0.3453125000000001 0.7859375 0.3453125000000001
49 0.07968750000000008 0.634375 0.009375000000000078 0.634375 0.009375000000000081 0.7125 0.07968750000000009 0.7125
1 0.12812500000000004 0.265625 0.07656250000000002 0.265625 0.07656250000000003 0.3421875 0.12812500000000004 0.3421875
41 0.16250000000000003 0.359375 0.11093750000000005 0.359375 0.11093750000000005 0.4359375 0.16250000000000003 0.4359375
31 0.7015625 0.4484375 0.6515625 0.4484375 0.6515625 0.5265625 0.7015625 0.5265625
34 0.8 0.5406250000000001 0.75 0.5406250000000001 0.75 0.6187500000000001 0.8 0.6187500000000001
2 0.19687500000000005 0.265625 0.14375000000000004 0.265625 0.14375000000000004 0.34375 0.19687500000000005 0.34375
51 0.425 0.3578125000000001 0.3765625 0.3578125000000001 0.3765625 0.434375 0.425 0.434375
36 0.6859375 0.3578125000000001 0.634375 0.3578125000000001 0.634375 0.4359375 0.6859375 0.4359375
9 0.6546875 0.2687500000000001 0.6015625 0.2687500000000001 0.6015625 0.3468750000000001 0.6546875 0.3468750000000001
39 0.8828125 0.35625000000000007 0.8328125 0.35625000000000007 0.8328125 0.4359375000000002 0.8828125 0.4359375000000002
6 0.459375 0.2687500000000001 0.40625 0.2687500000000001 0.40625 0.3468750000000001 0.459375 0.3468750000000001
7 0.5234375 0.2671875000000001 0.471875 0.2671875000000001 0.471875 0.3437500000000001 0.5234375 0.3437500000000001
43 0.2453125000000001 0.45 0.19531250000000006 0.45 0.19531250000000006 0.5265625 0.2453125000000001 0.5265625
50 0.9046875 0.6359375000000002 0.83125 0.6359375000000002 0.83125 0.7156250000000002 0.9046875 0.7156250000000002
17 0.06562500000000003 0.2703125 0.014062500000000033 0.2703125 0.014062500000000039 0.346875 0.06562500000000004 0.346875
54 0.81875 0.3578125000000001 0.765625 0.3578125000000001 0.765625 0.43750000000000017 0.81875 0.43750000000000017
25 0.50625 0.4484375 0.45625 0.4484375 0.45625 0.5265625 0.50625 0.5265625