23 0.7265625 0.35625000000000007 0.6875 0.35625000000000007 0.6875 0.4156250000000001 0.7265625 0.4156250000000002
10 0.8984375 0.3578125000000001 0.85625 0.3578125000000001 0.85625 0.41718750000000016 0.8984375 0.41718750000000016
2 0.9015625 0.2062500000000001 0.8578125 0.2062500000000001 0.8578125 0.27031250000000007 0.9015625 0.27031250000000007
54 0.3421875 0.278125 0.3 0.278125 0.3 0.3390625 0.3421875 0.3390625
16 0.75 0.4296875000000001 0.709375 0.4296875 0.709375 0.4859375000000001 0.75 0.4859375000000002
55 0.69375 0.428125 0.653125 0.428125 0.653125 0.484375 0.69375 0.484375
3 0.8453125 0.20468750000000008 0.7984375 0.20468750000000008 0.7984375 0.2687500000000001 0.8453125 0.2687500000000001
52 1 0.28593750000000007 0.934375 0.28593750000000007 0.934375 0.3453125000000001 1 0.3453125000000001
24 0.6703125 0.35625000000000007 0.6296875 0.35625000000000007 0.6296875 0.415625 0.6703125 0.415625
11 0.309375 0.2015625 0.265625 0.2015625 0.265625 0.2640625 0.309375 0.2640625
53 0.5734375 0.2828125000000001 0.53125 0.2828125000000001 0.53125 0.3421875000000001 0.5734375 0.3421875000000001
30 1 0.06093750000000007 7.462691432304185e-18 0.0609375 3.9801020972288984e-17 0.5890625 1 0.5890625000000002
13 0.840625 0.5000000000000002 0.7859375 0.5000000000000002 0.7859375 0.5562500000000001 0.840625 0.5562500000000001
57 0.8046875 0.42968750000000017 0.765625 0.42968750000000017 0.765625 0.4859375000000002 0.8046875 0.4859375000000002
28 0.559375 0.35625000000000007 0.51875 0.35625000000000007 0.51875 0.415625 0.559375 0.415625
26 0.275 0.3546875 0.234375 0.3546875 0.23437500000000006 0.4140625 0.2750000000000001 0.4140625
59 0.6328125 0.2828125000000001 0.590625 0.2828125000000001 0.590625 0.3421875000000001 0.6328125 0.3421875000000001
49 0.9765625 0.5015625000000001 0.9234375 0.5015625000000001 0.9234375 0.5578125000000002 0.9765625 0.5578125000000002
39 0.2828125 0.278125 0.2390625 0.278125 0.2390625 0.340625 0.2828125 0.340625
4 0.784375 0.2078125000000001 0.7390625 0.2078125000000001 0.7390625 0.2687500000000001 0.784375 0.2687500000000001
18 0.4703125 0.428125 0.43125 0.428125 0.43125 0.484375 0.4703125 0.484375
12 0.33125000000000004 0.3546875 0.2890625 0.3546875 0.28906250000000006 0.4140625 0.3312500000000001 0.4140625
17 1 0.21093750000000008 0.971875 0.21093750000000008 0.971875 0.2718750000000001 1 0.2718750000000001
5 0.725 0.2093750000000001 0.68125 0.2093750000000001 0.68125 0.27031250000000007 0.725 0.27031250000000007
37 0.38750000000000007 0.35468750000000004 0.346875 0.3546875 0.34687500000000004 0.4140625 0.38750000000000007 0.4140625
25 0.6140625 0.3578125000000001 0.5734375 0.3578125000000001 0.5734375 0.4140625 0.6140625 0.4140625
8 0.55 0.2078125000000001 0.5046875 0.2078125000000001 0.5046875 0.27031250000000007 0.55 0.27031250000000007
47 0.7734375 0.49687500000000007 0.4453125 0.496875 0.4453125 0.5562500000000001 0.7734375 0.5562500000000001
19 0.7828125 0.3578125000000001 0.7421875 0.3578125000000001 0.7421875 0.41718750000000016 0.7828125 0.41718750000000016
15 0.6375 0.428125 0.596875 0.428125 0.596875 0.484375 0.6375 0.484375
50 0.21875000000000008 0.5015625 0.15937500000000004 0.5015625 0.15937500000000007 0.553125 0.21875000000000008 0.553125
42 0.746875 0.2828125000000001 0.703125 0.2828125000000001 0.703125 0.3421875000000001 0.746875 0.3421875000000001
58 0.8609375 0.4312500000000002 0.8203125 0.4312500000000002 0.8203125 0.48750000000000016 0.8609375 0.48750000000000016
21 0.8046875 0.2828125000000001 0.7625 0.2828125000000001 0.7625 0.3421875000000001 0.8046875 0.3421875000000001
1 0.959375 0.2078125000000001 0.915625 0.2078125000000001 0.915625 0.27031250000000007 0.959375 0.27031250000000007
38 0.4 0.28125000000000006 0.3578125 0.28125 0.3578125 0.34062500000000007 0.4 0.34062500000000007
14 0.43125 0.4984375 0.3781250000000001 0.4984375 0.3781250000000001 0.5515625 0.43125 0.5515625
22 0.22343750000000004 0.278125 0.15468750000000003 0.278125 0.15468750000000003 0.4125 0.2234375000000001 0.4125
36 0.4578125 0.2812500000000001 0.415625 0.2812500000000001 0.415625 0.34062500000000007 0.4578125 0.34062500000000007
33 0.528125 0.428125 0.4875 0.428125 0.4875 0.484375 0.528125 0.484375
20 0.2484375 0.2 0.14531250000000004 0.2 0.14531250000000004 0.2625 0.2484375 0.2625
0 0.428125 0.20468750000000008 0.384375 0.20468750000000008 0.384375 0.2671875000000001 0.428125 0.2671875000000001
46 0.3031250000000001 0.425 0.16406250000000006 0.425 0.16406250000000006 0.484375 0.3031250000000001 0.484375
40 0.415625 0.4296875 0.3750000000000001 0.4296875 0.3750000000000001 0.4859375 0.415625 0.4859375
29 0.5015625 0.3578125000000001 0.4609375 0.3578125000000001 0.4609375 0.4140625 0.5015625 0.4140625
32 0.9171875 0.42968750000000017 0.8765625 0.42968750000000017 0.8765625 0.4890625000000002 0.9171875 0.4890625000000002
35 0.58125 0.428125 0.540625 0.428125 0.540625 0.484375 0.58125 0.484375
48 0.365625 0.20312500000000006 0.321875 0.203125 0.321875 0.26562500000000006 0.365625 0.2656250000000001
9 0.4890625 0.20468750000000008 0.4453125 0.20468750000000008 0.4453125 0.2671875000000001 0.4890625 0.2671875000000001
7 0.6078125 0.2078125000000001 0.5640625 0.2078125000000001 0.5640625 0.2687500000000001 0.6078125 0.2687500000000001
41 0.9203125 0.2828125000000001 0.8765625 0.2828125000000001 0.8765625 0.3421875000000001 0.9203125 0.3421875000000001
43 0.840625 0.3578125000000001 0.8 0.3578125000000001 0.8 0.41718750000000016 0.840625 0.41718750000000016
56 0.8609375 0.2828125000000001 0.8171875 0.2828125000000001 0.8171875 0.3421875000000001 0.8609375 0.3421875000000001
51 0.6890625 0.2828125000000001 0.646875 0.2828125000000001 0.646875 0.3421875000000001 0.6890625 0.3421875000000001
44 0.984375 0.43281250000000016 0.93125 0.43281250000000016 0.93125 0.49531250000000016 0.984375 0.49531250000000016
31 0.4453125 0.3546875000000001 0.4046875 0.3546875000000001 0.4046875 0.4140625 0.4453125 0.4140625
6 0.665625 0.2078125000000001 0.621875 0.2078125000000001 0.621875 0.2687500000000001 0.665625 0.2687500000000001
34 0.3609375000000001 0.428125 0.3203125000000001 0.428125 0.3203125000000001 0.4875 0.3609375000000001 0.4875
45 0.99375 0.3625000000000001 0.9125 0.3625000000000001 0.9125 0.42187500000000017 0.99375 0.42187500000000017
27 0.5171875 0.2828125000000001 0.475 0.2828125000000001 0.475 0.3421875000000001 0.5171875 0.3421875000000001