40 0.3984375000000001 0.45625 0.3390625000000001 0.45625 0.3390625000000001 0.525 0.3984375000000001 0.525
41 0.946875 0.3078125000000001 0.884375 0.3078125000000001 0.884375 0.3734375000000001 0.946875 0.3734375000000001
54 0.33125000000000004 0.3171875 0.275 0.3171875 0.275 0.3796875 0.3312500000000001 0.3796875
29 0.49375 0.3843750000000001 0.4375 0.3843750000000001 0.4375 0.45 0.49375 0.45
44 1 0.4500000000000002 0.9140625 0.4500000000000002 0.9140625 0.5250000000000001 1 0.5250000000000001
48 0.3671875 0.24843750000000003 0.3125 0.2484375 0.3125 0.30937500000000007 0.3671875 0.30937500000000007
30 1 0.16875000000000007 0.09375000000000003 0.16875 0.09375000000000006 0.6656250000000001 1 0.6656250000000001
19 0.8078125 0.3812500000000001 0.7484375 0.3812500000000001 0.7484375 0.4500000000000002 0.8078125 0.4500000000000002
24 0.6796875 0.3828125000000001 0.621875 0.3828125000000001 0.621875 0.45 0.6796875 0.45
36 0.4515625 0.3156250000000001 0.3953125 0.3156250000000001 0.39531250000000007 0.37968750000000007 0.4515625 0.37968750000000007
39 0.27031250000000007 0.3171875 0.2140625 0.3171875 0.21406250000000004 0.3796875 0.27031250000000007 0.3796875
23 0.7421875 0.3828125000000001 0.6859375 0.3828125000000001 0.6859375 0.4484375000000001 0.7421875 0.44843750000000016
18 0.4609375 0.4546875 0.4015625 0.4546875 0.4015625 0.525 0.4609375 0.525
42 0.75625 0.3125000000000001 0.696875 0.3125000000000001 0.696875 0.3781250000000001 0.75625 0.3781250000000001
11 0.3078125 0.25 0.2546875 0.25 0.2546875 0.309375 0.3078125 0.309375
46 0.2718750000000001 0.45625 0.13437500000000005 0.45625 0.13437500000000005 0.525 0.2718750000000001 0.525
20 0.25 0.253125 0.16875000000000004 0.253125 0.16875000000000004 0.3125 0.25 0.3125
31 0.4328125 0.3843750000000001 0.3765625000000001 0.3843750000000001 0.3765625000000001 0.45 0.4328125 0.45
56 0.88125 0.3078125000000001 0.821875 0.3078125000000001 0.821875 0.3750000000000001 0.88125 0.3750000000000001
5 0.7203125 0.2453125000000001 0.6640625 0.2453125000000001 0.6640625 0.3062500000000001 0.7203125 0.3062500000000001
14 0.3843750000000001 0.5296875 0.3218750000000001 0.5296875 0.3218750000000001 0.615625 0.3843750000000001 0.615625
59 0.63125 0.3140625000000001 0.575 0.3140625000000001 0.575 0.3781250000000001 0.63125 0.3781250000000001
4 0.7796875 0.24375000000000008 0.725 0.24375000000000008 0.725 0.3046875000000001 0.7796875 0.3046875000000001
12 0.3109375000000001 0.384375 0.2515625000000001 0.384375 0.2515625000000001 0.45 0.3109375000000001 0.45
52 1 0.3046875000000001 0.946875 0.3046875000000001 0.946875 0.3734375000000001 1 0.3734375000000001
1 0.9671875 0.2390625000000001 0.9078125 0.2390625000000001 0.9078125 0.30156250000000007 0.9671875 0.30156250000000007
57 0.8453125 0.4546875000000002 0.7828125 0.4546875000000002 0.7828125 0.5265625000000002 0.8453125 0.5265625000000002
9 0.4828125 0.2500000000000001 0.4296875 0.2500000000000001 0.4296875 0.30937500000000007 0.4828125 0.30937500000000007
55 0.7125 0.4546875 0.653125 0.4546875 0.653125 0.5265625 0.7125 0.5265625
34 0.3375000000000001 0.45625 0.2765625000000001 0.45625 0.2765625000000001 0.525 0.3375000000000001 0.525
8 0.540625 0.2500000000000001 0.4875 0.2500000000000001 0.4875 0.30937500000000007 0.540625 0.30937500000000007
53 0.5703125 0.3156250000000001 0.5140625 0.3156250000000001 0.5140625 0.37968750000000007 0.5703125 0.37968750000000007
43 0.8734375 0.37968750000000007 0.8125 0.37968750000000007 0.8125 0.44843750000000016 0.8734375 0.44843750000000016
38 0.3921875 0.31562500000000004 0.3359375 0.315625 0.33593750000000006 0.37812500000000004 0.3921875000000001 0.3781250000000001
0 0.425 0.2500000000000001 0.3703125 0.2500000000000001 0.3703125 0.30937500000000007 0.425 0.30937500000000007
16 0.78125 0.4546875000000001 0.71875 0.4546875 0.71875 0.5265625 0.78125 0.5265625000000002
13 0.940625 0.5312500000000002 0.871875 0.5312500000000002 0.871875 0.6218750000000002 0.940625 0.6218750000000002
37 0.37187500000000007 0.384375 0.3140625000000001 0.384375 0.3140625000000001 0.45 0.37187500000000007 0.45
25 0.615625 0.3843750000000001 0.559375 0.3843750000000001 0.559375 0.45 0.615625 0.45
35 0.5859375 0.45625 0.5265625 0.45625 0.5265625 0.5265625 0.5859375 0.5265625
7 0.6 0.2484375000000001 0.5453125 0.2484375000000001 0.5453125 0.30937500000000007 0.6 0.30937500000000007
33 0.5234375 0.4546875 0.4640625 0.4546875 0.4640625 0.5265625 0.5234375 0.5265625
2 0.9046875 0.2406250000000001 0.846875 0.2406250000000001 0.846875 0.3031250000000001 0.9046875 0.3031250000000001
27 0.509375 0.31718750000000007 0.45625 0.31718750000000007 0.45625 0.37968750000000007 0.509375 0.37968750000000007
3 0.8453125 0.24218750000000008 0.7859375 0.24218750000000008 0.7859375 0.3046875000000001 0.8453125 0.3046875000000001
58 0.9140625 0.4546875000000002 0.85 0.4546875000000002 0.85 0.5250000000000001 0.9140625 0.5250000000000001
15 0.65 0.4546875 0.5890625 0.4546875 0.5890625 0.5265625 0.65 0.5265625
26 0.21093750000000006 0.31875 0.15468750000000003 0.31875 0.15468750000000003 0.3796875 0.21093750000000008 0.3796875
51 0.6921875 0.3140625000000001 0.6359375 0.3140625000000001 0.6359375 0.3781250000000001 0.6921875 0.3781250000000001
22 0.2484375000000001 0.384375 0.14531250000000004 0.384375 0.14531250000000004 0.4515625 0.2484375000000001 0.4515625
45 1 0.3781250000000001 0.940625 0.3781250000000001 0.940625 0.4468750000000002 1 0.4468750000000002
47 0.784375 0.5312500000000001 0.46875 0.53125 0.46875 0.6171875000000001 0.784375 0.6171875000000002
17 1 0.2390625000000001 0.9703125 0.2390625000000001 0.9703125 0.30156250000000007 1 0.30156250000000007
10 0.9375 0.37968750000000007 0.8765625 0.37968750000000007 0.8765625 0.4468750000000002 0.9375 0.4468750000000002
28 0.5546875 0.3843750000000001 0.4984375 0.3843750000000001 0.4984375 0.45 0.5546875 0.45
21 0.81875 0.3109375000000001 0.759375 0.3109375000000001 0.759375 0.3765625000000001 0.81875 0.3765625000000001
6 0.6609375 0.2468750000000001 0.60625 0.2468750000000001 0.60625 0.3078125000000001 0.6609375 0.3078125000000001