2 0.4625000000000002 0.796875 0.4187500000000002 0.796875 0.4187500000000002 0.8328125 0.4625000000000002 0.8328125
34 0.2953125000000001 0.45 0.2453125000000001 0.45 0.2453125000000001 0.484375 0.2953125000000001 0.484375
44 0.3125000000000001 0.8828125 0.2656250000000001 0.8828125 0.2656250000000001 0.9328125 0.3125000000000001 0.9328125
23 0.3578125000000001 0.703125 0.3140625000000001 0.703125 0.3140625000000001 0.7375 0.3578125000000001 0.7375
11 0.446875 0.421875 0.403125 0.421875 0.403125 0.453125 0.446875 0.453125
52 0.41406250000000017 0.8609375 0.3703125000000001 0.8609375 0.3703125000000001 0.915625 0.41406250000000017 0.915625
54 0.3984375000000001 0.4390625 0.3515625000000001 0.4390625 0.3515625000000001 0.4734375 0.3984375000000001 0.4734375
25 0.3546875000000001 0.625 0.3078125000000001 0.625 0.3078125000000001 0.659375 0.3546875000000001 0.659375
42 0.4093750000000001 0.7078125 0.3625000000000001 0.7078125 0.3625000000000001 0.74375 0.40937500000000016 0.74375
33 0.30156250000000007 0.56875 0.2515625000000001 0.56875 0.2515625000000001 0.6046875 0.30156250000000007 0.6046875
13 0.2562500000000001 0.7890625 0.20312500000000008 0.7890625 0.20312500000000008 0.8390625 0.2562500000000001 0.8390625
28 0.3531250000000001 0.5859375 0.3062500000000001 0.5859375 0.3062500000000001 0.6203125 0.3531250000000001 0.6203125
56 0.4156250000000002 0.784375 0.3687500000000001 0.784375 0.3687500000000001 0.821875 0.4156250000000002 0.821875
55 0.3078125000000001 0.6875 0.2578125000000001 0.6875 0.2578125000000001 0.721875 0.3078125000000001 0.721875
27 0.4015625 0.5546875 0.3578125000000001 0.5546875 0.3578125000000001 0.5890625 0.4015625 0.5890625
18 0.2984375000000001 0.5296875 0.2515625000000001 0.5296875 0.2515625000000001 0.5640625 0.2984375000000001 0.5640625
46 0.29218750000000004 0.3421875 0.2421875 0.3421875 0.24218750000000006 0.4453125 0.2921875000000001 0.4453125
26 0.3453125000000001 0.390625 0.2984375000000001 0.390625 0.2984375000000001 0.425 0.3453125000000001 0.425
59 0.40625 0.63125 0.3593750000000001 0.63125 0.3593750000000001 0.665625 0.40625 0.665625
57 0.3109375000000001 0.765625 0.2609375000000001 0.765625 0.2609375000000001 0.8046875 0.3109375000000001 0.8046875
32 0.3140625000000001 0.84375 0.2640625000000001 0.84375 0.2640625000000001 0.884375 0.3140625000000001 0.884375
30 0.5843750000000001 0.009375000000000045 0.1390625 0.009375000000000017 0.13906250000000006 0.9625 0.5843750000000002 0.9625
40 0.2968750000000001 0.490625 0.2500000000000001 0.490625 0.2500000000000001 0.525 0.2968750000000001 0.525
8 0.4515625 0.571875 0.4078125 0.571875 0.4078125 0.60625 0.4515625 0.60625
35 0.3031250000000001 0.6078125 0.2531250000000001 0.6078125 0.2531250000000001 0.6453125 0.3031250000000001 0.6453125
9 0.4515625 0.5359375 0.4078125 0.5359375 0.4078125 0.5671875 0.4515625 0.5671875
49 0.2578125000000001 0.8875 0.2078125000000001 0.8875 0.2078125000000001 0.946875 0.2578125000000001 0.946875
16 0.30937500000000007 0.7265625 0.2593750000000001 0.7265625 0.2593750000000001 0.7640625 0.30937500000000007 0.7640625
48 0.45 0.459375 0.403125 0.459375 0.403125 0.49375 0.45 0.49375
4 0.45781250000000007 0.7234375 0.4140625 0.7234375 0.4140625000000001 0.7578125 0.4578125000000002 0.7578125
5 0.45625 0.684375 0.4125 0.684375 0.4125 0.71875 0.45625 0.71875
10 0.3625000000000001 0.81875 0.3156250000000001 0.81875 0.3156250000000001 0.85625 0.3625000000000001 0.85625
31 0.34843750000000007 0.509375 0.3046875000000001 0.509375 0.3046875000000001 0.54375 0.34843750000000007 0.54375
22 0.3921875 0.34375000000000006 0.2953125 0.34375 0.29531250000000003 0.39687500000000003 0.3921875000000001 0.3968750000000001
14 0.24375000000000008 0.4921875 0.19062500000000004 0.4921875 0.19062500000000004 0.5390625 0.24375000000000008 0.5390625
21 0.4125000000000002 0.7453125 0.3656250000000001 0.7453125 0.3656250000000001 0.7828125 0.4125000000000002 0.7828125
37 0.34843750000000007 0.46875 0.30156250000000007 0.46875 0.30156250000000007 0.503125 0.34843750000000007 0.503125
53 0.4046875 0.5921875 0.3578125000000001 0.5921875 0.3578125000000001 0.6265625 0.4046875 0.6265625
20 0.4421875 0.3453125000000001 0.3984375 0.3453125000000001 0.39843750000000006 0.415625 0.4421875 0.415625
58 0.30937500000000007 0.8046875 0.26250000000000007 0.8046875 0.26250000000000007 0.8421875 0.30937500000000007 0.8421875
3 0.46093750000000017 0.7625 0.41718750000000016 0.7625 0.41718750000000016 0.796875 0.46093750000000017 0.796875
51 0.409375 0.6703125 0.3625000000000001 0.6703125 0.3625000000000001 0.7046875 0.409375 0.7046875
50 0.23593750000000005 0.3375 0.18593750000000003 0.3375 0.18593750000000003 0.3875 0.23593750000000008 0.3875
12 0.3468750000000001 0.428125 0.3000000000000001 0.428125 0.3000000000000001 0.465625 0.3468750000000001 0.465625
17 0.4656250000000002 0.871875 0.42187500000000017 0.871875 0.42187500000000017 0.909375 0.4656250000000002 0.909375
0 0.4515625 0.4953125 0.4046875 0.4953125 0.4046875 0.5296875 0.4515625 0.5296875
24 0.35625000000000007 0.6640625 0.30937500000000007 0.6640625 0.30937500000000007 0.7 0.35625000000000007 0.7
39 0.3968750000000001 0.4015625 0.3500000000000001 0.4015625 0.3500000000000001 0.4359375 0.3968750000000001 0.4359375
7 0.4546875 0.6109375 0.4109375 0.6109375 0.4109375 0.6421875 0.4546875 0.6421875
15 0.3031250000000001 0.646875 0.2562500000000001 0.646875 0.2562500000000001 0.6828125 0.3031250000000001 0.6828125
19 0.3609375000000001 0.7421875 0.3140625000000001 0.7421875 0.3140625000000001 0.778125 0.3609375000000001 0.778125
43 0.3609375000000001 0.7796875 0.3140625000000001 0.7796875 0.3140625000000001 0.8171875 0.3609375000000001 0.8171875
45 0.36406250000000007 0.8578125 0.31718750000000007 0.8578125 0.31718750000000007 0.9234375 0.36406250000000007 0.9234375
36 0.4015625 0.5171875 0.3546875000000001 0.5171875 0.3546875000000001 0.5515625 0.4015625 0.5515625
38 0.4 0.478125 0.3531250000000001 0.478125 0.3531250000000001 0.5125 0.4 0.5125
47 0.2515625000000001 0.5421875 0.19531250000000006 0.5421875 0.19531250000000006 0.7875 0.2515625000000001 0.7875
41 0.41406250000000017 0.8234375 0.3671875000000001 0.8234375 0.3671875000000001 0.8609375 0.41406250000000017 0.8609375
1 0.4656250000000002 0.834375 0.4187500000000002 0.834375 0.4187500000000002 0.871875 0.4656250000000002 0.871875
29 0.3515625000000001 0.546875 0.3046875000000001 0.546875 0.3046875000000001 0.58125 0.3515625000000001 0.58125
6 0.4546875 0.646875 0.4109375 0.646875 0.4109375 0.68125 0.4546875 0.68125