59 0.715625 0.44375 0.68125 0.44375 0.68125 0.5453125 0.715625 0.5453125
47 0.8296875 0.8046875 0.5859375000000002 0.8046875 0.5859375000000002 0.9109375 0.8296875 0.9109375
20 0.4296875 0.3296875 0.3515625 0.3296875 0.35156250000000006 0.4265625 0.4296875 0.4265625
19 0.8375 0.5609375000000002 0.803125 0.5609375000000002 0.803125 0.6625000000000002 0.8375 0.6625000000000002
27 0.6265625 0.44375 0.5921875 0.44375 0.5921875 0.540625 0.6265625 0.540625
41 0.9421875 0.4437500000000002 0.9046875 0.4437500000000002 0.9046875 0.5453125000000002 0.9421875 0.5453125000000002
4 0.828125 0.3265625000000001 0.790625 0.3265625000000001 0.790625 0.4281250000000002 0.828125 0.4281250000000002
53 0.6703125 0.44375 0.6359375 0.44375 0.6359375 0.5453125 0.6703125 0.5453125
58 0.90625 0.6875000000000002 0.871875 0.6875000000000002 0.871875 0.7843750000000002 0.90625 0.7843750000000002
45 1 0.5656250000000002 0.940625 0.5656250000000002 0.940625 0.6671875000000002 1 0.6671875000000002
31 0.56875 0.5625 0.5375 0.5625 0.5375 0.659375 0.56875 0.659375
22 0.40625 0.4390625 0.3500000000000001 0.4390625 0.3500000000000001 0.6703125 0.40625 0.6703125
16 0.8140625 0.6828125000000002 0.7796875 0.6828125000000002 0.7796875000000001 0.7796875000000002 0.8140625 0.7796875000000002
6 0.7390625 0.32500000000000007 0.7015625 0.32500000000000007 0.7015625 0.4312500000000001 0.7390625 0.4312500000000002
8 0.65 0.32500000000000007 0.6125 0.32500000000000007 0.6125 0.43125 0.65 0.43125
2 0.9203125 0.3265625000000001 0.8828125 0.3265625000000001 0.8828125 0.4281250000000002 0.9203125 0.4281250000000002
52 1 0.44531250000000017 0.9515625 0.44531250000000017 0.9515625 0.5515625000000002 1 0.5515625000000002
24 0.7484375 0.5609375000000001 0.7140625 0.5609375 0.7140625 0.6625000000000001 0.7484375 0.6625000000000002
10 0.9296875 0.5656250000000002 0.8953125 0.5656250000000002 0.8953125 0.6625000000000002 0.9296875 0.6625000000000002
38 0.5375 0.44375 0.503125 0.44375 0.503125 0.5453125 0.5375 0.5453125
44 1 0.6859375000000002 0.9625 0.6859375000000002 0.9625 0.7843750000000002 1 0.7843750000000002
50 0.40156250000000016 0.8 0.34843750000000007 0.8 0.34843750000000007 0.909375 0.40156250000000016 0.909375
13 0.8875 0.8078125 0.8375 0.8078125 0.8375 0.9171875 0.8875 0.9171875
1 0.965625 0.3265625000000001 0.93125 0.3265625000000001 0.93125 0.4281250000000002 0.965625 0.4281250000000002
3 0.8734375 0.32500000000000007 0.8359375 0.32500000000000007 0.8359375 0.4312500000000002 0.8734375 0.4312500000000002
49 1 0.803125 0.9609375 0.803125 0.9609375 0.9171875 1 0.9171875
28 0.6578125 0.5609375 0.6265625 0.5609375 0.6265625 0.6625 0.6578125 0.6625
57 0.8609375 0.6828125000000002 0.8265625 0.6828125000000002 0.8265625 0.7796875000000002 0.8609375 0.7796875000000002
21 0.85 0.4437500000000002 0.815625 0.4437500000000002 0.815625 0.5500000000000002 0.85 0.5500000000000002
33 0.6375000000000001 0.6796875 0.603125 0.6796875 0.6031250000000001 0.78125 0.6375000000000002 0.78125
55 0.7703125000000001 0.6796875000000002 0.7359375 0.6796875000000002 0.7359375000000001 0.7765625000000002 0.7703125000000002 0.7765625000000002
14 0.5750000000000002 0.8 0.5250000000000001 0.8 0.5250000000000001 0.909375 0.5750000000000002 0.909375
48 0.5171875 0.3296875000000001 0.4828125 0.3296875000000001 0.4828125 0.4265625 0.5171875 0.4265625
42 0.803125 0.4437500000000002 0.76875 0.4437500000000002 0.76875 0.5453125000000002 0.803125 0.5453125000000002
12 0.4828125 0.5578125 0.4484375 0.5578125 0.4484375 0.659375 0.4828125 0.659375
56 0.8953125 0.4437500000000002 0.8609375 0.4437500000000002 0.8609375 0.5453125000000002 0.8953125 0.5453125000000002
34 0.5046875000000001 0.6796875 0.4703125 0.6796875 0.4703125000000001 0.7765625 0.5046875000000002 0.7765625
7 0.69375 0.3265625000000001 0.659375 0.3265625000000001 0.659375 0.428125 0.69375 0.428125
51 0.759375 0.4437500000000001 0.725 0.44375 0.725 0.5453125000000001 0.759375 0.5453125000000002
54 0.4953125 0.44375 0.4609375 0.44375 0.4609375 0.5453125 0.4953125 0.5453125
30 1 0.12968750000000007 1.5882138176442238e-17 0.1296875 6.869503138967185e-17 0.9921875 1 0.9921875
32 0.953125 0.6828125000000002 0.91875 0.6828125000000002 0.91875 0.7843750000000002 0.953125 0.7843750000000002
37 0.5265625 0.5625 0.4921875 0.5625 0.4921875 0.659375 0.5265625 0.659375
43 0.8828125 0.5656250000000002 0.8484375 0.5656250000000002 0.8484375 0.6625000000000002 0.8828125 0.6625000000000002
0 0.5625 0.3265625000000001 0.525 0.3265625000000001 0.525 0.428125 0.5625 0.428125
18 0.5921875000000001 0.6796875 0.5578125 0.6796875 0.5578125 0.7765625 0.5921875000000002 0.7765625
39 0.4515625 0.44375 0.4171875 0.44375 0.4171875 0.5453125 0.4515625 0.5453125
35 0.6812500000000001 0.6828125 0.646875 0.6828125 0.6468750000000001 0.7765625 0.6812500000000001 0.7765625
26 0.4390625 0.5609375 0.4046875 0.5609375 0.4046875 0.6625 0.4390625 0.6625
9 0.60625 0.3265625000000001 0.56875 0.3265625000000001 0.56875 0.428125 0.60625 0.428125
46 0.4593750000000001 0.6828125 0.3515625000000001 0.6828125 0.3515625000000001 0.7796875 0.4593750000000002 0.7796875
17 1 0.3234375000000001 0.9765625 0.3234375000000001 0.9765625 0.42968750000000017 1 0.42968750000000017
40 0.5484375000000001 0.6796875 0.5140625 0.6796875 0.5140625000000001 0.7765625 0.5484375000000001 0.7765625
36 0.58125 0.44375 0.546875 0.44375 0.546875 0.5453125 0.58125 0.5453125
25 0.703125 0.5609375 0.66875 0.5609375 0.66875 0.6625 0.703125 0.6625
15 0.7250000000000001 0.6796875 0.690625 0.6796875 0.690625 0.7765625 0.7250000000000002 0.7765625
5 0.7828125 0.3265625000000001 0.7453125 0.3265625000000001 0.7453125 0.4281250000000002 0.7828125 0.4281250000000002
11 0.4734375 0.3296875000000001 0.4390625 0.3296875000000001 0.4390625 0.4234375 0.4734375 0.4234375
23 0.7921875 0.5609375000000002 0.7578125 0.5609375000000002 0.7578125 0.6625000000000002 0.7921875 0.6625000000000002
29 0.6140625 0.5609375 0.5796875 0.5609375 0.5796875 0.6625 0.6140625 0.6625