10 0.19218750000000004 0.371875 0.15468750000000003 0.371875 0.15468750000000003 0.4546875 0.19218750000000004 0.4546875
1 0.15937500000000002 0.146875 0.1203125 0.146875 0.12031250000000002 0.240625 0.15937500000000004 0.240625
17 0.10625000000000002 0.1484375 0.06718750000000002 0.1484375 0.06718750000000002 0.2421875 0.10625000000000004 0.2421875
33 0.5546875 0.478125 0.515625 0.478125 0.515625 0.5609375 0.5546875 0.5609375
9 0.59375 0.1531250000000001 0.5546875 0.1531250000000001 0.5546875 0.2390625000000001 0.59375 0.2390625000000001
4 0.3234375 0.15468750000000003 0.2859375 0.15468750000000003 0.2859375 0.240625 0.3234375 0.240625
21 0.29375 0.259375 0.25625 0.259375 0.25625 0.35 0.29375 0.35
50 0.8890625 0.5781250000000002 0.825 0.5781250000000002 0.825 0.6812500000000001 0.8890625 0.6812500000000001
46 0.88125 0.47968750000000016 0.7375 0.47968750000000016 0.7375 0.5609375000000002 0.88125 0.5609375000000002
15 0.44375 0.478125 0.4046875 0.478125 0.4046875 0.5578125 0.44375 0.5578125
45 0.13906250000000003 0.3734375 0.05468750000000004 0.3734375 0.054687500000000056 0.4578125 0.13906250000000003 0.4578125
16 0.3296875000000001 0.4796875 0.2906250000000001 0.4796875 0.2906250000000001 0.5578125 0.3296875000000001 0.5578125
30 0.9171875 0.12968750000000007 0.015625000000000017 0.1296875 0.015625000000000056 0.7906250000000001 0.9171875 0.7906250000000001
47 0.5828125 0.5828125 0.2687500000000001 0.5828125 0.2687500000000001 0.6890625 0.5828125 0.6890625
41 0.18281250000000004 0.259375 0.14375000000000004 0.259375 0.14375000000000004 0.35 0.18281250000000004 0.35
7 0.484375 0.15000000000000005 0.446875 0.15000000000000005 0.446875 0.23593750000000008 0.484375 0.23593750000000008
18 0.609375 0.478125 0.571875 0.478125 0.571875 0.55625 0.609375 0.55625
52 0.12968750000000004 0.2609375 0.059375000000000025 0.2609375 0.05937500000000003 0.35 0.12968750000000004 0.35
49 0.10312500000000009 0.58125 0.03750000000000007 0.58125 0.037500000000000075 0.690625 0.10312500000000009 0.690625
39 0.7859375 0.2578125000000001 0.7453125 0.2578125000000001 0.7453125 0.34843750000000007 0.7859375 0.34843750000000007
29 0.58125 0.3703125000000001 0.54375 0.3703125000000001 0.54375 0.453125 0.58125 0.453125
23 0.3593750000000001 0.3703125 0.3218750000000001 0.3703125 0.3218750000000001 0.453125 0.3593750000000001 0.453125
54 0.7296875 0.2578125000000001 0.6921875 0.2578125000000001 0.6921875 0.3468750000000001 0.7296875 0.3468750000000001
12 0.7484375 0.3703125000000001 0.7109375 0.3703125000000001 0.7109375 0.4531250000000001 0.7484375 0.45312500000000017
20 0.8640625 0.1453125000000001 0.765625 0.1453125000000001 0.765625 0.2406250000000001 0.8640625 0.2406250000000001
34 0.7234375 0.4796875 0.684375 0.4796875 0.684375 0.55625 0.7234375 0.55625
36 0.6203125 0.2593750000000001 0.5828125 0.2593750000000001 0.5828125 0.3468750000000001 0.6203125 0.3468750000000001
31 0.6359375 0.3703125000000001 0.5984375 0.3703125000000001 0.5984375 0.453125 0.6359375 0.453125
3 0.2703125 0.14843750000000006 0.2296875 0.14843750000000006 0.2296875 0.240625 0.2703125 0.240625
57 0.2734375000000001 0.478125 0.23437500000000008 0.478125 0.23437500000000008 0.5578125 0.2734375000000001 0.5578125
26 0.803125 0.3703125000000001 0.7640625 0.3703125000000001 0.7640625 0.4515625000000002 0.803125 0.4515625000000002
53 0.5125 0.2593750000000001 0.475 0.2593750000000001 0.475 0.34843750000000007 0.5125 0.34843750000000007
6 0.43125 0.15468750000000003 0.39375 0.15468750000000003 0.39375 0.2406250000000001 0.43125 0.2406250000000001
19 0.3046875000000001 0.3703125 0.2671875000000001 0.3703125 0.2671875000000001 0.4546875 0.3046875000000001 0.4546875
8 0.5390625 0.15156250000000004 0.5 0.15156250000000004 0.5 0.2375000000000001 0.5390625 0.2375000000000001
25 0.4703125 0.3703125000000001 0.4328125 0.3703125000000001 0.4328125 0.4515625 0.4703125 0.4515625
28 0.525 0.3703125000000001 0.4890625 0.3703125000000001 0.4890625 0.453125 0.525 0.453125
0 0.646875 0.1546875000000001 0.609375 0.1546875000000001 0.609375 0.2406250000000001 0.646875 0.2406250000000001
56 0.2375 0.2578125 0.2 0.2578125 0.2 0.346875 0.2375 0.346875
58 0.2171875000000001 0.4796875 0.17656250000000004 0.4796875 0.17656250000000007 0.559375 0.2171875000000001 0.559375
11 0.75625 0.1437500000000001 0.715625 0.1437500000000001 0.715625 0.2390625000000001 0.75625 0.2390625000000001
38 0.675 0.2578125000000001 0.6375 0.2578125000000001 0.6375 0.3453125000000001 0.675 0.3453125000000001
48 0.7015625 0.1468750000000001 0.6609375 0.1468750000000001 0.6609375 0.2390625000000001 0.7015625 0.2390625000000001
24 0.4140625 0.3703125000000001 0.3781250000000001 0.3703125000000001 0.3781250000000001 0.4515625 0.4140625 0.4515625
40 0.6671875 0.4796875 0.6296875 0.4796875 0.6296875 0.5546875 0.6671875 0.5546875
38 0.68125 0.2328125000000001 0.64375 0.2328125000000001 0.64375 0.3203125000000001 0.68125 0.3203125000000001
37 0.690625 0.3703125000000001 0.653125 0.3703125000000001 0.653125 0.4515625 0.690625 0.4515625
44 0.10312500000000006 0.4796875 0.045312500000000054 0.4796875 0.04531250000000006 0.5625 0.10312500000000009 0.5625
5 0.378125 0.15468750000000003 0.340625 0.15468750000000003 0.340625 0.24062500000000003 0.378125 0.2406250000000001
32 0.16093750000000007 0.478125 0.12031250000000004 0.478125 0.12031250000000007 0.5609375 0.1609375000000001 0.5609375
51 0.4046875 0.2656250000000001 0.3671875 0.2656250000000001 0.3671875 0.3531250000000001 0.4046875 0.3531250000000001
2 0.215625 0.14843750000000003 0.175 0.1484375 0.17500000000000002 0.2421875 0.215625 0.2421875
27 0.565625 0.2593750000000001 0.5296875 0.2593750000000001 0.5296875 0.3468750000000001 0.565625 0.3468750000000001
55 0.3859375000000001 0.478125 0.3468750000000001 0.478125 0.3468750000000001 0.5578125 0.3859375000000001 0.5578125
43 0.2484375000000001 0.3703125 0.2093750000000001 0.3703125 0.2093750000000001 0.45625 0.2484375000000001 0.45625
13 0.2578125000000001 0.5796875 0.1937500000000001 0.5796875 0.1937500000000001 0.6859375 0.2578125000000001 0.6859375
59 0.4578125 0.2593750000000001 0.4203125 0.2593750000000001 0.4203125 0.3468750000000001 0.4578125 0.3468750000000001
22 0.8765625 0.2531250000000001 0.8 0.2531250000000001 0.8 0.4593750000000002 0.8765625 0.4593750000000002
42 0.3484375 0.2609375 0.3109375 0.2609375 0.3109375 0.3484375 0.3484375 0.3484375
35 0.4984375 0.478125 0.459375 0.478125 0.459375 0.5578125 0.4984375 0.5578125
14 0.6578125 0.578125 0.5953125 0.578125 0.5953125 0.684375 0.6578125 0.684375