58 0.09375000000000008 0.5953125 0.05156250000000007 0.5953125 0.05156250000000008 0.6546875 0.09375000000000008 0.6546875
44 0.053125000000000075 0.5921875 7.252205263700732e-17 0.5921875 7.644474941552617e-17 0.65625 0.05312500000000009 0.65625
30 0.8296875 0.32812500000000006 4.0183723097022526e-17 0.328125 6.792962714020475e-17 0.7812500000000001 0.8296875 0.7812500000000002
27 0.3609375000000001 0.46875 0.3234375000000001 0.46875 0.3234375000000001 0.521875 0.3609375000000001 0.521875
18 0.3890625000000001 0.590625 0.34843750000000007 0.590625 0.34843750000000007 0.6515625 0.3890625000000001 0.6515625
9 0.39531250000000007 0.4109375 0.3593750000000001 0.4109375 0.3593750000000001 0.4625 0.39531250000000007 0.4625
34 0.478125 0.5890625 0.4375 0.5890625 0.4375 0.653125 0.478125 0.653125
15 0.2609375000000001 0.590625 0.21875000000000008 0.590625 0.21875000000000008 0.653125 0.2609375000000001 0.653125
3 0.16093750000000004 0.4171875 0.12343750000000005 0.4171875 0.12343750000000005 0.4703125 0.16093750000000004 0.4703125
56 0.12187500000000004 0.4734375 0.08281250000000007 0.4734375 0.08281250000000007 0.5296875 0.12187500000000004 0.5296875
36 0.4015625 0.4671875 0.3625000000000001 0.4671875 0.3625000000000001 0.5234375 0.4015625 0.5234375
41 0.08437500000000006 0.475 0.046875000000000056 0.475 0.04687500000000006 0.53125 0.08437500000000006 0.53125
7 0.31718750000000007 0.4125 0.2796875000000001 0.4125 0.2796875000000001 0.4640625 0.31718750000000007 0.4640625
53 0.3187500000000001 0.46875 0.2812500000000001 0.46875 0.2812500000000001 0.5234375 0.3187500000000001 0.5234375
20 0.5640625 0.4078125 0.521875 0.4078125 0.521875 0.459375 0.5640625 0.459375
22 0.571875 0.5234375 0.5 0.5234375 0.5 0.5828125 0.571875 0.5828125
14 0.3968750000000001 0.6578125 0.3468750000000001 0.6578125 0.3468750000000001 0.740625 0.3968750000000001 0.740625
39 0.5265625 0.465625 0.4890625 0.465625 0.4890625 0.5203125 0.5265625 0.5203125
54 0.484375 0.465625 0.446875 0.465625 0.446875 0.5203125 0.484375 0.5203125
2 0.12343750000000005 0.41875 0.08437500000000005 0.41875 0.08437500000000006 0.471875 0.12343750000000005 0.471875
10 0.07812500000000007 0.5328125 0.03906250000000007 0.5328125 0.03906250000000007 0.590625 0.07812500000000007 0.590625
59 0.27812500000000007 0.4703125 0.2406250000000001 0.4703125 0.2406250000000001 0.5234375 0.27812500000000007 0.5234375
29 0.3656250000000001 0.528125 0.32500000000000007 0.528125 0.32500000000000007 0.5859375 0.3656250000000001 0.5859375
23 0.19843750000000007 0.53125 0.16093750000000004 0.53125 0.16093750000000007 0.5890625 0.1984375000000001 0.5890625
48 0.4765625 0.409375 0.440625 0.409375 0.440625 0.4609375 0.4765625 0.4609375
51 0.2390625000000001 0.4703125 0.2015625000000001 0.4703125 0.2015625000000001 0.525 0.2390625000000001 0.525
16 0.1765625000000001 0.59375 0.13437500000000008 0.59375 0.13437500000000008 0.6546875 0.1765625000000001 0.6546875
6 0.2765625000000001 0.4140625 0.2390625000000001 0.4140625 0.2390625000000001 0.4640625 0.2765625000000001 0.4640625
26 0.5671875 0.4640625 0.53125 0.4640625 0.53125 0.5203125 0.5671875 0.5203125
13 0.15000000000000008 0.65625 0.09687500000000009 0.65625 0.09687500000000009 0.74375 0.15000000000000008 0.74375
4 0.19843750000000004 0.415625 0.16250000000000003 0.415625 0.16250000000000003 0.46875 0.19843750000000004 0.46875
8 0.35625000000000007 0.4109375 0.3187500000000001 0.4109375 0.3187500000000001 0.4625 0.35625000000000007 0.4625
57 0.13437500000000008 0.59375 0.09375000000000007 0.59375 0.09375000000000008 0.65625 0.13437500000000008 0.65625
5 0.2375000000000001 0.4140625 0.2015625000000001 0.4140625 0.2015625000000001 0.465625 0.2375000000000001 0.465625
52 0.04531250000000006 0.475 0.0062500000000000585 0.475 0.006250000000000063 0.534375 0.04531250000000007 0.534375
17 0.05000000000000006 0.4203125 0.01875000000000005 0.4203125 0.01875000000000005 0.471875 0.050000000000000065 0.471875
49 0.021875000000000085 0.659375 8.075014831877861e-17 0.659375 8.582095147149811e-17 0.7421875 0.02187500000000009 0.7421875
19 0.15781250000000008 0.53125 0.12031250000000004 0.53125 0.12031250000000007 0.5890625 0.15781250000000008 0.5890625
0 0.4359375 0.409375 0.4 0.409375 0.4 0.4609375 0.4359375 0.4609375
42 0.2000000000000001 0.471875 0.16093750000000004 0.471875 0.16093750000000004 0.525 0.2000000000000001 0.525
43 0.11875000000000006 0.53125 0.07968750000000006 0.53125 0.07968750000000006 0.590625 0.11875000000000009 0.590625
1 0.08593750000000006 0.4203125 0.04843750000000006 0.4203125 0.04843750000000006 0.4734375 0.08593750000000007 0.4734375
33 0.3453125000000001 0.5890625 0.3046875000000001 0.5890625 0.3046875000000001 0.6546875 0.3453125000000001 0.6546875
46 0.5734375 0.5875 0.4828125 0.5875 0.4828125 0.65 0.5734375 0.65
21 0.15937500000000004 0.471875 0.12187500000000004 0.471875 0.12187500000000004 0.528125 0.15937500000000004 0.528125
38 0.4421875 0.465625 0.40625 0.465625 0.40625 0.521875 0.4421875 0.521875
45 0.03906250000000007 0.534375 6.544206332943669e-17 0.534375 6.898205798322201e-17 0.5921875 0.039062500000000076 0.5921875
40 0.4328125 0.590625 0.3937500000000001 0.590625 0.3937500000000001 0.6515625 0.4328125 0.6515625
24 0.2406250000000001 0.53125 0.2015625000000001 0.53125 0.2015625000000001 0.5875 0.2406250000000001 0.5875
25 0.2812500000000001 0.5296875 0.24218750000000008 0.5296875 0.24218750000000008 0.5875 0.2812500000000001 0.5875
31 0.4078125 0.528125 0.3703125000000001 0.528125 0.3703125000000001 0.5859375 0.4078125 0.5859375
35 0.3031250000000001 0.590625 0.2609375000000001 0.590625 0.2609375000000001 0.653125 0.3031250000000001 0.653125
32 0.44218750000000007 0.65625 0.4 0.65625 0.4000000000000001 0.74375 0.4421875000000002 0.74375
55 0.21875000000000008 0.5921875 0.1781250000000001 0.5921875 0.1781250000000001 0.6546875 0.21875000000000008 0.6546875
12 0.49375 0.525 0.4546875 0.525 0.4546875 0.584375 0.49375 0.584375
37 0.45 0.528125 0.4125 0.528125 0.4125 0.5859375 0.45 0.5859375
11 0.5171875 0.4078125 0.48125 0.4078125 0.48125 0.4609375 0.5171875 0.4609375
28 0.3234375000000001 0.528125 0.2843750000000001 0.528125 0.2843750000000001 0.5875 0.3234375000000001 0.5875
47 0.3437500000000001 0.65625 0.14843750000000008 0.65625 0.14843750000000008 0.7421875 0.3437500000000001 0.7421875