0 0.5468750000000001 0.69375 0.509375 0.69375 0.5093750000000001 0.74375 0.5468750000000002 0.74375
51 0.7406250000000002 0.7484375000000001 0.7015625000000002 0.7484375 0.7015625000000002 0.7953125000000001 0.7406250000000002 0.7953125000000002
25 0.6875000000000002 0.803125 0.6484375000000002 0.803125 0.6484375000000002 0.85 0.6875000000000002 0.85
50 0.4312500000000002 0.9078125 0.3750000000000001 0.9078125 0.3750000000000001 0.959375 0.4312500000000002 0.959375
53 0.6546875000000002 0.746875 0.6171875000000002 0.746875 0.6171875000000002 0.796875 0.6546875000000002 0.796875
42 0.7843750000000002 0.7484375000000002 0.7437500000000001 0.7484375000000002 0.7437500000000001 0.7953125000000002 0.7843750000000002 0.7953125000000002
1 0.934375 0.6937500000000002 0.896875 0.6937500000000002 0.896875 0.7437500000000001 0.934375 0.7437500000000001
19 0.815625 0.8015625 0.7781250000000002 0.8015625 0.7781250000000002 0.8515625 0.815625 0.8515625
45 0.978125 0.8015625 0.9125 0.8015625 0.9125 0.8515625 0.978125 0.8515625
28 0.6437500000000002 0.8015625 0.6062500000000002 0.8015625 0.6062500000000002 0.8515625 0.6437500000000002 0.8515625
15 0.7109375000000002 0.8546875 0.6703125000000002 0.8546875 0.6703125000000002 0.9046875 0.7109375000000002 0.9046875
43 0.859375 0.8015625 0.8203125 0.8015625 0.8203125 0.8515625 0.859375 0.8515625
30 1 0.5625000000000001 0.018750000000000065 0.5625 0.018750000000000093 0.99375 1 0.99375
37 0.5140625000000002 0.8015625 0.47656250000000017 0.8015625 0.47656250000000017 0.8515625 0.5140625000000002 0.8515625
22 0.3921875000000001 0.7484375 0.3343750000000001 0.7484375 0.3343750000000001 0.8515625 0.3921875000000001 0.8515625
29 0.6015625000000002 0.8015625 0.5640625000000001 0.8015625 0.5640625000000001 0.8515625 0.6015625000000002 0.8515625
21 0.828125 0.7468750000000002 0.7875000000000002 0.7468750000000002 0.7875000000000002 0.7968750000000002 0.828125 0.7968750000000002
57 0.8390625 0.8546875 0.8 0.8546875 0.8 0.9046875 0.8390625 0.9046875
11 0.4609375000000001 0.6921875 0.4234375 0.6921875 0.4234375000000001 0.7421875 0.46093750000000017 0.7421875
54 0.48437500000000017 0.746875 0.44531250000000017 0.746875 0.44531250000000017 0.7984375 0.48437500000000017 0.7984375
10 0.903125 0.803125 0.865625 0.803125 0.865625 0.85 0.903125 0.85
20 0.4171875000000001 0.6921875 0.3359375000000001 0.6921875 0.3359375000000001 0.7421875 0.41718750000000016 0.7421875
4 0.8046875 0.6937500000000002 0.7671875 0.6937500000000002 0.7671875000000001 0.7437500000000001 0.8046875 0.7437500000000001
13 0.81875 0.909375 0.7687500000000002 0.909375 0.7687500000000002 0.959375 0.81875 0.959375
48 0.5046875000000001 0.6921875 0.4671875 0.6921875 0.4671875000000001 0.7421875 0.5046875000000002 0.7421875
23 0.7734375000000002 0.8015625 0.7359375000000001 0.8015625 0.7359375000000001 0.8515625 0.7734375000000002 0.8515625
47 0.7656250000000002 0.909375 0.5390625000000002 0.909375 0.5390625000000002 0.9609375 0.7656250000000002 0.9609375
12 0.47187500000000016 0.8015625 0.4312500000000002 0.8015625 0.4312500000000002 0.8515625 0.47187500000000016 0.8515625
3 0.8484375 0.6937500000000002 0.8109375 0.6937500000000002 0.8109375 0.7437500000000001 0.8484375 0.7437500000000001
36 0.5718750000000001 0.746875 0.5312500000000002 0.746875 0.5312500000000002 0.796875 0.5718750000000001 0.796875
32 0.9265625 0.8546875 0.8875 0.8546875 0.8875 0.9078125 0.9265625 0.9078125
17 0.978125 0.6937500000000002 0.940625 0.6937500000000002 0.940625 0.7437500000000001 0.978125 0.7437500000000001
24 0.7296875000000002 0.8015625 0.6921875000000002 0.8015625 0.6921875000000002 0.8484375 0.7296875000000002 0.8484375
7 0.6765625000000001 0.69375 0.6359375 0.69375 0.6359375 0.74375 0.6765625000000002 0.74375
9 0.5906250000000001 0.6921875 0.55 0.6921875 0.55 0.74375 0.5906250000000002 0.74375
8 0.6328125000000001 0.69375 0.59375 0.69375 0.5937500000000001 0.74375 0.6328125000000002 0.74375
33 0.6250000000000002 0.8546875 0.5843750000000002 0.8546875 0.5843750000000002 0.90625 0.6250000000000002 0.90625
58 0.8828125 0.8546875 0.8453125 0.8546875 0.8453125 0.9046875 0.8828125 0.9046875
46 0.4515625000000002 0.853125 0.33281250000000007 0.853125 0.33281250000000007 0.9046875 0.4515625000000002 0.9046875
16 0.7953125000000002 0.85625 0.7546875000000002 0.85625 0.7546875000000002 0.90625 0.7953125000000002 0.90625
55 0.7515625000000001 0.8546875 0.7140625000000002 0.8546875 0.7140625000000002 0.9046875 0.7515625000000001 0.9046875
35 0.6656250000000001 0.8546875 0.6281250000000002 0.8546875 0.6281250000000002 0.9046875 0.6656250000000001 0.9046875
5 0.7625000000000001 0.6937500000000001 0.7234375 0.69375 0.7234375000000001 0.7437500000000001 0.7625000000000002 0.7437500000000001
59 0.6968750000000001 0.746875 0.6593750000000002 0.746875 0.6593750000000002 0.796875 0.6968750000000001 0.796875
6 0.7187500000000001 0.69375 0.68125 0.69375 0.6812500000000001 0.74375 0.7187500000000002 0.74375
31 0.5578125000000002 0.8 0.5203125000000002 0.8 0.5203125000000002 0.85 0.5578125000000002 0.85
49 0.98125 0.909375 0.93125 0.909375 0.93125 0.959375 0.98125 0.959375
38 0.5281250000000002 0.746875 0.4890625000000002 0.746875 0.4890625000000002 0.796875 0.5281250000000002 0.796875
39 0.44062500000000016 0.746875 0.4000000000000002 0.746875 0.4000000000000002 0.796875 0.44062500000000016 0.796875
41 0.9140625 0.7484375000000002 0.875 0.7484375000000002 0.875 0.7984375000000001 0.9140625 0.7984375000000001
56 0.8703125 0.7468750000000002 0.8328125 0.7468750000000002 0.8328125 0.7968750000000002 0.8703125 0.7968750000000002
44 0.9796875 0.8578125 0.934375 0.8578125 0.934375 0.9078125 0.9796875 0.9078125
2 0.890625 0.6953125000000002 0.8515625 0.6953125000000002 0.8515625 0.7453125000000002 0.890625 0.7453125000000002
52 0.9796875 0.7468750000000002 0.9234375 0.7468750000000002 0.9234375 0.7984375000000001 0.9796875 0.7984375000000001
14 0.5375000000000002 0.90625 0.4859375000000002 0.90625 0.4859375000000002 0.9578125 0.5375000000000002 0.9578125
18 0.5812500000000002 0.8546875 0.5437500000000002 0.8546875 0.5437500000000002 0.9046875 0.5812500000000002 0.9046875
34 0.49531250000000016 0.8546875 0.4546875000000002 0.8546875 0.4546875000000002 0.9046875 0.49531250000000016 0.9046875
26 0.42968750000000017 0.8 0.3906250000000001 0.8 0.3906250000000001 0.8515625 0.42968750000000017 0.8515625
27 0.6125000000000002 0.746875 0.5734375000000002 0.746875 0.5734375000000002 0.796875 0.6125000000000002 0.796875
40 0.5375000000000002 0.8546875 0.4984375000000002 0.8546875 0.4984375000000002 0.9046875 0.5375000000000002 0.9046875