52 0.5421875 5.922315380251653e-17 0.425 5.204748896376251e-17 0.425 0.02812500000000006 0.5421875 0.028125000000000067
44 0.796875 9.050905249948406e-17 0.68125 8.342906319191344e-17 0.68125 0.01562500000000009 0.796875 0.0156250000000001
54 0.546875 0.5140625 0.425 0.5140625 0.425 0.5609375 0.546875 0.5609375
29 0.671875 0.3843750000000001 0.553125 0.3843750000000001 0.553125 0.428125 0.671875 0.428125
38 0.546875 0.4671875 0.425 0.4671875 0.425 0.5125 0.546875 0.5125
14 0.928125 0.45625000000000016 0.803125 0.45625000000000016 0.803125 0.5140625000000002 0.928125 0.5140625000000002
3 0.41875 0.10781250000000005 0.3015625 0.10781250000000005 0.3015625 0.15156250000000004 0.41875 0.15156250000000004
30 1 6.725989842192105e-17 0.0984375 1.2055116929106758e-17 0.09843750000000007 1 1 1
24 0.6703125 0.2406250000000001 0.5546875 0.2406250000000001 0.5546875 0.2828125000000001 0.6703125 0.2828125000000001
36 0.54375 0.41875 0.425 0.41875 0.425 0.4640625 0.54375 0.4640625
0 0.41875 0.44375 0.2968750000000001 0.44375 0.2968750000000001 0.4875 0.41875 0.4875
9 0.41875 0.39687500000000003 0.3000000000000001 0.396875 0.3000000000000001 0.440625 0.41875 0.440625
2 0.41875 0.059375000000000046 0.3015625 0.059375000000000046 0.3015625 0.10312500000000005 0.41875 0.10312500000000005
47 0.9265625 0.2015625000000001 0.8046875 0.2015625000000001 0.8046875 0.4546875000000002 0.9265625 0.4546875000000002
11 0.415625 0.5390625 0.29375000000000007 0.5390625 0.29375000000000007 0.5828125 0.415625 0.5828125
22 0.671875 0.6125 0.425 0.6125 0.425 0.68125 0.671875 0.68125
16 0.796875 0.1687500000000001 0.6796875 0.1687500000000001 0.6796875 0.21250000000000008 0.796875 0.21250000000000008
35 0.8 0.3109375000000001 0.6828125 0.3109375000000001 0.6828125 0.3546875000000001 0.8 0.3546875000000001
42 0.54375 0.17968750000000006 0.425 0.17968750000000006 0.425 0.2234375000000001 0.54375 0.2234375000000001
28 0.671875 0.3359375000000001 0.55 0.3359375000000001 0.55 0.37968750000000007 0.671875 0.37968750000000007
41 0.5453125 0.03437500000000006 0.4265625 0.03437500000000006 0.4265625 0.07968750000000005 0.5453125 0.07968750000000006
58 0.796875 0.07187500000000009 0.68125 0.07187500000000009 0.68125 0.11562500000000009 0.796875 0.11562500000000009
15 0.796875 0.2640625000000001 0.6796875 0.2640625000000001 0.6796875 0.3078125000000001 0.796875 0.3078125000000001
56 0.54375 0.08281250000000005 0.4265625 0.08281250000000004 0.4265625 0.12656250000000005 0.54375 0.12656250000000005
50 0.93125 0.5750000000000002 0.80625 0.5750000000000002 0.80625 0.6343750000000001 0.93125 0.6343750000000001
53 0.5453125 0.3234375000000001 0.4265625 0.3234375000000001 0.4265625 0.3671875000000001 0.5453125 0.3671875000000001
32 0.7984375 0.025000000000000088 0.6796875 0.025000000000000078 0.6796875 0.06875000000000009 0.7984375 0.06875000000000009
37 0.6734375 0.4796875 0.5515625 0.4796875 0.5515625 0.5234375 0.6734375 0.5234375
46 0.7953125 0.5531250000000001 0.678125 0.553125 0.678125 0.6812500000000001 0.7953125 0.6812500000000001
59 0.54375 0.2750000000000001 0.425 0.2750000000000001 0.425 0.3187500000000001 0.54375 0.3187500000000001
57 0.8 0.12031250000000009 0.6828125 0.12031250000000009 0.6828125 0.16406250000000008 0.8 0.16406250000000008
21 0.546875 0.13125000000000006 0.425 0.13125000000000003 0.425 0.17500000000000007 0.546875 0.1750000000000001
7 0.41875 0.30000000000000004 0.3 0.3 0.3 0.34375000000000006 0.41875 0.3437500000000001
6 0.41875 0.2515625 0.3 0.2515625 0.3 0.29531250000000003 0.41875 0.2953125000000001
33 0.803125 0.3593750000000001 0.6796875 0.3593750000000001 0.6796875 0.4046875000000001 0.803125 0.4046875000000002
31 0.671875 0.43125 0.553125 0.43125 0.553125 0.475 0.671875 0.475
1 0.4171875 0.010937500000000043 0.3015625 0.010937500000000036 0.3015625 0.05468750000000004 0.4171875 0.05468750000000004
23 0.671875 0.1921875000000001 0.553125 0.1921875000000001 0.553125 0.23593750000000008 0.671875 0.23593750000000008
43 0.671875 0.09531250000000008 0.553125 0.09531250000000006 0.553125 0.1390625000000001 0.671875 0.1390625000000001
45 0.66875 7.472258985422522e-17 0.5515625 6.754692501547121e-17 0.5515625 0.04062500000000007 0.66875 0.04062500000000008
8 0.41875 0.34843750000000007 0.296875 0.3484375 0.29687500000000006 0.3921875 0.41875 0.3921875000000001
18 0.8015625 0.4078125000000001 0.6828125 0.4078125 0.6828125 0.4515625000000001 0.8015625 0.4515625000000002
10 0.66875 0.04687500000000007 0.5515625 0.04687500000000007 0.5515625 0.09062500000000008 0.66875 0.0906250000000001
4 0.415625 0.15625000000000006 0.2984375 0.15625000000000006 0.2984375 0.19843750000000004 0.415625 0.19843750000000004
19 0.671875 0.1437500000000001 0.553125 0.1437500000000001 0.553125 0.18750000000000008 0.671875 0.18750000000000008
27 0.54375 0.37187500000000007 0.4265625 0.37187500000000007 0.4265625 0.415625 0.54375 0.415625
34 0.8015625 0.503125 0.6796875 0.503125 0.6796875 0.5484375000000001 0.8015625 0.5484375000000001
13 0.9265625 0.1421875000000001 0.8046875 0.14218750000000008 0.8046875 0.1984375000000001 0.9265625 0.19843750000000013
39 0.546875 0.5640625 0.425 0.5640625 0.425 0.6078125 0.546875 0.6078125
40 0.796875 0.4562500000000001 0.6796875 0.45625 0.6796875 0.5000000000000001 0.796875 0.5000000000000002
20 0.4140625 0.5890625 0.2906250000000001 0.5890625 0.2906250000000001 0.68125 0.4140625 0.68125
51 0.54375 0.22812500000000008 0.425 0.22812500000000008 0.425 0.27031250000000007 0.54375 0.27031250000000007
49 0.9328125 1.0706091939421001e-16 0.815625 9.9885254555456e-17 0.815625 0.025000000000000105 0.9328125 0.025000000000000112
25 0.671875 0.2875000000000001 0.553125 0.2875000000000001 0.553125 0.3312500000000001 0.671875 0.3312500000000001
12 0.6734375 0.528125 0.5515625 0.528125 0.5515625 0.5734375 0.6734375 0.5734375
5 0.415625 0.20312500000000006 0.296875 0.203125 0.296875 0.24687500000000004 0.415625 0.2468750000000001
55 0.796875 0.2156250000000001 0.68125 0.2156250000000001 0.68125 0.2593750000000001 0.796875 0.2593750000000001
26 0.671875 0.5765625 0.55 0.5765625 0.55 0.6203125 0.671875 0.6203125
48 0.41875 0.4921875 0.2968750000000001 0.4921875 0.2968750000000001 0.5359375 0.41875 0.5359375