18 0.4890625 0.6171875 0.4578125 0.6171875 0.4578125 0.6828125 0.4890625 0.6828125
24 0.3515625000000001 0.5453125 0.3203125000000001 0.5453125 0.3203125000000001 0.6109375 0.3515625000000001 0.6109375
41 0.18437500000000004 0.4765625 0.15000000000000005 0.4765625 0.15000000000000005 0.54375 0.18437500000000004 0.54375
42 0.3031250000000001 0.4703125 0.2718750000000001 0.4703125 0.2718750000000001 0.534375 0.3031250000000001 0.534375
52 0.14218750000000008 0.478125 0.08906250000000007 0.478125 0.08906250000000007 0.546875 0.14218750000000008 0.546875
39 0.6109375 0.4484375 0.58125 0.4484375 0.58125 0.509375 0.6109375 0.509375
14 0.5296875000000001 0.6953125 0.4875 0.6953125 0.4875000000000001 0.7671875 0.5296875000000002 0.7671875
58 0.2078125000000001 0.6375 0.1750000000000001 0.6375 0.1750000000000001 0.7078125 0.2078125000000001 0.7078125
4 0.2843750000000001 0.39375 0.25468750000000007 0.39375 0.25468750000000007 0.4546875 0.2843750000000001 0.4546875
43 0.2312500000000001 0.5546875 0.1984375000000001 0.5546875 0.1984375000000001 0.6203125 0.2312500000000001 0.6203125
56 0.2218750000000001 0.475 0.19218750000000004 0.475 0.19218750000000004 0.5390625 0.2218750000000001 0.5390625
25 0.3906250000000001 0.54375 0.3593750000000001 0.54375 0.3593750000000001 0.6078125 0.3906250000000001 0.6078125
22 0.66875 0.44375 0.6171875 0.44375 0.6171875 0.5890625 0.66875 0.5890625
31 0.50625 0.534375 0.4765625 0.534375 0.4765625 0.6 0.50625 0.6
21 0.2640625000000001 0.471875 0.2312500000000001 0.471875 0.2312500000000001 0.5390625 0.2640625000000001 0.5390625
55 0.3281250000000001 0.628125 0.2984375000000001 0.628125 0.2984375000000001 0.6953125 0.3281250000000001 0.6953125
36 0.496875 0.45625 0.465625 0.45625 0.465625 0.5203125 0.496875 0.5203125
1 0.16562500000000005 0.4 0.13437500000000005 0.4 0.13437500000000005 0.4640625 0.16562500000000005 0.4640625
11 0.5890625 0.37187500000000007 0.5578125 0.37187500000000007 0.5578125 0.4359375 0.5890625 0.4359375
8 0.4390625 0.3828125000000001 0.4078125 0.3828125000000001 0.4078125 0.446875 0.4390625 0.446875
37 0.5453125 0.5296875 0.515625 0.5296875 0.515625 0.5953125 0.5453125 0.5953125
50 0.6781250000000001 0.684375 0.634375 0.684375 0.6343750000000001 0.7546875 0.6781250000000002 0.7546875
53 0.41875 0.4625 0.3890625000000001 0.4625 0.3890625000000001 0.5265625 0.41875 0.5265625
38 0.5328125 0.453125 0.5046875 0.453125 0.5046875 0.515625 0.5328125 0.515625
47 0.4828125000000001 0.703125 0.2328125000000001 0.703125 0.2328125000000001 0.7953125 0.4828125000000002 0.7953125
48 0.5515625 0.3765625000000001 0.5203125 0.3765625000000001 0.5203125 0.4390625 0.5515625 0.4390625
49 0.1218750000000001 0.734375 0.0750000000000001 0.734375 0.0750000000000001 0.8140625 0.1218750000000001 0.8140625
13 0.22656250000000008 0.721875 0.1828125000000001 0.721875 0.1828125000000001 0.796875 0.22656250000000008 0.796875
51 0.3421875000000001 0.465625 0.3109375000000001 0.465625 0.3109375000000001 0.53125 0.3421875000000001 0.53125
6 0.3609375000000001 0.3875 0.3312500000000001 0.3875 0.3312500000000001 0.4515625 0.3609375000000001 0.4515625
3 0.2453125000000001 0.3953125 0.2140625000000001 0.3953125 0.2140625000000001 0.4609375 0.2453125000000001 0.4609375
27 0.4578125 0.459375 0.4265625 0.459375 0.4265625 0.521875 0.4578125 0.521875
2 0.2062500000000001 0.3984375 0.17500000000000004 0.3984375 0.17500000000000004 0.4609375 0.2062500000000001 0.4609375
29 0.46875 0.5359375 0.4375 0.5359375 0.4375 0.6015625 0.46875 0.6015625
40 0.528125 0.615625 0.496875 0.615625 0.496875 0.6796875 0.528125 0.6796875
10 0.1906250000000001 0.5578125 0.1593750000000001 0.5578125 0.1593750000000001 0.625 0.1906250000000001 0.625
34 0.5671875 0.6109375 0.5359375 0.6109375 0.5359375 0.6765625 0.5671875 0.6765625
17 0.12500000000000006 0.403125 0.09375000000000004 0.403125 0.09375000000000006 0.465625 0.12500000000000006 0.465625
30 0.9921875 0.25312500000000004 0.05312500000000002 0.253125 0.05312500000000007 0.85 0.9921875 0.85
9 0.475 0.3812500000000001 0.4453125 0.3812500000000001 0.4453125 0.4453125 0.475 0.4453125
45 0.14843750000000008 0.5609375 0.08437500000000006 0.5609375 0.08437500000000006 0.6296875 0.14843750000000008 0.6296875
5 0.3234375000000001 0.3921875 0.29375000000000007 0.3921875 0.29375000000000007 0.453125 0.3234375000000001 0.453125
54 0.571875 0.45 0.5421875 0.45 0.5421875 0.5140625 0.571875 0.5140625
35 0.4109375 0.6234375 0.37968750000000007 0.6234375 0.37968750000000007 0.690625 0.4109375 0.690625
26 0.621875 0.525 0.590625 0.525 0.590625 0.5921875 0.621875 0.5921875
23 0.3109375000000001 0.5484375 0.2796875000000001 0.5484375 0.2796875000000001 0.615625 0.3109375000000001 0.615625
7 0.4 0.3859375000000001 0.3703125000000001 0.3859375000000001 0.3703125000000001 0.446875 0.4 0.446875
20 0.6625 0.3671875000000001 0.5953125 0.3671875000000001 0.5953125 0.4328125 0.6625 0.4328125
59 0.37968750000000007 0.4640625 0.3515625000000001 0.4640625 0.3515625000000001 0.5265625 0.37968750000000007 0.5265625
15 0.37187500000000007 0.625 0.3390625000000001 0.625 0.3390625000000001 0.69375 0.37187500000000007 0.69375
19 0.27031250000000007 0.5515625 0.2390625000000001 0.5515625 0.2390625000000001 0.61875 0.27031250000000007 0.61875
44 0.12656250000000008 0.6484375 0.07968750000000009 0.6484375 0.07968750000000009 0.71875 0.12656250000000008 0.71875
12 0.584375 0.5296875 0.5546875 0.5296875 0.5546875 0.59375 0.584375 0.59375
57 0.2484375000000001 0.6359375 0.2171875000000001 0.6359375 0.2171875000000001 0.703125 0.2484375000000001 0.703125
33 0.4515625 0.6203125 0.41875 0.6203125 0.41875 0.6875 0.4515625 0.6875
46 0.6734375 0.603125 0.575 0.603125 0.575 0.671875 0.6734375 0.671875
16 0.2906250000000001 0.63125 0.2578125000000001 0.63125 0.2578125000000001 0.7 0.2906250000000001 0.7
0 0.515625 0.3781250000000001 0.484375 0.3781250000000001 0.484375 0.4421875 0.515625 0.4421875
28 0.4296875 0.5390625 0.3984375000000001 0.5390625 0.3984375000000001 0.6046875 0.4296875 0.6046875
32 0.1671875000000001 0.640625 0.13281250000000008 0.640625 0.13281250000000008 0.7140625 0.1671875000000001 0.7140625