55 0.3625000000000001 0.5296875 0.2750000000000001 0.5296875 0.2750000000000001 0.6390625 0.3625000000000001 0.6390625
40 0.821875 0.5421875000000002 0.74375 0.5421875000000002 0.74375 0.6390625000000002 0.821875 0.6390625000000002
33 0.64375 0.534375 0.5640625 0.534375 0.5640625 0.6359375 0.64375 0.6359375
2 0.06875000000000003 0.1890625 2.315347854637965e-17 0.1890625 2.8894010417382865e-17 0.2828125 0.06875000000000005 0.2828125
52 0.012500000000000042 0.290625 3.559129760021995e-17 0.290625 4.1810207127140106e-17 0.3921875 0.01250000000000005 0.3921875
41 0.014062500000000042 0.2921875 3.5782648662586727e-17 0.2921875 4.200155818950688e-17 0.39375 0.01406250000000005 0.39375
25 0.4984375 0.41875 0.4171875 0.41875 0.4171875 0.5171875 0.4984375 0.5171875
8 0.6078125 0.20468750000000008 0.528125 0.20468750000000008 0.528125 0.30156250000000007 0.6078125 0.30156250000000007
21 0.20468750000000005 0.3 0.12187500000000004 0.3 0.12187500000000004 0.39375 0.20468750000000008 0.39375
38 0.8328125 0.31718750000000007 0.753125 0.31718750000000007 0.753125 0.4109375000000002 0.8328125 0.4109375000000002
35 0.55 0.53125 0.4703125 0.53125 0.4703125 0.634375 0.55 0.634375
44 0.03906250000000007 0.521875 6.39112548305025e-17 0.521875 7.079989307570636e-17 0.634375 0.039062500000000076 0.634375
27 0.65625 0.3156250000000001 0.575 0.3156250000000001 0.575 0.40625 0.65625 0.40625
50 0.95 0.6500000000000001 0.8375 0.6500000000000001 0.8375 0.7609375000000002 0.95 0.7609375000000002
6 0.43125 0.20156250000000003 0.35 0.2015625 0.35 0.29531250000000003 0.43125 0.2953125000000001
51 0.38750000000000007 0.30625 0.3046875 0.30625 0.30468750000000006 0.4 0.38750000000000007 0.4
15 0.45625 0.53125 0.3687500000000001 0.53125 0.3687500000000001 0.6390625 0.45625 0.6390625
54 0.91875 0.3218750000000001 0.840625 0.3218750000000001 0.840625 0.4125000000000002 0.91875 0.4125000000000002
3 0.16250000000000003 0.1875 0.08125000000000002 0.1875 0.08125000000000003 0.28125 0.16250000000000003 0.28125
7 0.5203125 0.20468750000000008 0.4390625 0.20468750000000008 0.4390625 0.2984375000000001 0.5203125 0.2984375000000001
14 0.7421875000000001 0.6546875000000001 0.6578125 0.6546875 0.6578125000000001 0.7656250000000001 0.7421875000000002 0.7656250000000002
18 0.7359375 0.5375000000000001 0.65625 0.5375 0.65625 0.6343750000000001 0.7359375 0.6343750000000001
11 0.9453125 0.22031250000000008 0.8765625 0.22031250000000008 0.8765625 0.3046875000000001 0.9453125 0.3046875000000001
34 0.89375 0.5406250000000001 0.834375 0.5406250000000001 0.834375 0.6375000000000002 0.89375 0.6375000000000002
56 0.10781250000000005 0.29375 0.020312500000000032 0.29375 0.020312500000000042 0.3921875 0.10781250000000005 0.3921875
12 0.946875 0.4312500000000002 0.8734375 0.4312500000000002 0.8734375 0.5218750000000002 0.946875 0.5218750000000002
22 1 0.4281250000000002 0.953125 0.4281250000000002 0.953125 0.5218750000000002 1 0.5218750000000002
19 0.22031250000000008 0.4109375 0.13281250000000006 0.4109375 0.13281250000000006 0.5140625 0.22031250000000008 0.5140625
5 0.3453125 0.19843750000000004 0.2640625 0.19843750000000004 0.2640625 0.2921875 0.3453125 0.2921875
0 0.7828125 0.21250000000000008 0.7140625 0.21250000000000008 0.7140625 0.2968750000000001 0.7828125 0.2968750000000001
20 1 0.2171875000000001 0.95625 0.2171875000000001 0.95625 0.30156250000000007 1 0.30156250000000007
29 0.6828125 0.4234375 0.6 0.4234375 0.6 0.5203125 0.6828125 0.5203125
9 0.6921875 0.21093750000000008 0.6234375 0.21093750000000008 0.6234375 0.2953125000000001 0.6921875 0.2953125000000001
39 1 0.3234375000000001 0.925 0.3234375000000001 0.925 0.41718750000000016 1 0.41718750000000016
31 0.7734375 0.4250000000000001 0.69375 0.425 0.69375 0.5218750000000001 0.7734375 0.5218750000000002
57 0.16718750000000007 0.5265625 0.07812500000000007 0.5265625 0.07812500000000007 0.634375 0.1671875000000001 0.634375
16 0.2671875000000001 0.5265625 0.17656250000000004 0.5265625 0.17656250000000007 0.6375 0.2671875000000001 0.6375
4 0.2546875 0.1921875 0.17343750000000005 0.1921875 0.17343750000000005 0.2859375 0.2546875 0.2859375
43 0.12500000000000006 0.409375 0.037500000000000054 0.409375 0.03750000000000006 0.5140625 0.12500000000000006 0.5140625
46 1 0.5375000000000002 0.9 0.5375000000000002 0.9 0.6421875000000001 1 0.6421875000000001
42 0.2984375 0.303125 0.215625 0.303125 0.21562500000000004 0.396875 0.2984375000000001 0.396875
59 0.4765625 0.30937500000000007 0.3953125 0.30937500000000007 0.39531250000000007 0.403125 0.4765625 0.403125
30 1 0.06875000000000006 8.419446744138053e-18 0.06875 5.5109105961630896e-17 0.83125 1 0.83125
48 0.865625 0.2156250000000001 0.796875 0.2156250000000001 0.796875 0.3000000000000001 0.865625 0.3000000000000001
36 0.7453125 0.3140625000000001 0.6640625 0.3140625000000001 0.6640625 0.4078125000000001 0.7453125 0.4078125000000002
53 0.565625 0.3109375000000001 0.484375 0.3109375000000001 0.484375 0.4046875 0.565625 0.4046875
13 0.16562500000000008 0.65 0.0750000000000001 0.65 0.0750000000000001 0.765625 0.16562500000000008 0.765625
45 0.020312500000000056 0.403125 4.9368574090627673e-17 0.403125 5.57788346799146e-17 0.5078125 0.02031250000000006 0.5078125
28 0.59375 0.41875 0.5140625 0.41875 0.5140625 0.521875 0.59375 0.521875
24 0.409375 0.415625 0.32500000000000007 0.415625 0.32500000000000007 0.515625 0.409375 0.515625
10 0.028125000000000056 0.4078125 4.9942627277728e-17 0.4078125 5.635288786701493e-17 0.5125 0.028125000000000067 0.5125
47 0.6546875000000001 0.6453125 0.17343750000000008 0.6453125 0.17343750000000008 0.765625 0.6546875000000002 0.765625
37 0.8609375 0.42500000000000016 0.7828125 0.42500000000000016 0.7828125 0.5187500000000002 0.8609375 0.5187500000000002
23 0.31718750000000007 0.4140625 0.2296875000000001 0.4140625 0.2296875000000001 0.515625 0.31718750000000007 0.515625
58 0.07500000000000007 0.5265625 6.448530801760282e-17 0.5265625 7.108691966925652e-17 0.634375 0.07500000000000007 0.634375