16 0.8171875 0.7796875000000002 0.7765625000000002 0.7796875000000002 0.7765625000000002 0.8328125 0.8171875 0.8328125
42 0.803125 0.6593750000000002 0.7625 0.6593750000000002 0.7625 0.7140625000000002 0.803125 0.7140625000000002
12 0.4765625000000001 0.721875 0.4375 0.721875 0.4375000000000001 0.7765625 0.47656250000000017 0.7765625
57 0.8625 0.7781250000000002 0.821875 0.7781250000000002 0.821875 0.8328125 0.8625 0.8328125
30 1 0.4593750000000001 0.015625000000000056 0.459375 0.015625000000000087 0.946875 1 0.946875
45 1 0.7171875000000002 0.9375 0.7171875000000002 0.9375 0.7703125000000002 1 0.7703125000000002
24 0.7484375000000001 0.7187500000000001 0.7078125 0.71875 0.7078125000000001 0.7734375000000001 0.7484375000000002 0.7734375000000002
3 0.86875 0.5968750000000002 0.828125 0.5968750000000002 0.828125 0.6531250000000002 0.86875 0.6531250000000002
36 0.578125 0.6609375 0.5375 0.6609375 0.5375 0.715625 0.578125 0.715625
18 0.5906250000000002 0.78125 0.5500000000000002 0.78125 0.5500000000000002 0.8375 0.5906250000000002 0.8375
44 1 0.7750000000000001 0.9640625 0.7750000000000001 0.9640625 0.83125 1 0.83125
58 0.9078125 0.7781250000000002 0.8671875 0.7781250000000002 0.8671875 0.83125 0.9078125 0.83125
59 0.7125 0.659375 0.671875 0.659375 0.671875 0.7140625 0.7125 0.7140625
8 0.64375 0.6015625 0.603125 0.6015625 0.603125 0.65625 0.64375 0.65625
46 0.45312500000000017 0.784375 0.3343750000000001 0.784375 0.3343750000000001 0.8375 0.45312500000000017 0.8375
15 0.7265625000000002 0.7796875000000001 0.6859375000000002 0.7796875 0.6859375000000002 0.834375 0.7265625000000002 0.834375
52 1 0.6546875000000002 0.9484375 0.6546875000000002 0.9484375 0.7109375000000002 1 0.7109375000000002
33 0.6359375000000002 0.78125 0.5953125000000001 0.78125 0.5953125000000001 0.8375 0.6359375000000002 0.8375
41 0.9390625 0.6562500000000002 0.896875 0.6562500000000002 0.896875 0.7109375000000002 0.9390625 0.7109375000000002
27 0.621875 0.659375 0.58125 0.659375 0.58125 0.7140625 0.621875 0.7140625
35 0.6812500000000001 0.78125 0.6406250000000002 0.78125 0.6406250000000002 0.834375 0.6812500000000001 0.834375
43 0.884375 0.7171875000000002 0.84375 0.7171875000000002 0.84375 0.7703125000000002 0.884375 0.7703125000000002
14 0.5468750000000002 0.8421875 0.4937500000000002 0.8421875 0.4937500000000002 0.8984375 0.5468750000000002 0.8984375
2 0.9125 0.5968750000000002 0.871875 0.5968750000000002 0.871875 0.6500000000000001 0.9125 0.6500000000000001
10 0.9296875 0.7171875000000002 0.8890625 0.7171875000000002 0.8890625 0.7703125000000002 0.9296875 0.7703125000000002
20 0.41875 0.6046875 0.3375000000000001 0.6046875 0.3375000000000001 0.6578125 0.41875 0.6578125
6 0.734375 0.5984375000000001 0.69375 0.5984375 0.69375 0.6531250000000001 0.734375 0.6531250000000002
47 0.7843750000000002 0.840625 0.5484375000000001 0.840625 0.5484375000000001 0.9 0.7843750000000002 0.9
22 0.3968750000000001 0.6640625 0.3375000000000001 0.6640625 0.3375000000000001 0.7796875 0.3968750000000001 0.7796875
7 0.6875 0.6 0.646875 0.6 0.646875 0.6546875 0.6875 0.6546875
34 0.5015625000000001 0.78125 0.46093750000000017 0.78125 0.46093750000000017 0.8375 0.5015625000000001 0.8375
11 0.465625 0.603125 0.4265625 0.603125 0.4265625 0.65625 0.465625 0.65625
40 0.5453125000000002 0.7828125 0.5046875000000002 0.7828125 0.5046875000000002 0.8375 0.5453125000000002 0.8375
51 0.75625 0.659375 0.7171875 0.659375 0.7171875 0.7125000000000001 0.75625 0.7125000000000001
55 0.7703125000000002 0.7796875000000002 0.7312500000000002 0.7796875000000002 0.7312500000000002 0.834375 0.7703125000000002 0.834375
31 0.5671875000000001 0.721875 0.528125 0.721875 0.5281250000000001 0.775 0.5671875000000002 0.775
29 0.6125 0.721875 0.571875 0.721875 0.5718750000000001 0.775 0.6125000000000002 0.775
0 0.5546875 0.6015625 0.5140625 0.6015625 0.5140625 0.6578125 0.5546875 0.6578125
39 0.44375 0.6625 0.403125 0.6625 0.403125 0.71875 0.44375 0.71875
50 0.43281250000000016 0.846875 0.37968750000000007 0.846875 0.37968750000000007 0.903125 0.43281250000000016 0.903125
49 1 0.8375 0.9625 0.8375 0.9625 0.8953125 1 0.8953125
21 0.8484375 0.6578125000000001 0.8078125 0.6578125000000001 0.8078125 0.7140625000000002 0.8484375 0.7140625000000002
9 0.5984375 0.6015625 0.5578125 0.6015625 0.5578125 0.65625 0.5984375 0.65625
28 0.6562500000000001 0.7203125 0.6171875 0.7203125 0.6171875000000001 0.775 0.6562500000000002 0.775
53 0.6671875 0.659375 0.6265625 0.659375 0.6265625 0.7140625 0.6671875 0.7140625
17 1 0.5921875000000002 0.965625 0.5921875000000002 0.965625 0.6468750000000002 1 0.6468750000000002
1 0.959375 0.5953125000000001 0.91875 0.5953125000000001 0.91875 0.6484375000000002 0.959375 0.6484375000000002
25 0.7015625000000001 0.71875 0.6609375 0.71875 0.6609375000000001 0.7734375 0.7015625000000002 0.7734375
5 0.7796875 0.5968750000000002 0.7390625 0.5968750000000002 0.7390625 0.6531250000000002 0.7796875 0.6531250000000002
56 0.89375 0.6562500000000002 0.853125 0.6562500000000002 0.853125 0.7093750000000002 0.89375 0.7093750000000002
48 0.5109375 0.603125 0.4703125 0.603125 0.4703125 0.6578125 0.5109375 0.6578125
19 0.8390625 0.7171875000000002 0.7984375 0.7171875000000002 0.7984375000000001 0.7734375000000002 0.8390625 0.7734375000000002
37 0.5234375000000001 0.721875 0.4828125 0.721875 0.4828125000000001 0.7765625 0.5234375000000002 0.7765625
23 0.7921875 0.7187500000000002 0.7515625 0.7187500000000002 0.7515625000000001 0.7734375000000002 0.7921875000000002 0.7734375000000002
13 0.84375 0.8390625 0.7906250000000001 0.8390625 0.7906250000000001 0.896875 0.84375 0.896875
38 0.534375 0.6609375 0.49375 0.6609375 0.49375 0.715625 0.534375 0.715625
32 0.9546875 0.7781250000000002 0.9140625 0.7781250000000002 0.9140625 0.834375 0.9546875 0.834375
54 0.4890625 0.6625 0.4484375 0.6625 0.4484375 0.71875 0.4890625 0.71875
26 0.4328125000000001 0.7234375 0.3937500000000001 0.7234375 0.3937500000000001 0.7796875 0.43281250000000016 0.7796875
4 0.8234375 0.5984375000000002 0.784375 0.5984375000000002 0.784375 0.6515625000000002 0.8234375 0.6515625000000002