43 0.5484375 0.521875 0.4359375 0.521875 0.4359375 0.6046875 0.5484375 0.6046875
2 0.653125 0.33281250000000007 0.553125 0.33281250000000007 0.553125 0.403125 0.653125 0.403125
24 0.09218750000000006 0.509375 0.0015625000000000625 0.509375 0.0015625000000000677 0.5921875 0.09218750000000006 0.5921875
5 0.23906250000000004 0.3171875 0.13281250000000006 0.3171875 0.13281250000000006 0.390625 0.2390625000000001 0.390625
41 0.728125 0.4296875000000001 0.6234375 0.4296875 0.6234375 0.5046875000000001 0.728125 0.5046875000000002
52 0.95 0.4359375000000002 0.7671875 0.4359375000000002 0.7671875 0.5109375000000002 0.95 0.5109375000000002
13 0.80625 0.7578125000000001 0.6296875000000002 0.7578125 0.6296875000000002 0.8671875 0.80625 0.8671875
55 0.1468750000000001 0.6203125 0.006250000000000075 0.6203125 0.006250000000000082 0.7140625 0.1468750000000001 0.7140625
45 0.9703125 0.5312500000000002 0.7328125 0.5312500000000002 0.7328125 0.6171875000000002 0.9703125 0.6171875000000002
32 0.7828125000000001 0.6390625000000001 0.659375 0.6390625 0.659375 0.7328125000000001 0.7828125000000001 0.7328125000000002
47 0.3906250000000001 0.7453125 9.127445674895118e-17 0.7453125 9.787606840060487e-17 0.853125 0.3906250000000001 0.853125
3 0.515625 0.3281250000000001 0.4140625 0.3281250000000001 0.4140625 0.4 0.515625 0.4
17 0.9328125 0.3421875000000001 0.8296875 0.3421875000000001 0.8296875 0.4109375000000002 0.9328125 0.4109375000000002
49 1 0.7656250000000002 0.8375 0.7656250000000002 0.8375 0.86875 1 0.86875
1 0.7921875 0.3375000000000001 0.6921875 0.3375000000000001 0.6921875 0.4078125000000001 0.7921875 0.4078125000000002
30 1 0.21562500000000004 2.6406446606614805e-17 0.215625 7.051286648215619e-17 0.9359375 1 0.9359375
58 0.628125 0.6328125 0.5046875 0.6328125 0.5046875000000001 0.7265625 0.6281250000000002 0.7265625
56 0.584375 0.425 0.48125 0.425 0.48125 0.5 0.584375 0.5
19 0.39531250000000007 0.5171875 0.2796875000000001 0.5171875 0.2796875000000001 0.6 0.39531250000000007 0.6
6 0.10000000000000005 0.3125 3.827021247335479e-17 0.3125 4.267128690779059e-17 0.384375 0.10000000000000005 0.384375
21 0.4421875 0.4203125 0.33281250000000007 0.4203125 0.33281250000000007 0.4953125 0.4421875 0.4953125
4 0.37968750000000007 0.32031250000000006 0.2734375 0.3203125 0.27343750000000006 0.39531250000000007 0.37968750000000007 0.39531250000000007
10 0.6984375 0.5265625 0.5890625 0.5265625 0.5890625 0.609375 0.6984375 0.609375
42 0.29375000000000007 0.415625 0.18281250000000004 0.415625 0.18281250000000004 0.490625 0.29375000000000007 0.490625
23 0.2484375000000001 0.5140625 0.12343750000000005 0.5140625 0.12343750000000006 0.596875 0.2484375000000001 0.596875
51 0.15000000000000005 0.409375 0.037500000000000054 0.409375 0.037500000000000054 0.484375 0.15000000000000005 0.484375
16 0.3062500000000001 0.6234375 0.17187500000000008 0.6234375 0.17187500000000008 0.715625 0.3062500000000001 0.715625
57 0.46875 0.628125 0.34062500000000007 0.628125 0.34062500000000007 0.721875 0.46875 0.721875
44 0.99375 0.6437500000000002 0.81875 0.6437500000000002 0.81875 0.7343750000000002 0.99375 0.7343750000000002