1 0.14531250000000004 0.2546875 0.10781250000000005 0.2546875 0.10781250000000005 0.3421875 0.14531250000000004 0.3421875
52 0.11875000000000005 0.365625 0.057812500000000044 0.365625 0.05781250000000006 0.4578125 0.11875000000000005 0.4578125
11 0.6859375 0.2531250000000001 0.65 0.2531250000000001 0.65 0.3421875000000001 0.6859375 0.3421875000000001
15 0.4046875 0.5875 0.3656250000000001 0.5875 0.3656250000000001 0.6796875 0.4046875 0.6796875
21 0.2671875 0.3625 0.23125 0.3625 0.23125000000000004 0.4546875 0.2671875000000001 0.4546875
30 0.9828125 0.05625000000000006 0.02656250000000001 0.05625 0.026562500000000062 0.875 0.9828125 0.875
32 0.15625000000000008 0.5875 0.11875000000000009 0.5875 0.11875000000000009 0.6796875 0.15625000000000008 0.6796875
25 0.4296875 0.478125 0.3921875000000001 0.478125 0.3921875000000001 0.5671875 0.4296875 0.5671875
29 0.5265625 0.475 0.4890625 0.475 0.4890625 0.5671875 0.5265625 0.5671875
53 0.465625 0.3656250000000001 0.4296875 0.3656250000000001 0.4296875 0.4546875 0.465625 0.4546875
44 0.10781250000000009 0.5890625 0.057812500000000065 0.5890625 0.05781250000000008 0.68125 0.10781250000000009 0.68125
54 0.6625 0.3656250000000001 0.6265625 0.3656250000000001 0.6265625 0.4578125 0.6625 0.4578125
37 0.6265625 0.478125 0.5890625 0.478125 0.5890625 0.5671875 0.6265625 0.5671875
17 0.09375000000000003 0.2546875 0.057812500000000024 0.2546875 0.05781250000000003 0.3421875 0.09375000000000004 0.3421875
35 0.453125 0.5875 0.4140625 0.5875 0.4140625 0.6796875 0.453125 0.6796875
51 0.3671875000000001 0.36562500000000003 0.3312500000000001 0.365625 0.3312500000000001 0.4546875 0.3671875000000001 0.4546875
28 0.478125 0.478125 0.4421875 0.478125 0.4421875 0.5671875 0.478125 0.5671875
58 0.2062500000000001 0.5890625 0.1703125000000001 0.5890625 0.1703125000000001 0.678125 0.2062500000000001 0.678125
9 0.5390625 0.2562500000000001 0.5015625 0.2562500000000001 0.5015625 0.3453125000000001 0.5390625 0.3453125000000001
42 0.31718750000000007 0.365625 0.2812500000000001 0.365625 0.2812500000000001 0.4546875 0.31718750000000007 0.4546875
0 0.5890625 0.2531250000000001 0.5515625 0.2531250000000001 0.5515625 0.3453125000000001 0.5890625 0.3453125000000001
45 0.13281250000000006 0.475 0.057812500000000065 0.475 0.057812500000000065 0.571875 0.13281250000000008 0.571875
27 0.515625 0.3656250000000001 0.4796875 0.3656250000000001 0.4796875 0.4546875 0.515625 0.4546875
7 0.440625 0.2562500000000001 0.403125 0.2562500000000001 0.403125 0.3453125000000001 0.440625 0.3453125000000001
3 0.2421875 0.253125 0.2046875 0.253125 0.2046875 0.3453125 0.2421875 0.3453125
56 0.21875000000000008 0.365625 0.18125000000000005 0.365625 0.18125000000000005 0.4546875 0.21875000000000008 0.4546875
48 0.6390625 0.2562500000000001 0.6015625 0.2562500000000001 0.6015625 0.3453125000000001 0.6390625 0.3453125000000001
38 0.6125 0.3656250000000001 0.578125 0.3656250000000001 0.578125 0.4546875 0.6125 0.4546875
24 0.37968750000000007 0.478125 0.34062500000000007 0.478125 0.34062500000000007 0.5671875 0.37968750000000007 0.5671875
6 0.390625 0.25312500000000004 0.353125 0.253125 0.353125 0.3453125 0.390625 0.3453125000000001
5 0.3421875 0.253125 0.3046875 0.253125 0.3046875 0.3453125 0.3421875 0.3453125
40 0.6 0.5875 0.5625 0.5875 0.5625 0.6765625 0.6 0.6765625
13 0.17187500000000008 0.7015625 0.1218750000000001 0.7015625 0.1218750000000001 0.7984375 0.17187500000000008 0.7984375
49 0.10781250000000009 0.7 0.057812500000000086 0.7 0.057812500000000086 0.796875 0.10781250000000009 0.796875
41 0.17031250000000003 0.365625 0.13281250000000006 0.365625 0.13281250000000006 0.4578125 0.17031250000000003 0.4578125
18 0.5515625 0.5875 0.5140625 0.5875 0.5140625 0.6765625 0.5515625 0.6765625
22 0.7859375 0.3593750000000001 0.725 0.3593750000000001 0.725 0.5640625000000001 0.7859375 0.5640625000000001
14 0.6640625000000001 0.7 0.6125 0.7 0.6125 0.796875 0.6640625000000002 0.796875
4 0.2921875 0.253125 0.2546875 0.253125 0.2546875 0.3453125 0.2921875 0.3453125
16 0.3062500000000001 0.5890625 0.2687500000000001 0.5890625 0.2687500000000001 0.678125 0.3062500000000001 0.678125
19 0.2796875000000001 0.4765625 0.24218750000000008 0.4765625 0.24218750000000008 0.56875 0.2796875000000001 0.56875
55 0.3546875000000001 0.5875 0.31718750000000007 0.5875 0.31718750000000007 0.6796875 0.3546875000000001 0.6796875
20 0.7875 0.2500000000000001 0.6984375 0.2500000000000001 0.6984375 0.3468750000000001 0.7875 0.3468750000000001
31 0.5765625 0.475 0.5375 0.475 0.5375 0.5671875 0.5765625 0.5671875
47 0.5406250000000001 0.696875 0.24218750000000008 0.696875 0.24218750000000008 0.7953125 0.5406250000000001 0.7953125
34 0.6484375 0.5875 0.6109375 0.5875 0.6109375 0.6765625 0.6484375 0.6765625
26 0.7234375 0.475 0.6875 0.475 0.6875 0.5671875 0.7234375 0.5671875
36 0.5640625 0.3656250000000001 0.5265625 0.3656250000000001 0.5265625 0.4578125 0.5640625 0.4578125
46 0.7875 0.5859375000000001 0.6640625 0.5859375 0.6640625 0.6812500000000001 0.7875 0.6812500000000001
39 0.7125 0.3656250000000001 0.675 0.3656250000000001 0.675 0.4546875 0.7125 0.4546875
33 0.503125 0.5890625 0.4640625 0.5890625 0.4640625 0.68125 0.503125 0.68125
10 0.18125000000000008 0.478125 0.14531250000000004 0.478125 0.14531250000000007 0.5671875 0.18125000000000008 0.5671875
43 0.2312500000000001 0.478125 0.19531250000000006 0.478125 0.19531250000000006 0.5671875 0.2312500000000001 0.5671875
2 0.19375000000000003 0.2546875 0.15625000000000006 0.2546875 0.15625000000000006 0.3421875 0.19375000000000003 0.3421875
50 0.7875000000000001 0.7015625000000002 0.7359375 0.7015625000000002 0.7359375000000001 0.7953125000000002 0.7875000000000002 0.7953125000000002
23 0.3312500000000001 0.478125 0.29375000000000007 0.478125 0.29375000000000007 0.5671875 0.3312500000000001 0.5671875
12 0.675 0.475 0.6375 0.475 0.6375 0.5671875 0.675 0.5671875
57 0.2562500000000001 0.5890625 0.21875000000000008 0.5890625 0.21875000000000008 0.678125 0.2562500000000001 0.678125
59 0.4171875 0.3656250000000001 0.3812500000000001 0.3656250000000001 0.3812500000000001 0.4546875 0.4171875 0.4546875
8 0.490625 0.2562500000000001 0.453125 0.2562500000000001 0.453125 0.3453125000000001 0.490625 0.3453125000000001