6 0.7265625 0.6515625 0.6453125 0.6515625 0.6453125 0.7156250000000001 0.7265625 0.7156250000000002
34 0.665625 0.21875000000000008 0.590625 0.21875000000000008 0.590625 0.2984375000000001 0.665625 0.2984375000000001
3 0.6312500000000002 0.853125 0.5468750000000002 0.853125 0.5468750000000002 0.9109375 0.6312500000000002 0.9109375
59 0.6625 0.6 0.5859375 0.6 0.5859375 0.659375 0.6625 0.659375
31 0.6921875 0.3546875000000001 0.6140625 0.3546875000000001 0.6140625 0.4234375 0.6921875 0.4234375
56 0.5312500000000002 0.8734375 0.45312500000000017 0.8734375 0.45312500000000017 0.9265625 0.5312500000000002 0.9265625
2 0.5968750000000002 0.9203125 0.5187500000000002 0.9203125 0.5187500000000002 0.9734375 0.5968750000000002 0.9734375
32 0.3140625000000001 0.940625 0.22656250000000008 0.940625 0.22656250000000008 0.9953125 0.3140625000000001 0.9953125
22 0.9015625 0.0671875000000001 0.746875 0.0671875000000001 0.746875 0.21093750000000008 0.9015625 0.21093750000000008
13 0.23593750000000008 0.8984375 0.10781250000000009 0.8984375 0.10781250000000012 0.9890625 0.23593750000000008 0.9890625
24 0.559375 0.63125 0.478125 0.63125 0.478125 0.690625 0.559375 0.690625
16 0.4218750000000001 0.7203125 0.34062500000000007 0.7203125 0.34062500000000007 0.778125 0.42187500000000017 0.778125
23 0.5265625 0.7015625 0.44375 0.7015625 0.4437500000000001 0.7609375 0.5265625000000002 0.7609375
55 0.459375 0.6484375 0.3781250000000001 0.6484375 0.3781250000000001 0.7078125 0.459375 0.7078125
36 0.759375 0.3984375000000001 0.68125 0.3984375000000001 0.68125 0.46562500000000007 0.759375 0.4656250000000002
26 0.7921875 0.1531250000000001 0.7171875 0.1531250000000001 0.7171875 0.2296875000000001 0.7921875 0.2296875000000001
46 0.7265625 0.09531250000000008 0.621875 0.09531250000000006 0.621875 0.2328125000000001 0.7265625 0.2328125000000001
4 0.6625000000000002 0.7828125 0.5812500000000002 0.7828125 0.5812500000000002 0.846875 0.6625000000000002 0.846875
51 0.6296875 0.66875 0.5546875 0.66875 0.5546875 0.725 0.6296875 0.725
39 0.85625 0.2015625000000001 0.778125 0.2015625000000001 0.778125 0.2765625000000001 0.85625 0.2765625000000001
18 0.5984375 0.3609375000000001 0.51875 0.3609375000000001 0.51875 0.4328125 0.5984375 0.4328125
33 0.565625 0.4328125 0.484375 0.4328125 0.484375 0.5 0.565625 0.5
48 0.8828125 0.3265625000000001 0.8046875 0.3265625000000001 0.8046875 0.39531250000000007 0.8828125 0.39531250000000007
12 0.7625 0.21875000000000008 0.6828125 0.21875000000000008 0.6828125 0.2953125000000001 0.7625 0.2953125000000001
19 0.49218750000000017 0.7734375 0.40937500000000016 0.7734375 0.40937500000000016 0.8296875 0.49218750000000017 0.8296875
20 0.971875 0.13750000000000012 0.86875 0.1375000000000001 0.86875 0.2750000000000001 0.971875 0.2750000000000001
8 0.7890625 0.5140625000000001 0.7078125 0.5140625 0.7078125 0.5843750000000001 0.7890625 0.5843750000000002
35 0.5296875 0.503125 0.4484375 0.503125 0.4484375 0.56875 0.5296875 0.56875
38 0.79375 0.3296875000000001 0.7140625 0.3296875000000001 0.7140625 0.40312500000000007 0.79375 0.4031250000000002
37 0.7265625 0.2843750000000001 0.6484375 0.2843750000000001 0.6484375 0.3593750000000001 0.7265625 0.3593750000000001
41 0.4968750000000002 0.9421875 0.4156250000000002 0.9421875 0.4156250000000002 0.9953125 0.4968750000000002 0.9953125
7 0.7578125 0.58125 0.6765625 0.58125 0.6765625 0.6515625 0.7578125 0.6515625000000002
28 0.6265625 0.4921875 0.5453125 0.4921875 0.5453125 0.55625 0.6265625 0.55625
15 0.496875 0.575 0.415625 0.575 0.415625 0.6375 0.496875 0.6375
25 0.59375 0.5609375 0.5125 0.5609375 0.5125 0.6234375 0.59375 0.6234375
58 0.3515625000000001 0.8671875 0.2671875000000001 0.8671875 0.2671875000000001 0.921875 0.3515625000000001 0.921875
1 0.5656250000000002 0.9875 0.48437500000000017 0.9875 0.48437500000000017 1 0.5656250000000002 1
0 0.853125 0.3890625000000001 0.771875 0.3890625000000001 0.771875 0.4593750000000002 0.853125 0.4593750000000002
9 0.8234375 0.45312500000000017 0.7421875 0.45312500000000017 0.7421875 0.5234375000000002 0.8234375 0.5234375000000002
21 0.5656250000000002 0.8046875 0.48437500000000017 0.8046875 0.48437500000000017 0.859375 0.5656250000000002 0.859375
47 0.5125000000000001 0.33281250000000007 0.209375 0.3328125 0.20937500000000003 0.8015625 0.5125000000000002 0.8015625
54 0.8265625 0.2656250000000001 0.7515625 0.2656250000000001 0.7515625 0.3375000000000001 0.8265625 0.3375000000000001
57 0.38750000000000007 0.79375 0.3031250000000001 0.79375 0.3031250000000001 0.85 0.38750000000000007 0.85
10 0.4234375000000002 0.9125 0.3390625000000001 0.9125 0.3390625000000001 0.965625 0.4234375000000002 0.965625
53 0.69375 0.5328125 0.6171875 0.5328125 0.6171875 0.5953125 0.69375 0.5953125
5 0.6937500000000001 0.7140625 0.6125 0.7140625 0.6125 0.778125 0.6937500000000002 0.778125
11 0.915625 0.26250000000000007 0.8375 0.26250000000000007 0.8375 0.3312500000000001 0.915625 0.3312500000000001
30 1 6.17107176132846e-17 0.0078125 9.567553118338697e-19 0.00781250000000006 1 1 1
29 0.659375 0.4234375 0.578125 0.4234375 0.578125 0.490625 0.659375 0.490625
40 0.63125 0.2875000000000001 0.553125 0.2875000000000001 0.553125 0.3656250000000001 0.63125 0.3656250000000001
43 0.4578125000000002 0.8421875 0.3734375000000001 0.8421875 0.3734375000000001 0.896875 0.4578125000000002 0.896875
27 0.728125 0.4671875000000001 0.65 0.4671875 0.65 0.5296875000000001 0.728125 0.5296875000000002
42 0.5968750000000002 0.7375 0.5203125000000002 0.7375 0.5203125000000002 0.79375 0.5968750000000002 0.79375