11 0.7625 0.5562500000000001 0.715625 0.55625 0.715625 0.6062500000000001 0.7625 0.6062500000000002
22 0.8953125 0.6140625000000002 0.8015625 0.6140625000000002 0.8015625 0.7390625000000002 0.8953125 0.7390625000000002
35 0.5109375000000002 0.753125 0.46093750000000017 0.753125 0.46093750000000017 0.8140625 0.5109375000000002 0.8140625
51 0.4109375 0.6203125 0.3656250000000001 0.6203125 0.3656250000000001 0.6734375 0.4109375 0.6734375
49 0.08906250000000011 0.834375 0.0125000000000001 0.834375 0.012500000000000105 0.903125 0.08906250000000011 0.903125
0 0.6546875 0.55625 0.6078125 0.55625 0.6078125 0.60625 0.6546875 0.60625
37 0.7078125000000001 0.68125 0.659375 0.68125 0.659375 0.7390625 0.7078125000000002 0.7390625
24 0.4234375000000001 0.684375 0.3750000000000001 0.684375 0.3750000000000001 0.7421875 0.4234375000000002 0.7421875
1 0.1671875000000001 0.559375 0.11718750000000008 0.559375 0.11718750000000008 0.6109375 0.1671875000000001 0.6109375
36 0.634375 0.6171875 0.5859375 0.6171875 0.5859375 0.6703125 0.634375 0.6703125
59 0.4671875 0.61875 0.4203125 0.61875 0.4203125 0.671875 0.4671875 0.671875
3 0.2765625000000001 0.5578125 0.2296875000000001 0.5578125 0.2296875000000001 0.609375 0.2765625000000001 0.609375
17 0.11250000000000009 0.5609375 0.06093750000000007 0.5609375 0.06093750000000007 0.6109375 0.11250000000000009 0.6109375
19 0.30937500000000007 0.6875 0.2593750000000001 0.6875 0.2593750000000001 0.7453125 0.30937500000000007 0.7453125
23 0.3671875000000001 0.6859375 0.31718750000000007 0.6859375 0.31718750000000007 0.74375 0.3671875000000001 0.74375
55 0.39531250000000007 0.7546875 0.3437500000000001 0.7546875 0.3437500000000001 0.815625 0.39531250000000007 0.815625
26 0.821875 0.6812500000000001 0.7703125 0.6812500000000001 0.7703125000000001 0.7375000000000002 0.821875 0.7375000000000002
42 0.35625000000000007 0.6203125 0.30937500000000007 0.6203125 0.30937500000000007 0.6734375 0.35625000000000007 0.6734375
41 0.18750000000000008 0.621875 0.1359375000000001 0.621875 0.1359375000000001 0.675 0.18750000000000008 0.675
54 0.74375 0.6171875000000001 0.69375 0.6171875 0.69375 0.6718750000000001 0.74375 0.6718750000000002
52 0.1312500000000001 0.6234375 0.050000000000000065 0.6234375 0.05000000000000008 0.6765625 0.1312500000000001 0.6765625
57 0.2765625000000001 0.75625 0.2234375000000001 0.75625 0.2234375000000001 0.81875 0.2765625000000001 0.81875
15 0.45312500000000017 0.7546875 0.4031250000000002 0.7546875 0.4031250000000002 0.815625 0.45312500000000017 0.815625
27 0.5765625 0.61875 0.53125 0.61875 0.53125 0.671875 0.5765625 0.671875
16 0.3343750000000001 0.75625 0.2828125000000001 0.75625 0.2828125000000001 0.815625 0.3343750000000001 0.815625
28 0.5375000000000001 0.684375 0.4890625 0.684375 0.48906250000000007 0.7421875 0.5375000000000002 0.7421875
12 0.7656250000000001 0.6828125 0.7140625 0.6828125 0.7140625 0.7390625000000001 0.7656250000000002 0.7390625000000002
32 0.15781250000000008 0.759375 0.10156250000000008 0.759375 0.10156250000000008 0.821875 0.15781250000000008 0.821875
34 0.7437500000000001 0.7515625000000001 0.6921875000000002 0.7515625 0.6921875000000002 0.809375 0.7437500000000001 0.809375
50 0.8 0.8234375 0.7437500000000001 0.8234375 0.7437500000000001 0.8890625 0.8 0.8890625
46 0.846875 0.7500000000000002 0.7484375000000002 0.7500000000000002 0.7484375000000002 0.8109375 0.846875 0.8109375
25 0.48125000000000007 0.684375 0.4328125 0.684375 0.4328125000000001 0.740625 0.4812500000000002 0.740625
56 0.24375000000000008 0.6203125 0.1937500000000001 0.6203125 0.1937500000000001 0.675 0.24375000000000008 0.675
29 0.5953125000000001 0.6828125 0.5453125 0.6828125 0.5453125000000001 0.740625 0.5953125000000001 0.740625
44 0.0984375000000001 0.7578125 0.025000000000000088 0.7578125 0.025000000000000095 0.8234375 0.09843750000000011 0.8234375
9 0.6015625 0.5578125 0.55625 0.5578125 0.55625 0.6078125 0.6015625 0.6078125
8 0.5484375 0.5578125 0.5015625 0.5578125 0.5015625 0.6078125 0.5484375 0.6078125
7 0.49375 0.5578125 0.4484375 0.5578125 0.4484375 0.60625 0.49375 0.60625
43 0.2531250000000001 0.6875 0.2015625000000001 0.6875 0.2015625000000001 0.7453125 0.2531250000000001 0.7453125
10 0.1937500000000001 0.6875 0.14218750000000008 0.6875 0.14218750000000008 0.7453125 0.1937500000000001 0.7453125
30 0.9828125 0.4921875000000001 0.012500000000000061 0.4921875 0.012500000000000086 0.9203125 0.9828125 0.9203125
48 0.709375 0.5578125 0.6625 0.5578125 0.6625 0.6078125 0.709375 0.6078125
39 0.796875 0.6171875000000002 0.7484375 0.6171875000000002 0.7484375 0.6703125000000002 0.796875 0.6703125000000002
53 0.5234375 0.61875 0.475 0.61875 0.475 0.671875 0.5234375 0.671875
58 0.2171875000000001 0.7578125 0.1625000000000001 0.7578125 0.1625000000000001 0.81875 0.2171875000000001 0.81875
31 0.6515625 0.6828125 0.603125 0.6828125 0.6031250000000001 0.7390625 0.6515625000000002 0.7390625
38 0.6890625 0.61875 0.640625 0.61875 0.640625 0.6703125 0.6890625 0.6703125
20 0.86875 0.5546875000000002 0.7671875 0.5546875000000002 0.7671875 0.6062500000000002 0.86875 0.6062500000000002
40 0.6875000000000002 0.7515625 0.6343750000000001 0.7515625 0.6343750000000001 0.8109375 0.6875000000000002 0.8109375
45 0.1375000000000001 0.6890625 0.03750000000000009 0.6890625 0.03750000000000009 0.7484375 0.1375000000000001 0.7484375
2 0.2218750000000001 0.559375 0.17343750000000008 0.559375 0.17343750000000008 0.6109375 0.2218750000000001 0.6109375
4 0.3312500000000001 0.559375 0.28593750000000007 0.559375 0.28593750000000007 0.609375 0.3312500000000001 0.609375
5 0.3859375000000001 0.559375 0.34062500000000007 0.559375 0.34062500000000007 0.609375 0.3859375000000001 0.609375
47 0.6218750000000002 0.825 0.24375000000000008 0.825 0.24375000000000008 0.896875 0.6218750000000002 0.896875
13 0.24218750000000008 0.8328125 0.1671875000000001 0.8328125 0.1671875000000001 0.9015625 0.24218750000000008 0.9015625
18 0.6281250000000002 0.7515625 0.5765625000000002 0.7515625 0.5765625000000002 0.8125 0.6281250000000002 0.8125
33 0.5687500000000002 0.7515625 0.5187500000000002 0.7515625 0.5187500000000002 0.8140625 0.5687500000000002 0.8140625
14 0.6796875000000002 0.825 0.6250000000000002 0.825 0.6250000000000002 0.8921875 0.6796875000000002 0.8921875
21 0.3031250000000001 0.625 0.2531250000000001 0.625 0.2531250000000001 0.678125 0.3031250000000001 0.678125
30 0.7734375 0.10781250000000006 0.2015625 0.10781250000000005 0.2015625 0.32031250000000006 0.7734375 0.3203125000000001
6 0.440625 0.5609375 0.39531250000000007 0.5609375 0.39531250000000007 0.6109375 0.440625 0.6109375