30 0.8875 5.43437017121638e-17 0 0 6.123233995736766e-17 1 0.8875 1
34 0.16093750000000007 0.5203125 6.371990376813572e-17 0.5203125 7.252205263700732e-17 0.6640625 0.1609375000000001 0.6640625
11 0.39375 0.13750000000000004 0.246875 0.13750000000000004 0.246875 0.23125000000000004 0.39375 0.2312500000000001
22 0.6796875 0.2765625000000001 0.4484375 0.2765625000000001 0.4484375 0.5546875 0.6796875 0.5546875
37 0.12968750000000004 0.3625 0.0015625000000000443 0.3625 0.0015625000000000523 0.4953125 0.12968750000000004 0.4953125
38 0.14218750000000005 0.23125 2.8319957230282545e-17 0.23125 3.5208595475486407e-17 0.34375 0.14218750000000005 0.34375
12 0.27812500000000007 0.3765625 0.11250000000000004 0.3765625 0.11250000000000004 0.5203125 0.27812500000000007 0.5203125
0 0.11093750000000002 0.109375 0.001562500000000013 0.109375 0.0015625000000000192 0.203125 0.11093750000000005 0.203125
54 0.290625 0.2453125 0.12500000000000006 0.2453125 0.12500000000000006 0.3671875 0.2906250000000001 0.3671875
26 0.453125 0.40625 0.2875000000000001 0.40625 0.2875000000000001 0.528125 0.453125 0.528125
50 0.2375000000000001 0.70625 0.03593750000000009 0.70625 0.0359375000000001 0.86875 0.2375000000000001 0.86875
46 0.453125 0.5390625 0.13437500000000005 0.5390625 0.13437500000000008 0.71875 0.453125 0.71875
48 0.25 0.12500000000000003 0.103125 0.125 0.10312500000000002 0.21875 0.25 0.21875
39 0.44375 0.26406250000000003 0.2875 0.2640625 0.28750000000000003 0.38593750000000004 0.44375 0.3859375000000001
20 0.6984375 0.14843750000000006 0.3953125 0.14843750000000006 0.3953125 0.27031250000000007 0.6984375 0.27031250000000007