11 0.628125 0.2656250000000001 0.58125 0.2656250000000001 0.58125 0.37968750000000007 0.628125 0.37968750000000007
15 0.27031250000000007 0.6921875 0.2218750000000001 0.6921875 0.2218750000000001 0.8109375 0.27031250000000007 0.8109375
21 0.09531250000000005 0.4046875 0.04843750000000004 0.4046875 0.04843750000000006 0.5234375 0.09531250000000006 0.5234375
30 1 0.012500000000000061 1.5308084989341916e-18 0.0125 6.199774420683476e-17 1 1 1
25 0.3000000000000001 0.553125 0.2531250000000001 0.553125 0.2531250000000001 0.6671875 0.3000000000000001 0.6671875
29 0.425 0.5484375 0.3781250000000001 0.5484375 0.3781250000000001 0.6671875 0.425 0.6671875
53 0.34843750000000007 0.409375 0.30156250000000007 0.409375 0.30156250000000007 0.5234375 0.34843750000000007 0.5234375
54 0.5984375 0.4078125 0.5515625 0.4078125 0.5515625 0.5265625 0.5984375 0.5265625
37 0.5515625 0.553125 0.5046875 0.553125 0.5046875 0.6671875 0.5515625 0.6671875
35 0.33281250000000007 0.6921875 0.2828125000000001 0.6921875 0.2828125000000001 0.8109375 0.33281250000000007 0.8109375
51 0.2218750000000001 0.409375 0.17500000000000004 0.409375 0.17500000000000004 0.5234375 0.2218750000000001 0.5234375
28 0.36406250000000007 0.553125 0.31718750000000007 0.553125 0.31718750000000007 0.6671875 0.36406250000000007 0.6671875
58 0.01718750000000009 0.696875 0.0015625000000000853 0.696875 0.0015625000000000922 0.8109375 0.0171875000000001 0.8109375
9 0.440625 0.2687500000000001 0.39375 0.2687500000000001 0.39375000000000004 0.3828125000000001 0.440625 0.3828125000000001
42 0.15937500000000004 0.409375 0.11250000000000004 0.409375 0.11250000000000004 0.5234375 0.15937500000000004 0.5234375
0 0.5046875 0.2640625000000001 0.45625 0.2640625000000001 0.45625 0.3828125000000001 0.5046875 0.3828125000000001
27 0.4109375 0.409375 0.36406250000000007 0.409375 0.36406250000000007 0.5234375 0.4109375 0.5234375
7 0.31562500000000004 0.26875 0.26875 0.26875 0.26875000000000004 0.3828125 0.3156250000000001 0.3828125
3 0.06406250000000004 0.2640625 0.015625000000000035 0.2640625 0.015625000000000038 0.3828125 0.06406250000000005 0.3828125
56 0.03281250000000006 0.4078125 4.9942627277728e-17 0.4078125 5.692694105411524e-17 0.521875 0.032812500000000064 0.521875
48 0.5671875 0.2687500000000001 0.5203125 0.2687500000000001 0.5203125 0.3828125000000001 0.5671875 0.3828125000000001
38 0.534375 0.409375 0.490625 0.409375 0.490625 0.5234375 0.534375 0.5234375
24 0.2375000000000001 0.553125 0.18906250000000008 0.553125 0.18906250000000008 0.6671875 0.2375000000000001 0.6671875
6 0.25312500000000004 0.2640625 0.2046875 0.2640625 0.20468750000000005 0.3828125 0.2531250000000001 0.3828125
5 0.18906250000000005 0.2640625 0.14218750000000005 0.2640625 0.14218750000000005 0.3828125 0.18906250000000005 0.3828125
40 0.51875 0.69375 0.471875 0.69375 0.4718750000000001 0.8078125 0.5187500000000002 0.8078125
18 0.4562500000000001 0.69375 0.409375 0.69375 0.4093750000000001 0.8078125 0.45625000000000016 0.8078125
22 0.7546875 0.4015625000000001 0.678125 0.4015625 0.678125 0.6640625000000001 0.7546875 0.6640625000000002
14 0.5984375000000002 0.8359375 0.5328125000000001 0.8359375 0.5328125000000001 0.9609375 0.5984375000000002 0.9609375
4 0.12656250000000005 0.2640625 0.07968750000000002 0.2640625 0.07968750000000004 0.3828125 0.12656250000000005 0.3828125
16 0.1437500000000001 0.696875 0.09687500000000009 0.696875 0.09687500000000009 0.8109375 0.1437500000000001 0.8109375
19 0.11093750000000009 0.5515625 0.06406250000000006 0.5515625 0.06406250000000008 0.6703125 0.11093750000000009 0.6703125
55 0.2078125000000001 0.6921875 0.1593750000000001 0.6921875 0.1593750000000001 0.8109375 0.2078125000000001 0.8109375
20 0.75625 0.2609375000000001 0.64375 0.2609375000000001 0.64375 0.3859375000000001 0.75625 0.3859375000000001
31 0.4875 0.5484375 0.4390625 0.5484375 0.4390625 0.6671875 0.4875 0.6671875
47 0.4437500000000002 0.8328125 0.06250000000000011 0.8328125 0.06250000000000011 0.9609375 0.4437500000000002 0.9609375
34 0.58125 0.69375 0.5328125 0.69375 0.5328125000000001 0.8078125 0.5812500000000002 0.8078125
26 0.6765625 0.5484375 0.6296875 0.5484375 0.6296875 0.6671875 0.6765625 0.6671875
36 0.471875 0.4078125 0.425 0.4078125 0.425 0.5265625 0.471875 0.5265625
46 0.7562500000000001 0.6921875000000001 0.6 0.6921875 0.6000000000000001 0.8140625 0.7562500000000002 0.8140625
39 0.659375 0.409375 0.6125 0.409375 0.6125 0.5234375 0.659375 0.5234375
33 0.39531250000000007 0.6953125 0.3468750000000001 0.6953125 0.3468750000000001 0.8140625 0.39531250000000007 0.8140625
43 0.05000000000000008 0.553125 0.003125000000000068 0.553125 0.0031250000000000748 0.6671875 0.050000000000000086 0.6671875
50 0.7562500000000002 0.8390625 0.6906250000000002 0.8390625 0.6906250000000002 0.9609375 0.7562500000000002 0.9609375
23 0.1750000000000001 0.553125 0.1281250000000001 0.553125 0.1281250000000001 0.6671875 0.1750000000000001 0.6671875
12 0.6140625 0.5484375 0.565625 0.5484375 0.565625 0.6671875 0.6140625 0.6671875
57 0.08125000000000009 0.696875 0.034375000000000086 0.696875 0.03437500000000009 0.8109375 0.08125000000000009 0.8109375
59 0.28593750000000007 0.409375 0.2390625000000001 0.409375 0.2390625000000001 0.5234375 0.28593750000000007 0.5234375
8 0.37812500000000004 0.26875000000000004 0.33125 0.26875 0.33125000000000004 0.38281250000000006 0.3781250000000001 0.3828125000000001