6 0.34843750000000007 0.690625 0.2671875000000001 0.690625 0.2671875000000001 0.75625 0.34843750000000007 0.75625
34 0.403125 0.25468750000000007 0.3265625 0.2546875 0.3265625 0.33593750000000006 0.403125 0.3359375000000001
3 0.4468750000000002 0.89375 0.3625000000000001 0.89375 0.3625000000000001 0.9515625 0.4468750000000002 0.9515625
59 0.4078125 0.6390625 0.3296875000000001 0.6390625 0.3296875000000001 0.6984375 0.4078125 0.6984375
31 0.37968750000000007 0.39375000000000004 0.30156250000000007 0.39375 0.30156250000000007 0.4625 0.37968750000000007 0.4625
56 0.5421875000000002 0.9140625 0.46406250000000016 0.9140625 0.46406250000000016 0.9671875 0.5421875000000002 0.9671875
2 0.4750000000000002 0.9609375 0.3968750000000001 0.9609375 0.3968750000000001 1 0.4750000000000002 1
32 0.7687500000000002 0.9796875 0.6796875000000002 0.9796875 0.6796875000000002 1 0.7687500000000002 1
22 0.246875 0.10468750000000002 0.09062500000000002 0.1046875 0.09062500000000002 0.2484375 0.246875 0.2484375
13 0.8890625 0.9375 0.7593750000000001 0.9375 0.7593750000000001 1 0.8890625 1
24 0.5171875000000001 0.6703125 0.434375 0.6703125 0.43437500000000007 0.73125 0.5171875000000001 0.73125
16 0.6546875000000002 0.759375 0.5718750000000001 0.759375 0.5718750000000001 0.8171875 0.6546875000000002 0.8171875
23 0.5515625000000002 0.740625 0.4671875000000002 0.740625 0.4671875000000002 0.8 0.5515625000000002 0.8
55 0.6171875000000001 0.6875 0.534375 0.6875 0.534375 0.746875 0.6171875000000002 0.746875
36 0.3109375000000001 0.4359375 0.2328125000000001 0.4359375 0.2328125000000001 0.503125 0.3109375000000001 0.503125
26 0.2765625 0.18906250000000005 0.2015625 0.18906250000000005 0.2015625 0.2671875 0.2765625 0.2671875
46 0.371875 0.13281250000000006 0.265625 0.13281250000000006 0.265625 0.27031250000000007 0.371875 0.27031250000000007
4 0.4125000000000002 0.821875 0.3312500000000001 0.821875 0.3312500000000001 0.8875 0.4125000000000002 0.8875
51 0.4390625000000001 0.709375 0.36406250000000007 0.709375 0.36406250000000007 0.765625 0.4390625000000002 0.765625
39 0.2140625 0.2390625 0.13593750000000004 0.2390625 0.13593750000000004 0.3140625 0.2140625 0.3140625
18 0.475 0.3984375000000001 0.39531250000000007 0.3984375000000001 0.39531250000000007 0.4703125 0.475 0.4703125
33 0.5109375 0.471875 0.4296875 0.471875 0.4296875 0.5390625 0.5109375 0.5390625
48 0.18906250000000005 0.3640625 0.11093750000000005 0.3640625 0.11093750000000005 0.4328125 0.18906250000000005 0.4328125
12 0.3109375 0.2546875 0.23125 0.2546875 0.23125 0.3328125 0.3109375 0.3328125
19 0.5859375000000002 0.8125 0.5015625000000001 0.8125 0.5015625000000001 0.86875 0.5859375000000002 0.86875
20 0.12343750000000002 0.175 0.02031250000000002 0.175 0.020312500000000032 0.3125 0.12343750000000005 0.3125
8 0.2843750000000001 0.5515625 0.20312500000000008 0.5515625 0.20312500000000008 0.6234375 0.2843750000000001 0.6234375
35 0.546875 0.5421875 0.4640625 0.5421875 0.4640625 0.6078125 0.546875 0.6078125
38 0.27812500000000007 0.3671875 0.19843750000000004 0.3671875 0.19843750000000004 0.440625 0.27812500000000007 0.440625
37 0.34375000000000006 0.3234375 0.265625 0.3234375 0.26562500000000006 0.3984375 0.3437500000000001 0.3984375
41 0.5781250000000002 0.98125 0.4968750000000002 0.98125 0.4968750000000002 1 0.5781250000000002 1
7 0.31718750000000007 0.6203125 0.23593750000000008 0.6203125 0.23593750000000008 0.6921875 0.31718750000000007 0.6921875
28 0.45 0.53125 0.3671875000000001 0.53125 0.3671875000000001 0.5953125 0.45 0.5953125
15 0.5796875 0.6140625 0.4984375 0.6140625 0.4984375 0.6765625 0.5796875 0.6765625
25 0.48125 0.6 0.4 0.6 0.4 0.6625 0.48125 0.6625
58 0.7296875000000002 0.90625 0.6453125000000002 0.90625 0.6453125000000002 0.9609375 0.7296875000000002 0.9609375
0 0.22031250000000008 0.4265625 0.13906250000000003 0.4265625 0.13906250000000003 0.4984375 0.22031250000000008 0.4984375
9 0.2515625000000001 0.490625 0.17031250000000003 0.490625 0.17031250000000006 0.5625 0.2515625000000001 0.5625
21 0.5109375000000002 0.8453125 0.42968750000000017 0.8453125 0.42968750000000017 0.9015625 0.5109375000000002 0.9015625
47 0.7875000000000001 0.3703125000000001 0.48125 0.3703125000000001 0.48125000000000007 0.8421875 0.7875000000000002 0.8421875
54 0.24218750000000006 0.3046875 0.16718750000000004 0.3046875 0.16718750000000004 0.3765625 0.24218750000000008 0.3765625
57 0.6921875000000002 0.834375 0.6078125000000002 0.834375 0.6078125000000002 0.890625 0.6921875000000002 0.890625
10 0.6562500000000002 0.953125 0.5718750000000001 0.953125 0.5718750000000001 1 0.6562500000000002 1
53 0.3765625000000001 0.571875 0.2984375000000001 0.571875 0.2984375000000001 0.634375 0.3765625000000001 0.634375
5 0.3812500000000001 0.753125 0.3000000000000001 0.753125 0.3000000000000001 0.81875 0.3812500000000001 0.81875
11 0.15468750000000003 0.3015625 0.07656250000000005 0.3015625 0.07656250000000005 0.3703125 0.15468750000000003 0.3703125
30 0.9890625 6.056261123908395e-17 0 0 6.123233995736766e-17 1 0.9890625 1
29 0.415625 0.4609375 0.3343750000000001 0.4609375 0.3343750000000001 0.528125 0.415625 0.528125
40 0.440625 0.32500000000000007 0.3625 0.325 0.36250000000000004 0.403125 0.440625 0.403125
43 0.6218750000000002 0.88125 0.5375000000000002 0.88125 0.5375000000000002 0.9375 0.6218750000000002 0.9375
27 0.3437500000000001 0.50625 0.2656250000000001 0.50625 0.2656250000000001 0.56875 0.3437500000000001 0.56875
42 0.4750000000000002 0.7765625 0.3968750000000001 0.7765625 0.3968750000000001 0.8328125 0.4750000000000002 0.8328125