18 0.65625 0.3750000000000001 0.59375 0.3750000000000001 0.59375 0.41875 0.65625 0.41875
29 0.58125 0.4046875 0.51875 0.4046875 0.51875 0.4484375 0.58125 0.4484375
56 0.5078125000000002 0.7609375 0.44531250000000017 0.7609375 0.44531250000000017 0.8046875 0.5078125000000002 0.8046875
17 0.4312500000000002 0.90625 0.37187500000000007 0.90625 0.37187500000000007 0.95 0.4312500000000002 0.95
23 0.5828125 0.63125 0.5203125 0.63125 0.5203125 0.675 0.5828125 0.675
52 0.5078125000000002 0.8734375 0.44531250000000017 0.8734375 0.44531250000000017 0.946875 0.5078125000000002 0.946875
38 0.5078125 0.3031250000000001 0.44375 0.3031250000000001 0.44375 0.3468750000000001 0.5078125 0.3468750000000001
33 0.6546875 0.43125 0.5921875 0.43125 0.5921875 0.475 0.6546875 0.475
34 0.6546875 0.2609375000000001 0.5953125 0.2609375000000001 0.5953125 0.3046875000000001 0.6546875 0.3046875000000001
16 0.6578125 0.6609375 0.5953125 0.6609375 0.5953125 0.7046875 0.6578125 0.7046875
39 0.5046875 0.19062500000000004 0.4421875 0.19062500000000004 0.4421875 0.23437500000000008 0.5046875 0.23437500000000008
21 0.5078125000000001 0.703125 0.4453125 0.703125 0.4453125000000001 0.746875 0.5078125000000002 0.746875
10 0.5843750000000002 0.803125 0.5218750000000002 0.803125 0.5218750000000002 0.846875 0.5843750000000002 0.846875
37 0.5796875 0.2906250000000001 0.5171875 0.2906250000000001 0.5171875 0.3343750000000001 0.5796875 0.3343750000000001
49 0.7359375000000001 0.8875 0.6703125000000002 0.8875 0.6703125000000002 0.95 0.7359375000000001 0.95
22 0.5828125 0.10468750000000007 0.4421875 0.10468750000000004 0.4421875 0.17812500000000006 0.5828125 0.1781250000000001
28 0.58125 0.4609375 0.51875 0.4609375 0.51875 0.5046875 0.58125 0.5046875
26 0.578125 0.17968750000000006 0.51875 0.17968750000000006 0.51875 0.2218750000000001 0.578125 0.2218750000000001
46 0.653125 0.1609375000000001 0.590625 0.1609375000000001 0.590625 0.2484375000000001 0.653125 0.2484375000000001
20 0.428125 0.10468750000000004 0.36875 0.10468750000000004 0.36875 0.2062500000000001 0.428125 0.2062500000000001
43 0.5843750000000002 0.746875 0.5218750000000002 0.746875 0.5218750000000002 0.790625 0.5843750000000002 0.790625
3 0.4343750000000002 0.734375 0.3687500000000001 0.734375 0.3687500000000001 0.778125 0.4343750000000002 0.778125
4 0.434375 0.6765625 0.3687500000000001 0.6765625 0.3687500000000001 0.7203125 0.434375 0.7203125
11 0.4296875 0.21875000000000008 0.3671875 0.21875000000000008 0.3671875 0.26250000000000007 0.4296875 0.26250000000000007
9 0.434375 0.3890625000000001 0.3703125000000001 0.3890625000000001 0.3703125000000001 0.4359375 0.434375 0.4359375
44 0.6593750000000002 0.890625 0.5968750000000002 0.890625 0.5968750000000002 0.95 0.6593750000000002 0.95
30 0.7671875000000001 0.029687500000000068 0.3390625 0.029687500000000044 0.33906250000000004 0.9671875 0.7671875000000001 0.9671875
41 0.5078125000000002 0.8171875 0.44531250000000017 0.8171875 0.44531250000000017 0.8609375 0.5078125000000002 0.8609375
1 0.43281250000000016 0.85 0.3703125000000001 0.85 0.3703125000000001 0.8921875 0.43281250000000016 0.8921875
13 0.7406250000000002 0.8125 0.6750000000000002 0.8125 0.6750000000000002 0.875 0.7406250000000002 0.875
40 0.65625 0.3187500000000001 0.59375 0.3187500000000001 0.59375 0.3625000000000001 0.65625 0.3625000000000001
55 0.6578125 0.603125 0.5953125 0.603125 0.5953125 0.6484375 0.6578125 0.6484375
8 0.434375 0.446875 0.3687500000000001 0.446875 0.3687500000000001 0.4953125 0.434375 0.4953125
6 0.4328125 0.559375 0.3687500000000001 0.559375 0.3687500000000001 0.60625 0.4328125 0.60625
32 0.6593750000000002 0.83125 0.5968750000000002 0.83125 0.5968750000000002 0.8765625 0.6593750000000002 0.8765625
54 0.50625 0.2484375000000001 0.44375 0.2484375000000001 0.44375 0.2921875000000001 0.50625 0.2921875000000001
0 0.43125 0.3312500000000001 0.36875 0.3312500000000001 0.36875 0.3781250000000001 0.43125 0.3781250000000001
45 0.5843750000000002 0.859375 0.5203125000000002 0.859375 0.5203125000000002 0.946875 0.5843750000000002 0.946875
47 0.7375 0.3843750000000001 0.66875 0.3843750000000001 0.6687500000000001 0.7375 0.7375000000000002 0.7375000000000002
36 0.50625 0.3625000000000001 0.44375 0.3625000000000001 0.44375 0.40625 0.50625 0.40625
2 0.4312500000000002 0.790625 0.3687500000000001 0.790625 0.3687500000000001 0.834375 0.4312500000000002 0.834375
58 0.6593750000000002 0.775 0.5968750000000002 0.775 0.5968750000000002 0.81875 0.6593750000000002 0.81875
53 0.50625 0.475 0.4453125 0.475 0.4453125 0.51875 0.50625 0.51875
51 0.50625 0.5890625 0.4453125 0.5890625 0.4453125 0.6328125 0.50625 0.6328125
5 0.434375 0.61875 0.3687500000000001 0.61875 0.3687500000000001 0.6640625 0.434375 0.6640625
31 0.58125 0.34843750000000007 0.51875 0.34843750000000007 0.51875 0.3921875000000001 0.58125 0.3921875000000001
59 0.50625 0.5328125 0.4453125 0.5328125 0.4453125 0.5765625 0.50625 0.5765625
42 0.50625 0.6453125 0.4453125 0.6453125 0.4453125 0.6890625 0.50625 0.6890625
57 0.659375 0.71875 0.596875 0.71875 0.596875 0.7625 0.6593750000000002 0.7625
15 0.65625 0.5453125 0.59375 0.5453125 0.59375 0.5890625 0.65625 0.5890625
35 0.65625 0.4890625 0.59375 0.4890625 0.59375 0.5328125 0.65625 0.5328125
7 0.4328125 0.503125 0.3703125000000001 0.503125 0.3703125000000001 0.55 0.4328125 0.55
19 0.5828125000000001 0.6890625 0.5203125 0.6890625 0.5203125000000001 0.7328125 0.5828125000000002 0.7328125
24 0.58125 0.575 0.51875 0.575 0.51875 0.61875 0.58125 0.61875
27 0.5046875 0.4203125 0.4453125 0.4203125 0.4453125 0.4625 0.5046875 0.4625
12 0.5796875 0.23437500000000008 0.5171875 0.23437500000000008 0.5171875 0.27812500000000007 0.5796875 0.27812500000000007
48 0.43125 0.2734375000000001 0.36875 0.2734375000000001 0.36875 0.31718750000000007 0.43125 0.31718750000000007
25 0.58125 0.5171875 0.51875 0.5171875 0.51875 0.5609375 0.58125 0.5609375