30 0.9828125 0.14687500000000006 0.010937500000000017 0.146875 0.010937500000000069 1 0.9828125 1
34 0.4937500000000002 0.8296875 0.3593750000000001 0.8296875 0.3593750000000001 1 0.4937500000000002 1
11 0.853125 0.6109375000000001 0.765625 0.6109375000000001 0.7656250000000001 0.7500000000000002 0.853125 0.7500000000000002
22 0.7234375 0.3421875000000001 0.4609375 0.3421875000000001 0.4609375 0.5609375 0.7234375 0.5609375
37 0.6421875000000001 0.859375 0.5171875000000001 0.859375 0.5171875000000001 1 0.6421875000000001 1
38 0.7656250000000002 0.846875 0.6593750000000002 0.846875 0.6593750000000002 1 0.7656250000000002 1
12 0.628125 0.71875 0.49375 0.71875 0.4937500000000001 0.875 0.6281250000000002 0.875
0 0.8796875 0.8765625 0.7921875000000002 0.8765625 0.7921875000000002 1 0.8796875 1
54 0.753125 0.7078125000000001 0.6375 0.7078125 0.6375000000000001 0.8640625 0.7531250000000002 0.8640625
26 0.6015625 0.55625 0.4859375 0.55625 0.4859375 0.7125 0.6015625 0.7125
50 0.3203125000000001 0.7578125 0.1671875000000001 0.7578125 0.1671875000000001 0.946875 0.3203125000000001 0.946875
46 0.4765625000000001 0.55625 0.3078125000000001 0.55625 0.3078125000000001 0.85625 0.47656250000000017 0.85625
48 0.865625 0.7453125000000002 0.7781250000000002 0.7453125000000002 0.7781250000000002 0.884375 0.865625 0.884375
39 0.734375 0.5640625000000001 0.61875 0.5640625 0.61875 0.7109375000000001 0.734375 0.7109375000000002
20 0.8421875 0.32500000000000007 0.7296875 0.32500000000000007 0.7296875 0.6093750000000002 0.8421875 0.6093750000000002