27 0.6859375 0.428125 0.6203125 0.428125 0.6203125 0.459375 0.6859375 0.459375
49 0.928125 0.8421875 0.85625 0.8421875 0.85625 0.8984375 0.928125 0.8984375
59 0.6859375 0.5125 0.6203125 0.5125 0.6203125 0.546875 0.6859375 0.546875
47 0.9328125 0.40625000000000017 0.8578125 0.40625000000000017 0.8578125 0.5468750000000002 0.9328125 0.5468750000000002
2 0.6046875000000002 0.7765625 0.5421875000000002 0.7765625 0.5421875000000002 0.8078125 0.6046875000000002 0.8078125
4 0.60625 0.690625 0.540625 0.690625 0.540625 0.721875 0.60625 0.721875
1 0.6062500000000002 0.8203125 0.5437500000000002 0.8203125 0.5437500000000002 0.8515625 0.6062500000000002 0.8515625
7 0.6078125 0.4921875 0.5390625 0.4921875 0.5390625 0.528125 0.6078125 0.528125
8 0.6109375 0.446875 0.5421875 0.446875 0.5421875 0.48125 0.6109375 0.48125
16 0.8421875 0.6812500000000001 0.7765625 0.6812500000000001 0.7765625 0.7140625000000002 0.8421875 0.7140625000000002
58 0.8421875 0.7687500000000002 0.7765625000000002 0.7687500000000002 0.7765625000000002 0.8 0.8421875 0.8
31 0.7640625 0.3750000000000001 0.6984375 0.3750000000000001 0.6984375 0.4062500000000001 0.7640625 0.40625000000000017
21 0.6828125 0.7125 0.6171875 0.7125 0.6171875000000001 0.74375 0.6828125000000002 0.74375
43 0.7609375000000002 0.7468750000000001 0.6984375000000002 0.746875 0.6984375000000002 0.7781250000000001 0.7609375000000002 0.7781250000000002
35 0.8421875 0.4812500000000002 0.7765625 0.4812500000000002 0.7765625 0.5156250000000002 0.8421875 0.5156250000000002
23 0.7625 0.6609375000000001 0.696875 0.6609375 0.696875 0.6921875000000001 0.7625 0.6921875000000002
44 0.8421875 0.8546875 0.7765625000000002 0.8546875 0.7765625000000002 0.896875 0.8421875 0.896875
46 0.8453125 0.2390625000000001 0.7796875 0.2390625000000001 0.7796875 0.30156250000000007 0.8453125 0.30156250000000007
17 0.6062500000000002 0.8625 0.5406250000000001 0.8625 0.5406250000000001 0.89375 0.6062500000000002 0.89375
29 0.7640625 0.4171875000000001 0.6984375 0.4171875 0.6984375 0.45000000000000007 0.7640625 0.4500000000000002
56 0.6812500000000001 0.75625 0.6187500000000001 0.75625 0.6187500000000001 0.7875 0.6812500000000001 0.7875
48 0.6109375 0.3203125000000001 0.5421875 0.3203125000000001 0.5421875 0.3546875000000001 0.6109375 0.3546875000000001
6 0.60625 0.603125 0.5390625 0.603125 0.5390625 0.6375 0.60625 0.6375
45 0.7640625000000002 0.8421875 0.6984375000000002 0.8421875 0.6984375000000002 0.8953125 0.7640625000000002 0.8953125
30 0.978125 0.13437500000000008 0.41875 0.13437500000000005 0.41875 0.5562500000000001 0.978125 0.5562500000000001
30 0.9765625 0.5781250000000001 0.4171875 0.578125 0.4171875000000001 1 0.9765625 1
50 0.928125 0.2875000000000001 0.859375 0.2875000000000001 0.859375 0.3453125000000001 0.928125 0.3453125000000001
20 0.6046875 0.19687500000000008 0.5421875 0.19687500000000005 0.5421875 0.2718750000000001 0.6046875 0.2718750000000001
57 0.840625 0.7265625000000002 0.7750000000000001 0.7265625000000002 0.7750000000000001 0.7578125000000002 0.840625 0.7578125000000002
10 0.7609375000000002 0.7906250000000001 0.6953125000000002 0.790625 0.6953125000000002 0.8203125 0.7609375000000002 0.8203125
52 0.6843750000000002 0.8421875 0.6187500000000001 0.8421875 0.6187500000000001 0.89375 0.6843750000000002 0.89375
0 0.6109375 0.3625000000000001 0.5421875 0.3625000000000001 0.5421875 0.39531250000000007 0.6109375 0.39531250000000007
55 0.8421875 0.6375000000000002 0.7765625 0.6375000000000002 0.7765625 0.6703125000000002 0.8421875 0.6703125000000002
18 0.8453125 0.39531250000000007 0.7765625 0.39531250000000007 0.7765625 0.42968750000000017 0.8453125 0.42968750000000017
3 0.6078125000000002 0.7328125 0.5421875000000002 0.7328125 0.5421875000000002 0.765625 0.6078125000000002 0.765625
41 0.6843750000000002 0.7984375 0.6187500000000001 0.7984375 0.6187500000000001 0.8296875 0.6843750000000002 0.8296875
24 0.765625 0.6140625000000001 0.7 0.6140625 0.7 0.6468750000000001 0.765625 0.6468750000000002
33 0.8453125 0.43750000000000017 0.7765625 0.43750000000000017 0.7765625 0.47187500000000016 0.8453125 0.47187500000000016
32 0.8421875 0.8109375 0.7765625000000002 0.8109375 0.7765625000000002 0.8421875 0.8421875 0.8421875
11 0.6046875 0.2812500000000001 0.5421875 0.2812500000000001 0.5421875 0.3125000000000001 0.6046875 0.3125000000000001
51 0.684375 0.625 0.6171875 0.625 0.6171875 0.659375 0.684375 0.659375
40 0.84375 0.3531250000000001 0.778125 0.3531250000000001 0.778125 0.3859375000000001 0.84375 0.3859375000000001
54 0.684375 0.30156250000000007 0.621875 0.30156250000000007 0.621875 0.33281250000000007 0.684375 0.33281250000000007
15 0.8453125 0.5921875000000002 0.7796875 0.5921875000000002 0.7796875 0.6250000000000002 0.8453125 0.6250000000000002
53 0.6875 0.4703125 0.615625 0.4703125 0.615625 0.5046875 0.6875 0.5046875
22 0.7640625 0.19531250000000008 0.61875 0.19531250000000008 0.61875 0.2484375000000001 0.7640625 0.2484375000000001
34 0.84375 0.30937500000000007 0.778125 0.30937500000000007 0.778125 0.3421875000000001 0.84375 0.3421875000000001
42 0.6828125 0.6703125 0.6203125 0.6703125 0.6203125 0.7015625 0.6828125 0.7015625
12 0.7640625 0.2890625000000001 0.6984375 0.2890625000000001 0.6984375 0.3203125000000001 0.7640625 0.3203125000000001
47 0.93125 0.5921875000000002 0.85625 0.5921875000000002 0.85625 0.7328125000000002 0.93125 0.7328125000000002
26 0.7625 0.2484375000000001 0.7 0.2484375000000001 0.7 0.2796875000000001 0.7625 0.2796875000000001
9 0.6125 0.4046875 0.540625 0.4046875 0.540625 0.4390625 0.6125 0.4390625
36 0.6859375 0.3843750000000001 0.6203125 0.3843750000000001 0.6203125 0.4171875 0.6859375 0.4171875
25 0.7671875 0.503125 0.7015625 0.503125 0.7015625 0.5375000000000001 0.7671875 0.5375000000000002
37 0.7625 0.3312500000000001 0.7 0.3312500000000001 0.7 0.36406250000000007 0.7625 0.36406250000000007
14 0.925 0.3515625000000001 0.85625 0.3515625000000001 0.85625 0.3984375000000001 0.925 0.3984375000000001
39 0.6875 0.2578125000000001 0.621875 0.2578125000000001 0.621875 0.2890625000000001 0.6875 0.2890625000000001
5 0.60625 0.6484375 0.540625 0.6484375 0.540625 0.68125 0.60625 0.68125
28 0.7640625 0.4562500000000001 0.6984375 0.45625 0.6984375 0.4906250000000001 0.7640625 0.4906250000000002
38 0.6828125 0.3437500000000001 0.6203125 0.3437500000000001 0.6203125 0.3750000000000001 0.6828125 0.3750000000000001
19 0.7609375 0.7046875000000001 0.6984375 0.7046875 0.6984375 0.7359375000000001 0.7609375000000002 0.7359375000000001
13 0.9234375 0.7468750000000002 0.85625 0.7468750000000002 0.85625 0.7906250000000001 0.9234375 0.7906250000000001