20 0.828125 0.4234375000000002 0.765625 0.4234375000000002 0.765625 0.46406250000000016 0.828125 0.46406250000000016
13 0.3359375000000001 0.6078125 0.2984375000000001 0.6078125 0.2984375000000001 0.6484375 0.3359375000000001 0.6484375
39 0.775 0.4656250000000002 0.7453125 0.4656250000000002 0.7453125 0.5046875000000002 0.775 0.5046875000000002
40 0.690625 0.55 0.6625 0.55 0.6625 0.5875 0.690625 0.5875
14 0.690625 0.59375 0.6515625 0.59375 0.6515625 0.634375 0.690625 0.634375
59 0.5671875 0.44375 0.540625 0.44375 0.540625 0.48125 0.5671875 0.48125
24 0.434375 0.496875 0.4046875 0.496875 0.4046875 0.5375 0.434375 0.5375
17 0.2250000000000001 0.440625 0.19687500000000005 0.440625 0.19687500000000005 0.4796875 0.2250000000000001 0.4796875
32 0.2812500000000001 0.5703125 0.2515625000000001 0.5703125 0.2515625000000001 0.609375 0.2812500000000001 0.609375
41 0.2828125000000001 0.478125 0.2531250000000001 0.478125 0.2531250000000001 0.5171875 0.2828125000000001 0.5171875
38 0.7046875 0.459375 0.6765625 0.459375 0.6765625 0.496875 0.7046875 0.496875
16 0.3859375000000001 0.5515625 0.35625000000000007 0.5515625 0.35625000000000007 0.590625 0.3859375000000001 0.590625
53 0.603125 0.446875 0.575 0.446875 0.575 0.484375 0.603125 0.484375
44 0.2468750000000001 0.578125 0.2078125000000001 0.578125 0.2078125000000001 0.6171875 0.2468750000000001 0.6171875
27 0.6390625 0.4546875 0.6109375 0.4546875 0.6109375 0.4921875 0.6390625 0.4921875
4 0.3656250000000001 0.41875 0.3359375000000001 0.41875 0.3359375000000001 0.4578125 0.3656250000000001 0.4578125
2 0.2968750000000001 0.4296875 0.2671875000000001 0.4296875 0.2671875000000001 0.46875 0.2968750000000001 0.46875
11 0.759375 0.4203125000000002 0.73125 0.4203125000000002 0.73125 0.4578125000000002 0.759375 0.4578125000000002
3 0.3312500000000001 0.4234375 0.30156250000000007 0.4234375 0.30156250000000007 0.4640625 0.3312500000000001 0.4640625
49 0.2593750000000001 0.6203125 0.2093750000000001 0.6203125 0.2093750000000001 0.665625 0.2593750000000001 0.665625
1 0.26250000000000007 0.4359375 0.2328125000000001 0.4359375 0.2328125000000001 0.475 0.26250000000000007 0.475
26 0.78125 0.5140625000000002 0.7515625 0.5140625000000002 0.7515625 0.5531250000000002 0.78125 0.5531250000000002
36 0.6703125 0.4546875 0.6421875 0.4546875 0.6421875 0.49375 0.6703125 0.49375
37 0.7125 0.50625 0.68125 0.50625 0.68125 0.5453125 0.7125 0.5453125
29 0.6453125 0.5015625 0.6171875 0.5015625 0.6171875 0.5390625 0.6453125 0.5390625
42 0.3859375000000001 0.4609375 0.3578125000000001 0.4609375 0.3578125000000001 0.4984375 0.3859375000000001 0.4984375
48 0.725 0.415625 0.6953125 0.415625 0.6953125 0.4546875 0.725 0.4546875
30 0.4671875 0.34687500000000004 0.10625000000000004 0.346875 0.10625000000000007 0.7125 0.4671875 0.7125
15 0.4578125 0.5421875 0.428125 0.5421875 0.428125 0.58125 0.4578125 0.58125
23 0.3984375000000001 0.503125 0.3703125000000001 0.503125 0.3703125000000001 0.5421875 0.3984375000000001 0.5421875
7 0.5890625 0.4 0.5609375 0.4 0.5609375 0.4375 0.5890625 0.4375
50 0.74375 0.6015625000000001 0.6984375 0.6015625 0.6984375 0.6484375000000001 0.74375 0.6484375000000002
31 0.6765625 0.5015625 0.6484375 0.5015625 0.6484375 0.540625 0.6765625 0.540625
54 0.7390625 0.4625000000000001 0.7109375 0.4625 0.7109375 0.5015625000000001 0.7390625 0.5015625000000001
47 0.6484375 0.58125 0.53125 0.58125 0.53125 0.63125 0.6484375 0.63125
35 0.5890625 0.5375 0.5609375 0.5375 0.5609375 0.575 0.5890625 0.575
56 0.31718750000000007 0.4703125 0.2890625000000001 0.4703125 0.2890625000000001 0.509375 0.31718750000000007 0.509375
51 0.4203125 0.4546875 0.3921875000000001 0.4546875 0.3921875000000001 0.4921875 0.4203125 0.4921875
5 0.4 0.4125 0.3703125000000001 0.4125 0.3703125000000001 0.4515625 0.4 0.4515625
0 0.6921875 0.4125 0.6625 0.4125 0.6625 0.45 0.6921875 0.45
55 0.421875 0.546875 0.3921875000000001 0.546875 0.3921875000000001 0.5859375 0.421875 0.5859375
9 0.6578125 0.4078125 0.6296875 0.4078125 0.6296875 0.446875 0.6578125 0.446875
46 0.7796875 0.5578125000000002 0.73125 0.5578125000000002 0.73125 0.5984375000000002 0.7796875 0.5984375000000002
34 0.7265625 0.5531250000000001 0.696875 0.553125 0.696875 0.5921875000000001 0.7265625 0.5921875000000002
28 0.6078125 0.49375 0.578125 0.49375 0.578125 0.53125 0.6078125 0.53125
58 0.31718750000000007 0.5640625 0.2875000000000001 0.5640625 0.2875000000000001 0.603125 0.31718750000000007 0.603125
22 0.828125 0.4703125000000002 0.7828125 0.4703125000000002 0.7828125 0.5562500000000001 0.828125 0.5562500000000001
8 0.621875 0.4046875 0.5953125 0.4046875 0.5953125 0.440625 0.621875 0.440625
18 0.65625 0.5453125 0.628125 0.5453125 0.628125 0.584375 0.65625 0.584375
52 0.2468750000000001 0.484375 0.2000000000000001 0.484375 0.2000000000000001 0.525 0.2468750000000001 0.525
19 0.36406250000000007 0.509375 0.3359375000000001 0.509375 0.3359375000000001 0.5484375 0.36406250000000007 0.5484375
57 0.3515625000000001 0.5578125 0.3218750000000001 0.5578125 0.3218750000000001 0.596875 0.3515625000000001 0.596875
45 0.2593750000000001 0.528125 0.20312500000000008 0.528125 0.20312500000000008 0.571875 0.2593750000000001 0.571875
6 0.434375 0.40625 0.40625 0.40625 0.40625 0.4453125 0.434375 0.4453125
47 0.4625 0.5859375 0.3453125000000001 0.5859375 0.3453125000000001 0.640625 0.4625 0.640625
12 0.746875 0.5078125000000001 0.7171875 0.5078125 0.7171875 0.5484375000000001 0.746875 0.5484375000000001
25 0.5734375 0.490625 0.54375 0.490625 0.54375 0.5296875 0.5734375 0.5296875
10 0.2968750000000001 0.521875 0.2671875000000001 0.521875 0.2671875000000001 0.5609375 0.2968750000000001 0.5609375
33 0.6234375 0.540625 0.5953125 0.540625 0.5953125 0.5796875 0.6234375 0.5796875
30 0.8671875 0.3203125000000001 0.5234375 0.3203125000000001 0.5234375 0.7000000000000001 0.8671875 0.7000000000000002
43 0.3296875000000001 0.515625 0.3000000000000001 0.515625 0.3000000000000001 0.5546875 0.3296875000000001 0.5546875
21 0.3531250000000001 0.465625 0.3234375000000001 0.465625 0.3234375000000001 0.503125 0.3531250000000001 0.503125