8 0.6671875 0.30937500000000007 0.634375 0.30937500000000007 0.634375 0.3593750000000001 0.6671875 0.3593750000000001
34 0.8046875 0.4906250000000002 0.771875 0.4906250000000002 0.771875 0.5390625000000002 0.8046875 0.5390625000000002
0 0.7515625 0.3109375000000001 0.7203125 0.3109375000000001 0.7203125 0.3609375000000001 0.7515625 0.3609375000000001
12 0.8265625 0.4312500000000002 0.7953125 0.4312500000000002 0.7953125 0.4812500000000002 0.8265625 0.4812500000000002
41 0.25468750000000007 0.3703125 0.2218750000000001 0.3703125 0.2218750000000001 0.421875 0.25468750000000007 0.421875
28 0.65625 0.43125 0.621875 0.43125 0.621875 0.48125 0.65625 0.48125
9 0.709375 0.30937500000000007 0.6765625 0.30937500000000007 0.6765625 0.3609375000000001 0.709375 0.3609375000000001
21 0.34062500000000007 0.3671875 0.30937500000000007 0.3671875 0.30937500000000007 0.41875 0.34062500000000007 0.41875
47 0.709375 0.55 0.5703125 0.55 0.5703125 0.5984375 0.709375 0.5984375
3 0.3171875 0.3109375 0.284375 0.3109375 0.284375 0.3609375 0.3171875 0.3609375
13 0.3125000000000001 0.5484375 0.2671875000000001 0.5484375 0.2671875000000001 0.6 0.3125000000000001 0.6
54 0.815625 0.3703125000000001 0.784375 0.3703125000000001 0.784375 0.42187500000000017 0.815625 0.42187500000000017
50 0.8375 0.5515625000000002 0.771875 0.5515625000000002 0.771875 0.6000000000000002 0.8375 0.6000000000000002
18 0.71875 0.4890625 0.6859375 0.4890625 0.6859375 0.540625 0.71875 0.540625
2 0.2734375 0.309375 0.240625 0.309375 0.240625 0.3609375 0.2734375 0.3609375
31 0.740625 0.4296875000000001 0.7078125 0.4296875 0.7078125 0.4796875000000001 0.740625 0.47968750000000016
55 0.4203125 0.4859375 0.3890625000000001 0.4859375 0.3890625000000001 0.534375 0.4203125 0.534375
30 0.4734375 0.21406250000000004 0.05468750000000002 0.2140625 0.054687500000000056 0.6453125 0.4734375 0.6453125
14 0.7609375 0.5484375000000001 0.71875 0.5484375 0.71875 0.5984375000000001 0.7609375 0.5984375000000002
52 0.2093750000000001 0.371875 0.15625000000000006 0.371875 0.15625000000000006 0.421875 0.2093750000000001 0.421875
5 0.4078125 0.3078125000000001 0.375 0.3078125000000001 0.375 0.3578125000000001 0.4078125 0.3578125000000001
6 0.45 0.3046875000000001 0.415625 0.3046875000000001 0.415625 0.3546875000000001 0.45 0.3546875000000001
45 0.2218750000000001 0.43125 0.15625000000000006 0.43125 0.15625000000000006 0.4828125 0.2218750000000001 0.4828125
17 0.18437500000000004 0.3125 0.15156250000000004 0.3125 0.15156250000000004 0.3609375 0.18437500000000004 0.3609375
23 0.39531250000000007 0.4265625 0.36406250000000007 0.4265625 0.36406250000000007 0.4765625 0.39531250000000007 0.4765625
19 0.3515625000000001 0.4265625 0.3187500000000001 0.4265625 0.3187500000000001 0.4765625 0.3515625000000001 0.4765625
22 0.9234375 0.43281250000000016 0.8375 0.43281250000000016 0.8375 0.4812500000000002 0.9234375 0.4812500000000002
48 0.79375 0.30937500000000007 0.7625 0.30937500000000007 0.7625 0.3609375000000001 0.79375 0.3609375000000001
56 0.2968750000000001 0.3703125 0.2640625000000001 0.3703125 0.2640625000000001 0.4203125 0.2968750000000001 0.4203125
43 0.3078125000000001 0.4296875 0.2765625000000001 0.4296875 0.2765625000000001 0.4796875 0.3078125000000001 0.4796875
35 0.6328125 0.4890625 0.6 0.4890625 0.6 0.5375 0.6328125 0.5375
11 0.840625 0.3109375000000001 0.80625 0.3109375000000001 0.80625 0.3609375000000001 0.840625 0.3609375000000001
46 0.8796875 0.4906250000000002 0.815625 0.4906250000000002 0.815625 0.5390625000000002 0.8796875 0.5390625000000002
57 0.3312500000000001 0.4890625 0.3000000000000001 0.4890625 0.3000000000000001 0.5390625 0.3312500000000001 0.5390625
10 0.2640625000000001 0.4296875 0.2328125000000001 0.4296875 0.2328125000000001 0.4796875 0.2640625000000001 0.4796875
47 0.465625 0.546875 0.3218750000000001 0.546875 0.3218750000000001 0.596875 0.465625 0.596875
20 0.925 0.3109375000000001 0.8515625 0.3109375000000001 0.8515625 0.3593750000000001 0.925 0.3593750000000001
37 0.7828125 0.42968750000000017 0.7515625 0.42968750000000017 0.7515625 0.4812500000000002 0.7828125 0.4812500000000002
39 0.859375 0.3703125000000001 0.81875 0.3703125000000001 0.81875 0.4265625000000002 0.859375 0.4265625000000002
49 0.2140625000000001 0.553125 0.15781250000000008 0.553125 0.15781250000000008 0.6046875 0.2140625000000001 0.6046875
1 0.228125 0.3125 0.19687500000000005 0.3125 0.19687500000000005 0.3625 0.228125 0.3625
58 0.2875000000000001 0.490625 0.2562500000000001 0.490625 0.2562500000000001 0.540625 0.2875000000000001 0.540625
44 0.24375000000000008 0.4921875 0.15625000000000006 0.4921875 0.15625000000000006 0.54375 0.24375000000000008 0.54375
7 0.621875 0.3078125000000001 0.5875 0.3078125000000001 0.5875 0.3593750000000001 0.621875 0.3593750000000001
16 0.3750000000000001 0.4875 0.3421875000000001 0.4875 0.3421875000000001 0.5375 0.3750000000000001 0.5375
38 0.7734375 0.3703125000000001 0.7421875 0.3703125000000001 0.7421875 0.4187500000000002 0.7734375 0.4187500000000002
30 0.96875 0.22656250000000008 0.5578125 0.22656250000000008 0.5578125 0.6312500000000001 0.96875 0.6312500000000002
33 0.6765625 0.4890625 0.64375 0.4890625 0.64375 0.5375 0.6765625 0.5375
27 0.6875 0.3703125000000001 0.6546875 0.3703125000000001 0.6546875 0.41875 0.6875 0.41875
40 0.7609375 0.4890625000000002 0.7296875 0.4890625000000002 0.7296875 0.5375000000000002 0.7609375 0.5375000000000002
29 0.6984375 0.434375 0.6671875 0.434375 0.6671875 0.484375 0.6984375 0.484375
26 0.915625 0.37187500000000007 0.8703125 0.37187500000000007 0.8703125 0.42968750000000017 0.915625 0.42968750000000017
25 0.6125 0.434375 0.5796875 0.434375 0.5796875 0.484375 0.6125 0.484375
42 0.3859375000000001 0.36718750000000006 0.3531250000000001 0.3671875 0.3531250000000001 0.415625 0.3859375000000001 0.415625
59 0.5984375 0.3671875000000001 0.5671875 0.3671875000000001 0.5671875 0.4171875 0.5984375 0.4171875
36 0.7296875 0.3703125000000001 0.6984375 0.3703125000000001 0.6984375 0.41875000000000007 0.7296875 0.4187500000000002
51 0.4296875 0.3656250000000001 0.3968750000000001 0.3656250000000001 0.3968750000000001 0.4140625 0.4296875 0.4140625
53 0.64375 0.3703125000000001 0.6109375 0.3703125000000001 0.6109375 0.4203125 0.64375 0.4203125
4 0.3609375 0.30625 0.328125 0.30625 0.328125 0.3578125 0.3609375 0.3578125
15 0.4671875 0.4859375 0.434375 0.4859375 0.434375 0.5359375 0.4671875 0.5359375
24 0.440625 0.4234375 0.4078125 0.4234375 0.4078125 0.475 0.440625 0.475