3 0.771875 0.31718750000000007 0.71875 0.31718750000000007 0.71875 0.4078125000000001 0.771875 0.4078125000000002
12 0.2687500000000001 0.4640625 0.21875000000000008 0.4640625 0.21875000000000008 0.5546875 0.2687500000000001 0.5546875
33 0.4609375 0.5875 0.4078125 0.5875 0.4078125 0.6828125 0.4609375 0.6828125
15 0.578125 0.603125 0.521875 0.603125 0.521875 0.6984375 0.578125 0.6984375
8 0.4875 0.2921875000000001 0.4375 0.2921875000000001 0.4375 0.3781250000000001 0.4875 0.3781250000000001
9 0.4328125 0.28593750000000007 0.3859375 0.28593750000000007 0.38593750000000004 0.37187500000000007 0.4328125 0.37187500000000007
25 0.55 0.496875 0.4984375 0.496875 0.4984375 0.5875 0.55 0.5875
7 0.5421875 0.2984375000000001 0.4953125 0.2984375000000001 0.4953125 0.3843750000000001 0.5421875 0.3843750000000001
39 0.23906250000000004 0.359375 0.19375000000000003 0.359375 0.19375000000000003 0.45 0.2390625000000001 0.45
23 0.6671875 0.5125 0.6140625 0.5125 0.6140625 0.603125 0.6671875 0.603125
48 0.3265625 0.2734375 0.2765625 0.2734375 0.2765625 0.359375 0.3265625 0.359375
16 0.6984375 0.61875 0.6421875 0.61875 0.6421875 0.71875 0.6984375 0.71875
20 0.2203125 0.2625 0.14531250000000004 0.2625 0.14531250000000004 0.35 0.2203125 0.35
6 0.5984375 0.3031250000000001 0.5484375 0.3031250000000001 0.5484375 0.3890625000000001 0.5984375 0.3890625000000001
46 0.2328125000000001 0.5609375 0.1609375000000001 0.5609375 0.1609375000000001 0.65625 0.2328125000000001 0.65625
11 0.2734375 0.2703125 0.225 0.2703125 0.225 0.3515625 0.2734375 0.3515625
18 0.4046875 0.58125 0.3515625000000001 0.58125 0.3515625000000001 0.6765625 0.4046875 0.6765625
53 0.5109375 0.3906250000000001 0.4609375 0.3906250000000001 0.4609375 0.48125 0.5109375 0.48125
27 0.4546875 0.3859375000000001 0.40625 0.3859375000000001 0.40625 0.471875 0.4546875 0.471875
0 0.37968750000000007 0.27968750000000003 0.3296875 0.2796875 0.3296875 0.36718750000000006 0.37968750000000007 0.3671875000000001
41 0.8609375 0.42968750000000017 0.8078125 0.42968750000000017 0.8078125 0.5250000000000001 0.8609375 0.5250000000000001
49 0.965625 0.7671875000000001 0.8890625 0.7671875000000001 0.8890625 0.8765625 0.965625 0.8765625
30 0.9703125 0.18906250000000008 0.03906250000000002 0.1890625 0.03906250000000007 0.9140625 0.9703125 0.9140625
43 0.7875 0.5250000000000001 0.734375 0.5250000000000001 0.734375 0.6203125000000002 0.7875 0.6203125000000002
51 0.6234375 0.403125 0.5734375 0.403125 0.5734375 0.49375 0.6234375 0.49375
38 0.3468750000000001 0.371875 0.2953125000000001 0.371875 0.2953125000000001 0.4625 0.3468750000000001 0.4625
57 0.75625 0.6296875000000001 0.703125 0.6296875 0.703125 0.7250000000000001 0.75625 0.7250000000000002
44 0.959375 0.6546875000000002 0.8875 0.6546875000000002 0.8875 0.7578125000000002 0.959375 0.7578125000000002
59 0.565625 0.3968750000000001 0.515625 0.3968750000000001 0.515625 0.4875 0.565625 0.4875
42 0.6828125 0.409375 0.6296875 0.409375 0.6296875 0.5 0.6828125 0.5
31 0.3812500000000001 0.4765625 0.3312500000000001 0.4765625 0.3312500000000001 0.5671875 0.3812500000000001 0.5671875
28 0.4921875 0.490625 0.4421875 0.490625 0.4421875 0.58125 0.4921875 0.58125
54 0.2921875000000001 0.365625 0.24218750000000008 0.365625 0.24218750000000008 0.45625 0.2921875000000001 0.45625
40 0.3468750000000001 0.575 0.29375000000000007 0.575 0.29375000000000007 0.66875 0.3468750000000001 0.66875
21 0.7421875 0.4140625000000001 0.6890625 0.4140625 0.6890625 0.5078125000000001 0.7421875 0.5078125000000002
4 0.7125 0.3140625000000001 0.6625 0.3140625000000001 0.6625 0.4015625 0.7125 0.4015625
34 0.2875000000000001 0.5671875 0.23437500000000008 0.5671875 0.23437500000000008 0.6625 0.2875000000000001 0.6625
2 0.8296875 0.32500000000000007 0.7765625 0.32500000000000007 0.7765625 0.4156250000000002 0.8296875 0.4156250000000002
26 0.2171875000000001 0.4546875 0.17187500000000006 0.4546875 0.17187500000000006 0.5453125 0.2171875000000001 0.5453125
22 0.19218750000000004 0.3515625 0.12656250000000005 0.3515625 0.12656250000000005 0.540625 0.19218750000000004 0.540625
13 0.7578125000000002 0.7421875000000001 0.7015625000000002 0.7421875 0.7015625000000002 0.8421875 0.7578125000000002 0.8421875
19 0.7265625 0.5171875000000001 0.6734375 0.5171875 0.6734375 0.6125 0.7265625 0.6125000000000002
50 0.2765625000000001 0.6703125 0.20312500000000008 0.6703125 0.20312500000000008 0.7703125 0.2765625000000001 0.7703125
47 0.6953125000000001 0.6984375 0.3937500000000001 0.6984375 0.3937500000000001 0.8328125 0.6953125000000002 0.8328125
24 0.6078125 0.5015625 0.5546875 0.5015625 0.5546875 0.5953125 0.6078125 0.5953125
14 0.3906250000000001 0.6875 0.3375000000000001 0.6875 0.3375000000000001 0.784375 0.3906250000000001 0.784375
58 0.81875 0.6406250000000002 0.7625 0.6406250000000002 0.7625000000000001 0.7375000000000002 0.81875 0.7375000000000002
56 0.8 0.42187500000000017 0.746875 0.42187500000000017 0.746875 0.5156250000000002 0.8 0.5156250000000002
55 0.634375 0.6125 0.58125 0.6125 0.58125 0.7078125 0.634375 0.7078125
17 0.946875 0.3375000000000001 0.89375 0.3375000000000001 0.89375 0.4281250000000002 0.946875 0.4281250000000002
1 0.8875 0.33281250000000007 0.834375 0.33281250000000007 0.834375 0.4234375000000002 0.8875 0.4234375000000002
45 0.953125 0.5406250000000001 0.8546875 0.5406250000000001 0.8546875 0.6453125000000002 0.953125 0.6453125000000002
5 0.65625 0.3078125000000001 0.60625 0.3078125000000001 0.60625 0.3937500000000001 0.65625 0.3937500000000001
10 0.846875 0.5328125000000001 0.79375 0.5328125000000001 0.79375 0.6281250000000002 0.846875 0.6281250000000002
29 0.4375 0.4828125 0.3859375000000001 0.4828125 0.3859375000000001 0.5734375 0.4375 0.5734375
36 0.4015625 0.37968750000000007 0.3515625000000001 0.3796875 0.3515625000000001 0.4671875 0.4015625 0.4671875
37 0.32500000000000007 0.471875 0.2734375000000001 0.471875 0.2734375000000001 0.5625 0.32500000000000007 0.5625
35 0.5171875 0.5953125 0.465625 0.5953125 0.465625 0.6890625 0.5171875 0.6890625
52 0.95 0.43750000000000017 0.86875 0.43750000000000017 0.86875 0.5328125000000001 0.95 0.5328125000000001
32 0.8796875 0.6453125000000002 0.8265625 0.6453125000000002 0.8265625 0.7453125000000002 0.8796875 0.7453125000000002