2 0.14062500000000006 0.3890625 0.09843750000000004 0.3890625 0.09843750000000004 0.4359375 0.14062500000000006 0.4359375
9 0.4390625 0.3437500000000001 0.4 0.3437500000000001 0.4 0.38750000000000007 0.4390625 0.38750000000000007
44 0.05468750000000007 0.5609375 6.869503138967185e-17 0.5609375 7.213935051227377e-17 0.6171875 0.05468750000000007 0.6171875
27 0.425 0.3937500000000001 0.38750000000000007 0.3937500000000001 0.38750000000000007 0.4390625 0.425 0.4390625
1 0.09375000000000004 0.396875 0.051562500000000046 0.396875 0.051562500000000046 0.44375 0.09375000000000004 0.44375
31 0.4828125 0.43125 0.4453125 0.43125 0.4453125 0.4796875 0.4828125 0.4796875
19 0.2218750000000001 0.478125 0.18125000000000005 0.478125 0.18125000000000005 0.528125 0.2218750000000001 0.528125
3 0.18593750000000003 0.38125 0.14375000000000004 0.38125 0.14375000000000004 0.4296875 0.18593750000000003 0.4296875
28 0.4 0.446875 0.3593750000000001 0.446875 0.3593750000000001 0.49375 0.4 0.49375
50 0.6234375 0.5078125 0.559375 0.5078125 0.559375 0.559375 0.6234375 0.559375
52 0.06875000000000006 0.45 0.0015625000000000547 0.45 0.0015625000000000582 0.5046875 0.06875000000000006 0.5046875
43 0.17656250000000004 0.484375 0.13281250000000006 0.484375 0.13281250000000006 0.5359375 0.17656250000000004 0.5359375
53 0.3843750000000001 0.4015625 0.3437500000000001 0.4015625 0.3437500000000001 0.446875 0.3843750000000001 0.446875
40 0.5125 0.4765625 0.471875 0.4765625 0.471875 0.525 0.5125 0.525
45 0.07968750000000006 0.5 0.001562500000000061 0.5 0.0015625000000000645 0.5578125 0.07968750000000006 0.5578125
51 0.2984375000000001 0.4125 0.2578125000000001 0.4125 0.2578125000000001 0.4609375 0.2984375000000001 0.4609375
10 0.12968750000000007 0.49375 0.08437500000000006 0.49375 0.08437500000000006 0.5453125 0.1296875000000001 0.5453125
11 0.5546875 0.3265625000000001 0.5171875 0.3265625000000001 0.5171875 0.3687500000000001 0.5546875 0.3687500000000001
49 0.053125000000000075 0.61875 7.577502069724248e-17 0.61875 7.950636641339458e-17 0.6796875 0.05312500000000009 0.6796875
17 0.04531250000000005 0.4015625 0.0031250000000000487 0.4015625 0.003125000000000052 0.4515625 0.045312500000000054 0.4515625
16 0.2500000000000001 0.5234375 0.2062500000000001 0.5234375 0.2062500000000001 0.578125 0.2500000000000001 0.578125
33 0.428125 0.4921875 0.3859375000000001 0.4921875 0.3859375000000001 0.5421875 0.428125 0.5421875
35 0.3843750000000001 0.5 0.3437500000000001 0.5 0.3437500000000001 0.55 0.3843750000000001 0.55
6 0.3140625000000001 0.3640625 0.2750000000000001 0.3640625 0.2750000000000001 0.4078125 0.3140625000000001 0.4078125
42 0.25468750000000007 0.4203125 0.21250000000000008 0.4203125 0.21250000000000008 0.46875 0.25468750000000007 0.46875
57 0.2015625000000001 0.534375 0.15937500000000004 0.534375 0.15937500000000007 0.5875 0.2015625000000001 0.5875
30 0.95 0.21562500000000004 2.6406446606614805e-17 0.215625 5.625721233583154e-17 0.7031250000000001 0.95 0.7031250000000002
8 0.39843750000000006 0.35000000000000003 0.359375 0.35 0.35937500000000006 0.39375000000000004 0.3984375000000001 0.3937500000000001
25 0.35625000000000007 0.4546875 0.3156250000000001 0.4546875 0.3156250000000001 0.5015625 0.35625000000000007 0.5015625
12 0.5640625 0.41875 0.525 0.41875 0.525 0.4640625 0.5640625 0.4640625
29 0.4421875 0.4390625 0.4015625 0.4390625 0.4015625 0.4859375 0.4421875 0.4859375
37 0.5234375 0.425 0.484375 0.425 0.484375 0.471875 0.5234375 0.471875
34 0.553125 0.4671875 0.5125 0.4671875 0.5125 0.515625 0.553125 0.515625
4 0.22812500000000008 0.3734375 0.18906250000000005 0.3734375 0.18906250000000005 0.4203125 0.22812500000000008 0.4203125
22 0.65 0.3578125000000001 0.584375 0.3578125000000001 0.584375 0.4484375 0.65 0.4484375
18 0.4703125 0.484375 0.4296875 0.484375 0.4296875 0.534375 0.4703125 0.534375
32 0.10468750000000009 0.546875 0.057812500000000065 0.546875 0.057812500000000065 0.60625 0.10468750000000009 0.60625
14 0.509375 0.528125 0.45625 0.528125 0.45625 0.58125 0.509375 0.58125
48 0.5171875 0.33281250000000007 0.4796875 0.33281250000000007 0.4796875 0.3750000000000001 0.5171875 0.3750000000000001
56 0.16406250000000006 0.434375 0.12187500000000004 0.434375 0.12187500000000004 0.4828125 0.16406250000000006 0.4828125
55 0.2953125000000001 0.515625 0.2531250000000001 0.515625 0.2531250000000001 0.5671875 0.2953125000000001 0.5671875
58 0.15468750000000006 0.5421875 0.10937500000000004 0.5421875 0.10937500000000007 0.5953125 0.1546875000000001 0.5953125
5 0.2718750000000001 0.36875 0.2328125000000001 0.36875 0.2328125000000001 0.415625 0.2718750000000001 0.415625
47 0.4578125 0.5375 0.2078125000000001 0.5375 0.2078125000000001 0.6359375 0.4578125 0.6359375
21 0.2093750000000001 0.4265625 0.16875000000000004 0.4265625 0.16875000000000004 0.4765625 0.2093750000000001 0.4765625
26 0.603125 0.4078125 0.5625 0.4078125 0.5625 0.45625 0.603125 0.45625
0 0.478125 0.3375000000000001 0.4390625 0.3375000000000001 0.4390625 0.3812500000000001 0.478125 0.3812500000000001
59 0.3421875000000001 0.4078125 0.30156250000000007 0.4078125 0.30156250000000007 0.453125 0.3421875000000001 0.453125
38 0.5046875 0.37968750000000007 0.4671875 0.37968750000000007 0.4671875 0.425 0.5046875 0.425
7 0.35781250000000003 0.35625 0.31875 0.35625 0.31875000000000003 0.4 0.3578125000000001 0.4
13 0.20468750000000008 0.590625 0.1593750000000001 0.590625 0.1593750000000001 0.646875 0.20468750000000008 0.646875
54 0.5453125 0.3734375000000001 0.50625 0.3734375000000001 0.50625 0.4171875 0.5453125 0.4171875
20 0.6296875 0.3140625000000001 0.55625 0.3140625000000001 0.55625 0.3609375000000001 0.6296875 0.3609375000000001
41 0.11718750000000004 0.4421875 0.07343750000000004 0.4421875 0.07343750000000006 0.49375 0.11718750000000004 0.49375
36 0.465625 0.38750000000000007 0.428125 0.38750000000000007 0.428125 0.43125 0.465625 0.43125
39 0.584375 0.3656250000000001 0.54375 0.3656250000000001 0.54375 0.4125 0.584375 0.4125
24 0.3125000000000001 0.4609375 0.2718750000000001 0.4609375 0.2718750000000001 0.509375 0.3125000000000001 0.509375
15 0.34062500000000007 0.5078125 0.2984375000000001 0.5078125 0.2984375000000001 0.559375 0.34062500000000007 0.559375
23 0.2687500000000001 0.4703125 0.22812500000000008 0.4703125 0.22812500000000008 0.51875 0.2687500000000001 0.51875
46 0.6609375 0.45 0.553125 0.45 0.553125 0.5046875 0.6609375 0.5046875