56 0.496875 0.6796875 0.4421875 0.6796875 0.4421875 0.7203125 0.496875 0.7203125
59 0.496875 0.490625 0.44375 0.490625 0.44375 0.53125 0.496875 0.53125
43 0.55625 0.6703125 0.503125 0.6703125 0.503125 0.7109375 0.55625 0.7109375
29 0.55625 0.3828125000000001 0.503125 0.3828125000000001 0.503125 0.425 0.55625 0.425
57 0.6171875 0.6484375 0.5625 0.6484375 0.5625 0.6890625 0.6171875 0.6890625
25 0.55625 0.4796875 0.503125 0.4796875 0.503125 0.5203125 0.55625 0.5203125
7 0.4375 0.4546875 0.3828125000000001 0.4546875 0.3828125000000001 0.496875 0.4375 0.496875
26 0.5578125 0.19218750000000007 0.503125 0.19218750000000004 0.503125 0.2328125000000001 0.5578125 0.2328125000000001
5 0.4359375 0.55 0.3828125000000001 0.55 0.3828125000000001 0.5921875 0.4359375 0.5921875
18 0.61875 0.3593750000000001 0.5640625 0.3593750000000001 0.5640625 0.403125 0.61875 0.403125
55 0.6171875 0.5515625 0.5625 0.5515625 0.5625 0.5921875 0.6171875 0.5921875
21 0.496875 0.6328125 0.44375 0.6328125 0.44375 0.675 0.496875 0.675
11 0.4375 0.2156250000000001 0.3828125 0.2156250000000001 0.3828125 0.2578125000000001 0.4375 0.2578125000000001
23 0.55625 0.575 0.503125 0.575 0.503125 0.615625 0.55625 0.615625
47 0.6796875 0.4265625 0.6234375 0.4265625 0.6234375 0.6328125 0.6796875 0.6328125
37 0.5578125 0.2875000000000001 0.5015625 0.2875000000000001 0.5015625 0.3312500000000001 0.5578125 0.3312500000000001
13 0.678125 0.640625 0.621875 0.640625 0.621875 0.68125 0.678125 0.68125
8 0.4375 0.40625 0.3843750000000001 0.40625 0.3843750000000001 0.4484375 0.4375 0.4484375
44 0.6156250000000002 0.7765625 0.5625000000000002 0.7765625 0.5625000000000002 0.81875 0.6156250000000002 0.81875
28 0.55625 0.43125 0.503125 0.43125 0.503125 0.4734375 0.55625 0.4734375
38 0.496875 0.2984375000000001 0.4421875 0.2984375000000001 0.4421875 0.3421875000000001 0.496875 0.3421875000000001
20 0.4375 0.15625000000000006 0.384375 0.15625000000000006 0.384375 0.21093750000000008 0.4375 0.21093750000000008
32 0.6156250000000002 0.740625 0.5609375000000002 0.740625 0.5609375000000002 0.771875 0.6156250000000002 0.771875
1 0.43750000000000017 0.7375 0.3843750000000001 0.7375 0.3843750000000001 0.778125 0.43750000000000017 0.778125
48 0.4375 0.26250000000000007 0.3828125 0.26250000000000007 0.3828125 0.3062500000000001 0.4375 0.3062500000000001
6 0.4375 0.5015625 0.3843750000000001 0.5015625 0.3843750000000001 0.5453125 0.4375 0.5453125
52 0.4968750000000002 0.7734375 0.4437500000000002 0.7734375 0.4437500000000002 0.8140625 0.4968750000000002 0.8140625
58 0.6156250000000001 0.6953125 0.5625 0.6953125 0.5625000000000001 0.7359375 0.6156250000000002 0.7359375
40 0.6171875 0.3109375000000001 0.5640625 0.3109375000000001 0.5640625 0.3546875000000001 0.6171875 0.3546875000000001
45 0.5562500000000001 0.7640625 0.5031250000000002 0.7640625 0.5031250000000002 0.815625 0.5562500000000001 0.815625
22 0.559375 0.15625000000000006 0.4421875 0.15625000000000006 0.4421875 0.2000000000000001 0.559375 0.2000000000000001
0 0.4375 0.3109375000000001 0.3828125 0.3109375000000001 0.3828125 0.3546875000000001 0.4375 0.3546875000000001
17 0.43750000000000017 0.7828125 0.3843750000000001 0.7828125 0.3843750000000001 0.8125 0.43750000000000017 0.8125
50 0.6796875 0.2984375000000001 0.6234375 0.2984375000000001 0.6234375 0.3421875000000001 0.6796875 0.3421875000000001
27 0.496875 0.39531250000000007 0.4421875 0.39531250000000007 0.4421875 0.4375 0.496875 0.4375
30 0.7078125000000001 0.14531250000000007 0.3359375 0.14531250000000004 0.33593750000000006 0.8265625 0.7078125000000002 0.8265625
3 0.4375 0.64375 0.3843750000000001 0.64375 0.3843750000000001 0.6859375 0.4375 0.6859375
14 0.6796875 0.3859375000000001 0.6234375 0.3859375000000001 0.6234375 0.4234375 0.6796875 0.4234375
2 0.4359375000000001 0.690625 0.3828125000000001 0.690625 0.3828125000000001 0.73125 0.4359375000000002 0.73125
41 0.4968750000000002 0.7265625 0.4421875000000002 0.7265625 0.4421875000000002 0.76875 0.4968750000000002 0.76875
10 0.5546875000000001 0.7171875 0.5015625 0.7171875 0.5015625000000001 0.7578125 0.5546875000000002 0.7578125
4 0.4375 0.596875 0.3843750000000001 0.596875 0.3843750000000001 0.6375 0.4375 0.6375
51 0.496875 0.5375 0.4421875 0.5375 0.4421875 0.5796875 0.496875 0.5796875
24 0.55625 0.528125 0.503125 0.528125 0.503125 0.56875 0.55625 0.56875
53 0.496875 0.4421875 0.44375 0.4421875 0.44375 0.484375 0.496875 0.484375
49 0.6765625000000001 0.725 0.6203125 0.725 0.6203125 0.7796875 0.6765625000000002 0.7796875
9 0.4375 0.3593750000000001 0.3828125 0.3593750000000001 0.38281250000000006 0.403125 0.4375 0.403125
36 0.4984375 0.3468750000000001 0.4421875 0.3468750000000001 0.4421875 0.3906250000000001 0.4984375 0.3906250000000001
35 0.6171875 0.4546875 0.5625 0.4546875 0.5625 0.4984375 0.6171875 0.4984375
31 0.5578125 0.3359375000000001 0.503125 0.3359375000000001 0.503125 0.3765625000000001 0.5578125 0.3765625000000001
34 0.61875 0.2640625000000001 0.565625 0.2640625000000001 0.565625 0.3078125000000001 0.61875 0.3078125000000001
33 0.61875 0.4078125 0.5625 0.4078125 0.5625 0.4515625 0.61875 0.4515625
54 0.496875 0.2515625000000001 0.4421875 0.2515625000000001 0.4421875 0.2953125000000001 0.496875 0.2953125000000001
42 0.496875 0.584375 0.4421875 0.584375 0.4421875 0.6265625 0.496875 0.6265625
19 0.5578125 0.621875 0.503125 0.621875 0.503125 0.6625 0.5578125 0.6625
16 0.615625 0.5984375 0.5625 0.5984375 0.5625 0.6421875 0.615625 0.6421875
15 0.6171875 0.503125 0.5625 0.503125 0.5625 0.546875 0.6171875 0.546875
12 0.5578125 0.2390625000000001 0.5015625 0.2390625000000001 0.5015625 0.2828125000000001 0.5578125 0.2828125000000001
39 0.496875 0.20312500000000008 0.4421875 0.20312500000000008 0.4421875 0.2468750000000001 0.496875 0.2468750000000001
46 0.61875 0.1546875000000001 0.5625 0.1546875000000001 0.5625 0.2578125000000001 0.61875 0.2578125000000001