55 0.3609375 0.3546875 0.31875 0.3546875 0.31875000000000003 0.4203125 0.3609375000000001 0.4203125
44 0.13437500000000005 0.3578125 0.09218750000000005 0.3578125 0.09218750000000005 0.4203125 0.13437500000000005 0.4203125
22 0.7453125 0.21250000000000008 0.6921875 0.21250000000000008 0.6921875 0.3453125000000001 0.7453125 0.3453125000000001
0 0.5890625 0.1468750000000001 0.546875 0.1468750000000001 0.546875 0.2078125000000001 0.5890625 0.2078125000000001
37 0.6140625 0.2812500000000001 0.571875 0.2812500000000001 0.571875 0.3468750000000001 0.6140625 0.3468750000000001
36 0.55 0.2156250000000001 0.509375 0.2156250000000001 0.509375 0.2765625000000001 0.55 0.2765625000000001
50 0.5953125 0.425 0.5515625 0.425 0.5515625 0.5015625 0.5953125 0.5015625
7 0.45625 0.14687500000000003 0.415625 0.14687500000000003 0.415625 0.2078125000000001 0.45625 0.2078125000000001
30 0.9234375 0.09531250000000005 0.07812500000000003 0.0953125 0.07812500000000004 0.5265625 0.9234375 0.5265625000000002
25 0.43125 0.2828125000000001 0.3890625 0.2828125000000001 0.3890625 0.3453125000000001 0.43125 0.3453125000000001
59 0.415625 0.2156250000000001 0.375 0.2156250000000001 0.375 0.2765625000000001 0.415625 0.2765625000000001
43 0.2484375 0.2859375 0.2078125 0.2859375 0.2078125 0.3484375 0.2484375 0.3484375
34 0.6453125 0.3515625000000001 0.596875 0.3515625000000001 0.596875 0.4171875 0.6453125 0.4171875
58 0.22500000000000003 0.35625 0.18281250000000004 0.35625 0.18281250000000004 0.421875 0.2250000000000001 0.421875
18 0.546875 0.3531250000000001 0.5046875 0.3531250000000001 0.5046875 0.41875 0.546875 0.41875
5 0.3671875 0.15156250000000004 0.3265625 0.15156250000000004 0.3265625 0.20937500000000003 0.3671875 0.2093750000000001
21 0.2828125 0.21875 0.240625 0.21875 0.240625 0.2796875 0.2828125 0.2796875
16 0.31562500000000004 0.3546875 0.271875 0.3546875 0.27187500000000003 0.4203125 0.3156250000000001 0.4203125
23 0.3390625 0.2859375 0.296875 0.2859375 0.296875 0.3484375 0.3390625 0.3484375
39 0.6875 0.2140625000000001 0.6453125 0.2140625000000001 0.6453125 0.2750000000000001 0.6875 0.2750000000000001
13 0.2656250000000001 0.4265625 0.2218750000000001 0.4265625 0.2218750000000001 0.503125 0.2656250000000001 0.503125
26 0.70625 0.2812500000000001 0.6625 0.2812500000000001 0.6625 0.3437500000000001 0.70625 0.3437500000000001
10 0.2046875 0.2890625 0.16406250000000006 0.2890625 0.16406250000000006 0.35 0.2046875 0.35
8 0.5 0.14687500000000003 0.459375 0.14687500000000003 0.459375 0.2078125000000001 0.5 0.2078125000000001
9 0.5453125 0.14687500000000006 0.503125 0.14687500000000003 0.503125 0.2078125000000001 0.5453125 0.2078125000000001
31 0.5671875 0.2812500000000001 0.5265625 0.2812500000000001 0.5265625 0.3468750000000001 0.5671875 0.3468750000000001
1 0.19375000000000003 0.15625000000000003 0.1546875 0.15625 0.15468750000000003 0.2140625 0.19375000000000003 0.2140625
33 0.5015625 0.3531250000000001 0.4578125 0.3531250000000001 0.4578125 0.41875 0.5015625 0.41875
42 0.3265625 0.2171875 0.2859375 0.2171875 0.2859375 0.278125 0.3265625 0.278125
11 0.678125 0.1468750000000001 0.6375 0.1468750000000001 0.6375 0.2078125000000001 0.678125 0.2078125000000001
27 0.50625 0.2156250000000001 0.465625 0.2156250000000001 0.465625 0.2765625000000001 0.50625 0.2765625000000001
28 0.4765625 0.2812500000000001 0.434375 0.2812500000000001 0.434375 0.3468750000000001 0.4765625 0.3468750000000001
4 0.3234375 0.15156250000000004 0.2828125 0.15156250000000004 0.2828125 0.2109375 0.3234375 0.2109375
29 0.521875 0.2812500000000001 0.4796875 0.2812500000000001 0.4796875 0.3468750000000001 0.521875 0.3468750000000001
48 0.634375 0.1468750000000001 0.5921875 0.1468750000000001 0.5921875 0.2078125000000001 0.634375 0.2078125000000001
54 0.6421875 0.2156250000000001 0.6 0.2156250000000001 0.6 0.2765625000000001 0.6421875 0.2765625000000001
49 0.12968750000000004 0.4265625 0.08437500000000005 0.4265625 0.08437500000000006 0.5046875 0.12968750000000004 0.5046875
14 0.5484375 0.425 0.5046875 0.425 0.5046875 0.5 0.5484375 0.5
47 0.5015625 0.425 0.2687500000000001 0.425 0.2687500000000001 0.503125 0.5015625 0.503125
19 0.29375 0.2859375 0.2515625 0.2859375 0.2515625 0.3484375 0.29375 0.3484375
6 0.4109375 0.15000000000000005 0.3703125 0.15000000000000005 0.3703125 0.2078125000000001 0.4109375 0.2078125000000001
24 0.384375 0.28437500000000004 0.3421875 0.284375 0.3421875 0.34687500000000004 0.384375 0.3468750000000001
53 0.4609375 0.2156250000000001 0.41875 0.2156250000000001 0.41875 0.2765625000000001 0.4609375 0.2765625000000001
41 0.19531250000000006 0.2203125 0.15312500000000004 0.2203125 0.15312500000000004 0.28125 0.19531250000000006 0.28125
57 0.27031250000000007 0.35625 0.2265625 0.35625 0.22656250000000006 0.421875 0.27031250000000007 0.421875
15 0.4078125 0.3531250000000001 0.3640625 0.3531250000000001 0.36406250000000007 0.4203125 0.4078125 0.4203125
51 0.3703125 0.21562500000000004 0.3296875 0.215625 0.3296875 0.27656250000000004 0.3703125 0.2765625000000001
20 0.7390625 0.14843750000000008 0.6828125 0.14843750000000008 0.6828125 0.2062500000000001 0.7390625 0.2062500000000001
35 0.4546875 0.3531250000000001 0.4109375 0.3531250000000001 0.4109375 0.4203125 0.4546875 0.4203125
38 0.596875 0.2156250000000001 0.5546875 0.2156250000000001 0.5546875 0.2765625000000001 0.596875 0.2765625000000001
52 0.15000000000000005 0.221875 0.10468750000000004 0.221875 0.10468750000000004 0.2828125 0.15000000000000005 0.2828125
45 0.16093750000000004 0.2890625 0.09843750000000004 0.2890625 0.09843750000000004 0.3515625 0.16093750000000004 0.3515625
3 0.28125 0.15156250000000004 0.2390625 0.15156250000000004 0.2390625 0.2125 0.28125 0.2125
40 0.5953125 0.3531250000000001 0.5515625 0.3531250000000001 0.5515625 0.4171875 0.5953125 0.4171875
46 0.75 0.3500000000000001 0.65 0.3500000000000001 0.65 0.4156250000000001 0.75 0.4156250000000002
56 0.2375 0.21875 0.19687500000000005 0.21875 0.19687500000000005 0.2796875 0.2375 0.2796875
32 0.17968750000000006 0.35625 0.13593750000000004 0.35625 0.13593750000000004 0.4203125 0.17968750000000006 0.4203125
12 0.659375 0.2812500000000001 0.6171875 0.2812500000000001 0.6171875 0.3468750000000001 0.659375 0.3468750000000001
17 0.15000000000000002 0.1578125 0.1109375 0.1578125 0.11093750000000002 0.215625 0.15000000000000005 0.215625
2 0.2375 0.15312500000000004 0.196875 0.15312500000000004 0.19687500000000002 0.2140625 0.2375 0.2140625