49 1 0.6468750000000002 0.9546875 0.6468750000000002 0.9546875 0.7250000000000002 1 0.7250000000000002
16 0.8359375 0.5765625000000002 0.784375 0.5765625000000002 0.784375 0.6421875000000001 0.8359375 0.6421875000000001
46 0.3921875000000001 0.578125 0.2390625000000001 0.578125 0.2390625000000001 0.64375 0.3921875000000001 0.64375
4 0.8375 0.36406250000000007 0.7890625 0.36406250000000007 0.7890625 0.4265625000000002 0.8375 0.4265625000000002
38 0.4890625 0.4375 0.440625 0.4375 0.440625 0.5 0.4890625 0.5
35 0.66875 0.5765625 0.61875 0.5765625 0.61875 0.6421875 0.66875 0.6421875
1 0.9921875 0.3671875000000001 0.946875 0.3671875000000001 0.946875 0.4265625000000002 0.9921875 0.4265625000000002
56 0.921875 0.4343750000000002 0.871875 0.4343750000000002 0.871875 0.4968750000000002 0.921875 0.4968750000000002
2 0.9421875 0.36406250000000007 0.8921875 0.36406250000000007 0.8921875 0.4265625000000002 0.9421875 0.4265625000000002
21 0.86875 0.4343750000000002 0.81875 0.4343750000000002 0.81875 0.4968750000000002 0.86875 0.4968750000000002
34 0.4484375 0.578125 0.3984375000000001 0.578125 0.3984375000000001 0.6421875 0.4484375 0.6421875
6 0.73125 0.3656250000000001 0.68125 0.3656250000000001 0.68125 0.4281250000000001 0.73125 0.4281250000000002
47 0.8421875 0.6484375000000001 0.5640625 0.6484375 0.5640625000000001 0.7296875 0.8421875 0.7296875000000002
29 0.5859375 0.50625 0.5359375 0.50625 0.5359375 0.56875 0.5859375 0.56875
25 0.6953125 0.5046875 0.6453125 0.5046875 0.6453125 0.5671875 0.6953125 0.5671875
59 0.7046875 0.4359375 0.6546875 0.4359375 0.6546875 0.4984375 0.7046875 0.4984375
13 0.9 0.6484375000000002 0.846875 0.6484375000000002 0.846875 0.7250000000000002 0.9 0.7250000000000002
28 0.640625 0.5046875 0.590625 0.5046875 0.590625 0.56875 0.640625 0.56875
22 0.32500000000000007 0.4375 0.2453125000000001 0.4375 0.2453125000000001 0.575 0.32500000000000007 0.575
44 1 0.5765625000000002 0.9890625 0.5765625000000002 0.9890625 0.6390625000000002 1 0.6390625000000002
41 0.975 0.4343750000000002 0.925 0.4343750000000002 0.925 0.4968750000000002 0.975 0.4968750000000002
26 0.3656250000000001 0.5078125 0.3156250000000001 0.5078125 0.3156250000000001 0.5703125 0.3656250000000001 0.5703125
7 0.675 0.3687500000000001 0.6296875 0.3687500000000001 0.6296875 0.428125 0.675 0.428125
58 0.9453125 0.5765625000000002 0.8953125 0.5765625000000002 0.8953125 0.6421875000000001 0.9453125 0.6421875000000001
3 0.890625 0.36406250000000007 0.840625 0.36406250000000007 0.840625 0.4265625000000002 0.890625 0.4265625000000002
53 0.6515625 0.4375 0.6015625 0.4375 0.6015625 0.5 0.6515625 0.5
57 0.890625 0.5765625000000002 0.840625 0.5765625000000002 0.840625 0.6421875000000001 0.890625 0.6421875000000001
11 0.4078125 0.36875 0.3609375000000001 0.36875 0.3609375000000001 0.428125 0.4078125 0.428125
40 0.5046875 0.578125 0.4546875 0.578125 0.4546875 0.6421875 0.5046875 0.6421875
33 0.6140625 0.5765625 0.5640625 0.5765625 0.5640625 0.6421875 0.6140625 0.6421875
43 0.9140625 0.5046875000000002 0.8640625 0.5046875000000002 0.8640625 0.5687500000000002 0.9140625 0.5687500000000002
10 0.965625 0.5046875000000002 0.915625 0.5046875000000002 0.915625 0.5671875000000002 0.965625 0.5671875000000002
5 0.784375 0.36406250000000007 0.734375 0.36406250000000007 0.734375 0.4265625000000002 0.784375 0.4265625000000002
48 0.4625 0.3703125000000001 0.415625 0.3703125000000001 0.415625 0.428125 0.4625 0.428125
24 0.7484375 0.5062500000000001 0.7 0.50625 0.7 0.5687500000000001 0.7484375 0.5687500000000002
36 0.54375 0.4359375 0.496875 0.4359375 0.496875 0.4984375 0.54375 0.4984375
20 0.3546875000000001 0.36875 0.2515625000000001 0.36875 0.2515625000000001 0.4296875 0.3546875000000001 0.4296875
8 0.621875 0.3687500000000001 0.575 0.3687500000000001 0.575 0.428125 0.621875 0.428125
9 0.5703125 0.3687500000000001 0.5234375 0.3687500000000001 0.5234375 0.428125 0.5703125 0.428125
30 1 0.30781250000000004 0.004687500000000037 0.3078125 0.004687500000000065 0.753125 1 0.7531250000000002
42 0.8140625 0.4359375000000002 0.7640625 0.4359375000000002 0.7640625 0.4984375000000002 0.8140625 0.4984375000000002
39 0.3812500000000001 0.4359375 0.3312500000000001 0.4359375 0.3312500000000001 0.4984375 0.3812500000000001 0.4984375
12 0.4203125 0.5078125 0.3703125000000001 0.5078125 0.3703125000000001 0.5703125 0.4203125 0.5703125
0 0.5171875 0.3687500000000001 0.4703125 0.3687500000000001 0.4703125 0.428125 0.5171875 0.428125
23 0.8046875 0.5062500000000002 0.7546875 0.5062500000000002 0.7546875 0.5687500000000002 0.8046875 0.5687500000000002
14 0.5609375000000001 0.65 0.509375 0.65 0.5093750000000001 0.728125 0.5609375000000002 0.728125
18 0.559375 0.578125 0.509375 0.578125 0.509375 0.64375 0.559375 0.64375
27 0.596875 0.4359375 0.5484375 0.4359375 0.5484375 0.4984375 0.596875 0.4984375
55 0.7796875 0.5765625000000002 0.7296875 0.5765625000000002 0.7296875 0.6421875000000001 0.7796875 0.6421875000000001
45 1 0.5046875000000002 0.9703125 0.5046875000000002 0.9703125 0.5671875000000002 1 0.5671875000000002
51 0.759375 0.4375000000000001 0.709375 0.4375 0.709375 0.4984375000000001 0.759375 0.4984375000000002
15 0.725 0.5765625 0.675 0.5765625 0.675 0.6421875 0.725 0.6421875
52 1 0.4343750000000002 0.978125 0.4343750000000002 0.978125 0.4968750000000002 1 0.4968750000000002
37 0.475 0.5078125 0.4265625 0.5078125 0.4265625 0.5703125 0.475 0.5703125
50 0.4484375000000001 0.6515625 0.3968750000000001 0.6515625 0.3968750000000001 0.7296875 0.44843750000000016 0.7296875
32 1 0.5750000000000002 0.95 0.5750000000000002 0.95 0.6406250000000002 1 0.6406250000000002
54 0.4359375 0.4375 0.3859375000000001 0.4375 0.3859375000000001 0.5 0.4359375 0.5
19 0.859375 0.5046875000000002 0.809375 0.5046875000000002 0.809375 0.5687500000000002 0.859375 0.5687500000000002
31 0.53125 0.5078125 0.4828125 0.5078125 0.4828125 0.5703125 0.53125 0.5703125