2 0.434375 0.08906250000000004 0.3890625 0.08906250000000004 0.3890625 0.12968750000000004 0.434375 0.12968750000000004
9 0.3890625000000001 0.38281250000000006 0.3468750000000001 0.3828125 0.3468750000000001 0.4203125 0.3890625000000001 0.4203125
44 0.6109375 7.146962179399006e-17 0.55625 6.812097820257152e-17 0.55625 0.045312500000000075 0.6109375 0.045312500000000075
27 0.4375 0.3703125000000001 0.3937500000000001 0.3703125000000001 0.3937500000000001 0.4078125 0.4375 0.4078125
1 0.44375 0.04375000000000005 0.396875 0.043750000000000046 0.396875 0.08437500000000005 0.44375 0.08437500000000005
31 0.478125 0.425 0.43125 0.425 0.43125 0.4625 0.478125 0.4625
19 0.525 0.16875000000000004 0.4765625 0.16875000000000004 0.4765625 0.2093750000000001 0.525 0.2093750000000001
3 0.428125 0.13281250000000006 0.38125 0.13281250000000006 0.38125 0.17343750000000005 0.428125 0.17343750000000005
28 0.4921875 0.3421875000000001 0.4453125 0.3421875000000001 0.4453125 0.3812500000000001 0.4921875 0.3812500000000001
50 0.5546875 0.5375 0.5046875 0.5375 0.5046875 0.6 0.5546875 0.6
52 0.5015625 5.817072295949927e-17 0.4484375 5.4917754899264124e-17 0.4484375 0.05937500000000005 0.5015625 0.05937500000000007
43 0.5328125 0.12343750000000005 0.4828125 0.12343750000000005 0.4828125 0.16406250000000006 0.5328125 0.16406250000000006
53 0.4453125 0.3281250000000001 0.4015625 0.3281250000000001 0.4015625 0.3656250000000001 0.4453125 0.3656250000000001
40 0.521875 0.4515625 0.475 0.4515625 0.475 0.4921875 0.521875 0.4921875
45 0.553125 6.429395695523605e-17 0.496875 6.084963783263412e-17 0.496875 0.07187500000000006 0.553125 0.07187500000000006
51 0.459375 0.2453125000000001 0.4125 0.2453125000000001 0.4125 0.2828125000000001 0.459375 0.2828125000000001
10 0.5421875 0.07500000000000007 0.4921875 0.07500000000000007 0.4921875 0.11875000000000005 0.5421875 0.11875000000000005
11 0.3687500000000001 0.496875 0.3281250000000001 0.496875 0.3281250000000001 0.5328125 0.3687500000000001 0.5328125
49 0.671875 7.86452866327441e-17 0.6125 7.500961644777538e-17 0.6125 0.045312500000000075 0.671875 0.045312500000000075
17 0.4484375 5.204748896376252e-17 0.4015625 4.91772230282609e-17 0.4015625 0.03593750000000005 0.4484375 0.03593750000000005
16 0.5734375 0.19531250000000006 0.5203125 0.19531250000000006 0.5203125 0.23593750000000008 0.5734375 0.23593750000000008
33 0.5390625 0.3687500000000001 0.490625 0.3687500000000001 0.490625 0.409375 0.5390625 0.409375
35 0.546875 0.3265625000000001 0.4984375 0.3265625000000001 0.4984375 0.3671875000000001 0.546875 0.3671875000000001
6 0.4078125 0.2609375000000001 0.3640625 0.2609375000000001 0.3640625 0.2984375000000001 0.4078125 0.2984375000000001
42 0.4671875 0.2000000000000001 0.4203125 0.2000000000000001 0.4203125 0.2406250000000001 0.4671875 0.2406250000000001
57 0.5828125 0.14843750000000006 0.53125 0.14843750000000006 0.53125 0.18906250000000008 0.5828125 0.18906250000000008
30 0.6953125000000001 5.606586127346476e-17 0.2203125 2.6980499793715128e-17 0.22031250000000005 0.9171875 0.6953125000000002 0.9171875
8 0.39531250000000007 0.34375000000000006 0.3515625 0.34375 0.35156250000000006 0.38125000000000003 0.39531250000000007 0.3812500000000001
25 0.4984375 0.3000000000000001 0.453125 0.3000000000000001 0.453125 0.34062500000000007 0.4984375 0.34062500000000007
12 0.4609375 0.503125 0.4171875 0.503125 0.4171875 0.540625 0.4609375 0.540625
29 0.484375 0.3859375000000001 0.4390625 0.3859375000000001 0.4390625 0.4234375 0.484375 0.4234375
37 0.4703125 0.465625 0.4234375 0.465625 0.4234375 0.503125 0.4703125 0.503125
34 0.5125 0.4921875 0.465625 0.4921875 0.465625 0.53125 0.5125 0.53125
4 0.4203125 0.17812500000000003 0.3734375 0.17812500000000003 0.3734375 0.2156250000000001 0.4203125 0.2156250000000001
22 0.446875 0.5625 0.3593750000000001 0.5625 0.3593750000000001 0.625 0.446875 0.625
18 0.53125 0.4109375 0.4828125 0.4109375 0.4828125 0.4515625 0.53125 0.4515625
32 0.6015625 0.04843750000000007 0.5453125 0.048437500000000064 0.5453125 0.09531250000000006 0.6015625 0.09531250000000006
14 0.5765625 0.4375 0.525 0.4375 0.525 0.490625 0.5765625 0.490625
48 0.3750000000000001 0.459375 0.3343750000000001 0.459375 0.3343750000000001 0.496875 0.3750000000000001 0.496875
56 0.48125 0.11250000000000004 0.434375 0.11250000000000004 0.434375 0.15312500000000004 0.48125 0.15312500000000004
55 0.5640625 0.2390625000000001 0.5125 0.2390625000000001 0.5125 0.2796875000000001 0.5640625 0.2796875000000001
58 0.5921875 0.10000000000000006 0.5390625 0.10000000000000005 0.5390625 0.14375000000000007 0.5921875 0.1437500000000001
5 0.4140625 0.22031250000000008 0.36875 0.22031250000000008 0.36875 0.2578125000000001 0.4140625 0.2578125000000001
47 0.6296875 0.19531250000000006 0.534375 0.19531250000000006 0.534375 0.4390625 0.6296875 0.4390625
21 0.4734375 0.15625000000000006 0.4265625 0.15625000000000006 0.4265625 0.19687500000000005 0.4734375 0.19687500000000005
26 0.4546875 0.540625 0.4078125 0.540625 0.4078125 0.578125 0.4546875 0.578125
0 0.3828125000000001 0.4203125 0.3390625000000001 0.4203125 0.3390625000000001 0.4578125 0.3828125000000001 0.4578125
59 0.4515625 0.2875000000000001 0.4078125 0.2875000000000001 0.4078125 0.32500000000000007 0.4515625 0.32500000000000007
38 0.4234375 0.446875 0.37968750000000007 0.446875 0.37968750000000007 0.484375 0.4234375 0.484375
7 0.4015625 0.30312500000000003 0.3578125 0.303125 0.3578125 0.34062500000000007 0.4015625 0.34062500000000007
13 0.640625 0.14843750000000008 0.5859375 0.14843750000000008 0.5859375 0.1921875000000001 0.640625 0.1921875000000001
54 0.4171875 0.4859375 0.3734375000000001 0.4859375 0.3734375000000001 0.5234375 0.4171875 0.5234375
20 0.3609375000000001 0.534375 0.3156250000000001 0.534375 0.3156250000000001 0.60625 0.3609375000000001 0.60625
41 0.490625 0.06406250000000005 0.440625 0.06406250000000005 0.440625 0.10781250000000005 0.490625 0.10781250000000005
36 0.43125 0.409375 0.38750000000000007 0.409375 0.38750000000000007 0.446875 0.43125 0.446875
39 0.4109375 0.5234375 0.3656250000000001 0.5234375 0.3656250000000001 0.5609375 0.4109375 0.5609375
24 0.5078125 0.2578125000000001 0.4609375 0.2578125000000001 0.4609375 0.2984375000000001 0.5078125 0.2984375000000001
15 0.5546875 0.2843750000000001 0.5046875 0.2843750000000001 0.5046875 0.32500000000000007 0.5546875 0.32500000000000007
23 0.515625 0.2140625000000001 0.46875 0.2140625000000001 0.46875 0.25468750000000007 0.515625 0.25468750000000007
46 0.503125 0.5296875 0.45 0.5296875 0.45 0.6359375 0.503125 0.6359375