5 0.7671875 0.6218750000000001 0.6703125 0.621875 0.6703125 0.6859375000000001 0.7671875 0.6859375000000002
56 0.6031250000000001 0.7828125 0.4984375000000002 0.7828125 0.4984375000000002 0.846875 0.6031250000000001 0.846875
16 0.4234375 0.628125 0.30937500000000007 0.628125 0.30937500000000007 0.7 0.4234375 0.7
47 0.428125 0.32343750000000004 0.17343750000000005 0.3234375 0.17343750000000008 0.6890625 0.428125 0.6890625
1 0.6687500000000002 0.896875 0.5687500000000002 0.896875 0.5687500000000002 0.9609375 0.6687500000000002 0.9609375
25 0.6015625 0.46875 0.5 0.46875 0.5 0.5375 0.6015625 0.5375
23 0.5515625 0.609375 0.4375 0.609375 0.4375 0.6765625 0.5515625 0.6765625
12 0.721875 0.1531250000000001 0.6296875 0.1531250000000001 0.6296875 0.21093750000000008 0.721875 0.21093750000000008
2 0.6921875000000002 0.8265625 0.5921875000000002 0.8265625 0.5921875000000002 0.8921875 0.6921875000000002 0.8921875
10 0.46875000000000017 0.825 0.35625000000000007 0.825 0.35625000000000007 0.890625 0.46875000000000017 0.890625
24 0.575 0.5453125 0.46875 0.5453125 0.46875 0.6078125 0.575 0.6078125
31 0.6796875 0.27031250000000007 0.578125 0.27031250000000007 0.578125 0.3359375000000001 0.6796875 0.3359375000000001
36 0.771875 0.30937500000000007 0.675 0.30937500000000007 0.675 0.3765625000000001 0.771875 0.3765625000000001
6 0.7890625 0.5562500000000001 0.6953125 0.55625 0.6953125 0.6218750000000001 0.7890625 0.6218750000000002
27 0.75 0.3734375000000001 0.65 0.3734375000000001 0.65 0.4375000000000001 0.75 0.43750000000000017
30 1 6.123233995736766e-17 0 0 6.123233995736766e-17 1 1 1
34 0.6125 0.15156250000000007 0.5078125 0.15156250000000004 0.5078125 0.2234375000000001 0.6125 0.2234375000000001
59 0.7015625 0.50625 0.6 0.50625 0.6 0.571875 0.7015625 0.571875
57 0.39531250000000007 0.703125 0.2765625000000001 0.703125 0.2765625000000001 0.771875 0.39531250000000007 0.771875
49 0.2140625000000001 0.8359375 0.08281250000000011 0.8359375 0.08281250000000011 0.9296875 0.2140625000000001 0.9296875
51 0.678125 0.571875 0.5734375 0.571875 0.5734375 0.6375 0.678125 0.6375
43 0.49531250000000016 0.7515625 0.3828125000000001 0.7515625 0.3828125000000001 0.81875 0.49531250000000016 0.81875
0 0.88125 0.2984375000000001 0.7890625 0.2984375000000001 0.7890625 0.36406250000000007 0.88125 0.36406250000000007
38 0.796875 0.24375000000000008 0.7 0.24375000000000008 0.7 0.30937500000000007 0.796875 0.30937500000000007
7 0.8125 0.48906250000000007 0.71875 0.4890625 0.71875 0.5531250000000001 0.8125 0.5531250000000002
15 0.48125 0.4859375 0.3671875000000001 0.4859375 0.3671875000000001 0.559375 0.48125 0.559375
20 0.946875 0.08593750000000011 0.85625 0.08593750000000011 0.85625 0.1796875000000001 0.946875 0.17968750000000014
26 0.7484375 0.10468750000000009 0.6484375 0.10468750000000009 0.6484375 0.1609375000000001 0.7484375 0.1609375000000001
37 0.7015625 0.2062500000000001 0.6 0.2062500000000001 0.6 0.2750000000000001 0.7015625 0.2750000000000001
8 0.8359375 0.42500000000000016 0.74375 0.42500000000000016 0.74375 0.4890625000000002 0.8359375 0.4890625000000002
39 0.8359375 0.1453125000000001 0.74375 0.1453125000000001 0.74375 0.1984375000000001 0.8359375 0.1984375000000001
13 0.2750000000000001 0.6875 0.1531250000000001 0.6875 0.1531250000000001 0.759375 0.2750000000000001 0.759375
41 0.5750000000000002 0.85 0.4656250000000002 0.85 0.4656250000000002 0.9171875 0.5750000000000002 0.9171875
52 0.5515625000000002 0.925 0.4281250000000002 0.925 0.4281250000000002 1 0.5515625000000002 1
50 0.490625 0.15468750000000003 0.38125 0.15468750000000003 0.38125 0.2171875000000001 0.490625 0.2171875000000001
46 0.6625 0.010937500000000074 0.5359375 0.010937500000000067 0.5359375 0.15625000000000006 0.6625 0.15625000000000008
18 0.5578125 0.2828125000000001 0.4515625 0.2828125000000001 0.4515625 0.3515625000000001 0.5578125 0.3515625000000001
40 0.5859375 0.2156250000000001 0.48125 0.2156250000000001 0.48125 0.2843750000000001 0.5859375 0.2843750000000001
32 0.34062500000000007 0.8484375 0.2218750000000001 0.8484375 0.2218750000000001 0.91875 0.34062500000000007 0.91875
4 0.7453125 0.6890625000000001 0.6453125 0.6890625 0.6453125000000001 0.753125 0.7453125000000002 0.7531250000000002
58 0.3671875000000001 0.7765625 0.2515625000000001 0.7765625 0.2515625000000001 0.84375 0.3671875000000001 0.84375
33 0.53125 0.3500000000000001 0.425 0.3500000000000001 0.425 0.41875 0.53125 0.41875
35 0.5046875 0.41875 0.39531250000000007 0.41875 0.39531250000000007 0.4875 0.5046875 0.4875
11 0.9265625 0.17656250000000012 0.8328125 0.1765625000000001 0.8328125 0.2406250000000001 0.9265625 0.2406250000000001
19 0.5218750000000001 0.6796875 0.4125 0.6796875 0.4125000000000001 0.7484375 0.5218750000000002 0.7484375
9 0.8625 0.3609375000000001 0.765625 0.3609375000000001 0.765625 0.42500000000000016 0.8625 0.42500000000000016
17 0.6484375000000002 0.9671875 0.5437500000000002 0.9671875 0.5437500000000002 1 0.6484375000000002 1
21 0.6265625000000001 0.7109375 0.5203125 0.7109375 0.5203125000000001 0.7765625 0.6265625000000001 0.7765625
3 0.7187500000000002 0.7578125 0.6171875000000002 0.7578125 0.6171875000000002 0.8234375 0.7187500000000002 0.8234375
14 0.4421875 0.27031250000000007 0.3359375 0.2703125 0.3359375 0.3296875 0.4421875 0.3296875000000001
29 0.653125 0.3359375000000001 0.5484375 0.3359375000000001 0.5484375 0.403125 0.653125 0.403125
28 0.628125 0.403125 0.521875 0.403125 0.521875 0.4703125 0.628125 0.4703125
55 0.4515625 0.5578125 0.3375000000000001 0.5578125 0.3375000000000001 0.6265625 0.4515625 0.6265625
45 0.44531250000000017 0.896875 0.3109375000000001 0.896875 0.3109375000000001 1 0.44531250000000017 1
48 0.903125 0.23593750000000008 0.8109375 0.23593750000000008 0.8109375 0.30156250000000007 0.903125 0.30156250000000007
44 0.30937500000000007 0.9234375 0.18750000000000014 0.9234375 0.18750000000000014 1 0.30937500000000007 1
54 0.815625 0.1921875000000001 0.7234375 0.1921875000000001 0.7234375 0.2484375000000001 0.815625 0.2484375000000001
53 0.7265625 0.4390625000000001 0.625 0.4390625 0.625 0.5046875000000001 0.7265625 0.5046875000000002
42 0.6515625 0.640625 0.546875 0.640625 0.546875 0.70625 0.6515625 0.70625
22 0.8640625 0.03437500000000009 0.6703125 0.03437500000000008 0.6703125 0.14843750000000008 0.8640625 0.14843750000000008