47 0.5921875000000001 0.7078125 0.25468750000000007 0.7078125 0.25468750000000007 0.8015625 0.5921875000000002 0.8015625
8 0.5703125 0.3156250000000001 0.5109375 0.3156250000000001 0.5109375 0.4 0.5703125 0.4
54 0.803125 0.4109375000000002 0.74375 0.4109375000000002 0.74375 0.4984375000000002 0.803125 0.4984375000000002
38 0.7375 0.41093750000000007 0.678125 0.4109375 0.678125 0.4984375000000001 0.7375 0.4984375000000002
19 0.2843750000000001 0.509375 0.2250000000000001 0.509375 0.2250000000000001 0.596875 0.2843750000000001 0.596875
37 0.75625 0.5093750000000001 0.696875 0.509375 0.696875 0.596875 0.75625 0.5968750000000002
28 0.5546875 0.509375 0.4953125 0.509375 0.4953125 0.596875 0.5546875 0.596875
59 0.4703125 0.4109375 0.4109375 0.4109375 0.4109375 0.4984375 0.4703125 0.4984375
53 0.5375 0.4109375 0.478125 0.4109375 0.478125 0.4984375 0.5375 0.4984375
4 0.30468750000000006 0.3125 0.2453125 0.3125 0.24531250000000004 0.396875 0.3046875000000001 0.396875
29 0.621875 0.509375 0.5625 0.509375 0.5625 0.596875 0.621875 0.596875
51 0.403125 0.4109375 0.3437500000000001 0.4109375 0.3437500000000001 0.4953125 0.403125 0.4953125
25 0.4875 0.509375 0.428125 0.509375 0.428125 0.59375 0.4875 0.59375
23 0.3515625000000001 0.509375 0.2921875000000001 0.509375 0.2921875000000001 0.596875 0.3515625000000001 0.596875
33 0.5890625 0.609375 0.5296875 0.609375 0.5296875 0.696875 0.5890625 0.696875
36 0.6703125 0.4109375 0.6109375 0.4109375 0.6109375 0.4984375 0.6703125 0.4984375
17 0.03750000000000004 0.315625 3.865291459808834e-17 0.315625 4.362804221962446e-17 0.396875 0.03750000000000005 0.396875
31 0.6890625 0.509375 0.6296875 0.509375 0.6296875 0.596875 0.6890625 0.596875
6 0.4375 0.3156250000000001 0.378125 0.3156250000000001 0.37812500000000004 0.4 0.4375 0.4
12 0.8234375 0.5093750000000001 0.7640625 0.5093750000000001 0.7640625 0.5968750000000002 0.8234375 0.5968750000000002
39 0.8703125 0.4109375000000002 0.8109375 0.4109375000000002 0.8109375 0.4984375000000002 0.8703125 0.4984375000000002
14 0.6578125000000001 0.7078125 0.5953125 0.7078125 0.5953125000000001 0.7984375 0.6578125000000001 0.7984375
43 0.2156250000000001 0.509375 0.15625000000000006 0.509375 0.15625000000000006 0.596875 0.2156250000000001 0.596875
55 0.3843750000000001 0.609375 0.32500000000000007 0.609375 0.32500000000000007 0.69375 0.3843750000000001 0.69375
56 0.2015625000000001 0.4078125 0.14218750000000005 0.4078125 0.14218750000000005 0.4984375 0.2015625000000001 0.4984375
26 0.890625 0.5093750000000001 0.83125 0.5093750000000001 0.83125 0.5968750000000002 0.890625 0.5968750000000002
45 0.08281250000000007 0.509375 6.23804463315683e-17 0.509375 6.754692501547121e-17 0.59375 0.08281250000000007 0.59375
10 0.15000000000000008 0.509375 0.09062500000000007 0.509375 0.09062500000000007 0.596875 0.15000000000000008 0.596875
18 0.6578125 0.609375 0.5953125 0.609375 0.5953125 0.69375 0.6578125 0.69375
52 0.06718750000000005 0.409375 5.013397834009477e-17 0.409375 5.5300457023997667e-17 0.49375 0.06718750000000007 0.49375
22 0.971875 0.4109375000000002 0.8796875 0.4109375000000002 0.8796875 0.5953125000000001 0.971875 0.5953125000000001
41 0.13593750000000004 0.4109375 0.07656250000000005 0.4109375 0.07656250000000006 0.4984375 0.13593750000000004 0.4984375
27 0.6046875 0.4109375 0.5453125 0.4109375 0.5453125 0.4953125 0.6046875 0.4953125
46 0.9796875 0.6062500000000002 0.7984375 0.6062500000000002 0.7984375 0.6937500000000002 0.9796875 0.6937500000000002
13 0.2468750000000001 0.7078125 0.18750000000000008 0.7078125 0.18750000000000008 0.7953125 0.2468750000000001 0.7953125
15 0.453125 0.609375 0.3937500000000001 0.609375 0.3937500000000001 0.696875 0.453125 0.696875
3 0.23750000000000004 0.315625 0.17812500000000003 0.315625 0.17812500000000003 0.396875 0.2375000000000001 0.396875
24 0.4171875 0.509375 0.3609375000000001 0.509375 0.3609375000000001 0.59375 0.4171875 0.59375
40 0.7234375 0.609375 0.6640625 0.609375 0.6640625 0.69375 0.7234375 0.69375
2 0.17031250000000003 0.315625 0.11093750000000005 0.315625 0.11093750000000005 0.396875 0.17031250000000003 0.396875
30 0.990625 0.23281250000000003 2.8511308292649316e-17 0.2328125 6.773827607783798e-17 0.8734375 0.990625 0.8734375
32 0.11250000000000009 0.60625 0.05312500000000007 0.60625 0.053125000000000075 0.69375 0.11250000000000009 0.69375
42 0.3359375000000001 0.4109375 0.2765625000000001 0.4109375 0.2765625000000001 0.4984375 0.3359375000000001 0.4984375
21 0.2687500000000001 0.4109375 0.2093750000000001 0.4109375 0.2093750000000001 0.4984375 0.2687500000000001 0.4984375
20 0.965625 0.31718750000000007 0.840625 0.31718750000000007 0.840625 0.40156250000000016 0.965625 0.40156250000000016
49 0.11093750000000009 0.7078125 0.03281250000000009 0.7078125 0.03281250000000009 0.7953125 0.11093750000000009 0.7953125
1 0.10625000000000004 0.315625 0.046875000000000035 0.315625 0.04687500000000004 0.396875 0.10625000000000004 0.396875
35 0.5203125 0.60625 0.4609375 0.60625 0.4609375 0.69375 0.5203125 0.69375
0 0.703125 0.3156250000000001 0.64375 0.3156250000000001 0.64375 0.3968750000000001 0.703125 0.3968750000000001
11 0.834375 0.3156250000000001 0.778125 0.3156250000000001 0.778125 0.4000000000000002 0.834375 0.4000000000000002
16 0.3187500000000001 0.60625 0.2562500000000001 0.60625 0.2562500000000001 0.69375 0.3187500000000001 0.69375
48 0.7703125 0.31718750000000007 0.7109375 0.31718750000000007 0.7109375 0.3984375000000001 0.7703125 0.3984375000000001
44 0.04531250000000008 0.609375 7.462691432304184e-17 0.609375 7.979339300694474e-17 0.69375 0.04531250000000009 0.69375
58 0.1828125000000001 0.609375 0.12343750000000009 0.609375 0.12343750000000009 0.69375 0.1828125000000001 0.69375
9 0.6375 0.3156250000000001 0.578125 0.3156250000000001 0.578125 0.4 0.6375 0.4
5 0.37031250000000004 0.31562500000000004 0.3109375 0.315625 0.31093750000000003 0.39687500000000003 0.3703125000000001 0.3968750000000001
7 0.503125 0.3156250000000001 0.44375 0.3156250000000001 0.44375 0.3968750000000001 0.503125 0.3968750000000001
57 0.2484375000000001 0.609375 0.18906250000000008 0.609375 0.18906250000000008 0.69375 0.2484375000000001 0.69375
34 0.79375 0.6093750000000002 0.73125 0.6093750000000002 0.73125 0.6937500000000002 0.79375 0.6937500000000002
50 0.7968750000000001 0.7078125000000002 0.734375 0.7078125000000002 0.7343750000000001 0.803125 0.7968750000000002 0.803125