2 0.584375 0.17656250000000007 0.5296875 0.17656250000000004 0.5296875 0.21875000000000008 0.584375 0.21875000000000008
46 0.4171875000000001 0.6640625 0.3625000000000001 0.6640625 0.3625000000000001 0.7390625 0.41718750000000016 0.7390625
0 0.5921875 0.55 0.540625 0.55 0.540625 0.5921875 0.5921875 0.5921875
29 0.471875 0.496875 0.41875 0.496875 0.41875 0.5375 0.471875 0.5375
8 0.590625 0.459375 0.5390625 0.459375 0.5390625 0.5015625 0.590625 0.5015625
55 0.4046875 0.33125000000000004 0.3515625 0.33125 0.35156250000000006 0.37343750000000003 0.4046875 0.3734375000000001
56 0.525 0.2000000000000001 0.4703125 0.2000000000000001 0.4703125 0.24218750000000008 0.525 0.24218750000000008
23 0.465625 0.3078125000000001 0.4125 0.3078125000000001 0.4125 0.3500000000000001 0.465625 0.3500000000000001
5 0.5875 0.3203125000000001 0.5328125 0.3203125000000001 0.5328125 0.3625000000000001 0.5875 0.3625000000000001
49 0.33125 0.05937500000000003 0.26875 0.059375000000000025 0.26875 0.12500000000000006 0.33125 0.12500000000000006
53 0.5296875 0.4359375 0.478125 0.4359375 0.478125 0.4765625 0.5296875 0.4765625
14 0.3500000000000001 0.5234375 0.2906250000000001 0.5234375 0.2906250000000001 0.5703125 0.3500000000000001 0.5703125
17 0.5828125 0.07656250000000006 0.528125 0.07656250000000006 0.528125 0.12343750000000006 0.5828125 0.12343750000000009
6 0.5875 0.3671875000000001 0.534375 0.3671875000000001 0.534375 0.4078125 0.5875 0.4078125
59 0.528125 0.3906250000000001 0.4765625 0.3906250000000001 0.4765625 0.43125 0.528125 0.43125
26 0.478125 0.68125 0.425 0.68125 0.425 0.725 0.478125 0.725
10 0.4609375 0.15781250000000005 0.4078125 0.15781250000000005 0.4078125 0.20312500000000008 0.4609375 0.20312500000000008
20 0.596875 0.6859375 0.5453125 0.6859375 0.5453125000000001 0.7703125 0.5968750000000002 0.7703125
12 0.4765625 0.634375 0.4234375 0.634375 0.4234375 0.6765625 0.4765625 0.6765625
54 0.534375 0.61875 0.484375 0.61875 0.484375 0.659375 0.534375 0.659375
35 0.4109375 0.428125 0.3515625000000001 0.428125 0.3515625000000001 0.475 0.4109375 0.475
42 0.5265625 0.29375000000000007 0.4734375 0.29375000000000007 0.4734375 0.3359375000000001 0.5265625 0.3359375000000001
57 0.4 0.23125000000000004 0.34375 0.23125 0.34375 0.275 0.4 0.2750000000000001
16 0.403125 0.28125000000000006 0.346875 0.28125 0.346875 0.32343750000000004 0.403125 0.3234375000000001
25 0.471875 0.4046875 0.4125 0.4046875 0.4125 0.446875 0.471875 0.446875
9 0.590625 0.503125 0.5375 0.503125 0.5375 0.5453125 0.590625 0.5453125
1 0.584375 0.12656250000000008 0.528125 0.12656250000000005 0.528125 0.17187500000000006 0.584375 0.17187500000000008
33 0.4140625 0.475 0.3546875000000001 0.475 0.3546875000000001 0.521875 0.4140625 0.521875
4 0.5875 0.2734375000000001 0.5328125 0.2734375000000001 0.5328125 0.3156250000000001 0.5875 0.3156250000000001
21 0.5265625 0.2484375000000001 0.4703125 0.2484375000000001 0.4703125 0.2906250000000001 0.5265625 0.2906250000000001
15 0.40625 0.38125000000000003 0.3531250000000001 0.38125 0.3531250000000001 0.4234375 0.40625 0.4234375
44 0.3984375 0.06562500000000004 0.3390625 0.06562500000000004 0.3390625 0.12812500000000004 0.3984375 0.12812500000000004
19 0.4640625 0.2578125000000001 0.4109375 0.2578125000000001 0.4109375 0.30156250000000007 0.4640625 0.30156250000000007
37 0.475 0.5890625 0.4234375 0.5890625 0.4234375 0.6296875 0.475 0.6296875
51 0.5265625 0.34062500000000007 0.4765625 0.34062500000000007 0.4765625 0.3812500000000001 0.5265625 0.3812500000000001
36 0.5328125 0.5265625 0.4828125 0.5265625 0.4828125 0.56875 0.5328125 0.56875
11 0.59375 0.6390625 0.5421875 0.6390625 0.5421875 0.678125 0.59375 0.678125
47 0.34843750000000007 0.28125 0.2796875 0.28125 0.27968750000000003 0.521875 0.34843750000000007 0.521875
24 0.4671875 0.3546875000000001 0.4140625 0.3546875000000001 0.4140625 0.3968750000000001 0.4671875 0.3968750000000001
32 0.3984375 0.13281250000000006 0.3390625 0.13281250000000006 0.3390625 0.17812500000000003 0.3984375 0.17812500000000003
31 0.4734375 0.54375 0.4203125 0.54375 0.4203125 0.584375 0.4734375 0.584375
28 0.4734375 0.4515625 0.415625 0.4515625 0.415625 0.4953125 0.4734375 0.4953125
40 0.415625 0.5671875 0.3578125000000001 0.5671875 0.3578125000000001 0.6125 0.415625 0.6125
48 0.5921875 0.5953125 0.540625 0.5953125 0.540625 0.6359375 0.5921875 0.6359375
3 0.5875 0.2250000000000001 0.53125 0.2250000000000001 0.53125 0.2671875000000001 0.5875 0.2671875000000001
34 0.4140625 0.615625 0.3593750000000001 0.615625 0.3593750000000001 0.6578125 0.4140625 0.6578125
52 0.5265625 0.07500000000000007 0.4671875 0.07500000000000007 0.4671875 0.14375000000000004 0.5265625 0.14375000000000004
27 0.53125 0.48125 0.4796875 0.48125 0.4796875 0.521875 0.53125 0.521875
41 0.525 0.14687500000000003 0.46875 0.14687500000000003 0.46875 0.19062500000000004 0.525 0.19062500000000004
13 0.3359375 0.2328125 0.2765625 0.2328125 0.2765625 0.275 0.3359375 0.275
43 0.4625 0.2078125000000001 0.409375 0.2078125000000001 0.409375 0.2515625000000001 0.4625 0.2515625000000001
50 0.3531250000000001 0.6203125 0.2984375000000001 0.6203125 0.2984375000000001 0.6953125 0.3531250000000001 0.6953125
58 0.396875 0.18125000000000005 0.3421875 0.18125000000000005 0.3421875 0.22500000000000003 0.396875 0.2250000000000001
22 0.5375000000000001 0.7078125 0.428125 0.7078125 0.4281250000000001 0.7765625 0.5375000000000002 0.7765625
39 0.5375 0.6640625 0.484375 0.6640625 0.484375 0.70625 0.5375 0.70625
7 0.5875 0.4125 0.5359375 0.4125 0.5359375 0.4546875 0.5875 0.4546875
30 0.6671875 0.03437500000000006 0.2421875 0.03437500000000003 0.24218750000000006 0.9546875 0.6671875000000002 0.9546875
18 0.415625 0.521875 0.35625000000000007 0.521875 0.35625000000000007 0.5671875 0.415625 0.5671875
38 0.534375 0.5734375 0.48125 0.5734375 0.48125 0.6140625 0.534375 0.6140625
45 0.4609375 0.06875000000000006 0.4015625 0.06875000000000005 0.4015625 0.15468750000000003 0.4609375 0.15468750000000003