9 0.5296875 0.2078125000000001 0.4640625 0.2078125000000001 0.4640625 0.3156250000000001 0.5296875 0.3156250000000001
33 0.471875 0.5796875 0.403125 0.5796875 0.403125 0.6921875 0.471875 0.6921875
51 0.27343750000000006 0.3328125 0.2109375 0.3328125 0.21093750000000006 0.4390625 0.2734375000000001 0.4390625
38 0.64375 0.3296875000000001 0.575 0.3296875000000001 0.575 0.4390625 0.64375 0.4390625
21 0.13281250000000006 0.334375 0.07031250000000004 0.334375 0.07031250000000004 0.4390625 0.13281250000000006 0.4390625
56 0.06250000000000004 0.3359375 0.003125000000000042 0.3359375 0.003125000000000048 0.4390625 0.06250000000000004 0.4390625
54 0.71875 0.3281250000000001 0.65 0.3281250000000001 0.65 0.440625 0.71875 0.440625
57 0.10468750000000009 0.578125 0.04375000000000007 0.578125 0.04375000000000008 0.684375 0.10468750000000009 0.684375
29 0.509375 0.4546875 0.44375 0.4546875 0.44375 0.5640625 0.509375 0.5640625
41 0.006250000000000047 0.334375 4.0949127346489623e-17 0.334375 4.735938793577655e-17 0.4390625 0.006250000000000052 0.4390625
37 0.6625 0.4546875 0.59375 0.4546875 0.59375 0.5671875 0.6625 0.5671875
30 0.9296875 0.08906250000000006 1.0907010554906114e-17 0.0890625 6.084963783263412e-17 0.9046875 0.9296875 0.9046875
40 0.6234375 0.58125 0.5546875 0.58125 0.5546875 0.6921875 0.6234375 0.6921875
5 0.2421875 0.2140625 0.17968750000000006 0.2140625 0.17968750000000006 0.3171875 0.2421875 0.3171875
18 0.5484375 0.5796875 0.4796875 0.5796875 0.4796875 0.6921875 0.5484375 0.6921875
8 0.4546875 0.21093750000000008 0.390625 0.21093750000000008 0.390625 0.3140625000000001 0.4546875 0.3140625000000001
27 0.4921875 0.3312500000000001 0.4265625 0.3312500000000001 0.4265625 0.4375 0.4921875 0.4375
43 0.07500000000000007 0.4546875 0.012500000000000056 0.4546875 0.012500000000000061 0.5609375 0.07500000000000007 0.5609375
6 0.3125 0.2140625 0.25 0.2140625 0.25 0.3171875 0.3125 0.3171875
34 0.7015625 0.5828125 0.6296875 0.5828125 0.6296875 0.6953125 0.7015625 0.6953125
55 0.2500000000000001 0.578125 0.1843750000000001 0.578125 0.1843750000000001 0.6859375 0.2500000000000001 0.6859375
53 0.41875 0.33125000000000004 0.353125 0.33125 0.353125 0.440625 0.41875 0.440625
12 0.740625 0.4546875000000001 0.6703125 0.4546875 0.6703125 0.5671875000000001 0.740625 0.5671875000000002
15 0.3218750000000001 0.5796875 0.2562500000000001 0.5796875 0.2562500000000001 0.6890625 0.3218750000000001 0.6890625
7 0.3828125 0.21250000000000005 0.3203125 0.2125 0.3203125 0.31562500000000004 0.3828125 0.3156250000000001
35 0.39531250000000007 0.5796875 0.3296875000000001 0.5796875 0.3296875000000001 0.690625 0.39531250000000007 0.690625
2 0.03437500000000003 0.221875 2.71718508560819e-17 0.221875 3.329508485181867e-17 0.321875 0.034375000000000044 0.321875
58 0.03593750000000008 0.575 0.0015625000000000701 0.575 0.0015625000000000766 0.68125 0.03593750000000009 0.68125
59 0.34687500000000004 0.33125 0.2828125 0.33125 0.2828125 0.440625 0.3468750000000001 0.440625
20 0.9078125 0.2015625000000001 0.7609375 0.2015625000000001 0.7609375 0.3140625000000001 0.9078125 0.3140625000000001
28 0.4359375 0.453125 0.3703125000000001 0.453125 0.3703125000000001 0.565625 0.4359375 0.565625
13 0.10156250000000008 0.7 0.03593750000000009 0.7 0.035937500000000094 0.8109375 0.10156250000000008 0.8109375
23 0.2171875000000001 0.4546875 0.15156250000000004 0.4546875 0.15156250000000007 0.5625 0.2171875000000001 0.5625
22 0.9171875 0.32500000000000007 0.8015625 0.32500000000000007 0.8015625 0.5718750000000001 0.9171875 0.5718750000000001
0 0.603125 0.2062500000000001 0.5375 0.2062500000000001 0.5375 0.3156250000000001 0.603125 0.3156250000000001
36 0.5671875 0.3296875000000001 0.5 0.3296875000000001 0.5 0.440625 0.5671875 0.440625
46 0.91875 0.58125 0.709375 0.58125 0.709375 0.6953125000000001 0.91875 0.6953125000000002
50 0.7031250000000001 0.7125 0.63125 0.7125 0.6312500000000001 0.828125 0.7031250000000002 0.828125
25 0.3609375000000001 0.4546875 0.2953125000000001 0.4546875 0.2953125000000001 0.5609375 0.3609375000000001 0.5609375
16 0.1781250000000001 0.578125 0.11250000000000009 0.578125 0.11250000000000009 0.6859375 0.1781250000000001 0.6859375
48 0.6796875 0.20468750000000008 0.6109375 0.20468750000000008 0.6109375 0.3125000000000001 0.6796875 0.3125000000000001
11 0.753125 0.20312500000000008 0.6875 0.20312500000000008 0.6875 0.3109375000000001 0.753125 0.3109375000000001
39 0.79375 0.3281250000000001 0.725 0.3281250000000001 0.725 0.4375000000000001 0.79375 0.43750000000000017
26 0.815625 0.45312500000000017 0.746875 0.45312500000000017 0.746875 0.5640625000000001 0.815625 0.5640625000000001
24 0.2875000000000001 0.4546875 0.2250000000000001 0.4546875 0.2250000000000001 0.5609375 0.2875000000000001 0.5609375
4 0.17031250000000003 0.2171875 0.10937500000000004 0.2171875 0.10937500000000004 0.3171875 0.17031250000000003 0.3171875
42 0.20156250000000003 0.334375 0.13906250000000003 0.334375 0.13906250000000003 0.4390625 0.2015625000000001 0.4390625
31 0.5859375 0.453125 0.51875 0.453125 0.51875 0.565625 0.5859375 0.565625
14 0.5468750000000001 0.7109375 0.478125 0.7109375 0.4781250000000001 0.825 0.5468750000000002 0.825
19 0.14531250000000007 0.4546875 0.08281250000000007 0.4546875 0.08281250000000007 0.5609375 0.1453125000000001 0.5609375
47 0.4750000000000001 0.703125 0.1062500000000001 0.703125 0.1062500000000001 0.8203125 0.4750000000000002 0.8203125
3 0.10312500000000005 0.21875 0.042187500000000024 0.21875 0.04218750000000003 0.31875 0.10312500000000005 0.31875
10 0.012500000000000061 0.4546875 5.568315914873122e-17 0.4546875 6.209341973801815e-17 0.559375 0.012500000000000067 0.559375