56 0.5750000000000002 0.790625 0.5281250000000002 0.790625 0.5281250000000002 0.821875 0.5750000000000002 0.821875
11 0.6125 0.3968750000000001 0.565625 0.3968750000000001 0.565625 0.428125 0.6125 0.428125
1 0.6343750000000001 0.846875 0.5875000000000001 0.846875 0.5875000000000001 0.878125 0.6343750000000001 0.878125
9 0.61875 0.521875 0.571875 0.521875 0.571875 0.553125 0.61875 0.553125
6 0.625 0.64375 0.578125 0.64375 0.578125 0.675 0.625 0.675
28 0.50625 0.578125 0.45625 0.578125 0.45625 0.609375 0.50625 0.609375
39 0.553125 0.3765625000000001 0.503125 0.3765625000000001 0.503125 0.4109375 0.553125 0.4109375
26 0.4921875 0.3671875000000001 0.4453125 0.3671875000000001 0.4453125 0.4 0.4921875 0.4
48 0.6140625 0.4390625 0.5671875 0.4390625 0.5671875 0.4703125 0.6140625 0.4703125
33 0.4453125 0.5609375 0.3984375000000001 0.5609375 0.3984375000000001 0.5953125 0.4453125 0.5953125
27 0.5609375 0.5453125 0.5140625 0.5453125 0.5140625 0.5765625 0.5609375 0.5765625
29 0.503125 0.5375 0.45625 0.5375 0.45625 0.56875 0.503125 0.56875
38 0.5578125 0.4625 0.5109375 0.4625 0.5109375 0.49375 0.5578125 0.49375
41 0.5765625000000002 0.8296875 0.5296875000000002 0.8296875 0.5296875000000002 0.8609375 0.5765625000000002 0.8609375
19 0.5140625000000002 0.7453125 0.4671875000000002 0.7453125 0.4671875000000002 0.7765625 0.5140625000000002 0.7765625
24 0.509375 0.6609375 0.4625 0.6609375 0.4625 0.6921875 0.509375 0.6921875
59 0.565625 0.6265625 0.51875 0.6265625 0.51875 0.6578125 0.565625 0.6578125
13 0.4000000000000002 0.7859375 0.3500000000000001 0.7859375 0.3500000000000001 0.8296875 0.4000000000000002 0.8296875
54 0.55625 0.4203125 0.50625 0.4203125 0.50625 0.453125 0.55625 0.453125
2 0.6328125000000002 0.8078125 0.5859375000000002 0.8078125 0.5859375000000002 0.8375 0.6328125000000002 0.8375
15 0.4515625 0.64375 0.4046875 0.64375 0.4046875 0.678125 0.4515625 0.678125
49 0.4078125000000002 0.8875 0.3578125000000001 0.8875 0.3578125000000001 0.94375 0.4078125000000002 0.94375
34 0.4375 0.434375 0.3906250000000001 0.434375 0.3906250000000001 0.4671875 0.4375 0.4671875
51 0.56875 0.6671875 0.521875 0.6671875 0.521875 0.6984375 0.56875 0.6984375
50 0.37187500000000007 0.3140625 0.3171875 0.3140625 0.31718750000000007 0.37500000000000006 0.37187500000000007 0.3750000000000001
46 0.4359375 0.3140625000000001 0.384375 0.3140625000000001 0.384375 0.4234375 0.4359375 0.4234375
44 0.4656250000000002 0.8921875 0.4187500000000002 0.8921875 0.4187500000000002 0.9359375 0.4656250000000002 0.9359375
4 0.6296875000000002 0.7265625 0.5828125000000002 0.7265625 0.5828125000000002 0.75625 0.6296875000000002 0.75625
36 0.559375 0.503125 0.5125 0.503125 0.5125 0.534375 0.559375 0.534375
30 0.7406250000000001 6.17107176132846e-17 0.2671875 3.2721031664718344e-17 0.2671875 0.9640625 0.7406250000000002 0.9640625
23 0.5140625000000001 0.703125 0.4640625 0.703125 0.4640625000000001 0.734375 0.5140625000000002 0.734375
21 0.5734375000000002 0.75 0.5265625000000002 0.75 0.5265625000000002 0.78125 0.5734375000000002 0.78125
18 0.4421875 0.51875 0.39531250000000007 0.51875 0.39531250000000007 0.55 0.4421875 0.55
5 0.628125 0.6859375 0.58125 0.6859375 0.58125 0.7171875 0.628125 0.7171875
3 0.6312500000000002 0.7671875 0.5843750000000002 0.7671875 0.5843750000000002 0.7984375 0.6312500000000002 0.7984375
43 0.5187500000000002 0.7859375 0.46875000000000017 0.7859375 0.46875000000000017 0.8171875 0.5187500000000002 0.8171875
31 0.5015625 0.4953125 0.4515625 0.4953125 0.4515625 0.5265625 0.5015625 0.5265625
52 0.5796875000000001 0.8703125 0.5328125000000001 0.8703125 0.5328125000000001 0.9203125 0.5796875000000001 0.9203125
47 0.39531250000000007 0.540625 0.3312500000000001 0.540625 0.3312500000000001 0.778125 0.39531250000000007 0.778125
0 0.6171875 0.48125 0.5703125 0.48125 0.5703125 0.5125 0.6171875 0.5125
14 0.3812500000000001 0.4890625 0.3312500000000001 0.4890625 0.3312500000000001 0.5328125 0.3812500000000001 0.5328125
17 0.6375000000000002 0.8859375 0.5921875000000002 0.8859375 0.5921875000000002 0.915625 0.6375000000000002 0.915625
55 0.453125 0.6859375 0.40625 0.6859375 0.40625 0.7203125 0.453125 0.7203125
57 0.4578125000000002 0.7703125 0.4109375000000002 0.7703125 0.4109375000000002 0.8015625 0.4578125000000002 0.8015625
7 0.621875 0.6046875 0.575 0.6046875 0.575 0.634375 0.621875 0.634375
58 0.46093750000000017 0.8109375 0.4156250000000002 0.8109375 0.4156250000000002 0.84375 0.46093750000000017 0.84375
35 0.4484375 0.603125 0.4015625 0.603125 0.4015625 0.634375 0.4484375 0.634375
22 0.553125 0.3125000000000001 0.4421875 0.3125000000000001 0.4421875 0.3687500000000001 0.553125 0.3687500000000001
25 0.5078125 0.6203125 0.4609375 0.6203125 0.4609375 0.6515625 0.5078125 0.6515625
37 0.4984375 0.453125 0.4484375 0.453125 0.4484375 0.4859375 0.4984375 0.4859375
10 0.5203125000000002 0.8265625 0.4734375000000002 0.8265625 0.4734375000000002 0.8578125 0.5203125000000002 0.8578125
8 0.621875 0.5625 0.571875 0.5625 0.571875 0.59375 0.621875 0.59375
40 0.440625 0.4765625 0.3937500000000001 0.4765625 0.3937500000000001 0.5078125 0.440625 0.5078125
16 0.4546875000000002 0.728125 0.4078125000000002 0.728125 0.4078125000000002 0.7609375 0.4546875000000002 0.7609375
12 0.496875 0.4109375 0.446875 0.4109375 0.446875 0.44375 0.496875 0.44375
53 0.5625 0.5859375 0.515625 0.5859375 0.515625 0.6171875 0.5625 0.6171875
20 0.6109375 0.3140625000000001 0.5609375 0.3140625000000001 0.5609375 0.38750000000000007 0.6109375 0.38750000000000007
45 0.5218750000000002 0.8734375 0.4750000000000002 0.8734375 0.4750000000000002 0.9265625 0.5218750000000002 0.9265625
42 0.5703125000000001 0.709375 0.5234375 0.709375 0.5234375000000001 0.740625 0.5703125000000002 0.740625
32 0.46406250000000016 0.8515625 0.41718750000000016 0.8515625 0.41718750000000016 0.8859375 0.46406250000000016 0.8859375