51 0.4203125 0.24687500000000004 0.3515625 0.246875 0.3515625 0.2984375 0.4203125 0.2984375000000001
38 0.4203125 0.53125 0.3531250000000001 0.53125 0.3531250000000001 0.58125 0.4203125 0.58125
35 0.5703125 0.34843750000000007 0.5046875 0.34843750000000007 0.5046875 0.3984375000000001 0.5703125 0.3984375000000001
6 0.3421875 0.2734375 0.275 0.2734375 0.275 0.325 0.3421875 0.325
29 0.4953125 0.4328125 0.4296875 0.4328125 0.4296875 0.4828125 0.4953125 0.4828125
18 0.5703125 0.4609375 0.5046875 0.4609375 0.5046875 0.5109375 0.5703125 0.5109375
14 0.646875 0.4609375 0.58125 0.4609375 0.58125 0.50625 0.646875 0.50625
28 0.4953125 0.3765625000000001 0.428125 0.3765625000000001 0.428125 0.4265625 0.4953125 0.4265625
34 0.5703125 0.571875 0.5046875 0.571875 0.5046875 0.625 0.5703125 0.625
22 0.49687500000000007 0.6875 0.3500000000000001 0.6875 0.3500000000000001 0.7609375 0.4968750000000002 0.7609375
47 0.6484375 0.1750000000000001 0.5796875 0.1750000000000001 0.5796875 0.45625 0.6484375 0.45625
15 0.5703125 0.2890625000000001 0.5046875 0.2890625000000001 0.5046875 0.34062500000000007 0.5703125 0.34062500000000007
16 0.571875 0.17343750000000008 0.5046875 0.17343750000000005 0.5046875 0.22656250000000008 0.571875 0.22656250000000008
27 0.4203125 0.41875 0.3531250000000001 0.41875 0.3531250000000001 0.46875 0.4203125 0.46875
46 0.5703125000000001 0.63125 0.503125 0.63125 0.503125 0.7609375 0.5703125000000002 0.7609375
53 0.421875 0.3609375 0.353125 0.3609375 0.353125 0.4109375 0.421875 0.4109375
39 0.4203125 0.6359375 0.3515625000000001 0.6359375 0.3515625000000001 0.6796875 0.4203125 0.6796875
21 0.41875 0.12968750000000004 0.3515625 0.12968750000000004 0.3515625 0.18281250000000004 0.41875 0.18281250000000004
36 0.421875 0.475 0.3531250000000001 0.475 0.3531250000000001 0.525 0.421875 0.525
57 0.571875 0.11718750000000007 0.5046875 0.11718750000000004 0.5046875 0.16718750000000007 0.571875 0.1671875000000001
33 0.571875 0.403125 0.50625 0.403125 0.50625 0.45625 0.571875 0.45625
10 0.49375 0.029687500000000054 0.4265625 0.029687500000000054 0.4265625 0.08281250000000005 0.49375 0.08281250000000007
59 0.4203125 0.30468750000000006 0.3515625 0.3046875 0.3515625 0.35625000000000007 0.4203125 0.35625000000000007
24 0.49375 0.2609375000000001 0.428125 0.2609375000000001 0.428125 0.3109375000000001 0.49375 0.3109375000000001
58 0.571875 0.05937500000000007 0.5046875 0.05937500000000007 0.5046875 0.11093750000000006 0.571875 0.11093750000000009
12 0.49375 0.6015625 0.428125 0.6015625 0.428125 0.6453125 0.49375 0.6453125
54 0.4203125 0.5875 0.3515625000000001 0.5875 0.3515625000000001 0.63125 0.4203125 0.63125
26 0.49375 0.65 0.428125 0.65 0.428125 0.69375 0.49375 0.69375
25 0.49375 0.3187500000000001 0.428125 0.3187500000000001 0.428125 0.3703125000000001 0.49375 0.3703125000000001
49 0.6484375 0.0015625000000000753 0.58125 0.0015625000000000714 0.58125 0.054687500000000076 0.6484375 0.05468750000000009
32 0.5703125 6.572908992298685e-17 0.503125 6.161504208210122e-17 0.503125 0.05312500000000007 0.5703125 0.05312500000000007
50 0.646875 0.559375 0.5796875 0.559375 0.5796875 0.60625 0.646875 0.60625
55 0.5703125 0.2328125000000001 0.5046875 0.2328125000000001 0.5046875 0.2828125000000001 0.5703125 0.2828125000000001
43 0.4953125 0.08593750000000006 0.428125 0.08593750000000004 0.428125 0.13906250000000003 0.4953125 0.13906250000000003
5 0.340625 0.215625 0.275 0.215625 0.275 0.26875 0.340625 0.26875
1 0.3390625 3.7409132692704307e-17 0.271875 3.329508485181867e-17 0.271875 0.03437500000000004 0.3390625 0.034375000000000044
9 0.3437500000000001 0.4453125 0.2765625000000001 0.4453125 0.2765625000000001 0.496875 0.3437500000000001 0.496875
4 0.340625 0.15937500000000004 0.275 0.15937500000000004 0.275 0.2109375 0.340625 0.2109375
41 0.41875 0.010937500000000046 0.35 0.010937500000000041 0.35 0.06562500000000004 0.41875 0.06562500000000004
48 0.3437500000000001 0.559375 0.27812500000000007 0.559375 0.27812500000000007 0.609375 0.3437500000000001 0.609375
31 0.4953125 0.4890625 0.4296875 0.4890625 0.4296875 0.5390625 0.4953125 0.5390625
40 0.5703125 0.5171875 0.5046875 0.5171875 0.5046875 0.5671875 0.5703125 0.5671875
13 0.646875 0.11562500000000009 0.5796875 0.11562500000000009 0.5796875 0.1687500000000001 0.646875 0.1687500000000001
42 0.4203125 0.18750000000000006 0.3515625 0.18750000000000006 0.3515625 0.24062500000000003 0.4203125 0.2406250000000001
7 0.34375000000000006 0.3328125 0.2765625 0.3328125 0.27656250000000004 0.3828125 0.3437500000000001 0.3828125
11 0.3421875000000001 0.6171875 0.2765625000000001 0.6171875 0.2765625000000001 0.6671875 0.3421875000000001 0.6671875
37 0.496875 0.5453125 0.4296875 0.5453125 0.4296875 0.596875 0.496875 0.596875
45 0.49375 5.635288786701493e-17 0.4265625 5.223884002612928e-17 0.4265625 0.023437500000000056 0.49375 0.023437500000000062
19 0.4953125 0.14375000000000004 0.428125 0.14375000000000004 0.428125 0.19687500000000005 0.4953125 0.19687500000000005
30 0.7406250000000001 5.788369636594912e-17 0.2046875 2.5066989170047385e-17 0.20468750000000005 0.996875 0.7406250000000002 0.996875
56 0.41875 0.07187500000000005 0.35 0.07187500000000005 0.35 0.12500000000000006 0.41875 0.12500000000000006
2 0.340625 0.040625000000000036 0.2734375 0.040625000000000036 0.2734375 0.09375000000000004 0.340625 0.09375000000000004
23 0.49375 0.20312500000000008 0.4265625 0.20312500000000008 0.4265625 0.2562500000000001 0.49375 0.2562500000000001
8 0.3437500000000001 0.3890625 0.2765625000000001 0.3890625 0.2765625000000001 0.4390625 0.3437500000000001 0.4390625
3 0.3421875 0.10000000000000005 0.2734375 0.10000000000000005 0.2734375 0.15312500000000004 0.3421875 0.15312500000000004
20 0.3437500000000001 0.6765625 0.2750000000000001 0.6765625 0.2750000000000001 0.7609375 0.3437500000000001 0.7609375
0 0.3437500000000001 0.5015625 0.2765625000000001 0.5015625 0.2765625000000001 0.553125 0.3437500000000001 0.553125