24 0.6125 0.3781250000000001 0.571875 0.3781250000000001 0.571875 0.434375 0.6125 0.434375
27 0.4921875 0.3125000000000001 0.4515625 0.3125000000000001 0.4515625 0.3671875000000001 0.4921875 0.3671875000000001
33 0.5 0.440625 0.4578125 0.440625 0.4578125 0.5 0.5 0.5
4 0.671875 0.2515625000000001 0.634375 0.2515625000000001 0.634375 0.3062500000000001 0.671875 0.3062500000000001
1 0.803125 0.2531250000000001 0.765625 0.2531250000000001 0.765625 0.3078125000000001 0.803125 0.3078125000000001
59 0.58125 0.3125000000000001 0.540625 0.3125000000000001 0.540625 0.3687500000000001 0.58125 0.3687500000000001
14 0.453125 0.50625 0.4125 0.50625 0.4125 0.575 0.453125 0.575
8 0.496875 0.2500000000000001 0.45625 0.2500000000000001 0.45625 0.3046875000000001 0.496875 0.3046875000000001
38 0.4015625 0.3125000000000001 0.3640625 0.3125000000000001 0.36406250000000007 0.3671875000000001 0.4015625 0.3671875000000001
53 0.5375 0.3125000000000001 0.496875 0.3125000000000001 0.496875 0.3687500000000001 0.5375 0.3687500000000001
56 0.7578125 0.3140625000000001 0.7171875 0.3140625000000001 0.7171875 0.3687500000000001 0.7578125 0.3687500000000001
35 0.54375 0.4421875 0.503125 0.4421875 0.503125 0.4984375 0.54375 0.4984375
31 0.4328125 0.3750000000000001 0.3921875000000001 0.3750000000000001 0.3921875000000001 0.434375 0.4328125 0.434375
55 0.6328125 0.440625 0.5921875 0.440625 0.5921875 0.5 0.6328125 0.5
15 0.5890625 0.440625 0.546875 0.440625 0.546875 0.5 0.5890625 0.5
41 0.8 0.3140625000000001 0.7625 0.3140625000000001 0.7625 0.3703125000000001 0.8 0.3703125000000001
37 0.38750000000000007 0.37500000000000006 0.3468750000000001 0.375 0.3468750000000001 0.434375 0.38750000000000007 0.434375
36 0.4484375 0.3125000000000001 0.4078125 0.3125000000000001 0.4078125 0.3687500000000001 0.4484375 0.3687500000000001
42 0.6703125 0.3140625000000001 0.6296875 0.3140625000000001 0.6296875 0.3687500000000001 0.6703125 0.3687500000000001
58 0.7671875 0.4421875000000002 0.7265625 0.4421875000000002 0.7265625 0.4984375000000002 0.7671875 0.4984375000000002
12 0.3421875000000001 0.375 0.30156250000000007 0.375 0.30156250000000007 0.434375 0.3421875000000001 0.434375
30 0.8734375 0.19687500000000005 0.051562500000000025 0.196875 0.051562500000000046 0.5953125000000001 0.8734375 0.5953125000000001
17 0.8453125 0.25468750000000007 0.8078125 0.25468750000000007 0.8078125 0.3078125000000001 0.8453125 0.3078125000000001
20 0.2765625 0.25 0.221875 0.25 0.221875 0.3046875 0.2765625 0.3046875
43 0.74375 0.3765625000000001 0.703125 0.3765625000000001 0.703125 0.4359375000000001 0.74375 0.4359375000000002
5 0.628125 0.2515625000000001 0.590625 0.2515625000000001 0.590625 0.3046875000000001 0.628125 0.3046875000000001
34 0.36406250000000007 0.4421875 0.31718750000000007 0.4421875 0.31718750000000007 0.4984375 0.36406250000000007 0.4984375
47 0.68125 0.5078125 0.45625 0.5078125 0.45625 0.5765625 0.68125 0.5765625
25 0.5671875 0.3781250000000001 0.5265625 0.3781250000000001 0.5265625 0.434375 0.5671875 0.434375
10 0.7875 0.3765625000000001 0.75 0.3765625000000001 0.75 0.4359375000000002 0.7875 0.4359375000000002
7 0.540625 0.2500000000000001 0.503125 0.2500000000000001 0.503125 0.3046875000000001 0.540625 0.3046875000000001
46 0.3125000000000001 0.440625 0.2156250000000001 0.440625 0.2156250000000001 0.5 0.3125000000000001 0.5
11 0.3203125 0.25 0.2828125 0.25 0.2828125 0.3046875 0.3203125 0.3046875
54 0.35937500000000006 0.3125 0.31875 0.3125 0.31875000000000003 0.36875 0.3593750000000001 0.36875
22 0.26875000000000004 0.3109375 0.21875 0.3109375 0.21875000000000006 0.4328125 0.2687500000000001 0.4328125
29 0.4765625 0.3750000000000001 0.4359375 0.3750000000000001 0.4359375 0.434375 0.4765625 0.434375
45 0.8515625 0.3765625000000001 0.7921875 0.3765625000000001 0.7921875 0.4359375000000002 0.8515625 0.4359375000000002
32 0.8125 0.4421875000000002 0.7703125 0.4421875000000002 0.7703125 0.4984375000000002 0.8125 0.4984375000000002
21 0.7140625 0.3125000000000001 0.6734375 0.3125000000000001 0.6734375 0.3687500000000001 0.7140625 0.3687500000000001
13 0.725 0.50625 0.684375 0.50625 0.684375 0.575 0.725 0.575
28 0.521875 0.3750000000000001 0.48125 0.3750000000000001 0.48125 0.434375 0.521875 0.434375
49 0.85625 0.5093750000000001 0.815625 0.5093750000000001 0.815625 0.5781250000000002 0.85625 0.5781250000000002
40 0.409375 0.440625 0.3671875000000001 0.440625 0.3671875000000001 0.5 0.409375 0.5
18 0.453125 0.440625 0.4125 0.440625 0.4125 0.5 0.453125 0.5
44 0.85625 0.4421875000000002 0.8140625 0.4421875000000002 0.8140625 0.4984375000000002 0.85625 0.4984375000000002
3 0.7171875 0.2515625000000001 0.6765625 0.2515625000000001 0.6765625 0.3062500000000001 0.7171875 0.3062500000000001
23 0.65625 0.3781250000000001 0.615625 0.3781250000000001 0.615625 0.434375 0.65625 0.434375
52 0.85 0.3156250000000001 0.80625 0.3156250000000001 0.80625 0.3703125000000001 0.85 0.3703125000000001
50 0.40625 0.509375 0.3656250000000001 0.509375 0.3656250000000001 0.578125 0.40625 0.578125
9 0.453125 0.2500000000000001 0.4125 0.2500000000000001 0.4125 0.3031250000000001 0.453125 0.3031250000000001
2 0.7609375 0.2531250000000001 0.7203125 0.2531250000000001 0.7203125 0.3062500000000001 0.7609375 0.3062500000000001
16 0.678125 0.4421875 0.6375 0.4421875 0.6375 0.5015625 0.678125 0.5015625
51 0.625 0.3140625000000001 0.5875 0.3140625000000001 0.5875 0.3687500000000001 0.625 0.3687500000000001
57 0.7234375 0.4421875 0.6828125 0.4421875 0.6828125 0.5015625 0.7234375 0.5015625
48 0.365625 0.25000000000000006 0.325 0.25 0.325 0.30468750000000006 0.365625 0.3046875000000001
26 0.2968750000000001 0.375 0.2562500000000001 0.375 0.2562500000000001 0.434375 0.2968750000000001 0.434375
39 0.31562500000000004 0.3125 0.275 0.3125 0.275 0.3671875 0.3156250000000001 0.3671875
19 0.7 0.3765625000000001 0.659375 0.3765625000000001 0.659375 0.4359375 0.7 0.4359375
0 0.409375 0.2500000000000001 0.36875 0.2500000000000001 0.36875 0.3031250000000001 0.409375 0.3031250000000001
6 0.584375 0.2500000000000001 0.546875 0.2500000000000001 0.546875 0.3046875000000001 0.584375 0.3046875000000001