30 0.5640625000000001 0.02187500000000004 0.1484375 0.021875000000000016 0.14843750000000006 0.903125 0.5640625000000001 0.903125
31 0.3843750000000001 0.39062500000000006 0.3234375000000001 0.390625 0.3234375000000001 0.4359375 0.3843750000000001 0.4359375
37 0.384375 0.34375000000000006 0.3234375 0.34375 0.32343750000000004 0.38750000000000007 0.3843750000000001 0.38750000000000007
35 0.453125 0.5109375 0.3906250000000001 0.5109375 0.3906250000000001 0.55625 0.453125 0.55625
6 0.2531250000000001 0.55625 0.19687500000000008 0.55625 0.19687500000000008 0.6 0.2531250000000001 0.6
53 0.3187500000000001 0.5046875 0.2593750000000001 0.5046875 0.2593750000000001 0.5484375 0.3187500000000001 0.5484375
58 0.4546875000000002 0.7515625 0.3937500000000001 0.7515625 0.3937500000000001 0.7953125 0.4546875000000002 0.7953125
46 0.453125 0.2000000000000001 0.390625 0.2000000000000001 0.390625 0.3062500000000001 0.453125 0.3062500000000001
2 0.2562500000000001 0.740625 0.2000000000000001 0.740625 0.2000000000000001 0.784375 0.2562500000000001 0.784375
21 0.3203125000000001 0.6921875 0.2609375000000001 0.6921875 0.2609375000000001 0.7359375 0.3203125000000001 0.7359375
45 0.38750000000000007 0.8203125 0.3281250000000001 0.8203125 0.3281250000000001 0.8859375 0.38750000000000007 0.8859375
8 0.2515625000000001 0.4625 0.19531250000000006 0.4625 0.19531250000000006 0.50625 0.2515625000000001 0.50625
44 0.45312500000000017 0.8453125 0.3968750000000001 0.8453125 0.3968750000000001 0.890625 0.45312500000000017 0.890625
47 0.534375 0.4609375 0.459375 0.4609375 0.459375 0.7046875 0.534375 0.7046875
54 0.31875 0.3140625 0.259375 0.3140625 0.259375 0.3578125 0.31875 0.3578125
33 0.453125 0.4609375 0.3906250000000001 0.4609375 0.3906250000000001 0.50625 0.453125 0.50625
43 0.38750000000000007 0.7265625 0.3265625000000001 0.7265625 0.3265625000000001 0.7703125 0.38750000000000007 0.7703125
50 0.534375 0.3609375000000001 0.459375 0.3609375000000001 0.459375 0.4109375 0.534375 0.4109375
7 0.2515625000000001 0.509375 0.19531250000000006 0.509375 0.19531250000000006 0.553125 0.2515625000000001 0.553125
12 0.384375 0.29375000000000007 0.3234375 0.29375 0.3234375 0.33906250000000004 0.384375 0.3390625000000001
56 0.3187500000000001 0.740625 0.26250000000000007 0.740625 0.26250000000000007 0.78125 0.3187500000000001 0.78125
27 0.3187500000000001 0.45625 0.2593750000000001 0.45625 0.2593750000000001 0.5 0.3187500000000001 0.5
16 0.4546875 0.65625 0.3921875000000001 0.65625 0.3921875000000001 0.7015625 0.4546875 0.7015625
20 0.2515625 0.2125 0.19531250000000006 0.2125 0.19531250000000006 0.271875 0.2515625 0.271875
40 0.453125 0.3625000000000001 0.3921875 0.3625000000000001 0.3921875 0.409375 0.453125 0.409375
1 0.2562500000000001 0.7859375 0.2000000000000001 0.7859375 0.2000000000000001 0.8296875 0.2562500000000001 0.8296875
29 0.3843750000000001 0.4390625 0.3234375000000001 0.4390625 0.3234375000000001 0.484375 0.3843750000000001 0.484375
14 0.534375 0.4109375 0.459375 0.4109375 0.459375 0.4578125 0.534375 0.4578125
4 0.2562500000000001 0.65 0.19687500000000008 0.65 0.19687500000000008 0.69375 0.2562500000000001 0.69375
32 0.4546875000000002 0.7984375 0.3937500000000001 0.7984375 0.3937500000000001 0.8421875 0.4546875000000002 0.8421875
5 0.2531250000000001 0.603125 0.19687500000000008 0.603125 0.19687500000000008 0.646875 0.2531250000000001 0.646875
59 0.3187500000000001 0.5515625 0.26250000000000007 0.5515625 0.26250000000000007 0.5953125 0.3187500000000001 0.5953125
9 0.2515625000000001 0.415625 0.19531250000000006 0.415625 0.19531250000000006 0.4609375 0.2515625000000001 0.4609375
0 0.2515625000000001 0.36875 0.19531250000000006 0.36875 0.19531250000000006 0.4125 0.2515625000000001 0.4125
26 0.3828125 0.24843750000000003 0.3234375 0.2484375 0.3234375 0.29218750000000004 0.3828125 0.2921875000000001
34 0.453125 0.30937500000000007 0.390625 0.30937500000000007 0.390625 0.3609375000000001 0.453125 0.3609375000000001
17 0.2562500000000001 0.8328125 0.2015625000000001 0.8328125 0.2015625000000001 0.8734375 0.2562500000000001 0.8734375
36 0.3156250000000001 0.409375 0.2593750000000001 0.409375 0.2593750000000001 0.4546875 0.3156250000000001 0.4546875
28 0.3843750000000001 0.4875 0.3234375000000001 0.4875 0.3234375000000001 0.53125 0.3843750000000001 0.53125
23 0.38750000000000007 0.63125 0.3265625000000001 0.63125 0.3265625000000001 0.675 0.38750000000000007 0.675
57 0.4531250000000001 0.7046875 0.3937500000000001 0.7046875 0.3937500000000001 0.7484375 0.45312500000000017 0.7484375
52 0.3234375000000001 0.8296875 0.2640625000000001 0.8296875 0.2640625000000001 0.8796875 0.3234375000000001 0.8796875
39 0.31875 0.2671875 0.2578125 0.2671875 0.2578125 0.3109375 0.31875 0.3109375
10 0.38750000000000007 0.771875 0.3265625000000001 0.771875 0.3265625000000001 0.815625 0.38750000000000007 0.815625
13 0.5328125000000001 0.70625 0.4609375 0.70625 0.4609375000000001 0.753125 0.5328125000000001 0.753125
24 0.3843750000000001 0.5828125 0.3234375000000001 0.5828125 0.3234375000000001 0.628125 0.3843750000000001 0.628125
11 0.2515625 0.275 0.19531250000000006 0.275 0.19531250000000006 0.31875 0.2515625 0.31875
49 0.5312500000000002 0.8515625 0.46093750000000017 0.8515625 0.46093750000000017 0.896875 0.5312500000000002 0.896875
22 0.384375 0.20468750000000005 0.25625 0.2046875 0.25625 0.26093750000000004 0.384375 0.2609375000000001
38 0.31875000000000003 0.3609375 0.259375 0.3609375 0.259375 0.4046875 0.3187500000000001 0.4046875
19 0.38750000000000007 0.6796875 0.3265625000000001 0.6796875 0.3265625000000001 0.7234375 0.38750000000000007 0.7234375
25 0.3843750000000001 0.5359375 0.3234375000000001 0.5359375 0.3234375000000001 0.5796875 0.3843750000000001 0.5796875
42 0.3187500000000001 0.646875 0.26250000000000007 0.646875 0.26250000000000007 0.690625 0.3187500000000001 0.690625
18 0.453125 0.4140625 0.3906250000000001 0.4140625 0.3906250000000001 0.459375 0.453125 0.459375
15 0.4546875 0.559375 0.3906250000000001 0.559375 0.3906250000000001 0.6046875 0.4546875 0.6046875
41 0.3203125000000001 0.784375 0.2609375000000001 0.784375 0.2609375000000001 0.828125 0.3203125000000001 0.828125
55 0.453125 0.6078125 0.3921875000000001 0.6078125 0.3921875000000001 0.6515625 0.453125 0.6515625
51 0.3187500000000001 0.5984375 0.26250000000000007 0.5984375 0.26250000000000007 0.6421875 0.3187500000000001 0.6421875
48 0.2515625 0.321875 0.19531250000000006 0.321875 0.19531250000000006 0.365625 0.2515625000000001 0.365625
3 0.2562500000000001 0.6953125 0.2000000000000001 0.6953125 0.2000000000000001 0.7390625 0.2562500000000001 0.7390625