15 0.40625 0.29531250000000003 0.3390625 0.2953125 0.3390625 0.33125000000000004 0.40625 0.3312500000000001
10 0.478125 0.08281250000000005 0.409375 0.08281250000000004 0.409375 0.11718750000000004 0.478125 0.11718750000000004
20 0.671875 0.60625 0.6 0.60625 0.6 0.6875 0.671875 0.6875
18 0.415625 0.4375 0.34843750000000007 0.4375 0.34843750000000007 0.471875 0.415625 0.471875
46 0.425 0.5765625 0.3578125000000001 0.5765625 0.3578125000000001 0.690625 0.425 0.690625
22 0.5875 0.6296875 0.4375 0.6296875 0.4375 0.6875 0.5875 0.6875
4 0.6484375 0.1843750000000001 0.5796875 0.1843750000000001 0.5796875 0.21875000000000008 0.6484375 0.21875000000000008
58 0.3953125 0.10625000000000004 0.328125 0.10625000000000004 0.328125 0.14062500000000006 0.3953125 0.14062500000000006
23 0.484375 0.2250000000000001 0.4171875 0.2250000000000001 0.4171875 0.2593750000000001 0.484375 0.2593750000000001
2 0.6453125 0.08750000000000008 0.5734375 0.08750000000000006 0.5734375 0.12343750000000009 0.6453125 0.12343750000000009
41 0.559375 0.06562500000000007 0.490625 0.06562500000000007 0.490625 0.10312500000000006 0.559375 0.10312500000000009
59 0.571875 0.3062500000000001 0.503125 0.3062500000000001 0.503125 0.34062500000000007 0.571875 0.34062500000000007
28 0.4921875 0.3656250000000001 0.425 0.3656250000000001 0.425 0.4 0.4921875 0.4
36 0.5796875 0.4453125 0.5109375 0.4453125 0.5109375 0.4796875 0.5796875 0.4796875
42 0.5671875 0.21093750000000008 0.5 0.21093750000000008 0.5 0.2453125000000001 0.5671875 0.2453125000000001
17 0.6390625 7.40528611359415e-17 0.5703125 6.984313776387249e-17 0.5703125 0.02500000000000007 0.6390625 0.025000000000000078
26 0.5046875 0.596875 0.4375 0.596875 0.4375 0.63125 0.5046875 0.63125
9 0.659375 0.421875 0.5921875 0.421875 0.5921875 0.45625 0.659375 0.45625
37 0.5 0.50625 0.4328125 0.50625 0.4328125 0.540625 0.5 0.540625
35 0.409375 0.34375000000000006 0.34375 0.34375 0.34375000000000006 0.37812500000000004 0.409375 0.3781250000000001
33 0.4109375 0.39062500000000006 0.3437500000000001 0.390625 0.3437500000000001 0.425 0.4109375 0.425
45 0.475 5.376964852506348e-17 0.403125 4.9368574090627673e-17 0.403125 0.05781250000000006 0.475 0.057812500000000065
6 0.6515625 0.27812500000000007 0.5828125 0.27812500000000007 0.5828125 0.3156250000000001 0.6515625 0.3156250000000001
24 0.4859375 0.27031250000000007 0.41875 0.27031250000000007 0.41875 0.3062500000000001 0.4859375 0.3062500000000001
29 0.49375 0.4125 0.428125 0.4125 0.428125 0.446875 0.49375 0.446875
19 0.4828125 0.17656250000000004 0.415625 0.17656250000000004 0.415625 0.21093750000000008 0.4828125 0.21093750000000008
21 0.565625 0.16406250000000006 0.496875 0.16406250000000006 0.496875 0.19843750000000007 0.565625 0.1984375000000001
38 0.58125 0.4921875 0.5140625 0.4921875 0.5140625 0.5265625 0.58125 0.5265625
40 0.4140625 0.484375 0.3515625000000001 0.484375 0.3515625000000001 0.5171875 0.4140625 0.5171875
7 0.6546875 0.3265625000000001 0.5859375 0.3265625000000001 0.5859375 0.3609375000000001 0.6546875 0.3609375000000001
16 0.4015625 0.20156250000000003 0.334375 0.2015625 0.334375 0.23593750000000005 0.4015625 0.23593750000000008
12 0.5015625 0.55 0.4328125 0.55 0.4328125 0.584375 0.5015625 0.584375
43 0.4796875 0.12968750000000004 0.4109375 0.12968750000000004 0.4109375 0.16562500000000005 0.4796875 0.16562500000000005
51 0.571875 0.2578125000000001 0.503125 0.2578125000000001 0.503125 0.2921875000000001 0.571875 0.2921875000000001
8 0.65625 0.3734375000000001 0.5875 0.3734375000000001 0.5875 0.409375 0.65625 0.409375
3 0.646875 0.1359375000000001 0.575 0.1359375000000001 0.575 0.17187500000000008 0.646875 0.17187500000000008
48 0.6625 0.5140625 0.5953125 0.5140625 0.5953125 0.5484375 0.6625 0.5484375
25 0.490625 0.3187500000000001 0.4234375 0.3187500000000001 0.4234375 0.3531250000000001 0.490625 0.3531250000000001
30 0.8109375 6.027558464553378e-17 0.1734375 2.1239967922711906e-17 0.17343750000000008 1 0.8109375 1
56 0.5640625 0.11718750000000007 0.4953125 0.11718750000000004 0.4953125 0.15156250000000007 0.5640625 0.1515625000000001
34 0.41875 0.5296875 0.3531250000000001 0.5296875 0.3531250000000001 0.5640625 0.41875 0.5640625
1 0.640625 0.03906250000000007 0.571875 0.03906250000000007 0.571875 0.07500000000000008 0.640625 0.0750000000000001
11 0.665625 0.5609375 0.6 0.5609375 0.6 0.5953125 0.665625 0.5953125
52 0.5578125 6.38155792993191e-17 0.484375 5.931882933369991e-17 0.484375 0.05468750000000007 0.5578125 0.05468750000000007
55 0.4046875 0.24843750000000003 0.3375 0.2484375 0.3375 0.2828125 0.4046875 0.2828125000000001
32 0.3921875 0.057812500000000044 0.3234375 0.057812500000000044 0.3234375 0.09531250000000005 0.3921875 0.09531250000000005
49 0.30625 0.001562500000000033 0.234375 0.0015625000000000285 0.234375 0.06093750000000003 0.30625 0.06093750000000005
27 0.575 0.4 0.5078125 0.4 0.5078125 0.434375 0.575 0.434375
31 0.4984375 0.459375 0.43125 0.459375 0.43125 0.4921875 0.4984375 0.4921875
39 0.5859375 0.584375 0.51875 0.584375 0.51875 0.6171875 0.5859375 0.6171875
53 0.5734375 0.3531250000000001 0.50625 0.3531250000000001 0.50625 0.38750000000000007 0.5734375 0.38750000000000007
44 0.3890625 4.343669115725768e-17 0.3203125 3.922696778518866e-17 0.3203125 0.04687500000000004 0.3890625 0.04687500000000004
0 0.6609375 0.4671875 0.59375 0.4671875 0.59375 0.503125 0.6609375 0.503125
5 0.6453125 0.2312500000000001 0.5828125 0.2312500000000001 0.5828125 0.2671875000000001 0.6453125 0.2671875000000001
14 0.33281250000000007 0.4609375 0.2656250000000001 0.4609375 0.2656250000000001 0.5078125 0.33281250000000007 0.5078125
13 0.3140625 0.13125000000000003 0.246875 0.13125000000000003 0.246875 0.17968750000000006 0.3140625 0.17968750000000006
47 0.32812500000000006 0.19218750000000004 0.25 0.19218750000000004 0.25000000000000006 0.4484375 0.3281250000000001 0.4484375
54 0.5828125 0.5375 0.515625 0.5375 0.515625 0.571875 0.5828125 0.571875
57 0.3984375 0.15468750000000003 0.33125 0.15468750000000003 0.33125 0.18906250000000005 0.3984375 0.18906250000000005
50 0.3437500000000001 0.63125 0.2750000000000001 0.63125 0.2750000000000001 0.69375 0.3437500000000001 0.69375