43 0.2953125000000001 0.775 0.2500000000000001 0.775 0.2500000000000001 0.8140625 0.2953125000000001 0.8140625
14 0.3968750000000001 0.496875 0.3468750000000001 0.496875 0.3468750000000001 0.5375 0.3968750000000001 0.5375
47 0.3968750000000001 0.5390625 0.3500000000000001 0.5390625 0.3500000000000001 0.7546875 0.3968750000000001 0.7546875
18 0.3437500000000001 0.4984375 0.2984375000000001 0.4984375 0.2984375000000001 0.5390625 0.3437500000000001 0.5390625
52 0.24375000000000008 0.86875 0.20312500000000008 0.86875 0.20312500000000008 0.91875 0.24375000000000008 0.91875
36 0.2453125000000001 0.4953125 0.20312500000000008 0.4953125 0.20312500000000008 0.5328125 0.2453125000000001 0.5328125
35 0.3453125000000001 0.5859375 0.2984375000000001 0.5859375 0.2984375000000001 0.6234375 0.3453125000000001 0.6234375
48 0.2000000000000001 0.434375 0.15781250000000005 0.434375 0.15781250000000005 0.471875 0.2000000000000001 0.471875
55 0.3453125000000001 0.671875 0.2984375000000001 0.671875 0.2984375000000001 0.709375 0.3453125000000001 0.709375
30 0.4546875000000001 0.15781250000000002 0.1109375 0.1578125 0.11093750000000006 0.940625 0.4546875000000002 0.940625
53 0.2484375000000001 0.578125 0.20468750000000008 0.578125 0.20468750000000008 0.615625 0.2484375000000001 0.615625
20 0.19843750000000004 0.3328125 0.15625000000000006 0.3328125 0.15625000000000006 0.390625 0.19843750000000004 0.390625
2 0.1984375000000001 0.8015625 0.15625000000000008 0.8015625 0.15625000000000008 0.8390625 0.1984375000000001 0.8390625
0 0.19843750000000004 0.4765625 0.15781250000000005 0.4765625 0.15781250000000005 0.5140625 0.19843750000000004 0.5140625
38 0.2453125000000001 0.4546875 0.20312500000000008 0.4546875 0.20312500000000008 0.490625 0.2453125000000001 0.490625
22 0.29531250000000003 0.3234375 0.2015625 0.3234375 0.20156250000000003 0.3671875 0.2953125000000001 0.3671875
1 0.1984375000000001 0.84375 0.15625000000000008 0.84375 0.15625000000000008 0.8796875 0.1984375000000001 0.8796875
11 0.2000000000000001 0.3953125 0.15781250000000005 0.3953125 0.15781250000000005 0.43125 0.2000000000000001 0.43125
28 0.2953125000000001 0.5640625 0.2500000000000001 0.5640625 0.2500000000000001 0.6015625 0.2953125000000001 0.6015625
17 0.1984375000000001 0.884375 0.15625000000000008 0.884375 0.1562500000000001 0.915625 0.19843750000000013 0.915625
12 0.2953125000000001 0.396875 0.2500000000000001 0.396875 0.2500000000000001 0.434375 0.2953125000000001 0.434375
57 0.3437500000000001 0.75625 0.2984375000000001 0.75625 0.2984375000000001 0.79375 0.3437500000000001 0.79375
41 0.2453125000000001 0.8265625 0.2015625000000001 0.8265625 0.2015625000000001 0.8640625 0.2453125000000001 0.8640625
58 0.3437500000000001 0.7984375 0.3000000000000001 0.7984375 0.3000000000000001 0.8390625 0.3437500000000001 0.8390625
56 0.24375000000000008 0.784375 0.2015625000000001 0.784375 0.2015625000000001 0.821875 0.24375000000000008 0.821875
10 0.2953125000000001 0.8171875 0.2515625000000001 0.8171875 0.2515625000000001 0.8546875 0.2953125000000001 0.8546875
25 0.2953125000000001 0.60625 0.2515625000000001 0.60625 0.2515625000000001 0.646875 0.2953125000000001 0.646875
16 0.3437500000000001 0.7140625 0.2984375000000001 0.7140625 0.2984375000000001 0.7515625 0.3437500000000001 0.7515625
23 0.2953125000000001 0.6921875 0.2500000000000001 0.6921875 0.2500000000000001 0.7296875 0.2953125000000001 0.7296875
45 0.29375000000000007 0.859375 0.2531250000000001 0.859375 0.2531250000000001 0.9234375 0.29375000000000007 0.9234375
32 0.3437500000000001 0.840625 0.3000000000000001 0.840625 0.3000000000000001 0.88125 0.3437500000000001 0.88125
51 0.2453125000000001 0.6609375 0.20312500000000008 0.6609375 0.20312500000000008 0.6984375 0.2453125000000001 0.6984375
13 0.3968750000000001 0.759375 0.3515625000000001 0.759375 0.3515625000000001 0.796875 0.3968750000000001 0.796875
21 0.2453125000000001 0.74375 0.2015625000000001 0.74375 0.2015625000000001 0.78125 0.2453125000000001 0.78125
46 0.34218750000000003 0.31875 0.2984375 0.31875 0.2984375 0.40625 0.3421875000000001 0.40625
3 0.1984375000000001 0.7609375 0.15781250000000008 0.7609375 0.15781250000000008 0.7984375 0.1984375000000001 0.7984375
59 0.2453125000000001 0.61875 0.20312500000000008 0.61875 0.20312500000000008 0.65625 0.2453125000000001 0.65625
37 0.2953125000000001 0.4390625 0.2515625000000001 0.4390625 0.2515625000000001 0.4765625 0.2953125000000001 0.4765625
42 0.2453125000000001 0.703125 0.20312500000000008 0.703125 0.20312500000000008 0.7390625 0.2453125000000001 0.7390625
9 0.2000000000000001 0.5171875 0.15781250000000005 0.5171875 0.15781250000000008 0.5546875 0.2000000000000001 0.5546875
8 0.2000000000000001 0.5578125 0.15781250000000008 0.5578125 0.15781250000000008 0.5953125 0.2000000000000001 0.5953125
39 0.2453125000000001 0.3703125 0.2015625000000001 0.3703125 0.2015625000000001 0.4109375 0.2453125000000001 0.4109375
31 0.2953125000000001 0.48125 0.2500000000000001 0.48125 0.2500000000000001 0.51875 0.2953125000000001 0.51875
54 0.2453125000000001 0.4125 0.2015625000000001 0.4125 0.2015625000000001 0.45 0.2453125000000001 0.45
29 0.2953125000000001 0.5234375 0.2515625000000001 0.5234375 0.2515625000000001 0.5609375 0.2953125000000001 0.5609375
44 0.3437500000000001 0.8828125 0.3000000000000001 0.8828125 0.3000000000000001 0.928125 0.3437500000000001 0.928125
19 0.2953125000000001 0.734375 0.2500000000000001 0.734375 0.2500000000000001 0.771875 0.2953125000000001 0.771875
49 0.3984375000000001 0.8890625 0.34843750000000007 0.8890625 0.34843750000000007 0.934375 0.3984375000000001 0.934375
7 0.2000000000000001 0.5984375 0.15781250000000008 0.5984375 0.15781250000000008 0.6359375 0.2000000000000001 0.6359375
33 0.3437500000000001 0.5421875 0.2984375000000001 0.5421875 0.2984375000000001 0.5796875 0.3437500000000001 0.5796875
4 0.2000000000000001 0.721875 0.15781250000000008 0.721875 0.15781250000000008 0.7578125 0.2000000000000001 0.7578125
26 0.29375000000000007 0.3578125 0.25 0.3578125 0.25000000000000006 0.3921875 0.29375000000000007 0.3921875
5 0.2000000000000001 0.68125 0.1593750000000001 0.68125 0.1593750000000001 0.7171875 0.2000000000000001 0.7171875
24 0.2953125000000001 0.6484375 0.2500000000000001 0.6484375 0.2500000000000001 0.6890625 0.2953125000000001 0.6890625
34 0.3421875000000001 0.409375 0.2984375000000001 0.409375 0.2984375000000001 0.453125 0.3421875000000001 0.453125
6 0.2000000000000001 0.640625 0.15781250000000008 0.640625 0.15781250000000008 0.6765625 0.2000000000000001 0.6765625
27 0.2484375000000001 0.5359375 0.20468750000000008 0.5359375 0.20468750000000008 0.5734375 0.2484375000000001 0.5734375
15 0.3437500000000001 0.6265625 0.2984375000000001 0.6265625 0.2984375000000001 0.6671875 0.3437500000000001 0.6671875
40 0.3437500000000001 0.4578125 0.2984375000000001 0.4578125 0.2984375000000001 0.4953125 0.3437500000000001 0.4953125
50 0.3968750000000001 0.4515625 0.3515625000000001 0.4515625 0.3515625000000001 0.4921875 0.3968750000000001 0.4921875