34 0.7203125 0.5109375 0.6640625 0.5109375 0.6640625 0.5546875 0.7203125 0.5546875
53 0.596875 0.3453125000000001 0.5453125 0.3453125000000001 0.5453125 0.3859375000000001 0.596875 0.3859375000000001
47 0.78125 0.1687500000000001 0.71875 0.1687500000000001 0.71875 0.43437500000000007 0.78125 0.4343750000000002
8 0.540625 0.37187500000000007 0.4921875 0.37187500000000007 0.4921875 0.4125 0.540625 0.4125
29 0.6546875 0.3968750000000001 0.6015625 0.3968750000000001 0.6015625 0.440625 0.6546875 0.440625
56 0.5890625 0.11718750000000007 0.5375 0.11718750000000004 0.5375 0.15937500000000007 0.5890625 0.1593750000000001
55 0.7125 0.22656250000000008 0.6578125 0.22656250000000008 0.6578125 0.27031250000000007 0.7125 0.27031250000000007
20 0.5453125 0.590625 0.4984375 0.590625 0.4984375 0.675 0.5453125 0.675
54 0.6015625 0.525 0.5515625 0.525 0.5515625 0.565625 0.6015625 0.565625
3 0.534375 0.15000000000000005 0.484375 0.15000000000000005 0.484375 0.19062500000000004 0.534375 0.19062500000000004
45 0.6453125 7.577502069724247e-17 0.5921875 7.252205263700732e-17 0.5921875 0.07031250000000008 0.6453125 0.07031250000000008
38 0.5984375 0.4796875 0.5484375 0.4796875 0.5484375 0.5203125 0.5984375 0.5203125
31 0.65625 0.44375 0.603125 0.44375 0.603125 0.484375 0.65625 0.484375
15 0.7140625 0.2750000000000001 0.659375 0.2750000000000001 0.659375 0.3187500000000001 0.7140625 0.3187500000000001
23 0.6515625 0.21093750000000008 0.5984375 0.21093750000000008 0.5984375 0.25468750000000007 0.6515625 0.25468750000000007
10 0.646875 0.07187500000000008 0.59375 0.07187500000000006 0.59375 0.11562500000000009 0.646875 0.11562500000000009
51 0.59375 0.2531250000000001 0.54375 0.2531250000000001 0.54375 0.2953125000000001 0.59375 0.2953125000000001
16 0.7109375 0.17968750000000008 0.65625 0.17968750000000008 0.65625 0.2234375000000001 0.7109375 0.2234375000000001
46 0.7203125 0.5578125 0.665625 0.5578125 0.665625 0.6859375 0.7203125 0.6859375
50 0.7875 0.5578125000000002 0.7265625 0.5578125000000002 0.7265625 0.6296875000000002 0.7875 0.6296875000000002
9 0.540625 0.415625 0.4921875 0.415625 0.4921875 0.45625 0.540625 0.45625
5 0.5375 0.2375000000000001 0.4890625 0.2375000000000001 0.4890625 0.2796875000000001 0.5375 0.2796875000000001
33 0.7171875 0.3687500000000001 0.6609375 0.3687500000000001 0.6609375 0.4125 0.7171875 0.4125
44 0.7046875 8.285501000481311e-17 0.6484375 7.941069088221118e-17 0.6484375 0.034375000000000086 0.7046875 0.034375000000000086
0 0.5421875 0.4578125 0.4953125 0.4578125 0.4953125 0.4984375 0.5421875 0.4984375
6 0.5375 0.2828125000000001 0.490625 0.2828125000000001 0.490625 0.3234375000000001 0.5375 0.3234375000000001
37 0.6578125 0.4890625 0.6046875 0.4890625 0.6046875 0.53125 0.6578125 0.53125
48 0.54375 0.503125 0.496875 0.503125 0.496875 0.5421875 0.54375 0.5421875
2 0.5328125 0.10468750000000004 0.4828125 0.10468750000000004 0.4828125 0.14843750000000006 0.5328125 0.14843750000000006
1 0.53125 0.06250000000000007 0.48125 0.06250000000000007 0.48125 0.10468750000000004 0.53125 0.10468750000000004
30 0.9 7.960204194457797e-17 0.4 4.898587196589413e-17 0.4000000000000001 1 0.9 1
39 0.6015625 0.56875 0.5515625 0.56875 0.5515625 0.609375 0.6015625 0.609375
36 0.596875 0.434375 0.546875 0.434375 0.546875 0.475 0.596875 0.475
24 0.653125 0.2578125000000001 0.6 0.2578125000000001 0.6 0.30156250000000007 0.653125 0.30156250000000007
28 0.653125 0.3515625000000001 0.6 0.3515625000000001 0.6 0.3937500000000001 0.653125 0.3937500000000001
32 0.7078125 0.03750000000000008 0.65 0.037500000000000075 0.65 0.08437500000000009 0.7078125 0.08437500000000009
18 0.7171875 0.4171875 0.6609375 0.4171875 0.6609375 0.4609375 0.7171875 0.4609375
43 0.6484375 0.11875000000000009 0.5953125 0.11875000000000009 0.5953125 0.1625000000000001 0.6484375 0.1625000000000001
41 0.5890625 0.07187500000000006 0.5359375 0.07187500000000006 0.5359375 0.11562500000000006 0.5890625 0.11562500000000009
27 0.596875 0.3906250000000001 0.546875 0.3906250000000001 0.546875 0.43125 0.596875 0.43125
12 0.659375 0.534375 0.60625 0.534375 0.60625 0.5765625 0.659375 0.5765625
13 0.7734375 0.12031250000000009 0.715625 0.12031250000000009 0.715625 0.1671875000000001 0.7734375 0.1671875000000001
22 0.6609375 0.6140625 0.5515625 0.6140625 0.5515625 0.68125 0.6609375 0.68125
11 0.54375 0.546875 0.496875 0.546875 0.496875 0.5859375 0.54375 0.5859375
25 0.653125 0.3046875000000001 0.6 0.3046875000000001 0.6 0.34843750000000007 0.653125 0.34843750000000007
35 0.715625 0.3218750000000001 0.659375 0.3218750000000001 0.659375 0.3656250000000001 0.715625 0.3656250000000001
17 0.5296875 0.017187500000000064 0.48125 0.01718750000000006 0.48125 0.05937500000000007 0.5296875 0.05937500000000007
14 0.784375 0.4359375000000001 0.721875 0.4359375 0.721875 0.4921875000000001 0.784375 0.49218750000000017
26 0.6609375 0.58125 0.6078125 0.58125 0.6078125 0.621875 0.6609375 0.621875
42 0.5921875 0.2078125000000001 0.540625 0.2078125000000001 0.540625 0.2500000000000001 0.5921875 0.2500000000000001
21 0.590625 0.16093750000000007 0.5390625 0.16093750000000004 0.5390625 0.20468750000000008 0.590625 0.20468750000000008
59 0.5953125 0.3000000000000001 0.54375 0.3000000000000001 0.54375 0.3421875000000001 0.5953125 0.3421875000000001
49 0.76875 9.060472803066747e-17 0.7109375 8.706473337688214e-17 0.7109375 0.02968750000000009 0.76875 0.02968750000000009
52 0.5859375 0.004687500000000068 0.5359375 0.004687500000000065 0.5359375 0.07031250000000007 0.5859375 0.07031250000000007
19 0.6515625 0.16406250000000008 0.596875 0.16406250000000008 0.596875 0.2078125000000001 0.6515625 0.2078125000000001
4 0.534375 0.19375000000000003 0.4859375 0.19375000000000003 0.4859375 0.23437500000000008 0.534375 0.23437500000000008
57 0.7109375 0.13281250000000008 0.6546875 0.13281250000000008 0.6546875 0.1765625000000001 0.7109375 0.1765625000000001
58 0.7078125 0.08437500000000009 0.6515625 0.08437500000000009 0.6515625 0.1296875000000001 0.7078125 0.1296875000000001
40 0.71875 0.4640625 0.6625 0.4640625 0.6625 0.5078125 0.71875 0.5078125
7 0.5390625 0.3281250000000001 0.4921875 0.3281250000000001 0.4921875 0.3687500000000001 0.5390625 0.3687500000000001