46 0.43125 0.5578125 0.3375000000000001 0.5578125 0.3375000000000001 0.6734375 0.43125 0.6734375
58 0.415625 0.12500000000000006 0.3234375 0.12500000000000006 0.3234375 0.16250000000000003 0.415625 0.16250000000000003
50 0.3234375000000001 0.609375 0.2296875000000001 0.609375 0.2296875000000001 0.6734375 0.3234375000000001 0.6734375
31 0.53125 0.4515625 0.4390625 0.4515625 0.4390625 0.4890625 0.53125 0.4890625
38 0.6375 0.4828125 0.5453125 0.4828125 0.5453125 0.5203125 0.6375 0.5203125
41 0.628125 0.09375000000000007 0.534375 0.09375000000000007 0.534375 0.13125000000000006 0.628125 0.1312500000000001
51 0.6328125 0.2671875000000001 0.5421875 0.2671875000000001 0.5421875 0.3046875000000001 0.6328125 0.3046875000000001
6 0.740625 0.2890625000000001 0.6484375 0.2890625000000001 0.6484375 0.3265625000000001 0.740625 0.3265625000000001
2 0.734375 0.1140625000000001 0.6421875 0.1140625000000001 0.6421875 0.1515625000000001 0.734375 0.1515625000000001
3 0.7375 0.15625000000000008 0.6453125 0.15625000000000008 0.6453125 0.19687500000000008 0.7375 0.19687500000000008
0 0.7421875 0.4609375000000001 0.6484375 0.4609375 0.6484375 0.4984375000000001 0.7421875 0.4984375000000002
4 0.7359375 0.2015625000000001 0.6453125 0.2015625000000001 0.6453125 0.2390625000000001 0.7359375 0.2390625000000001
18 0.4265625 0.4296875 0.33281250000000007 0.4296875 0.33281250000000007 0.4671875 0.4265625 0.4671875
52 0.628125 0.028125000000000074 0.534375 0.028125000000000067 0.534375 0.08750000000000006 0.628125 0.08750000000000006
12 0.534375 0.5375 0.4421875 0.5375 0.4421875 0.575 0.534375 0.575
21 0.6296875 0.17812500000000006 0.5375 0.17812500000000003 0.5375 0.21875000000000008 0.6296875 0.21875000000000008
35 0.4234375 0.34375000000000006 0.33125 0.34375 0.33125000000000004 0.38125000000000003 0.4234375 0.3812500000000001
22 0.6421875 0.6125 0.4421875 0.6125 0.4421875 0.671875 0.6421875 0.671875
13 0.3078125 0.14687500000000003 0.2140625 0.14687500000000003 0.2140625 0.19687500000000005 0.3078125 0.19687500000000005
24 0.5265625 0.27812500000000007 0.434375 0.27812500000000007 0.434375 0.3156250000000001 0.5265625 0.3156250000000001
28 0.5296875 0.3656250000000001 0.4390625 0.3656250000000001 0.4390625 0.403125 0.5296875 0.403125
25 0.5296875 0.3218750000000001 0.4375 0.3218750000000001 0.4375 0.3593750000000001 0.5296875 0.3593750000000001
39 0.6421875 0.56875 0.5453125 0.56875 0.5453125 0.60625 0.6421875 0.60625
19 0.5265625 0.19062500000000004 0.4328125 0.19062500000000004 0.4328125 0.22812500000000008 0.5265625 0.22812500000000008
29 0.53125 0.4078125 0.4390625 0.4078125 0.4390625 0.4453125 0.53125 0.4453125
54 0.6390625 0.525 0.5453125 0.525 0.5453125 0.5625 0.6390625 0.5625
48 0.7421875 0.5046875000000001 0.65 0.5046875 0.65 0.5421875 0.7421875 0.5421875000000002
53 0.634375 0.3531250000000001 0.5421875 0.3531250000000001 0.5421875 0.3906250000000001 0.634375 0.3906250000000001
23 0.5265625 0.23593750000000008 0.434375 0.23593750000000008 0.434375 0.2734375000000001 0.5265625 0.2734375000000001
55 0.4203125 0.25625000000000003 0.3265625 0.25625 0.3265625 0.29375000000000007 0.4203125 0.29375000000000007
45 0.5203125 0.02812500000000006 0.4265625 0.028125000000000056 0.4265625 0.10000000000000005 0.5203125 0.10000000000000005
49 0.3078125 0.026562500000000027 0.2140625 0.026562500000000024 0.2140625 0.08906250000000003 0.3078125 0.08906250000000004
11 0.74375 0.5468750000000001 0.653125 0.546875 0.653125 0.5843750000000001 0.74375 0.5843750000000002
37 0.53125 0.49375 0.4390625 0.49375 0.4390625 0.53125 0.53125 0.53125
17 0.7359375 0.028125000000000084 0.6453125 0.028125000000000077 0.6453125 0.06562500000000009 0.7359375 0.06562500000000009
47 0.31875000000000003 0.2015625 0.21875 0.2015625 0.21875000000000006 0.4484375 0.3187500000000001 0.4484375
32 0.415625 0.08281250000000004 0.31875 0.08281250000000004 0.31875 0.12031250000000004 0.415625 0.12031250000000004
8 0.7390625 0.3750000000000001 0.6453125 0.3750000000000001 0.6453125 0.4125000000000001 0.7390625 0.4125000000000002
14 0.3203125000000001 0.45 0.22656250000000008 0.45 0.22656250000000008 0.5 0.3203125000000001 0.5
20 0.7453125 0.5906250000000001 0.653125 0.590625 0.653125 0.6718750000000001 0.7453125 0.6718750000000002
15 0.421875 0.2984375 0.3296875 0.2984375 0.3296875 0.33906250000000004 0.421875 0.3390625000000001
10 0.521875 0.10468750000000004 0.4296875 0.10468750000000004 0.4296875 0.14218750000000005 0.521875 0.14218750000000005
27 0.634375 0.3968750000000001 0.5421875 0.3968750000000001 0.5421875 0.434375 0.634375 0.434375
7 0.7375 0.33281250000000007 0.6453125 0.33281250000000007 0.6453125 0.3703125000000001 0.7375 0.3703125000000001
5 0.7375 0.2453125000000001 0.6453125 0.2453125000000001 0.6453125 0.2828125000000001 0.7375 0.2828125000000001
43 0.5234375 0.14687500000000003 0.4296875 0.14687500000000003 0.4296875 0.18437500000000004 0.5234375 0.18437500000000004
1 0.734375 0.07031250000000008 0.6421875 0.07031250000000008 0.6421875 0.10781250000000009 0.734375 0.10781250000000009
42 0.6296875 0.2234375000000001 0.5390625 0.2234375000000001 0.5390625 0.2609375000000001 0.6296875 0.2609375000000001
16 0.41875 0.21250000000000005 0.3265625 0.2125 0.3265625 0.25000000000000006 0.41875 0.2500000000000001
57 0.41875 0.16875000000000004 0.325 0.16875000000000004 0.325 0.20625000000000004 0.41875 0.2062500000000001
26 0.534375 0.5796875 0.4421875 0.5796875 0.4421875 0.6171875 0.534375 0.6171875
34 0.4265625 0.515625 0.3343750000000001 0.515625 0.3343750000000001 0.553125 0.4265625 0.553125
59 0.634375 0.3109375000000001 0.5421875 0.3109375000000001 0.5421875 0.34843750000000007 0.634375 0.34843750000000007
33 0.4234375 0.38593750000000004 0.3312500000000001 0.3859375 0.3312500000000001 0.4265625 0.4234375 0.4265625
56 0.63125 0.13593750000000007 0.5375 0.13593750000000004 0.5375 0.17343750000000008 0.63125 0.17343750000000008
36 0.6375 0.440625 0.5453125 0.440625 0.5453125 0.478125 0.6375 0.478125
40 0.4265625 0.4734375 0.3343750000000001 0.4734375 0.3343750000000001 0.5109375 0.4265625 0.5109375
30 0.915625 0.006250000000000063 0.115625 0.006250000000000014 0.11562500000000006 1 0.915625 1
9 0.740625 0.41875000000000007 0.6484375 0.41875 0.6484375 0.4562500000000001 0.740625 0.45625000000000016
44 0.4140625 0.02656250000000005 0.321875 0.026562500000000044 0.321875 0.07656250000000005 0.4140625 0.07656250000000005