56 0.3203125000000001 0.4203125 0.2828125000000001 0.4203125 0.2828125000000001 0.471875 0.3203125000000001 0.471875
59 0.49375 0.421875 0.45625 0.421875 0.45625 0.471875 0.49375 0.471875
43 0.3296875000000001 0.4765625 0.2921875000000001 0.4765625 0.2921875000000001 0.5265625 0.3296875000000001 0.5265625
29 0.5921875 0.478125 0.5546875 0.478125 0.5546875 0.528125 0.5921875 0.528125
57 0.3500000000000001 0.53125 0.3125000000000001 0.53125 0.3125000000000001 0.58125 0.3500000000000001 0.58125
25 0.5046875 0.478125 0.465625 0.478125 0.465625 0.528125 0.5046875 0.528125
7 0.528125 0.3671875000000001 0.4890625 0.3671875000000001 0.4890625 0.4171875 0.528125 0.4171875
26 0.76875 0.47656250000000017 0.73125 0.47656250000000017 0.73125 0.5281250000000002 0.76875 0.5281250000000002
5 0.4390625 0.3671875000000001 0.4015625 0.3671875000000001 0.4015625 0.4171875 0.4390625 0.4171875
18 0.6140625 0.5328125 0.575 0.5328125 0.575 0.5828125 0.6140625 0.5828125
55 0.4375 0.53125 0.4 0.53125 0.4 0.58125 0.4375 0.58125
21 0.36406250000000007 0.421875 0.32500000000000007 0.421875 0.32500000000000007 0.471875 0.36406250000000007 0.471875
11 0.746875 0.3671875000000001 0.709375 0.3671875000000001 0.709375 0.4171875000000001 0.746875 0.41718750000000016
23 0.41875 0.4765625 0.37968750000000007 0.4765625 0.37968750000000007 0.5265625 0.41875 0.5265625
47 0.553125 0.5875 0.36406250000000007 0.5875 0.36406250000000007 0.640625 0.553125 0.640625
37 0.68125 0.4765625 0.6421875 0.4765625 0.6421875 0.528125 0.68125 0.528125
13 0.3578125000000001 0.5875 0.3187500000000001 0.5875 0.3187500000000001 0.6390625 0.3578125000000001 0.6390625
8 0.571875 0.3671875000000001 0.5328125 0.3671875000000001 0.5328125 0.4171875 0.571875 0.4171875
44 0.2312500000000001 0.53125 0.19218750000000004 0.53125 0.19218750000000007 0.58125 0.2312500000000001 0.58125
28 0.5484375 0.478125 0.5109375 0.478125 0.5109375 0.528125 0.5484375 0.528125
38 0.6703125 0.421875 0.63125 0.421875 0.63125 0.471875 0.6703125 0.471875
20 0.8015625 0.3671875000000001 0.7515625 0.3671875000000001 0.7515625 0.41718750000000016 0.8015625 0.41718750000000016
32 0.2640625000000001 0.5296875 0.23593750000000008 0.5296875 0.23593750000000008 0.58125 0.2640625000000001 0.58125
1 0.2687500000000001 0.3671875 0.2312500000000001 0.3671875 0.2312500000000001 0.4171875 0.2687500000000001 0.4171875
48 0.703125 0.3671875000000001 0.6640625 0.3671875000000001 0.6640625 0.4171875 0.703125 0.4171875
6 0.484375 0.3671875000000001 0.4453125 0.3671875000000001 0.4453125 0.4171875 0.484375 0.4171875
52 0.23437500000000008 0.421875 0.19843750000000004 0.421875 0.19843750000000004 0.471875 0.23437500000000008 0.471875
58 0.3078125000000001 0.53125 0.2687500000000001 0.53125 0.2687500000000001 0.58125 0.3078125000000001 0.58125
40 0.659375 0.5328125 0.6203125 0.5328125 0.6203125 0.5828125 0.659375 0.5828125
45 0.24375000000000008 0.4765625 0.19531250000000006 0.4765625 0.19531250000000006 0.5265625 0.24375000000000008 0.5265625
22 0.8015625 0.42187500000000017 0.7625 0.42187500000000017 0.7625 0.5296875000000002 0.8015625 0.5296875000000002
0 0.659375 0.3671875000000001 0.61875 0.3671875000000001 0.61875 0.4171875 0.659375 0.4171875
17 0.2250000000000001 0.36875 0.19843750000000004 0.36875 0.19843750000000004 0.4171875 0.2250000000000001 0.4171875
50 0.671875 0.5890625 0.63125 0.5890625 0.63125 0.640625 0.671875 0.640625
27 0.5828125 0.421875 0.54375 0.421875 0.54375 0.471875 0.5828125 0.471875
30 0.8109375 0.32500000000000007 0.18593750000000003 0.325 0.18593750000000006 0.6671875 0.8109375 0.6671875000000002
3 0.3531250000000001 0.3671875 0.3156250000000001 0.3671875 0.3156250000000001 0.4171875 0.3531250000000001 0.4171875
14 0.590625 0.5890625 0.55625 0.5890625 0.55625 0.640625 0.590625 0.640625
2 0.3109375000000001 0.3671875 0.2734375000000001 0.3671875 0.2734375000000001 0.4171875 0.3109375000000001 0.4171875
41 0.27812500000000007 0.421875 0.2390625000000001 0.421875 0.2390625000000001 0.471875 0.27812500000000007 0.471875
10 0.28593750000000007 0.4765625 0.2500000000000001 0.4765625 0.2500000000000001 0.525 0.28593750000000007 0.525
4 0.3968750000000001 0.36718750000000006 0.3593750000000001 0.3671875 0.3593750000000001 0.4171875 0.3968750000000001 0.4171875
51 0.4515625 0.421875 0.4125 0.421875 0.4125 0.471875 0.4515625 0.471875
24 0.4609375 0.4765625 0.4234375 0.4765625 0.4234375 0.5265625 0.4609375 0.5265625
53 0.5390625 0.4234375 0.5 0.4234375 0.5 0.4734375 0.5390625 0.4734375
49 0.27812500000000007 0.584375 0.22812500000000008 0.584375 0.22812500000000008 0.6375 0.27812500000000007 0.6375
9 0.615625 0.3671875000000001 0.5765625 0.3671875000000001 0.5765625 0.4171875 0.615625 0.4171875
36 0.6265625 0.421875 0.5875 0.421875 0.5875 0.4734375 0.6265625 0.4734375
35 0.5265625 0.53125 0.4875 0.53125 0.4875 0.5828125 0.5265625 0.5828125
31 0.6359375 0.4765625 0.5984375 0.4765625 0.5984375 0.528125 0.6359375 0.528125
34 0.703125 0.534375 0.6625 0.534375 0.6625 0.584375 0.703125 0.584375
33 0.5703125 0.5328125 0.53125 0.5328125 0.53125 0.584375 0.5703125 0.584375
54 0.7140625 0.421875 0.675 0.421875 0.675 0.471875 0.7140625 0.471875
42 0.4078125 0.421875 0.3687500000000001 0.421875 0.3687500000000001 0.471875 0.4078125 0.471875
19 0.3734375000000001 0.4765625 0.3359375000000001 0.4765625 0.3359375000000001 0.5265625 0.3734375000000001 0.5265625
16 0.39531250000000007 0.5328125 0.35625000000000007 0.5328125 0.35625000000000007 0.5828125 0.39531250000000007 0.5828125
15 0.4828125 0.53125 0.4421875 0.53125 0.4421875 0.5828125 0.4828125 0.5828125
12 0.725 0.4765625 0.6859375 0.4765625 0.6859375 0.528125 0.725 0.528125
39 0.759375 0.4218750000000001 0.7203125 0.421875 0.7203125 0.4718750000000001 0.759375 0.47187500000000016
46 0.803125 0.5328125000000001 0.7078125 0.5328125 0.7078125 0.5843750000000001 0.803125 0.5843750000000002