30 1 1.0352092474042471e-16 0.690625 8.457716956611408e-17 0.690625 0.928125 1 0.928125
1 0.928125 0.6968750000000001 0.809375 0.6968750000000001 0.809375 0.7890625000000002 0.928125 0.7890625000000002
42 1 0.3140625000000001 0.9625 0.3140625000000001 0.9625 0.41718750000000016 1 0.41718750000000016
52 1 0.7546875000000002 0.9453125 0.7546875000000002 0.9453125 0.90625 1 0.90625
3 0.9375 0.4812500000000002 0.815625 0.4812500000000002 0.815625 0.5812500000000002 0.9375 0.5812500000000002
5 0.946875 0.2609375000000001 0.81875 0.2609375000000001 0.81875 0.3609375000000001 0.946875 0.3609375000000001
21 1 0.4265625000000002 0.9625 0.4265625000000002 0.9625 0.5296875000000002 1 0.5296875000000002
7 0.95 0.040625000000000105 0.821875 0.0406250000000001 0.821875 0.1437500000000001 0.95 0.14375000000000013
4 0.9421875 0.37187500000000007 0.8171875 0.37187500000000007 0.8171875 0.46875000000000017 0.9421875 0.46875000000000017
2 0.9359375 0.5906250000000002 0.8109375 0.5906250000000002 0.8109375 0.6859375000000002 0.9359375 0.6859375000000002
6 0.9484375 0.1500000000000001 0.8203125 0.15000000000000008 0.8203125 0.2531250000000001 0.9484375 0.2531250000000001
53 1 1.2074252035343437e-16 0.971875 1.190203607921334e-16 0.971875 0.07968750000000012 1 0.07968750000000013
56 1 0.5375000000000002 0.953125 0.5375000000000002 0.953125 0.6375000000000002 1 0.6375000000000002
17 0.925 0.803125 0.80625 0.803125 0.80625 0.89375 0.925 0.89375
8 0.95 1.0859172789314419e-16 0.8234375 1.0084200986728987e-16 0.8234375 0.029687500000000106 0.95 0.02968750000000011
41 1 0.6421875000000001 0.9546875 0.6421875000000001 0.9546875 0.7453125000000002 1 0.7453125000000002
51 1 0.2000000000000001 0.9671875 0.2000000000000001 0.9671875 0.3031250000000001 1 0.3031250000000001
59 1 0.08593750000000012 0.9703125 0.08593750000000011 0.9703125 0.18906250000000013 1 0.18906250000000013