49 0.8234375 0.95625 0.7015625000000002 0.95625 0.7015625000000002 1 0.8234375 1
48 0.340625 0.2546875 0.2296875 0.2546875 0.2296875 0.3203125 0.340625 0.3203125
19 0.5828125000000001 0.725 0.471875 0.725 0.4718750000000001 0.7875 0.5828125000000002 0.7875
26 0.5625 0.12187500000000007 0.44375 0.12187500000000004 0.44375 0.19375000000000006 0.5625 0.1937500000000001
35 0.6953125 0.496875 0.5765625 0.496875 0.5765625 0.5625 0.6953125 0.5625
24 0.5765625 0.596875 0.4640625 0.596875 0.4640625 0.659375 0.5765625 0.659375
38 0.453125 0.28125000000000006 0.340625 0.28125 0.340625 0.35000000000000003 0.453125 0.3500000000000001
33 0.69375 0.4265625 0.575 0.4265625 0.575 0.4953125 0.69375 0.4953125
0 0.34375000000000006 0.3203125 0.234375 0.3203125 0.23437500000000006 0.384375 0.3437500000000001 0.384375
15 0.6953125 0.5640625 0.5796875 0.5640625 0.5796875 0.6296875 0.6953125 0.6296875
5 0.3609375000000001 0.6390625 0.2515625000000001 0.6390625 0.2515625000000001 0.7 0.3609375000000001 0.7
3 0.3687500000000001 0.7625 0.26250000000000007 0.7625 0.26250000000000007 0.821875 0.3687500000000001 0.821875
40 0.6875 0.2875000000000001 0.571875 0.2875000000000001 0.571875 0.3578125000000001 0.6875 0.3578125000000001
16 0.7000000000000001 0.6953125 0.584375 0.6953125 0.5843750000000001 0.7625 0.7000000000000002 0.7625
36 0.4546875 0.34843750000000007 0.3453125 0.3484375 0.3453125 0.4140625 0.4546875 0.4140625
12 0.5640625 0.19062500000000007 0.4484375 0.19062500000000004 0.4484375 0.2609375000000001 0.5640625 0.2609375000000001
46 0.68125 0.021875000000000075 0.55625 0.021875000000000068 0.55625 0.2218750000000001 0.68125 0.2218750000000001
50 0.8125 0.22812500000000008 0.6875 0.22812500000000008 0.6875 0.30156250000000007 0.8125 0.30156250000000007
18 0.690625 0.3578125000000001 0.571875 0.3578125000000001 0.571875 0.4265625 0.690625 0.4265625
17 0.3781250000000001 0.940625 0.27812500000000007 0.940625 0.27812500000000007 0.9828125 0.3781250000000001 0.9828125
44 0.7015625000000002 0.9484375 0.5890625000000002 0.9484375 0.5890625000000002 1 0.7015625000000002 1
6 0.3578125000000001 0.5765625 0.2515625000000001 0.5765625 0.2515625000000001 0.6390625 0.3578125000000001 0.6390625
31 0.56875 0.3281250000000001 0.45625 0.3281250000000001 0.45625 0.3937500000000001 0.56875 0.3937500000000001
14 0.8171875 0.37187500000000007 0.6921875 0.37187500000000007 0.6921875 0.44218750000000007 0.8171875 0.4421875000000002
8 0.34843750000000007 0.45 0.24375000000000008 0.45 0.24375000000000008 0.5125 0.34843750000000007 0.5125
58 0.7015625000000002 0.8234375 0.5875000000000001 0.8234375 0.5875000000000001 0.8875 0.7015625000000002 0.8875
37 0.5671875 0.2593750000000001 0.4515625 0.2593750000000001 0.4515625 0.3281250000000001 0.5671875 0.3281250000000001
59 0.465625 0.546875 0.35625000000000007 0.546875 0.35625000000000007 0.609375 0.465625 0.609375
25 0.5765625 0.5296875 0.4640625 0.5296875 0.4640625 0.59375 0.5765625 0.59375
55 0.6984375 0.6296875 0.5796875 0.6296875 0.5796875 0.6953125 0.6984375 0.6953125
32 0.7031250000000002 0.884375 0.5890625000000002 0.884375 0.5890625000000002 0.95 0.7031250000000002 0.95
28 0.575 0.4640625 0.4625 0.4640625 0.4625 0.528125 0.575 0.528125
10 0.5875000000000001 0.8484375 0.4781250000000002 0.8484375 0.4781250000000002 0.909375 0.5875000000000001 0.909375
51 0.46875 0.6109375 0.3593750000000001 0.6109375 0.3593750000000001 0.671875 0.46875 0.671875
23 0.58125 0.6609375 0.46875 0.6609375 0.46875 0.7234375 0.58125 0.7234375
54 0.45 0.21406250000000004 0.3375 0.2140625 0.3375 0.2828125 0.45 0.2828125000000001
22 0.5609375 0.031250000000000056 0.3296875 0.03125000000000004 0.3296875 0.15156250000000007 0.5609375 0.1515625000000001
47 0.8171875 0.4437500000000001 0.6953125 0.44375 0.6953125000000001 0.7625000000000001 0.8171875 0.7625000000000002
1 0.3750000000000001 0.88125 0.2718750000000001 0.88125 0.2718750000000001 0.940625 0.3750000000000001 0.940625
53 0.4609375 0.4796875 0.3500000000000001 0.4796875 0.3500000000000001 0.5453125 0.4609375 0.5453125
39 0.4453125 0.14843750000000006 0.3328125 0.14843750000000006 0.3328125 0.21718750000000003 0.4453125 0.2171875000000001
4 0.3625000000000001 0.7015625 0.2562500000000001 0.7015625 0.2562500000000001 0.7609375 0.3625000000000001 0.7609375
45 0.5890625000000002 0.909375 0.47968750000000016 0.909375 0.47968750000000016 1 0.5890625000000002 1
34 0.6875 0.2171875000000001 0.565625 0.2171875000000001 0.565625 0.2890625000000001 0.6875 0.2890625000000001
42 0.47343750000000007 0.6734375 0.36406250000000007 0.6734375 0.36406250000000007 0.7359375 0.4734375000000002 0.7359375
2 0.3703125000000001 0.821875 0.2671875000000001 0.821875 0.2671875000000001 0.88125 0.3703125000000001 0.88125
43 0.5843750000000002 0.7859375 0.4750000000000002 0.7859375 0.4750000000000002 0.8484375 0.5843750000000002 0.8484375
30 0.8765625 0.004687500000000063 0.153125 0.00468750000000002 0.15312500000000007 1 0.8765625 1
9 0.3468750000000001 0.3859375 0.2406250000000001 0.3859375 0.2406250000000001 0.4484375 0.3468750000000001 0.4484375
21 0.4750000000000002 0.7359375 0.3656250000000001 0.7359375 0.3656250000000001 0.796875 0.4750000000000002 0.796875
56 0.47656250000000017 0.796875 0.3703125000000001 0.796875 0.3703125000000001 0.85625 0.47656250000000017 0.85625
41 0.47968750000000016 0.8546875 0.3734375000000001 0.8546875 0.3734375000000001 0.9171875 0.47968750000000016 0.9171875
20 0.3296875 0.056250000000000036 0.2203125 0.05625000000000002 0.2203125 0.19375000000000003 0.3296875 0.19375000000000003
11 0.3359375 0.19062500000000004 0.2265625 0.19062500000000004 0.2265625 0.2546875 0.3359375 0.2546875
57 0.7000000000000002 0.7609375 0.5859375000000002 0.7609375 0.5859375000000002 0.8234375 0.7000000000000002 0.8234375
29 0.5734375 0.39531250000000007 0.4578125 0.39531250000000007 0.4578125 0.4609375 0.5734375 0.4609375
52 0.4781250000000002 0.9171875 0.3734375000000001 0.9171875 0.3734375000000001 0.990625 0.4781250000000002 0.990625
7 0.3531250000000001 0.5140625 0.2468750000000001 0.5140625 0.2468750000000001 0.5765625 0.3531250000000001 0.5765625
27 0.4578125 0.415625 0.34843750000000007 0.415625 0.34843750000000007 0.4796875 0.4578125 0.4796875
13 0.821875 0.7671875000000001 0.7000000000000002 0.7671875 0.7000000000000002 0.83125 0.821875 0.83125