33 0.478125 0.3828125000000001 0.4359375 0.3828125000000001 0.4359375 0.440625 0.478125 0.440625
55 0.3375000000000001 0.3859375 0.2953125000000001 0.3859375 0.2953125000000001 0.4421875 0.3375000000000001 0.4421875
16 0.2906250000000001 0.3890625 0.2468750000000001 0.3890625 0.2468750000000001 0.44375 0.2906250000000001 0.44375
4 0.28125 0.2078125 0.2390625 0.2078125 0.2390625 0.2625 0.28125 0.2625
58 0.19687500000000005 0.390625 0.15468750000000003 0.390625 0.15468750000000003 0.446875 0.19687500000000005 0.446875
3 0.234375 0.2109375 0.19218750000000004 0.2109375 0.19218750000000004 0.2640625 0.234375 0.2640625
0 0.55625 0.20312500000000008 0.5140625 0.20312500000000008 0.5140625 0.2562500000000001 0.55625 0.2562500000000001
34 0.6171875 0.37968750000000007 0.5734375 0.37968750000000007 0.5734375 0.4359375 0.6171875 0.4359375
9 0.509375 0.20312500000000008 0.4671875 0.20312500000000008 0.4671875 0.2562500000000001 0.509375 0.2562500000000001
56 0.209375 0.26875 0.16718750000000004 0.26875 0.16718750000000004 0.325 0.209375 0.325
23 0.31250000000000006 0.3265625 0.271875 0.3265625 0.27187500000000003 0.3828125 0.3125000000000001 0.3828125
27 0.4859375 0.26250000000000007 0.4453125 0.26250000000000007 0.4453125 0.3156250000000001 0.4859375 0.3156250000000001
19 0.2671875 0.328125 0.225 0.328125 0.22500000000000003 0.384375 0.2671875000000001 0.384375
43 0.22187500000000004 0.33125 0.17968750000000006 0.33125 0.17968750000000006 0.384375 0.2218750000000001 0.384375
39 0.6734375 0.2562500000000001 0.6296875 0.2562500000000001 0.6296875 0.3125000000000001 0.6734375 0.3125000000000001
10 0.17500000000000004 0.33125 0.13281250000000006 0.33125 0.13281250000000006 0.3859375 0.17500000000000004 0.3859375
51 0.346875 0.2671875 0.30625 0.2671875 0.30625 0.3203125 0.346875 0.3203125
15 0.3843750000000001 0.38593750000000004 0.34062500000000007 0.3859375 0.34062500000000007 0.440625 0.3843750000000001 0.440625
54 0.625 0.2578125000000001 0.5828125 0.2578125000000001 0.5828125 0.3140625000000001 0.625 0.3140625000000001
29 0.5 0.3218750000000001 0.4578125 0.3218750000000001 0.4578125 0.3765625000000001 0.5 0.3765625000000001
17 0.09687500000000002 0.2140625 0.06562500000000002 0.2140625 0.06562500000000002 0.26875 0.09687500000000002 0.26875
14 0.528125 0.4421875 0.4734375 0.4421875 0.4734375 0.5109375 0.528125 0.5109375
44 0.10312500000000005 0.3953125 0.059375000000000046 0.3953125 0.059375000000000046 0.45 0.10312500000000005 0.45
8 0.4640625 0.20468750000000008 0.421875 0.20468750000000008 0.421875 0.2578125000000001 0.4640625 0.2578125000000001
31 0.5453125 0.3203125000000001 0.5046875 0.3203125000000001 0.5046875 0.3765625000000001 0.5453125 0.3765625000000001
20 0.7171875 0.1984375000000001 0.6515625 0.1984375000000001 0.6515625 0.25468750000000007 0.7171875 0.25468750000000007
38 0.5796875 0.2609375000000001 0.5375 0.2609375000000001 0.5375 0.3140625000000001 0.5796875 0.3140625000000001
21 0.2546875 0.26875 0.2140625 0.26875 0.2140625 0.321875 0.2546875 0.321875
41 0.16406250000000006 0.2703125 0.12031250000000004 0.2703125 0.12031250000000004 0.3265625 0.16406250000000006 0.3265625
49 0.10156250000000004 0.4546875 0.05937500000000007 0.4546875 0.05937500000000007 0.521875 0.10156250000000004 0.521875
35 0.43125 0.3843750000000001 0.3890625000000001 0.3843750000000001 0.3890625000000001 0.440625 0.43125 0.440625
30 0.9125 0.14531250000000007 0.050000000000000024 0.1453125 0.050000000000000044 0.5390625000000001 0.9125 0.5390625000000002
12 0.6390625 0.3187500000000001 0.596875 0.3187500000000001 0.596875 0.3734375000000001 0.6390625 0.3734375000000001
47 0.46875 0.446875 0.2562500000000001 0.446875 0.2562500000000001 0.5171875 0.46875 0.5171875
2 0.18906250000000005 0.2125 0.14687500000000003 0.2125 0.14687500000000003 0.2640625 0.18906250000000005 0.2640625
1 0.14218750000000005 0.2125 0.10000000000000005 0.2125 0.10000000000000005 0.2671875 0.14218750000000005 0.2671875
18 0.525 0.3828125000000001 0.4828125 0.3828125000000001 0.4828125 0.4375 0.525 0.4375
26 0.71875 0.2562500000000001 0.6765625 0.2562500000000001 0.6765625 0.3125000000000001 0.71875 0.3125000000000001
48 0.6015625 0.2000000000000001 0.559375 0.2000000000000001 0.559375 0.25468750000000007 0.6015625 0.25468750000000007
42 0.3015625 0.2671875 0.259375 0.2671875 0.259375 0.321875 0.3015625 0.321875
32 0.15000000000000005 0.3921875 0.10625000000000004 0.3921875 0.10625000000000004 0.4484375 0.15000000000000005 0.4484375
28 0.453125 0.3218750000000001 0.4125 0.3218750000000001 0.4125 0.3781250000000001 0.453125 0.3781250000000001
24 0.35937500000000006 0.3265625 0.3171875 0.3265625 0.31718750000000007 0.3796875 0.3593750000000001 0.3796875
45 0.12656250000000005 0.334375 0.06250000000000004 0.334375 0.06250000000000004 0.3890625 0.12656250000000005 0.3890625
53 0.440625 0.2640625000000001 0.4 0.2640625000000001 0.4 0.3187500000000001 0.440625 0.3187500000000001
22 0.71875 0.3156250000000001 0.64375 0.3156250000000001 0.64375 0.37187500000000007 0.71875 0.37187500000000007
46 0.721875 0.3781250000000001 0.6203125 0.3781250000000001 0.6203125 0.434375 0.721875 0.434375
37 0.59375 0.3203125000000001 0.55 0.3203125000000001 0.55 0.3765625000000001 0.59375 0.3765625000000001
13 0.2515625000000001 0.45 0.19843750000000004 0.45 0.19843750000000004 0.51875 0.2515625000000001 0.51875
40 0.5703125 0.37968750000000007 0.528125 0.37968750000000007 0.528125 0.4359375 0.5703125 0.4359375
11 0.646875 0.2015625000000001 0.60625 0.2015625000000001 0.60625 0.2531250000000001 0.646875 0.2531250000000001
52 0.11718750000000004 0.2734375 0.06250000000000004 0.2734375 0.06250000000000004 0.328125 0.11718750000000004 0.328125
57 0.24375000000000008 0.3890625 0.2015625000000001 0.3890625 0.2015625000000001 0.446875 0.24375000000000008 0.446875
7 0.41875 0.2078125000000001 0.3765625 0.2078125000000001 0.3765625 0.2593750000000001 0.41875 0.2593750000000001
50 0.578125 0.446875 0.534375 0.446875 0.534375 0.5140625 0.578125 0.5140625
59 0.3953125 0.26406250000000003 0.353125 0.2640625 0.353125 0.31875000000000003 0.3953125 0.3187500000000001
6 0.3734375 0.20625000000000004 0.33125 0.20625 0.33125 0.26093750000000004 0.3734375 0.2609375000000001
36 0.534375 0.26250000000000007 0.490625 0.26250000000000007 0.490625 0.3156250000000001 0.534375 0.3156250000000001
25 0.40625 0.32500000000000007 0.3640625 0.32500000000000007 0.36406250000000007 0.37968750000000007 0.40625 0.37968750000000007
5 0.3265625 0.2078125 0.284375 0.2078125 0.284375 0.2625 0.3265625 0.2625