22 0.5109375000000002 0.915625 0.3421875000000001 0.915625 0.3421875000000001 1 0.5109375000000002 1
41 0.4265625 0.11562500000000005 0.3421875 0.11562500000000005 0.3421875 0.18437500000000004 0.4265625 0.18437500000000004
13 0.696875 0.2171875000000001 0.603125 0.2171875000000001 0.603125 0.2875000000000001 0.696875 0.2875000000000001
31 0.5109375 0.6796875 0.4234375 0.6796875 0.4234375000000001 0.74375 0.5109375000000002 0.74375
0 0.34062500000000007 0.6875 0.2593750000000001 0.6875 0.2593750000000001 0.7515625 0.34062500000000007 0.7515625
1 0.3421875 0.08906250000000003 0.2578125 0.08906250000000002 0.2578125 0.15468750000000003 0.3421875 0.15468750000000003
38 0.4250000000000001 0.725 0.34062500000000007 0.725 0.34062500000000007 0.7890625 0.42500000000000016 0.7890625
59 0.4234375 0.45625 0.3390625000000001 0.45625 0.3390625000000001 0.5203125 0.4234375 0.5203125
48 0.34062500000000007 0.7515625 0.2593750000000001 0.7515625 0.2593750000000001 0.815625 0.34062500000000007 0.815625
2 0.3421875 0.15625000000000006 0.2578125 0.15625000000000006 0.2578125 0.221875 0.3421875 0.221875
27 0.4234375 0.5921875 0.3390625000000001 0.5921875 0.3390625000000001 0.6546875 0.4234375 0.6546875
20 0.3421875000000001 0.8796875 0.2609375000000001 0.8796875 0.2609375000000001 1 0.3421875000000001 1
16 0.603125 0.2921875000000001 0.5125 0.2921875000000001 0.5125 0.36406250000000007 0.603125 0.36406250000000007
47 0.6953125 0.2921875000000001 0.6015625 0.2921875000000001 0.6015625 0.6296875 0.6953125 0.6296875
26 0.5109375000000002 0.878125 0.4234375000000002 0.878125 0.4234375000000002 0.946875 0.5109375000000002 0.946875
8 0.34062500000000007 0.55625 0.2593750000000001 0.55625 0.2593750000000001 0.61875 0.34062500000000007 0.61875
29 0.5109375 0.6109375 0.4234375 0.6109375 0.4234375 0.678125 0.5109375 0.678125
5 0.34062500000000007 0.35625 0.25625 0.35625 0.25625000000000003 0.421875 0.34062500000000007 0.421875
58 0.603125 0.15312500000000007 0.5125 0.15312500000000004 0.5125 0.2218750000000001 0.603125 0.2218750000000001
49 0.7 7.979339300694474e-17 0.603125 7.386151007357474e-17 0.603125 0.07343750000000007 0.7 0.07343750000000009
34 0.6000000000000002 0.7859375 0.5125000000000002 0.7859375 0.5125000000000002 0.8546875 0.6000000000000002 0.8546875
21 0.425 0.25312500000000004 0.3375 0.253125 0.3375 0.31875000000000003 0.425 0.3187500000000001
36 0.4234375 0.6578125 0.3390625000000001 0.6578125 0.3390625000000001 0.7234375 0.4234375 0.7234375
32 0.6046875 0.08125000000000007 0.5109375 0.08125000000000007 0.5109375 0.15312500000000007 0.6046875 0.1531250000000001
14 0.6953125 0.6328125 0.6015625 0.6328125 0.6015625 0.703125 0.6953125 0.703125
25 0.5109375 0.471875 0.4234375 0.471875 0.4234375 0.5390625 0.5109375 0.5390625
24 0.509375 0.403125 0.425 0.403125 0.425 0.4671875 0.509375 0.4671875
6 0.34062500000000007 0.4203125 0.2562500000000001 0.4203125 0.2562500000000001 0.4859375 0.34062500000000007 0.4859375
12 0.5093750000000001 0.8125 0.42500000000000016 0.8125 0.42500000000000016 0.878125 0.5093750000000001 0.878125
33 0.603125 0.578125 0.5125 0.578125 0.5125 0.646875 0.603125 0.646875
23 0.5109375 0.3343750000000001 0.4234375 0.3343750000000001 0.4234375 0.4 0.5109375 0.4
3 0.340625 0.221875 0.25625 0.221875 0.25625 0.2875 0.340625 0.2875
30 0.7484375000000001 5.778802083476574e-17 0.1953125 2.3918882795846743e-17 0.19531250000000006 1 0.7484375000000002 1
7 0.34062500000000007 0.4890625 0.2562500000000001 0.4890625 0.2562500000000001 0.553125 0.34062500000000007 0.553125
15 0.603125 0.434375 0.509375 0.434375 0.509375 0.5046875 0.603125 0.5046875
35 0.6 0.5078125 0.5125 0.5078125 0.5125 0.5734375 0.6 0.5734375
11 0.3421875000000001 0.8171875 0.2609375000000001 0.8171875 0.2609375000000001 0.878125 0.3421875000000001 0.878125
19 0.5109375 0.2640625000000001 0.4234375 0.2640625000000001 0.4234375 0.3312500000000001 0.5109375 0.3312500000000001
56 0.4234375 0.18437500000000004 0.3390625 0.18437500000000004 0.3390625 0.25000000000000006 0.4234375 0.2500000000000001
50 0.6937500000000002 0.775 0.5984375000000002 0.775 0.5984375000000002 0.846875 0.6937500000000002 0.846875
9 0.3390625000000001 0.621875 0.2578125000000001 0.621875 0.2578125000000001 0.6875 0.3390625000000001 0.6875
39 0.42500000000000016 0.8546875 0.34062500000000007 0.8546875 0.34062500000000007 0.9203125 0.42500000000000016 0.9203125
17 0.34375 0.03593750000000004 0.259375 0.03593750000000003 0.259375 0.08593750000000003 0.34375 0.08593750000000004
45 0.5125 0.018750000000000055 0.425 0.01875000000000005 0.425 0.12343750000000005 0.5125 0.12343750000000005
43 0.5109375 0.19375000000000003 0.4234375 0.19375000000000003 0.4234375 0.26250000000000007 0.5109375 0.26250000000000007
51 0.4234375 0.38750000000000007 0.3390625000000001 0.3875 0.3390625000000001 0.4515625 0.4234375 0.4515625
42 0.4234375 0.32031250000000006 0.3390625 0.3203125 0.33906250000000004 0.38593750000000004 0.4234375 0.3859375000000001
18 0.6015625 0.646875 0.5109375 0.646875 0.5109375 0.7140625 0.6015625 0.7140625
57 0.603125 0.2218750000000001 0.5125 0.2218750000000001 0.5125 0.2921875000000001 0.603125 0.2921875000000001
10 0.5109375 0.12656250000000005 0.4265625 0.12656250000000005 0.4265625 0.19375000000000003 0.5109375 0.19375000000000003
28 0.5109375 0.5421875 0.4265625 0.5421875 0.4265625 0.6046875 0.5109375 0.6046875
4 0.3390625 0.2875 0.2546875 0.2875 0.2546875 0.353125 0.3390625 0.353125
46 0.5953125000000001 0.85 0.5062500000000002 0.85 0.5062500000000002 1 0.5953125000000001 1
53 0.4234375 0.5234375 0.3390625000000001 0.5234375 0.3390625000000001 0.5890625 0.4234375 0.5890625
55 0.603125 0.3656250000000001 0.5125 0.3656250000000001 0.5125 0.434375 0.603125 0.434375
54 0.42500000000000016 0.790625 0.3437500000000001 0.790625 0.3437500000000001 0.85625 0.42500000000000016 0.85625
52 0.4234375 0.03125000000000005 0.3390625 0.03125000000000004 0.3390625 0.11562500000000005 0.4234375 0.11562500000000005
40 0.6000000000000001 0.7171875 0.5125 0.7171875 0.5125000000000001 0.7859375 0.6000000000000002 0.7859375
44 0.6046875 0.00781250000000007 0.5140625 0.007812500000000064 0.5140625 0.08281250000000007 0.6046875 0.08281250000000007
37 0.5109375000000002 0.746875 0.4234375000000002 0.746875 0.4234375000000002 0.8109375 0.5109375000000002 0.8109375