35 0.65625 0.0015625000000000742 0.55625 0.001562500000000068 0.55625 0.03281250000000007 0.65625 0.03281250000000008
42 0.7578125 0.2578125000000001 0.6640625 0.2578125000000001 0.6640625 0.3671875000000001 0.7578125 0.3671875000000001
52 0.6390625000000001 0.6453125 0.515625 0.6453125 0.5156250000000001 0.790625 0.6390625000000002 0.790625
2 0.778125 0.5281250000000001 0.6828125 0.528125 0.6828125 0.6375000000000001 0.778125 0.6375000000000002
16 0.5609375 0.17812500000000006 0.4453125 0.17812500000000003 0.4453125 0.30156250000000007 0.5609375 0.30156250000000007
4 0.825 0.3437500000000001 0.740625 0.3437500000000001 0.740625 0.4500000000000002 0.825 0.4500000000000002
10 0.58125 0.4734375 0.4625 0.4734375 0.4625 0.5953125 0.58125 0.5953125
32 0.4515625 0.4859375 0.3140625000000001 0.4859375 0.3140625000000001 0.6234375 0.4515625 0.6234375
21 0.7296875 0.34843750000000007 0.6328125 0.34843750000000007 0.6328125 0.4609375000000001 0.7296875 0.46093750000000017
27 0.8484375 9.873714818125535e-17 0.7640625 9.357066949735246e-17 0.7640625 0.043750000000000094 0.8484375 0.0437500000000001
28 0.7578125 8.716040890806553e-17 0.665625 8.15155525682457e-17 0.665625 0.04375000000000008 0.7578125 0.04375000000000009
56 0.703125 0.44375 0.603125 0.44375 0.603125 0.55625 0.703125 0.55625
45 0.5453125000000001 0.5828125 0.39531250000000007 0.5828125 0.39531250000000007 0.765625 0.5453125000000002 0.765625
49 0.28593750000000007 0.5546875 0.10156250000000008 0.5546875 0.10156250000000008 0.696875 0.28593750000000007 0.696875
25 0.7328125 0.017187500000000085 0.6375 0.017187500000000078 0.6375 0.12656250000000008 0.7328125 0.12656250000000008
41 0.6734375 0.5390625 0.5640625 0.5390625 0.5640625 0.6578125 0.6734375 0.6578125
19 0.646875 0.2750000000000001 0.5359375 0.2750000000000001 0.5359375 0.39531250000000007 0.646875 0.39531250000000007
1 0.7515625000000001 0.628125 0.6515625 0.628125 0.6515625 0.7343750000000001 0.7515625000000001 0.7343750000000002
6 0.871875 0.1781250000000001 0.7921875 0.1781250000000001 0.7921875 0.2796875000000001 0.871875 0.2796875000000001
8 0.9125 0.028125000000000105 0.8359375 0.0281250000000001 0.8359375 0.12187500000000011 0.9125 0.12187500000000014
23 0.6765625 0.1843750000000001 0.5734375 0.1843750000000001 0.5734375 0.3000000000000001 0.6765625 0.3000000000000001
24 0.7046875 0.09687500000000007 0.6046875 0.09687500000000007 0.6046875 0.21093750000000008 0.7046875 0.21093750000000008
47 0.5859375 5.4535052774530576e-17 0.3046875 3.731345716152092e-17 0.3046875 0.23437500000000006 0.5859375 0.23437500000000008
51 0.7828125 0.17343750000000008 0.6921875 0.17343750000000008 0.6921875 0.2796875000000001 0.7828125 0.2796875000000001
30 1 6.448530801760282e-17 0.053125 6.505936120470313e-18 0.053125000000000054 0.859375 1 0.859375
5 0.846875 0.2609375000000001 0.765625 0.2609375000000001 0.765625 0.36406250000000007 0.846875 0.36406250000000007
53 0.83125 0.012500000000000094 0.746875 0.01250000000000009 0.746875 0.11875000000000009 0.83125 0.11875000000000009
58 0.4890625 0.3781250000000001 0.3656250000000001 0.3781250000000001 0.3656250000000001 0.503125 0.4890625 0.503125
55 0.5953125 0.08593750000000007 0.4859375 0.08593750000000007 0.4859375 0.2078125000000001 0.5953125 0.2078125000000001
57 0.525 0.2765625000000001 0.40625 0.2765625000000001 0.40625 0.4 0.525 0.4
15 0.6296875 7.051286648215619e-17 0.521875 6.39112548305025e-17 0.521875 0.11875000000000006 0.6296875 0.11875000000000009
59 0.80625 0.09218750000000009 0.721875 0.09218750000000009 0.721875 0.19531250000000008 0.80625 0.19531250000000008
7 0.8953125 0.1062500000000001 0.81875 0.1062500000000001 0.81875 0.2000000000000001 0.8953125 0.2000000000000001
43 0.615625 0.37187500000000007 0.5 0.37187500000000007 0.5 0.4953125 0.615625 0.4953125
9 0.9296875 0.0015625000000001094 0.853125 0.0015625000000001048 0.853125 0.05156250000000011 0.9296875 0.05156250000000011
3 0.803125 0.4359375000000001 0.7125 0.4359375 0.7125 0.5421875 0.803125 0.5421875000000002
13 0.4234375 0.19218750000000004 0.2515625 0.19218750000000004 0.2515625 0.35937500000000006 0.4234375 0.3593750000000001
17 0.7171875000000002 0.7296875 0.6218750000000002 0.7296875 0.6218750000000002 0.8125 0.7171875000000002 0.8125
44 0.4156250000000001 0.5953125 0.2687500000000001 0.5953125 0.2687500000000001 0.73125 0.4156250000000002 0.73125