35 0.9671875 0.3375000000000001 0.86875 0.3375000000000001 0.86875 0.42500000000000016 0.9671875 0.42500000000000016
42 0.675 0.2515625000000001 0.5796875 0.2515625000000001 0.5796875 0.33281250000000007 0.675 0.33281250000000007
52 0.3375 0.353125 0.2125 0.353125 0.21250000000000005 0.459375 0.3375000000000001 0.459375
2 0.440625 0.23281250000000003 0.346875 0.2328125 0.346875 0.31562500000000004 0.440625 0.3156250000000001
16 0.74375 0.4203125000000001 0.6359375 0.4203125 0.6359375 0.5218750000000001 0.74375 0.5218750000000002
4 0.5984375 0.19218750000000007 0.5078125 0.19218750000000004 0.5078125 0.2640625000000001 0.5984375 0.2640625000000001
10 0.4875 0.4015625 0.3812500000000001 0.4015625 0.3812500000000001 0.50625 0.4875 0.50625
32 0.4765625 0.515625 0.3578125000000001 0.515625 0.3578125000000001 0.634375 0.4765625 0.634375
29 0.9984375 0.22812500000000008 0.9265625 0.22812500000000008 0.9265625 0.3062500000000001 0.9984375 0.3062500000000001
21 0.5953125 0.2750000000000001 0.4984375 0.2750000000000001 0.4984375 0.3593750000000001 0.5953125 0.3593750000000001
27 0.953125 0.1734375000000001 0.8609375 0.17343750000000008 0.8609375 0.2453125000000001 0.953125 0.2453125000000001
28 0.95 0.2515625000000001 0.859375 0.2515625000000001 0.859375 0.3312500000000001 0.95 0.3312500000000001
56 0.5140625 0.2968750000000001 0.415625 0.2968750000000001 0.415625 0.3843750000000001 0.5140625 0.3843750000000001
45 0.3937500000000001 0.434375 0.23593750000000008 0.434375 0.23593750000000008 0.5625 0.3937500000000001 0.5625
49 0.4171875000000001 0.659375 0.29375000000000007 0.659375 0.29375000000000007 0.81875 0.41718750000000016 0.81875
33 0.9984375 0.3140625000000001 0.9421875 0.3140625000000001 0.9421875 0.4000000000000002 0.9984375 0.4000000000000002
25 0.8828125 0.2718750000000001 0.7875 0.2718750000000001 0.7875 0.3546875000000001 0.8828125 0.3546875000000001
41 0.4296875 0.32343750000000004 0.328125 0.3234375 0.32812500000000006 0.4171875 0.4296875 0.4171875
19 0.659375 0.3468750000000001 0.5546875 0.3468750000000001 0.5546875 0.4421875 0.659375 0.4421875
1 0.3546875 0.25625 0.2609375 0.25625 0.2609375 0.3421875 0.3546875 0.3421875
6 0.74375 0.1515625000000001 0.6546875 0.1515625000000001 0.6546875 0.22031250000000008 0.74375 0.22031250000000008
8 0.8734375 0.11718750000000008 0.7921875 0.11718750000000008 0.7921875 0.1828125000000001 0.8734375 0.1828125000000001
23 0.7375 0.3203125000000001 0.6375 0.3203125000000001 0.6375 0.4093750000000001 0.7375 0.40937500000000016
24 0.8125 0.2953125000000001 0.7140625 0.2953125000000001 0.7140625 0.3828125000000001 0.8125 0.3828125000000001
47 0.990625 0.4000000000000001 0.6953125 0.4 0.6953125 0.6421875000000001 0.990625 0.6421875000000001
51 0.746875 0.22812500000000008 0.65625 0.22812500000000008 0.65625 0.3062500000000001 0.746875 0.3062500000000001
30 0.9953125 0.00937500000000007 0.153125 0.009375000000000019 0.15312500000000004 0.8609375 0.9953125 0.8609375
5 0.671875 0.17343750000000008 0.5828125 0.17343750000000008 0.5828125 0.24375000000000008 0.671875 0.24375000000000008
53 0.8875 0.18750000000000008 0.7953125 0.18750000000000008 0.7953125 0.2593750000000001 0.8875 0.2593750000000001
58 0.5703125 0.484375 0.4609375 0.484375 0.4609375 0.590625 0.5703125 0.590625
55 0.821875 0.3906250000000001 0.7171875 0.3906250000000001 0.7171875 0.4843750000000001 0.821875 0.48437500000000017
57 0.6578125 0.4515625 0.5515625 0.4515625 0.5515625 0.5546875 0.6578125 0.5546875
15 0.896875 0.3625000000000001 0.79375 0.3625000000000001 0.79375 0.4546875000000002 0.896875 0.4546875000000002
59 0.8171875 0.2093750000000001 0.728125 0.2093750000000001 0.728125 0.2828125000000001 0.8171875 0.2828125000000001
7 0.80625 0.1312500000000001 0.7234375 0.1312500000000001 0.7234375 0.1984375000000001 0.80625 0.1984375000000001
43 0.575 0.3734375000000001 0.46875 0.3734375000000001 0.46875 0.4734375 0.575 0.4734375
36 0.996875 0.15156250000000013 0.9265625 0.15156250000000013 0.9265625 0.2234375000000001 0.996875 0.2234375000000001
9 0.934375 0.10156250000000011 0.853125 0.10156250000000008 0.853125 0.16875000000000012 0.934375 0.16875000000000012
0 0.9953125 0.08281250000000011 0.91875 0.08281250000000011 0.91875 0.15468750000000014 0.9953125 0.15468750000000014
3 0.5203125 0.21250000000000008 0.4265625 0.21250000000000008 0.4265625 0.2906250000000001 0.5203125 0.2906250000000001
13 0.73125 0.5390625000000001 0.5859375 0.5390625 0.5859375 0.6875000000000001 0.73125 0.6875000000000002
17 0.26562500000000006 0.2859375 0.19375000000000003 0.2859375 0.19375000000000003 0.36875 0.2656250000000001 0.36875
44 0.3812500000000001 0.546875 0.2640625000000001 0.546875 0.2640625000000001 0.6734375 0.3812500000000001 0.6734375