30 1 0.07343750000000007 8.993499931238374e-18 0.0734375 4.4680473062641723e-17 0.6562500000000001 1 0.6562500000000002
19 0.37031250000000004 0.35781250000000003 0.290625 0.3578125 0.290625 0.4359375 0.3703125000000001 0.4359375
48 0.9875 0.18906250000000013 0.909375 0.18906250000000013 0.909375 0.2656250000000001 0.9875 0.2656250000000001
57 0.3265625000000001 0.4421875 0.2484375000000001 0.4421875 0.2484375000000001 0.5203125 0.3265625000000001 0.5203125
31 0.8796875 0.3578125000000001 0.803125 0.3578125000000001 0.803125 0.4343750000000002 0.8796875 0.4343750000000002
40 0.921875 0.4421875000000002 0.84375 0.4421875000000002 0.84375 0.5171875000000001 0.921875 0.5171875000000001
15 0.5828125 0.4421875 0.503125 0.4421875 0.503125 0.5203125 0.5828125 0.5203125
10 0.19843750000000004 0.3578125 0.12031250000000004 0.3578125 0.12031250000000004 0.4359375 0.19843750000000004 0.4359375
33 0.7515625 0.44218750000000007 0.6734375 0.4421875 0.6734375 0.5203125000000001 0.7515625 0.5203125000000002
42 0.43125 0.27343750000000006 0.3546875 0.2734375 0.3546875 0.35000000000000003 0.43125 0.3500000000000001
8 0.7296875 0.18906250000000008 0.653125 0.18906250000000008 0.653125 0.2656250000000001 0.7296875 0.2656250000000001
34 1 0.44062500000000016 0.9296875 0.44062500000000016 0.9296875 0.5187500000000002 1 0.5187500000000002
52 0.09218750000000003 0.271875 3.329508485181867e-17 0.271875 3.8174536942171404e-17 0.3515625 0.09218750000000005 0.3515625
24 0.540625 0.3593750000000001 0.4625 0.3593750000000001 0.4625 0.4359375 0.540625 0.4359375
25 0.6234375 0.3578125000000001 0.546875 0.3578125000000001 0.546875 0.4359375 0.6234375 0.4359375
43 0.2828125 0.359375 0.2046875 0.359375 0.20468750000000005 0.4359375 0.2828125000000001 0.4359375
17 0.050000000000000024 0.1890625 2.315347854637965e-17 0.1890625 2.7937255105548996e-17 0.2671875 0.050000000000000024 0.2671875
5 0.478125 0.18906250000000005 0.4 0.18906250000000005 0.4 0.2671875000000001 0.478125 0.2671875000000001
49 0.06718750000000007 0.5265625 6.448530801760282e-17 0.5265625 7.022583988860603e-17 0.6203125 0.06718750000000007 0.6203125
58 0.24218750000000008 0.4421875 0.16250000000000003 0.4421875 0.16250000000000003 0.5203125 0.24218750000000008 0.5203125
7 0.6453125 0.18906250000000008 0.56875 0.18906250000000008 0.56875 0.2671875000000001 0.6453125 0.2671875000000001
41 0.17656250000000004 0.2734375 0.09687500000000004 0.2734375 0.09687500000000004 0.353125 0.17656250000000004 0.353125
16 0.4125 0.44375 0.33281250000000007 0.44375 0.33281250000000007 0.521875 0.4125 0.521875
18 0.8359375 0.4421875000000002 0.759375 0.4421875000000002 0.759375 0.5171875000000001 0.8359375 0.5171875000000001
27 0.7734375 0.2734375000000001 0.6953125 0.2734375000000001 0.6953125 0.3500000000000001 0.7734375 0.3500000000000001
28 0.709375 0.3578125000000001 0.6328125 0.3578125000000001 0.6328125 0.4359375 0.709375 0.4359375
3 0.30625 0.18906250000000005 0.228125 0.18906250000000005 0.228125 0.2671875 0.30625 0.2671875
50 0.928125 0.5296875000000002 0.85 0.5296875000000002 0.85 0.6203125000000002 0.928125 0.6203125000000002
32 0.15781250000000005 0.4453125 0.07343750000000004 0.4453125 0.07343750000000006 0.5203125 0.15781250000000005 0.5203125
21 0.346875 0.2734375 0.26875 0.2734375 0.26875 0.3515625 0.346875 0.3515625
55 0.496875 0.4421875 0.4171875 0.4421875 0.4171875 0.5203125 0.496875 0.5203125
6 0.5640625 0.18906250000000008 0.4859375 0.18906250000000005 0.4859375 0.2671875000000001 0.5640625 0.2671875000000001
2 0.221875 0.18906250000000002 0.14375000000000004 0.1890625 0.14375000000000004 0.2671875 0.221875 0.2671875
59 0.603125 0.2734375000000001 0.525 0.2734375000000001 0.525 0.3515625000000001 0.603125 0.3515625000000001
4 0.3921875 0.18906250000000005 0.3140625 0.18906250000000005 0.3140625 0.2671875 0.3921875 0.2671875000000001
12 1 0.3578125000000001 0.975 0.3578125000000001 0.975 0.43281250000000016 1 0.43281250000000016
37 0.965625 0.3578125000000001 0.8875 0.3578125000000001 0.8875 0.4359375000000002 0.965625 0.4359375000000002
1 0.13437500000000005 0.1890625 0.059375000000000025 0.1890625 0.059375000000000025 0.2671875 0.13437500000000005 0.2671875
14 0.840625 0.5265625000000002 0.7421875 0.5265625000000002 0.7421875 0.6203125000000002 0.840625 0.6203125000000002
38 0.94375 0.2734375000000001 0.865625 0.2734375000000001 0.865625 0.3500000000000001 0.94375 0.3500000000000001
9 0.815625 0.18906250000000008 0.7390625 0.18906250000000008 0.7390625 0.2656250000000001 0.815625 0.2656250000000001
36 0.8578125 0.2734375000000001 0.7796875 0.2734375000000001 0.7796875 0.3500000000000001 0.8578125 0.3500000000000001
51 0.5171875 0.2734375000000001 0.440625 0.2734375000000001 0.440625 0.3500000000000001 0.5171875 0.3500000000000001
13 0.3437500000000001 0.528125 0.2453125000000001 0.528125 0.2453125000000001 0.61875 0.3437500000000001 0.61875
54 1 0.2718750000000001 0.95 0.2718750000000001 0.95 0.3500000000000001 1 0.3500000000000001
35 0.6671875 0.4421875 0.5890625 0.4421875 0.5890625 0.5203125 0.6671875 0.5203125
0 0.903125 0.18906250000000008 0.825 0.18906250000000008 0.825 0.2656250000000001 0.903125 0.2656250000000001
45 0.11406250000000004 0.3578125 4.3819393281991234e-17 0.3578125 4.869884537234397e-17 0.4375 0.11406250000000004 0.4375
56 0.2625 0.271875 0.18437500000000004 0.271875 0.18437500000000004 0.35 0.2625 0.35
44 0.06875000000000006 0.4421875 5.415235064979703e-17 0.4421875 5.893612720896637e-17 0.5203125 0.06875000000000006 0.5203125
29 0.79375 0.3578125000000001 0.7171875 0.3578125000000001 0.7171875 0.43437500000000007 0.79375 0.4343750000000002
47 0.734375 0.5296875000000001 0.3515625000000001 0.5296875 0.3515625000000001 0.6187500000000001 0.734375 0.6187500000000001
23 0.453125 0.3593750000000001 0.3765625 0.3593750000000001 0.3765625 0.4359375 0.453125 0.4359375
53 0.6890625 0.2734375000000001 0.6109375 0.2734375000000001 0.6109375 0.3515625000000001 0.6890625 0.3515625000000001