23 0.7734375 0.4703125000000002 0.7296875 0.4703125000000002 0.7296875 0.5312500000000002 0.7734375 0.5312500000000002
43 0.8859375 0.4703125000000002 0.8421875 0.4703125000000002 0.8421875 0.5312500000000002 0.8859375 0.5312500000000002
31 0.4875 0.4734375 0.440625 0.4734375 0.440625 0.5359375 0.4875 0.5359375
20 0.29531250000000003 0.315625 0.18281250000000004 0.315625 0.18281250000000004 0.378125 0.2953125000000001 0.378125
12 0.3703125000000001 0.4734375 0.3203125000000001 0.4734375 0.3203125000000001 0.5375 0.3703125000000001 0.5375
14 0.5171875 0.6296875 0.46875 0.6296875 0.46875 0.6984375 0.5171875 0.6984375
10 0.940625 0.4703125000000002 0.896875 0.4703125000000002 0.896875 0.5296875000000002 0.940625 0.5296875000000002
59 0.6734375 0.39531250000000007 0.6265625 0.39531250000000007 0.6265625 0.4546875 0.6734375 0.4546875
26 0.30937500000000007 0.471875 0.2609375000000001 0.471875 0.2609375000000001 0.5375 0.30937500000000007 0.5375
53 0.6171875 0.39531250000000007 0.5703125 0.39531250000000007 0.5703125 0.4578125 0.6171875 0.4578125
29 0.5453125 0.4734375 0.4984375 0.4734375 0.4984375 0.534375 0.5453125 0.534375
47 0.80625 0.6234375000000001 0.525 0.6234375 0.525 0.6953125000000001 0.80625 0.6953125000000002
54 0.3843750000000001 0.39531250000000007 0.3343750000000001 0.3953125 0.3343750000000001 0.4578125 0.3843750000000001 0.4578125
13 0.8625 0.6250000000000002 0.8125 0.6250000000000002 0.8125 0.6968750000000001 0.8625 0.6968750000000001
44 1 0.5453125000000002 0.975 0.5453125000000002 0.975 0.6078125000000002 1 0.6078125000000002
36 0.5015625 0.39531250000000007 0.4515625 0.39531250000000007 0.4515625 0.4578125 0.5015625 0.4578125
52 1 0.3921875000000001 0.965625 0.3921875000000001 0.965625 0.45312500000000017 1 0.45312500000000017
49 1 0.6203125000000002 0.971875 0.6203125000000002 0.971875 0.6953125000000002 1 0.6953125000000002
34 0.4015625 0.5515625 0.3515625000000001 0.5515625 0.3515625000000001 0.6171875 0.4015625 0.6171875
37 0.428125 0.4734375 0.37968750000000007 0.4734375 0.37968750000000007 0.5359375 0.428125 0.5359375
58 0.9140625 0.5453125000000002 0.8703125 0.5453125000000002 0.8703125 0.6062500000000002 0.9140625 0.6062500000000002
32 0.971875 0.5453125000000002 0.925 0.5453125000000002 0.925 0.6109375000000001 0.971875 0.6109375000000001
46 0.3437500000000001 0.55 0.1843750000000001 0.55 0.1843750000000001 0.615625 0.3437500000000001 0.615625
28 0.603125 0.4734375 0.55625 0.4734375 0.55625 0.5359375 0.603125 0.5359375
38 0.44375 0.39531250000000007 0.39531250000000007 0.39531250000000007 0.39531250000000007 0.4578125 0.44375 0.4578125
51 0.7296875 0.3921875000000001 0.684375 0.3921875000000001 0.684375 0.4546875000000001 0.7296875 0.4546875000000002
21 0.8453125 0.3921875000000001 0.7984375 0.3921875000000001 0.7984375 0.4546875000000002 0.8453125 0.4546875000000002
11 0.353125 0.315625 0.30625 0.315625 0.30625 0.378125 0.3531250000000001 0.378125
7 0.6453125 0.3187500000000001 0.5984375 0.3187500000000001 0.5984375 0.3812500000000001 0.6453125 0.3812500000000001
16 0.803125 0.5484375000000001 0.75625 0.5484375000000001 0.75625 0.6078125000000002 0.803125 0.6078125000000002
9 0.53125 0.3187500000000001 0.48125 0.3187500000000001 0.48125 0.3843750000000001 0.53125 0.3843750000000001
4 0.815625 0.31718750000000007 0.7703125 0.31718750000000007 0.7703125 0.3765625000000001 0.815625 0.3765625000000001
42 0.7875 0.3921875000000001 0.7421875 0.3921875000000001 0.7421875 0.45312500000000017 0.7875 0.45312500000000017
27 0.5578125 0.39531250000000007 0.5125 0.39531250000000007 0.5125 0.45625 0.5578125 0.45625
56 0.9 0.3921875000000001 0.85625 0.3921875000000001 0.85625 0.45312500000000017 0.9 0.45312500000000017
40 0.4578125 0.5515625 0.409375 0.5515625 0.409375 0.6140625 0.4578125 0.6140625
18 0.515625 0.55 0.46875 0.55 0.46875 0.6125 0.515625 0.6125
48 0.4140625 0.3156250000000001 0.3640625 0.3156250000000001 0.36406250000000007 0.3843750000000001 0.4140625 0.3843750000000001
5 0.759375 0.3156250000000001 0.7125 0.3156250000000001 0.7125 0.3781250000000001 0.759375 0.3781250000000001
6 0.7015625 0.31718750000000007 0.653125 0.31718750000000007 0.653125 0.37968750000000007 0.7015625 0.37968750000000007
55 0.7453125 0.5468750000000001 0.6984375 0.546875 0.6984375 0.6078125000000001 0.7453125 0.6078125000000002
35 0.6328125 0.5484375 0.5859375 0.5484375 0.5859375 0.609375 0.6328125 0.609375
3 0.8734375 0.31718750000000007 0.8265625 0.31718750000000007 0.8265625 0.37968750000000007 0.8734375 0.37968750000000007
33 0.575 0.55 0.528125 0.55 0.528125 0.6125 0.575 0.6125
25 0.6609375 0.471875 0.6140625 0.471875 0.6140625 0.534375 0.6609375 0.534375
2 0.9265625 0.3203125000000001 0.8828125 0.3203125000000001 0.8828125 0.37968750000000007 0.9265625 0.37968750000000007
57 0.859375 0.5453125000000002 0.815625 0.5453125000000002 0.815625 0.6062500000000002 0.859375 0.6062500000000002
50 0.4 0.6296875 0.3500000000000001 0.6296875 0.3500000000000001 0.696875 0.4 0.696875
0 0.4734375 0.31718750000000007 0.4234375 0.31718750000000007 0.4234375 0.3843750000000001 0.4734375 0.3843750000000001
41 0.95625 0.3921875000000001 0.909375 0.3921875000000001 0.909375 0.4546875000000002 0.95625 0.4546875000000002
39 0.32500000000000007 0.39375 0.2750000000000001 0.39375 0.2750000000000001 0.4609375 0.32500000000000007 0.4609375
19 0.83125 0.4703125000000002 0.784375 0.4703125000000002 0.784375 0.5312500000000002 0.83125 0.5312500000000002
8 0.5890625 0.31718750000000007 0.540625 0.31718750000000007 0.540625 0.3828125000000001 0.5890625 0.3828125000000001
30 1 0.18125000000000008 2.2196723234545777e-17 0.18125 5.692694105411525e-17 0.7484375000000001 1 0.7484375000000002
15 0.6890625 0.546875 0.6421875 0.546875 0.6421875 0.609375 0.6890625 0.609375
24 0.7171875 0.471875 0.6703125 0.471875 0.6703125 0.5328125 0.7171875 0.5328125
17 1 0.3187500000000001 0.98125 0.3187500000000001 0.98125 0.3781250000000001 1 0.3781250000000001
1 0.98125 0.3187500000000001 0.9375 0.3187500000000001 0.9375 0.3781250000000001 0.98125 0.3781250000000001
45 1 0.4703125000000002 0.953125 0.4703125000000002 0.953125 0.5312500000000002 1 0.5312500000000002
22 0.2671875000000001 0.39375 0.18281250000000004 0.39375 0.18281250000000004 0.5375 0.2671875000000001 0.5375