25 0.33281250000000007 0.528125 0.2953125000000001 0.528125 0.2953125000000001 0.59375 0.33281250000000007 0.59375
14 0.5046875000000001 0.6765625 0.4484375 0.6765625 0.4484375000000001 0.7515625 0.5046875000000002 0.7515625
29 0.415625 0.528125 0.3781250000000001 0.528125 0.3781250000000001 0.59375 0.415625 0.59375
20 0.621875 0.3843750000000001 0.553125 0.3843750000000001 0.553125 0.4484375 0.621875 0.4484375
4 0.21875000000000008 0.384375 0.18437500000000004 0.384375 0.18437500000000004 0.4484375 0.21875000000000008 0.4484375
21 0.2000000000000001 0.45625 0.16250000000000003 0.45625 0.16250000000000003 0.521875 0.2000000000000001 0.521875
56 0.15781250000000005 0.45625 0.12187500000000004 0.45625 0.12187500000000004 0.521875 0.15781250000000005 0.521875
34 0.51875 0.6015625 0.48125 0.6015625 0.48125 0.6671875 0.51875 0.6671875
28 0.3734375000000001 0.528125 0.3359375000000001 0.528125 0.3359375000000001 0.596875 0.3734375000000001 0.596875
27 0.40625 0.45625 0.3687500000000001 0.45625 0.3687500000000001 0.521875 0.40625 0.521875
50 0.6250000000000001 0.6765625 0.56875 0.6765625 0.5687500000000001 0.7515625 0.6250000000000002 0.7515625
1 0.09687500000000004 0.3859375 0.06250000000000004 0.3859375 0.06250000000000004 0.4484375 0.09687500000000004 0.4484375
41 0.11875000000000005 0.45625 0.08125000000000007 0.45625 0.08125000000000007 0.521875 0.11875000000000005 0.521875
36 0.446875 0.45625 0.409375 0.45625 0.409375 0.521875 0.446875 0.521875
23 0.2500000000000001 0.5296875 0.21250000000000008 0.5296875 0.21250000000000008 0.5984375 0.2500000000000001 0.5984375
55 0.2687500000000001 0.603125 0.2312500000000001 0.603125 0.2312500000000001 0.671875 0.2687500000000001 0.671875
26 0.5796875 0.5265625 0.5421875 0.5265625 0.5421875 0.5953125 0.5796875 0.5953125
3 0.17968750000000006 0.384375 0.14375000000000004 0.384375 0.14375000000000004 0.4484375 0.17968750000000006 0.4484375
37 0.496875 0.5265625 0.4609375 0.5265625 0.4609375 0.5953125 0.496875 0.5953125
42 0.2406250000000001 0.4578125 0.20312500000000008 0.4578125 0.20312500000000008 0.5234375 0.2406250000000001 0.5234375
9 0.4265625 0.3843750000000001 0.3890625000000001 0.3843750000000001 0.3890625000000001 0.4484375 0.4265625 0.4484375
48 0.5078125 0.3843750000000001 0.4703125 0.3843750000000001 0.4703125 0.4484375 0.5078125 0.4484375
15 0.3109375000000001 0.603125 0.2734375000000001 0.603125 0.2734375000000001 0.66875 0.3109375000000001 0.66875
24 0.2906250000000001 0.5296875 0.2531250000000001 0.5296875 0.2531250000000001 0.5953125 0.2906250000000001 0.5953125
35 0.3531250000000001 0.603125 0.3156250000000001 0.603125 0.3156250000000001 0.66875 0.3531250000000001 0.66875
13 0.13281250000000008 0.6796875 0.07343750000000009 0.6796875 0.07343750000000009 0.7484375 0.13281250000000008 0.7484375
44 0.06250000000000008 0.6046875 0.015625000000000073 0.6046875 0.015625000000000076 0.6703125 0.06250000000000008 0.6703125
58 0.1453125000000001 0.603125 0.10937500000000008 0.603125 0.10937500000000008 0.66875 0.1453125000000001 0.66875
0 0.4671875 0.3843750000000001 0.4296875 0.3843750000000001 0.4296875 0.4484375 0.4671875 0.4484375
2 0.13906250000000003 0.384375 0.10312500000000005 0.384375 0.10312500000000005 0.4484375 0.13906250000000003 0.4484375
8 0.3859375000000001 0.384375 0.34843750000000007 0.384375 0.34843750000000007 0.4484375 0.3859375000000001 0.4484375
45 0.08437500000000006 0.53125 0.017187500000000067 0.53125 0.01718750000000007 0.596875 0.08437500000000006 0.596875
19 0.2078125000000001 0.528125 0.17187500000000006 0.528125 0.17187500000000006 0.596875 0.2078125000000001 0.596875
18 0.4359375 0.6015625 0.3984375000000001 0.6015625 0.3984375000000001 0.6671875 0.4359375 0.6671875
31 0.45625 0.5265625 0.41875 0.5265625 0.41875 0.5953125 0.45625 0.5953125
7 0.3453125000000001 0.384375 0.3078125000000001 0.384375 0.3078125000000001 0.4484375 0.3453125000000001 0.4484375
49 0.07031250000000008 0.675 0.014062500000000084 0.675 0.014062500000000085 0.746875 0.07031250000000008 0.746875
39 0.5703125 0.4546875 0.5328125 0.4546875 0.5328125 0.5203125 0.5703125 0.5203125
11 0.5484375 0.3828125000000001 0.5125 0.3828125000000001 0.5125 0.4453125 0.5484375 0.4453125
43 0.16562500000000008 0.5296875 0.13125000000000003 0.5296875 0.13125000000000006 0.5953125 0.16562500000000008 0.5953125
54 0.5296875 0.4546875 0.4921875 0.4546875 0.4921875 0.5203125 0.5296875 0.5203125
59 0.3234375000000001 0.45625 0.28593750000000007 0.45625 0.28593750000000007 0.521875 0.3234375000000001 0.521875
47 0.44218750000000007 0.6765625 0.18750000000000008 0.6765625 0.18750000000000008 0.746875 0.4421875000000002 0.746875
33 0.3937500000000001 0.6015625 0.35625000000000007 0.6015625 0.35625000000000007 0.6703125 0.3937500000000001 0.6703125
40 0.4765625 0.6015625 0.4390625 0.6015625 0.4390625 0.6671875 0.4765625 0.6671875
52 0.07656250000000006 0.4578125 0.020312500000000056 0.4578125 0.02031250000000006 0.5234375 0.07656250000000006 0.5234375
17 0.057812500000000044 0.3859375 0.02343750000000005 0.3859375 0.023437500000000052 0.4484375 0.057812500000000044 0.4484375
53 0.36406250000000007 0.45625 0.3265625000000001 0.45625 0.3265625000000001 0.521875 0.36406250000000007 0.521875
6 0.3031250000000001 0.3859375 0.2656250000000001 0.3859375 0.2656250000000001 0.4484375 0.3031250000000001 0.4484375
10 0.12500000000000006 0.5296875 0.08906250000000007 0.5296875 0.08906250000000007 0.5953125 0.12500000000000008 0.5953125
5 0.2609375000000001 0.384375 0.2250000000000001 0.384375 0.2250000000000001 0.4484375 0.2609375000000001 0.4484375
57 0.1859375000000001 0.603125 0.15000000000000008 0.603125 0.15000000000000008 0.66875 0.1859375000000001 0.66875
22 0.621875 0.4546875 0.5734375 0.4546875 0.5734375 0.5953125 0.621875 0.5953125
38 0.4875 0.45625 0.45 0.45625 0.45 0.5203125 0.4875 0.5203125
51 0.2812500000000001 0.45625 0.24375000000000008 0.45625 0.24375000000000008 0.521875 0.2812500000000001 0.521875
30 0.9546875 0.30312500000000003 0.004687500000000037 0.303125 0.004687500000000067 0.7796875000000001 0.9546875 0.7796875000000002
16 0.22812500000000008 0.603125 0.1906250000000001 0.603125 0.1906250000000001 0.671875 0.22812500000000008 0.671875
12 0.5390625 0.5265625 0.5015625 0.5265625 0.5015625 0.5953125 0.5390625 0.5953125
46 0.6234375 0.6015625 0.5234375 0.6015625 0.5234375 0.6703125 0.6234375 0.6703125
32 0.10468750000000009 0.603125 0.06718750000000007 0.603125 0.06718750000000008 0.66875 0.10468750000000009 0.66875