47 0.5171875 0.14062500000000006 0.4546875 0.14062500000000006 0.4546875 0.415625 0.5171875 0.415625
4 0.2640625 0.16875000000000004 0.21875 0.16875000000000004 0.21875 0.203125 0.2640625 0.203125
30 0.6234375000000001 4.324534009489092e-17 0.0828125 1.0141606305439019e-17 0.08281250000000007 1 0.6234375000000002 1
18 0.45 0.4 0.4 0.4 0.4 0.434375 0.45 0.434375
8 0.27343750000000006 0.35 0.2265625 0.35 0.22656250000000006 0.3875 0.2734375000000001 0.3875
27 0.3281250000000001 0.371875 0.2843750000000001 0.371875 0.2843750000000001 0.40625 0.3281250000000001 0.40625
34 0.4546875 0.49375 0.4046875 0.49375 0.4046875 0.53125 0.4546875 0.53125
54 0.3359375000000001 0.5078125 0.2890625000000001 0.5078125 0.2890625000000001 0.5421875 0.3359375000000001 0.5421875
56 0.31875 0.09375000000000004 0.2734375 0.09375000000000004 0.2734375 0.12812500000000004 0.31875 0.12812500000000004
32 0.4375 0.017187500000000053 0.3875 0.01718750000000005 0.3875 0.05468750000000004 0.4375 0.05468750000000004
17 0.25625 2.870265935501609e-17 0.2125 2.6023744481881253e-17 0.2125 0.01875000000000003 0.25625 0.018750000000000034
14 0.5203125 0.4203125 0.4609375 0.4203125 0.4609375 0.4734375 0.5203125 0.4734375
39 0.3375000000000001 0.5515625 0.2906250000000001 0.5515625 0.2906250000000001 0.5890625 0.3375000000000001 0.5890625
36 0.3312500000000001 0.4171875 0.2875000000000001 0.4171875 0.2875000000000001 0.4515625 0.3312500000000001 0.4515625
25 0.384375 0.28750000000000003 0.3375 0.2875 0.3375 0.321875 0.384375 0.3218750000000001
29 0.38750000000000007 0.37968750000000007 0.34062500000000007 0.3796875 0.34062500000000007 0.415625 0.38750000000000007 0.415625
15 0.4453125 0.2578125000000001 0.3953125 0.2578125000000001 0.3953125 0.2953125000000001 0.4453125 0.2953125000000001
28 0.38906250000000003 0.33281250000000007 0.3390625 0.3328125 0.33906250000000004 0.36875 0.3890625000000001 0.3687500000000001
59 0.3265625 0.278125 0.2796875 0.278125 0.2796875 0.3140625 0.3265625 0.3140625
23 0.3828125 0.19375000000000003 0.3359375 0.19375000000000003 0.3359375 0.22812500000000005 0.3828125 0.22812500000000008
41 0.3171875 0.04531250000000003 0.2734375 0.04531250000000003 0.2734375 0.08125000000000004 0.3171875 0.08125000000000004
11 0.27812500000000007 0.5296875 0.23437500000000008 0.5296875 0.23437500000000008 0.5640625 0.27812500000000007 0.5640625
7 0.271875 0.3046875 0.225 0.3046875 0.225 0.3421875 0.271875 0.3421875
22 0.4 0.5953125 0.2921875000000001 0.5953125 0.2921875000000001 0.6609375 0.4 0.6609375
42 0.321875 0.18593750000000003 0.278125 0.18593750000000003 0.278125 0.221875 0.321875 0.221875
10 0.3765625 0.050000000000000044 0.3296875 0.050000000000000044 0.3296875 0.08437500000000005 0.3765625 0.08437500000000005
45 0.3734375 4.2766962438973974e-17 0.325 3.980102097228898e-17 0.325 0.028125000000000046 0.3734375 0.028125000000000046
52 0.3171875 3.59739997249535e-17 0.2703125 3.3103733789451887e-17 0.2703125 0.03593750000000003 0.3171875 0.03593750000000003
2 0.2609375 0.07656250000000002 0.215625 0.07656250000000002 0.215625 0.11093750000000005 0.2609375 0.11093750000000005
31 0.3906250000000001 0.4265625 0.3437500000000001 0.4265625 0.3437500000000001 0.4625 0.3906250000000001 0.4625
38 0.33281250000000007 0.4625 0.2875000000000001 0.4625 0.2875000000000001 0.496875 0.33281250000000007 0.496875
19 0.3796875 0.14531250000000004 0.33125 0.14531250000000004 0.33125 0.17968750000000006 0.3796875 0.17968750000000006
12 0.3968750000000001 0.5171875 0.3468750000000001 0.5171875 0.3468750000000001 0.5546875 0.3968750000000001 0.5546875
35 0.4484375 0.3046875000000001 0.3984375 0.3046875000000001 0.3984375 0.3437500000000001 0.4484375 0.3437500000000001
43 0.378125 0.09843750000000004 0.33125 0.09843750000000004 0.33125 0.13437500000000005 0.378125 0.13437500000000005
20 0.2843750000000001 0.575 0.2375000000000001 0.575 0.2375000000000001 0.6578125 0.2843750000000001 0.6578125
33 0.446875 0.3531250000000001 0.3984375 0.3531250000000001 0.39843750000000006 0.3890625000000001 0.446875 0.3890625000000001
49 0.5015625 5.79793718971325e-17 0.4453125 5.4535052774530576e-17 0.4453125 0.012500000000000058 0.5015625 0.012500000000000061
3 0.2640625 0.12187500000000004 0.21875 0.12187500000000004 0.21875 0.15625000000000006 0.2640625 0.15625000000000006
16 0.440625 0.16250000000000003 0.3921875 0.16250000000000003 0.3921875 0.2000000000000001 0.440625 0.2000000000000001
57 0.4390625 0.11562500000000005 0.3921875 0.11562500000000005 0.3921875 0.15156250000000004 0.4390625 0.15156250000000004
9 0.2750000000000001 0.3953125 0.2312500000000001 0.3953125 0.2312500000000001 0.43125 0.2750000000000001 0.43125
0 0.27812500000000007 0.4390625 0.2312500000000001 0.4390625 0.2312500000000001 0.4765625 0.27812500000000007 0.4765625
50 0.5296875 0.5984375 0.4671875 0.5984375 0.4671875 0.6671875 0.5296875 0.6671875
6 0.2703125 0.259375 0.2234375 0.259375 0.2234375 0.296875 0.2703125 0.296875
48 0.2796875000000001 0.484375 0.2328125000000001 0.484375 0.2328125000000001 0.5203125 0.2796875000000001 0.5203125
13 0.5078125 0.07968750000000005 0.4515625 0.07968750000000005 0.4515625 0.13281250000000006 0.5078125 0.13281250000000006
51 0.3234375 0.2328125 0.278125 0.2328125 0.278125 0.2671875 0.3234375 0.2671875
37 0.3937500000000001 0.471875 0.3453125000000001 0.471875 0.3453125000000001 0.5078125 0.3937500000000001 0.5078125
58 0.4375 0.06562500000000004 0.390625 0.06562500000000004 0.390625 0.10312500000000005 0.4375 0.10312500000000005
53 0.3265625 0.3265625 0.2828125 0.3265625 0.2828125 0.3609375 0.3265625 0.3609375
55 0.44375 0.21093750000000008 0.3953125 0.21093750000000008 0.3953125 0.2484375000000001 0.44375 0.2484375000000001
26 0.39531250000000007 0.5640625 0.34843750000000007 0.5640625 0.34843750000000007 0.6 0.39531250000000007 0.6
24 0.384375 0.23906250000000004 0.3375 0.2390625 0.3375 0.27656250000000004 0.384375 0.2765625000000001
46 0.459375 0.5421875 0.409375 0.5421875 0.409375 0.6609375 0.459375 0.6609375
21 0.3203125 0.13906250000000003 0.275 0.13906250000000003 0.275 0.17500000000000004 0.3203125 0.17500000000000004
5 0.26875 0.2140625 0.221875 0.2140625 0.221875 0.2515625 0.26875 0.2515625
40 0.453125 0.446875 0.403125 0.446875 0.403125 0.484375 0.453125 0.484375
1 0.259375 0.029687500000000026 0.215625 0.029687500000000023 0.215625 0.06562500000000002 0.259375 0.06562500000000002