4 0.2734375 0.2328125 0.2421875 0.2328125 0.2421875 0.278125 0.2734375 0.278125
19 0.26250000000000007 0.3390625 0.23125 0.3390625 0.23125000000000004 0.3828125 0.26250000000000007 0.3828125
11 0.5890625 0.2375000000000001 0.5578125 0.2375000000000001 0.5578125 0.2796875000000001 0.5890625 0.2796875000000001
3 0.23125 0.2328125 0.2 0.2328125 0.2 0.2796875 0.23125 0.2796875
47 0.4765625 0.44375 0.2390625000000001 0.44375 0.2390625000000001 0.50625 0.4765625 0.50625
44 0.11718750000000004 0.39375 0.07500000000000004 0.39375 0.07500000000000004 0.4390625 0.11718750000000004 0.4390625
54 0.5703125 0.2875000000000001 0.5390625 0.2875000000000001 0.5390625 0.33281250000000007 0.5703125 0.33281250000000007
18 0.484375 0.3906250000000001 0.453125 0.3906250000000001 0.453125 0.4359375 0.484375 0.4359375
1 0.15000000000000005 0.23125 0.11875000000000005 0.23125 0.11875000000000005 0.2765625 0.15000000000000005 0.2765625
53 0.4140625 0.2875000000000001 0.3828125 0.2875000000000001 0.3828125 0.3312500000000001 0.4140625 0.3312500000000001
56 0.2109375 0.2859375 0.17968750000000006 0.2859375 0.17968750000000006 0.3296875 0.2109375 0.3296875
58 0.2015625000000001 0.390625 0.16875000000000004 0.390625 0.16875000000000004 0.4375 0.2015625000000001 0.4375
30 0.96875 0.13437500000000008 0.06093750000000002 0.134375 0.06093750000000005 0.5437500000000001 0.96875 0.5437500000000002
48 0.55 0.2375000000000001 0.5171875 0.2375000000000001 0.5171875 0.2828125000000001 0.55 0.2828125000000001
43 0.22187500000000004 0.3390625 0.19062500000000004 0.3390625 0.19062500000000004 0.3828125 0.2218750000000001 0.3828125
21 0.2515625 0.2859375 0.2203125 0.2859375 0.2203125 0.3296875 0.2515625 0.3296875
20 0.665625 0.2390625000000001 0.596875 0.2390625000000001 0.596875 0.2812500000000001 0.665625 0.2812500000000001
31 0.5015625 0.34062500000000007 0.471875 0.34062500000000007 0.471875 0.3828125000000001 0.5015625 0.3828125000000001
2 0.19062500000000004 0.23125 0.15781250000000005 0.23125 0.15781250000000005 0.2765625 0.19062500000000004 0.2765625
32 0.15937500000000004 0.390625 0.12656250000000005 0.390625 0.12656250000000005 0.4375 0.15937500000000004 0.4375
39 0.6078125 0.2875000000000001 0.5765625 0.2875000000000001 0.5765625 0.3343750000000001 0.6078125 0.3343750000000001
10 0.17968750000000006 0.3390625 0.14843750000000006 0.3390625 0.14843750000000006 0.3828125 0.17968750000000006 0.3828125
35 0.4046875 0.3906250000000001 0.37187500000000007 0.3906250000000001 0.37187500000000007 0.4359375 0.4046875 0.4359375
37 0.5421875 0.3421875000000001 0.5109375 0.3421875000000001 0.5109375 0.3843750000000001 0.5421875 0.3843750000000001
14 0.5234375 0.44375 0.48125 0.44375 0.48125 0.5 0.5234375 0.5
59 0.375 0.28593750000000007 0.34375 0.2859375 0.34375 0.33125000000000004 0.375 0.3312500000000001
57 0.24218750000000008 0.390625 0.21093750000000008 0.390625 0.21093750000000008 0.4359375 0.24218750000000008 0.4359375
34 0.5609375 0.3906250000000001 0.5296875 0.3906250000000001 0.5296875 0.4359375 0.5609375 0.4359375
52 0.12968750000000004 0.2859375 0.07656250000000005 0.2859375 0.07656250000000005 0.33125 0.12968750000000004 0.33125
29 0.4640625 0.34062500000000007 0.4328125 0.34062500000000007 0.4328125 0.3828125000000001 0.4640625 0.3828125000000001
9 0.471875 0.23593750000000008 0.440625 0.23593750000000008 0.440625 0.2812500000000001 0.471875 0.2812500000000001
22 0.665625 0.2890625000000001 0.615625 0.2890625000000001 0.615625 0.3843750000000001 0.665625 0.3843750000000001
0 0.5109375 0.23593750000000008 0.4796875 0.23593750000000008 0.4796875 0.2812500000000001 0.5109375 0.2812500000000001
55 0.3234375000000001 0.390625 0.2921875000000001 0.390625 0.2921875000000001 0.4359375 0.3234375000000001 0.4359375
41 0.17031250000000003 0.2859375 0.13750000000000004 0.2859375 0.13750000000000004 0.33125 0.17031250000000003 0.33125
15 0.36406250000000007 0.39062500000000006 0.33281250000000007 0.390625 0.33281250000000007 0.4359375 0.36406250000000007 0.4359375
25 0.384375 0.34062500000000007 0.353125 0.340625 0.353125 0.38281250000000006 0.3843750000000001 0.3828125000000001
33 0.44375 0.3906250000000001 0.4125 0.3906250000000001 0.4125 0.4359375 0.44375 0.4359375
12 0.5796875 0.34062500000000007 0.5484375 0.34062500000000007 0.5484375 0.3843750000000001 0.5796875 0.3843750000000001
36 0.4921875 0.2890625000000001 0.4609375 0.2890625000000001 0.4609375 0.33281250000000007 0.4921875 0.33281250000000007
40 0.521875 0.3921875000000001 0.490625 0.3921875000000001 0.490625 0.434375 0.521875 0.434375
51 0.3328125 0.2875 0.303125 0.2875 0.303125 0.3296875 0.3328125 0.3296875
50 0.671875 0.440625 0.596875 0.440625 0.596875 0.4921875 0.671875 0.4921875
16 0.2828125000000001 0.390625 0.2515625000000001 0.390625 0.2515625000000001 0.4359375 0.2828125000000001 0.4359375
26 0.61875 0.34062500000000007 0.5875 0.34062500000000007 0.5875 0.3843750000000001 0.61875 0.3843750000000001
42 0.29375 0.2875 0.2625 0.2875 0.2625 0.3296875 0.29375 0.3296875
5 0.3140625 0.234375 0.2828125 0.234375 0.2828125 0.278125 0.3140625 0.278125
8 0.4328125 0.23593750000000008 0.4015625 0.23593750000000008 0.4015625 0.2812500000000001 0.4328125 0.2812500000000001
23 0.30312500000000003 0.3390625 0.271875 0.3390625 0.27187500000000003 0.3828125 0.3031250000000001 0.3828125
17 0.10937500000000004 0.23125 0.07656250000000002 0.23125 0.07656250000000003 0.2765625 0.10937500000000004 0.2765625
13 0.2312500000000001 0.4453125 0.18906250000000005 0.4453125 0.18906250000000005 0.5015625 0.2312500000000001 0.5015625
6 0.3546875 0.234375 0.3234375 0.234375 0.3234375 0.278125 0.3546875 0.278125
46 0.6671875 0.3906250000000001 0.56875 0.3906250000000001 0.56875 0.4359375 0.6671875 0.4359375
27 0.453125 0.2875000000000001 0.421875 0.2875000000000001 0.421875 0.3312500000000001 0.453125 0.3312500000000001
7 0.39375 0.23437500000000006 0.3609375 0.234375 0.3609375 0.27968750000000003 0.39375 0.2796875000000001
28 0.4234375 0.34062500000000007 0.39375 0.34062500000000007 0.39375000000000004 0.3828125000000001 0.4234375 0.3828125000000001
38 0.5296875 0.2890625000000001 0.5 0.2890625000000001 0.5 0.3312500000000001 0.5296875 0.3312500000000001
49 0.12812500000000004 0.4453125 0.07343750000000004 0.4453125 0.07343750000000006 0.4953125 0.12812500000000004 0.4953125
24 0.34375000000000006 0.340625 0.3125 0.340625 0.31250000000000006 0.3828125 0.3437500000000001 0.3828125
45 0.12968750000000004 0.340625 0.07656250000000005 0.340625 0.07656250000000005 0.384375 0.12968750000000004 0.384375