48 0.4875 0.521875 0.4375 0.521875 0.4375 0.55625 0.4875 0.55625
31 0.6078125 0.5765625 0.5578125 0.5765625 0.5578125 0.609375 0.6078125 0.609375
56 0.5546875000000002 0.9046875 0.5015625000000001 0.9046875 0.5015625000000001 0.9390625 0.5546875000000002 0.9390625
35 0.66875 0.6890625 0.6203125 0.6890625 0.6203125 0.7234375 0.66875 0.7234375
3 0.4968750000000002 0.88125 0.44062500000000016 0.88125 0.44062500000000016 0.91875 0.4968750000000002 0.91875
30 0.7734375000000001 0.018750000000000065 0.28125 0.018750000000000034 0.28125000000000006 1 0.7734375000000002 1
39 0.546875 0.4546875 0.496875 0.4546875 0.496875 0.4875 0.546875 0.4875
12 0.60625 0.4859375 0.55625 0.4859375 0.55625 0.5203125 0.60625 0.5203125
8 0.4921875 0.65625 0.4390625 0.65625 0.4390625 0.690625 0.4921875 0.690625
10 0.6156250000000002 0.9390625 0.5625000000000002 0.9390625 0.5625000000000002 0.9734375 0.6156250000000002 0.9734375
28 0.6078125 0.665625 0.5578125 0.665625 0.5578125 0.7 0.6078125 0.7
19 0.6109375000000001 0.8484375 0.5609375000000002 0.8484375 0.5609375000000002 0.8828125 0.6109375000000001 0.8828125
42 0.5531250000000002 0.8140625 0.5015625000000001 0.8140625 0.5015625000000001 0.8484375 0.5531250000000002 0.8484375
14 0.728125 0.5625000000000001 0.678125 0.5625 0.678125 0.6093750000000001 0.728125 0.6093750000000002
21 0.5546875000000002 0.8578125 0.5015625000000001 0.8578125 0.5015625000000001 0.89375 0.5546875000000002 0.89375
20 0.4859375 0.3859375000000001 0.4359375 0.3859375000000001 0.4359375 0.4640625 0.4859375 0.4640625
13 0.7375000000000002 0.88125 0.6812500000000001 0.88125 0.6812500000000001 0.93125 0.7375000000000002 0.93125
9 0.4890625 0.6109375 0.4390625 0.6109375 0.4390625 0.6453125 0.4890625 0.6453125
6 0.4890625000000002 0.746875 0.4390625000000002 0.746875 0.4390625000000002 0.78125 0.4890625000000002 0.78125
57 0.6718750000000002 0.871875 0.6218750000000002 0.871875 0.6218750000000002 0.90625 0.6718750000000002 0.90625
54 0.546875 0.4984375 0.496875 0.4984375 0.496875 0.53125 0.546875 0.53125
47 0.7390625000000001 0.6203125 0.6796875 0.6203125 0.6796875000000001 0.875 0.7390625000000002 0.875
38 0.546875 0.5421875 0.4984375 0.5421875 0.4984375 0.5765625 0.546875 0.5765625
7 0.4906250000000001 0.703125 0.4390625 0.703125 0.4390625000000001 0.7375 0.4906250000000002 0.7375
55 0.6687500000000002 0.7796875 0.6203125000000002 0.7796875 0.6203125000000002 0.8140625 0.6687500000000002 0.8140625
25 0.6109375000000001 0.7125 0.559375 0.7125 0.5593750000000001 0.746875 0.6109375000000001 0.746875
33 0.66875 0.64375 0.61875 0.64375 0.61875 0.678125 0.66875 0.678125
50 0.7265625 0.3828125000000001 0.6765625 0.3828125000000001 0.6765625 0.4390625000000001 0.7265625 0.4390625000000002
37 0.6078125 0.53125 0.5578125 0.53125 0.5578125 0.565625 0.6078125 0.565625
58 0.6750000000000002 0.915625 0.6218750000000002 0.915625 0.6218750000000002 0.9515625 0.6750000000000002 0.9515625
32 0.6750000000000002 0.9640625 0.6218750000000002 0.9640625 0.6218750000000002 1 0.6750000000000002 1
0 0.4890625 0.5671875 0.4359375 0.5671875 0.4359375 0.6015625 0.4890625 0.6015625
16 0.6703125000000002 0.825 0.6203125000000002 0.825 0.6203125000000002 0.859375 0.6703125000000002 0.859375
1 0.4968750000000002 0.9734375 0.4437500000000002 0.9734375 0.4437500000000002 1 0.4968750000000002 1
15 0.6703125000000002 0.734375 0.6203125000000002 0.734375 0.6203125000000002 0.76875 0.6703125000000002 0.76875
59 0.5484375000000001 0.7234375 0.5 0.7234375 0.5000000000000001 0.75625 0.5484375000000001 0.75625
11 0.484375 0.478125 0.4375 0.478125 0.4375 0.509375 0.484375 0.509375
22 0.60625 0.3859375000000001 0.496875 0.3859375000000001 0.496875 0.4421875 0.60625 0.4421875
40 0.665625 0.5546875 0.61875 0.5546875 0.61875 0.5875 0.665625 0.5875
26 0.6046875 0.44375 0.55625 0.44375 0.55625 0.475 0.6046875 0.475
4 0.4937500000000002 0.8359375 0.4421875000000002 0.8359375 0.4421875000000002 0.8703125 0.4937500000000002 0.8703125
24 0.6093750000000002 0.7578125 0.5609375000000002 0.7578125 0.5609375000000002 0.790625 0.6093750000000002 0.790625
41 0.5562500000000001 0.95 0.5031250000000002 0.95 0.5031250000000002 0.9875 0.5562500000000001 0.9875
36 0.5484375 0.5875 0.4984375 0.5875 0.4984375 0.621875 0.5484375 0.621875
29 0.6078125 0.6203125 0.5578125 0.6203125 0.5578125 0.6546875 0.6078125 0.6546875
2 0.4984375000000002 0.9265625 0.4421875000000002 0.9265625 0.4421875000000002 0.96875 0.4984375000000002 0.96875
27 0.5484375 0.63125 0.4984375 0.63125 0.4984375 0.665625 0.5484375 0.665625
18 0.6671875 0.6 0.6203125 0.6 0.6203125 0.6328125 0.6671875 0.6328125
53 0.5484375 0.678125 0.4984375 0.678125 0.4984375 0.7125 0.5484375 0.7125
34 0.665625 0.509375 0.61875 0.509375 0.61875 0.5421875 0.665625 0.5421875
46 0.6671875 0.3843750000000001 0.61875 0.3843750000000001 0.61875 0.496875 0.6671875 0.496875
43 0.6140625000000002 0.89375 0.5609375000000002 0.89375 0.5609375000000002 0.928125 0.6140625000000002 0.928125
23 0.6109375000000001 0.803125 0.5609375000000002 0.803125 0.5609375000000002 0.8359375 0.6109375000000001 0.8359375
5 0.4937500000000002 0.7921875 0.44062500000000016 0.7921875 0.44062500000000016 0.8265625 0.4937500000000002 0.8265625
51 0.5484375000000001 0.76875 0.5015625000000001 0.76875 0.5015625000000001 0.8015625 0.5484375000000001 0.8015625