4 0.7703125000000002 0.7609375 0.7234375000000002 0.7609375 0.7234375000000002 0.7921875 0.7703125000000002 0.7921875000000002
19 0.6578125000000001 0.771875 0.6109375000000001 0.771875 0.6109375000000001 0.8046875 0.6578125000000001 0.8046875
11 0.765625 0.4312500000000001 0.7203125 0.43125 0.7203125 0.4625000000000001 0.765625 0.4625000000000002
3 0.7703125000000002 0.8046875 0.7218750000000002 0.8046875 0.7218750000000002 0.8390625 0.7703125000000002 0.8390625
47 0.5484375000000001 0.5484375 0.4828125 0.5484375 0.4828125000000001 0.796875 0.5484375000000001 0.796875
44 0.6000000000000002 0.9234375 0.5531250000000002 0.9234375 0.5531250000000002 0.96875 0.6000000000000002 0.96875
54 0.7125 0.45 0.665625 0.45 0.665625 0.4828125 0.7125 0.4828125
18 0.603125 0.540625 0.55625 0.540625 0.55625 0.5734375 0.603125 0.5734375
1 0.7703125000000002 0.8921875 0.7234375000000002 0.8921875 0.7234375000000002 0.9234375 0.7703125000000002 0.9234375
53 0.7125 0.6140625 0.6671875 0.6140625 0.6671875 0.6453125 0.7125 0.6453125
56 0.7140625000000002 0.8265625 0.6671875000000002 0.8265625 0.6671875000000002 0.859375 0.7140625000000002 0.859375
58 0.6031250000000001 0.8359375 0.5546875000000002 0.8359375 0.5546875000000002 0.8703125 0.6031250000000001 0.8703125
30 0.871875 0.032812500000000085 0.44375 0.03281250000000006 0.4437500000000001 0.9859375 0.871875 0.9859375
48 0.765625 0.4703125000000001 0.7171875 0.4703125 0.7171875 0.5046875000000001 0.765625 0.5046875000000002
43 0.6578125000000001 0.815625 0.6109375000000001 0.815625 0.6109375000000001 0.8484375 0.6578125000000001 0.8484375
21 0.7140625000000002 0.7828125 0.6671875000000002 0.7828125 0.6671875000000002 0.8171875 0.7140625000000002 0.8171875
20 0.7640625 0.3500000000000001 0.71875 0.3500000000000001 0.71875 0.4218750000000001 0.7640625 0.42187500000000017
31 0.65625 0.521875 0.6109375 0.521875 0.6109375 0.553125 0.65625 0.553125
2 0.7703125000000002 0.846875 0.7234375000000002 0.846875 0.7234375000000002 0.88125 0.7703125000000002 0.88125
32 0.6031250000000001 0.88125 0.5546875000000002 0.88125 0.5546875000000002 0.915625 0.6031250000000001 0.915625
39 0.7125 0.4109375 0.6640625 0.4109375 0.6640625 0.44375 0.7125 0.44375
10 0.6578125000000001 0.859375 0.6109375000000001 0.859375 0.6109375000000001 0.8921875 0.6578125000000001 0.8921875
35 0.603125 0.6234375 0.55625 0.6234375 0.55625 0.6578125 0.603125 0.6578125
37 0.65625 0.4796875 0.6109375 0.4796875 0.6109375 0.5125 0.65625 0.5125
14 0.5484375 0.4984375 0.4890625 0.4984375 0.4890625 0.5421875 0.5484375 0.5421875
59 0.7140625 0.6546875 0.6671875 0.6546875 0.6671875 0.6875 0.7140625 0.6875
57 0.6031250000000001 0.79375 0.5562500000000001 0.79375 0.5562500000000001 0.828125 0.6031250000000001 0.828125
34 0.603125 0.4609375 0.55625 0.4609375 0.55625 0.49375 0.603125 0.49375
52 0.7156250000000002 0.9109375 0.6671875000000002 0.9109375 0.6671875000000002 0.9671875 0.7156250000000002 0.9671875
29 0.65625 0.5609375 0.6109375 0.5609375 0.6109375 0.59375 0.65625 0.59375
9 0.7671875 0.5531250000000001 0.71875 0.553125 0.71875 0.5859375000000001 0.7671875 0.5859375000000002
22 0.7109375 0.34843750000000007 0.6109375 0.34843750000000007 0.6109375 0.4015625 0.7109375 0.4015625
0 0.7671875 0.5109375 0.71875 0.5109375 0.71875 0.5453125000000001 0.7671875 0.5453125000000002
55 0.6031250000000001 0.7078125 0.55625 0.7078125 0.5562500000000001 0.7421875 0.6031250000000001 0.7421875
41 0.7156250000000002 0.86875 0.6671875000000002 0.86875 0.6671875000000002 0.9046875 0.7156250000000002 0.9046875
15 0.603125 0.665625 0.55625 0.665625 0.55625 0.7 0.603125 0.7
25 0.65625 0.6453125 0.6109375 0.6453125 0.6109375 0.678125 0.65625 0.678125
33 0.603125 0.58125 0.55625 0.58125 0.55625 0.615625 0.603125 0.615625
12 0.6578125 0.4390625 0.6109375 0.4390625 0.6109375 0.471875 0.6578125 0.471875
36 0.7109375 0.53125 0.665625 0.53125 0.665625 0.5640625 0.7109375 0.5640625
40 0.6015625 0.5 0.5578125 0.5 0.5578125 0.53125 0.6015625 0.53125
51 0.7140625 0.6984375 0.66875 0.6984375 0.6687500000000001 0.7296875 0.7140625000000002 0.7296875
50 0.5515625 0.3437500000000001 0.4984375 0.3437500000000001 0.4984375 0.421875 0.5515625 0.421875
16 0.6031250000000001 0.7515625 0.5562500000000001 0.7515625 0.5562500000000001 0.784375 0.6031250000000001 0.784375
26 0.6578125 0.4 0.6109375 0.4 0.6109375 0.4328125 0.6578125 0.4328125
42 0.7140625000000002 0.740625 0.6687500000000002 0.740625 0.6687500000000002 0.7734375 0.7140625000000002 0.7734375
5 0.76875 0.7187500000000001 0.721875 0.71875 0.721875 0.7515625000000001 0.7687500000000002 0.7515625000000001
8 0.7671875 0.5937500000000001 0.71875 0.59375 0.71875 0.628125 0.7671875 0.6281250000000002
23 0.6578125000000001 0.7296875 0.6125000000000002 0.7296875 0.6125000000000002 0.7625 0.6578125000000001 0.7625
17 0.7703125000000002 0.9328125 0.7234375000000002 0.9328125 0.7234375000000002 0.9671875 0.7703125000000002 0.9671875
13 0.5468750000000002 0.8046875 0.48750000000000016 0.8046875 0.48750000000000016 0.85 0.5468750000000002 0.85
6 0.76875 0.6765625000000001 0.721875 0.6765625 0.721875 0.7093750000000001 0.76875 0.7093750000000002
46 0.603125 0.34843750000000007 0.55625 0.34843750000000007 0.55625 0.4515625 0.603125 0.4515625
27 0.7125 0.5734375 0.6671875 0.5734375 0.6671875 0.6046875 0.7125 0.6046875
7 0.76875 0.6343750000000001 0.7203125 0.634375 0.7203125 0.6687500000000001 0.76875 0.6687500000000002
28 0.65625 0.603125 0.6109375 0.603125 0.6109375 0.634375 0.65625 0.634375
38 0.7109375 0.4921875 0.6671875 0.4921875 0.6671875 0.5234375 0.7109375 0.5234375
49 0.5468750000000002 0.9140625 0.4937500000000002 0.9140625 0.4937500000000002 0.9703125 0.5468750000000002 0.9703125
24 0.65625 0.6875 0.6109375 0.6875 0.6109375 0.7203125 0.65625 0.7203125
45 0.6578125000000001 0.9125 0.6109375000000001 0.9125 0.6109375000000001 0.96875 0.6578125000000001 0.96875