39 0.5093750000000001 0.940625 0.3546875000000001 0.940625 0.3546875000000001 1 0.5093750000000001 1
4 0.33906250000000004 0.30625 0.18906250000000005 0.30625 0.18906250000000005 0.371875 0.3390625000000001 0.371875
28 0.678125 0.5859375 0.525 0.5859375 0.525 0.6515625 0.678125 0.6515625
33 0.846875 0.6218750000000001 0.69375 0.621875 0.69375 0.690625 0.846875 0.6906250000000002
25 0.6734375 0.509375 0.5234375 0.509375 0.5234375 0.578125 0.6734375 0.578125
34 0.8421875 0.846875 0.6921875000000002 0.846875 0.6921875000000002 0.9140625 0.8421875 0.9140625
49 1 0.0046875000000001135 0.859375 0.004687500000000106 0.859375 0.08281250000000012 1 0.08281250000000014
9 0.34062500000000007 0.6796875 0.1906250000000001 0.6796875 0.1906250000000001 0.7484375 0.34062500000000007 0.7484375
48 0.34062500000000007 0.828125 0.1906250000000001 0.828125 0.1906250000000001 0.896875 0.34062500000000007 0.896875
43 0.6734375 0.21250000000000008 0.5265625 0.21250000000000008 0.5265625 0.2796875000000001 0.6734375 0.2796875000000001
24 0.675 0.4359375 0.525 0.4359375 0.525 0.503125 0.675 0.503125
38 0.5046875000000002 0.7921875 0.3546875000000001 0.7921875 0.3546875000000001 0.859375 0.5046875000000002 0.859375
12 0.6734375000000001 0.884375 0.5234375000000002 0.884375 0.5234375000000002 0.953125 0.6734375000000001 0.953125
3 0.340625 0.23125 0.19062500000000004 0.23125 0.19062500000000004 0.3 0.340625 0.3
11 0.33281250000000007 0.903125 0.1859375000000001 0.903125 0.18593750000000012 0.96875 0.33281250000000007 0.96875
58 0.840625 0.1765625000000001 0.69375 0.1765625000000001 0.69375 0.24218750000000008 0.840625 0.24218750000000008
35 0.84375 0.5484375000000001 0.69375 0.5484375 0.69375 0.6171875000000001 0.84375 0.6171875000000002
53 0.509375 0.5671875 0.3546875000000001 0.5671875 0.3546875000000001 0.6359375 0.509375 0.6359375
41 0.5109375 0.11875000000000005 0.3546875 0.11875000000000005 0.3546875 0.18750000000000006 0.5109375 0.18750000000000006
44 0.8421875 0.0046875000000000935 0.6953125 0.004687500000000085 0.6953125 0.0921875000000001 0.8421875 0.09218750000000012
56 0.503125 0.19375000000000003 0.353125 0.19375000000000003 0.353125 0.26093750000000004 0.503125 0.2609375000000001
42 0.50625 0.34218750000000003 0.35625 0.3421875 0.35625000000000007 0.4109375 0.50625 0.4109375
15 0.84375 0.47343750000000007 0.69375 0.4734375 0.69375 0.5421875 0.84375 0.5421875000000002
55 0.8421875 0.3984375000000001 0.6921875 0.3984375000000001 0.6921875 0.4671875000000001 0.8421875 0.4671875000000002
37 0.6750000000000002 0.8109375 0.5250000000000001 0.8109375 0.5250000000000001 0.878125 0.6750000000000002 0.878125
0 0.34062500000000007 0.753125 0.1906250000000001 0.753125 0.1906250000000001 0.821875 0.34062500000000007 0.821875
14 1 0.7328125000000002 0.8625 0.7328125000000002 0.8625 0.815625 1 0.815625
27 0.5046875 0.640625 0.3546875000000001 0.640625 0.3546875000000001 0.7078125 0.5046875 0.7078125
1 0.3359375 0.08125000000000003 0.1859375 0.08125000000000002 0.1859375 0.14687500000000003 0.3359375 0.14687500000000003
50 1 0.81875 0.8625 0.81875 0.8625 0.890625 1 0.890625
30 1 6.123233995736766e-17 0 0 6.123233995736766e-17 1 1 1
5 0.3390625000000001 0.3796875 0.18906250000000005 0.3796875 0.18906250000000005 0.4484375 0.3390625000000001 0.4484375
19 0.675 0.2875000000000001 0.525 0.2875000000000001 0.525 0.35625000000000007 0.675 0.35625000000000007
40 0.8421875 0.7734375000000001 0.6921875000000002 0.7734375 0.6921875000000002 0.840625 0.8421875 0.840625
6 0.3390625000000001 0.4546875 0.18906250000000005 0.4546875 0.18906250000000005 0.5234375 0.3390625000000001 0.5234375
54 0.5046875000000002 0.865625 0.3546875000000001 0.865625 0.3546875000000001 0.9328125 0.5046875000000002 0.9328125
17 0.3359375 0.006250000000000032 0.1890625 0.006250000000000022 0.1890625 0.07187500000000004 0.3359375 0.07187500000000005
52 0.50625 0.006250000000000052 0.35625 0.006250000000000045 0.35625 0.11093750000000005 0.50625 0.11093750000000005
57 0.840625 0.2500000000000001 0.69375 0.2500000000000001 0.69375 0.3156250000000001 0.840625 0.3156250000000001
45 0.675 0.006250000000000073 0.528125 0.006250000000000064 0.528125 0.12812500000000007 0.675 0.1281250000000001
7 0.34062500000000007 0.5296875 0.19062500000000004 0.5296875 0.19062500000000007 0.5984375 0.34062500000000007 0.5984375
26 0.6765625000000002 0.959375 0.5218750000000002 0.959375 0.5218750000000002 1 0.6765625000000002 1
8 0.34062500000000007 0.6046875 0.1906250000000001 0.6046875 0.1906250000000001 0.6734375 0.34062500000000007 0.6734375
23 0.675 0.3625000000000001 0.525 0.3625000000000001 0.525 0.428125 0.675 0.428125
46 0.8421875 0.91875 0.6906250000000002 0.91875 0.6906250000000002 1 0.8421875 1
13 1 0.16250000000000012 0.8625 0.1625000000000001 0.8625 0.23437500000000008 1 0.23437500000000008
21 0.5125 0.2671875 0.35625 0.2671875 0.35625 0.3375 0.5125 0.3375000000000001
2 0.3390625 0.15625000000000006 0.1890625 0.15625000000000006 0.18906250000000002 0.225 0.3390625 0.225
36 0.5078125000000001 0.715625 0.3546875000000001 0.715625 0.3546875000000001 0.7828125 0.5078125000000002 0.7828125
18 0.84375 0.6968750000000001 0.69375 0.696875 0.6937500000000001 0.7656250000000001 0.84375 0.7656250000000002
29 0.6765625000000001 0.6609375 0.5234375 0.6609375 0.5234375000000001 0.7265625 0.6765625000000002 0.7265625
51 0.5046875 0.41875 0.3546875000000001 0.41875 0.3546875000000001 0.484375 0.5046875 0.484375
47 1 0.3203125000000001 0.859375 0.3203125000000001 0.859375 0.7328125000000002 1 0.7328125000000002
32 0.84375 0.0984375000000001 0.690625 0.0984375000000001 0.690625 0.1671875000000001 0.84375 0.1671875000000001
10 0.6734375 0.13750000000000007 0.5234375 0.13750000000000004 0.5234375 0.20312500000000008 0.6734375 0.20312500000000008
59 0.5078125 0.4921875 0.3546875000000001 0.4921875 0.3546875000000001 0.5609375 0.5078125 0.5609375
31 0.6750000000000002 0.734375 0.5250000000000001 0.734375 0.5250000000000001 0.8015625 0.6750000000000002 0.8015625
16 0.846875 0.3234375000000001 0.69375 0.3234375000000001 0.69375 0.3921875000000001 0.846875 0.3921875000000001