40 0.5609375 0.546875 0.5265625 0.546875 0.5265625 0.6265625 0.5609375 0.6265625
1 0.95625 0.27031250000000007 0.921875 0.27031250000000007 0.921875 0.3500000000000001 0.95625 0.3500000000000001
17 0.996875 0.2718750000000001 0.965625 0.2718750000000001 0.965625 0.3500000000000001 0.996875 0.3500000000000001
52 0.996875 0.36406250000000007 0.940625 0.36406250000000007 0.940625 0.4468750000000002 0.996875 0.4468750000000002
58 0.8953125 0.5453125000000002 0.8640625 0.5453125000000002 0.8640625 0.6281250000000002 0.8953125 0.6281250000000002
28 0.665625 0.453125 0.63125 0.453125 0.63125 0.5359375 0.665625 0.5359375
5 0.78125 0.27031250000000007 0.746875 0.27031250000000007 0.746875 0.3578125000000001 0.78125 0.3578125000000001
42 0.8015625 0.3625000000000001 0.76875 0.3625000000000001 0.76875 0.44531250000000017 0.8015625 0.44531250000000017
24 0.7484375 0.4546875000000001 0.715625 0.4546875 0.715625 0.5375000000000001 0.7484375 0.5375000000000002
2 0.9125 0.2687500000000001 0.8796875 0.2687500000000001 0.8796875 0.3546875000000001 0.9125 0.3546875000000001
22 0.4296875 0.3656250000000001 0.3703125000000001 0.3656250000000001 0.3703125000000001 0.5421875 0.4296875 0.5421875
49 0.9953125 0.6406250000000002 0.9359375 0.6406250000000002 0.9359375 0.7312500000000002 0.9953125 0.7312500000000002
3 0.86875 0.27031250000000007 0.834375 0.27031250000000007 0.834375 0.3593750000000001 0.86875 0.3593750000000001
14 0.58125 0.6390625 0.5359375 0.6390625 0.5359375 0.7234375 0.58125 0.7234375
20 0.4484375 0.2765625000000001 0.36875 0.2765625000000001 0.36875 0.3609375000000001 0.4484375 0.3609375000000001
48 0.5328125 0.2750000000000001 0.4953125 0.2750000000000001 0.4953125 0.36406250000000007 0.5328125 0.36406250000000007
10 0.9140625 0.4578125000000002 0.8859375 0.4578125000000002 0.8859375 0.5359375000000002 0.9140625 0.5359375000000002
45 0.996875 0.4578125000000002 0.9359375 0.4578125000000002 0.9359375 0.5359375000000002 0.996875 0.5359375000000002
21 0.8421875 0.3609375000000001 0.8109375 0.3609375000000001 0.8109375 0.4468750000000002 0.8421875 0.4468750000000002
19 0.8296875 0.46093750000000017 0.8015625 0.46093750000000017 0.8015625 0.5359375000000002 0.8296875 0.5359375000000002
31 0.5828125 0.4546875 0.5484375 0.4546875 0.5484375 0.5390625 0.5828125 0.5390625
51 0.759375 0.3625000000000001 0.725 0.3625000000000001 0.725 0.4453125000000001 0.759375 0.44531250000000017
12 0.5 0.4546875 0.4625 0.4546875 0.4625 0.5421875 0.5 0.5421875
46 0.4796875 0.5515625 0.3703125000000001 0.5515625 0.3703125000000001 0.6296875 0.4796875 0.6296875
0 0.575 0.2750000000000001 0.5375 0.2750000000000001 0.5375 0.3625000000000001 0.575 0.3625000000000001
53 0.6765625 0.3656250000000001 0.6421875 0.3656250000000001 0.6421875 0.4453125 0.6765625 0.4453125
36 0.59375 0.3671875000000001 0.55625 0.3671875000000001 0.55625 0.45 0.59375 0.45
33 0.6453125 0.5453125 0.6109375 0.5453125 0.6109375 0.6296875 0.6453125 0.6296875
30 1 0.07031250000000007 0.006250000000000008 0.0703125 0.006250000000000054 0.8265625 1 0.8265625
32 0.940625 0.5437500000000002 0.90625 0.5437500000000002 0.90625 0.6281250000000002 0.940625 0.6281250000000002
26 0.459375 0.45625 0.421875 0.45625 0.421875 0.5421875 0.459375 0.5421875
15 0.7296875 0.5437500000000001 0.6953125 0.54375 0.6953125 0.6265625000000001 0.7296875 0.6265625000000001
56 0.884375 0.3687500000000001 0.853125 0.3687500000000001 0.853125 0.4437500000000002 0.884375 0.4437500000000002
37 0.540625 0.45625 0.50625 0.45625 0.50625 0.540625 0.540625 0.540625
9 0.6140625 0.2734375000000001 0.5796875 0.2734375000000001 0.5796875 0.3625000000000001 0.6140625 0.3625000000000001
35 0.6859375 0.54375 0.6515625 0.54375 0.6515625 0.6265625 0.6859375 0.6265625
38 0.5515625 0.3656250000000001 0.515625 0.3656250000000001 0.515625 0.45 0.5515625 0.45
57 0.853125 0.5453125000000002 0.821875 0.5453125000000002 0.821875 0.6265625000000001 0.853125 0.6265625000000001
50 0.428125 0.640625 0.3687500000000001 0.640625 0.3687500000000001 0.725 0.428125 0.725
29 0.625 0.453125 0.5890625 0.453125 0.5890625 0.5375 0.625 0.5375
41 0.9296875 0.3609375000000001 0.896875 0.3609375000000001 0.896875 0.4468750000000002 0.9296875 0.4468750000000002
8 0.6578125 0.2718750000000001 0.621875 0.2718750000000001 0.621875 0.3625000000000001 0.6578125 0.3625000000000001
27 0.634375 0.3656250000000001 0.6 0.3656250000000001 0.6 0.44375 0.634375 0.44375
23 0.7890625 0.4546875000000002 0.7578125 0.4546875000000002 0.7578125 0.5375000000000002 0.7890625 0.5375000000000002
43 0.8703125 0.4671875000000002 0.8421875 0.4671875000000002 0.8421875 0.5421875000000002 0.8703125 0.5421875000000002
7 0.6984375 0.27031250000000007 0.6640625 0.27031250000000007 0.6640625 0.3593750000000001 0.6984375 0.3593750000000001
18 0.603125 0.5453125 0.56875 0.5453125 0.56875 0.6265625 0.603125 0.6265625
6 0.7390625 0.27031250000000007 0.7046875 0.27031250000000007 0.7046875 0.3593750000000001 0.7390625 0.3593750000000001
11 0.4890625 0.2765625000000001 0.4546875 0.2765625000000001 0.4546875 0.3625000000000001 0.4890625 0.3625000000000001
44 0.9953125 0.5468750000000002 0.9484375 0.5468750000000002 0.9484375 0.6312500000000002 0.9953125 0.6312500000000002
54 0.5109375 0.3656250000000001 0.4734375 0.3656250000000001 0.4734375 0.4515625 0.5109375 0.4515625
13 0.8765625 0.6359375000000002 0.8328125 0.6359375000000002 0.8328125 0.7234375000000002 0.8765625 0.7234375000000002
4 0.8234375 0.27031250000000007 0.790625 0.27031250000000007 0.790625 0.3578125000000001 0.8234375 0.3578125000000001
25 0.70625 0.453125 0.675 0.453125 0.675 0.5375 0.70625 0.5375
16 0.8125 0.5453125000000002 0.778125 0.5453125000000002 0.778125 0.6296875000000002 0.8125 0.6296875000000002
55 0.7703125 0.5437500000000002 0.7359375 0.5437500000000002 0.7359375 0.6281250000000002 0.7703125 0.6281250000000002
47 0.825 0.6406250000000001 0.5890625 0.640625 0.5890625 0.7281250000000001 0.825 0.7281250000000001
34 0.5203125 0.546875 0.4859375 0.546875 0.4859375 0.628125 0.5203125 0.628125
39 0.4703125 0.3656250000000001 0.4328125 0.3656250000000001 0.4328125 0.4515625 0.4703125 0.4515625
59 0.7171875 0.36406250000000007 0.6828125 0.36406250000000007 0.6828125 0.4453125 0.7171875 0.4453125