4 0.7578125 0.2062500000000001 0.7078125 0.2062500000000001 0.7078125 0.2406250000000001 0.7578125 0.2406250000000001
19 0.640625 0.1937500000000001 0.590625 0.1937500000000001 0.590625 0.22812500000000008 0.640625 0.22812500000000008
11 0.7515625 0.5562500000000001 0.7046875 0.55625 0.7046875 0.5906250000000001 0.7515625 0.5906250000000002
3 0.75625 0.1593750000000001 0.70625 0.1593750000000001 0.70625 0.19531250000000008 0.75625 0.19531250000000008
47 0.5234375 0.20312500000000008 0.4546875 0.20312500000000008 0.4546875 0.465625 0.5234375 0.465625
44 0.5796875 0.021875000000000068 0.5296875 0.021875000000000068 0.5296875 0.06875000000000006 0.5796875 0.06875000000000006
54 0.696875 0.534375 0.646875 0.534375 0.646875 0.56875 0.696875 0.56875
18 0.58125 0.4390625 0.53125 0.4390625 0.53125 0.4734375 0.58125 0.4734375
1 0.759375 0.07031250000000008 0.709375 0.07031250000000008 0.709375 0.10468750000000009 0.759375 0.10468750000000009
53 0.6953125 0.3625000000000001 0.6484375 0.3625000000000001 0.6484375 0.3968750000000001 0.6953125 0.3968750000000001
56 0.7 0.1375000000000001 0.65 0.1375000000000001 0.65 0.17187500000000008 0.7 0.17187500000000008
58 0.58125 0.12500000000000006 0.53125 0.12500000000000006 0.53125 0.16093750000000007 0.58125 0.1609375000000001
30 0.865625 0.004687500000000078 0.4125 0.00468750000000005 0.4125000000000001 1 0.865625 1
48 0.7515625 0.5109375 0.7015625 0.5109375 0.7015625 0.5468750000000001 0.7515625 0.5468750000000002
43 0.640625 0.14843750000000008 0.590625 0.14843750000000008 0.590625 0.1828125000000001 0.640625 0.1828125000000001
21 0.7 0.18125000000000008 0.65 0.18125000000000008 0.65 0.2171875000000001 0.7 0.2171875000000001
20 0.75 0.5984375000000001 0.703125 0.5984375 0.703125 0.6734375000000001 0.75 0.6734375000000001
31 0.6375 0.459375 0.590625 0.459375 0.590625 0.4921875 0.6375 0.4921875
2 0.759375 0.1140625000000001 0.709375 0.1140625000000001 0.709375 0.15000000000000008 0.759375 0.15000000000000008
32 0.58125 0.07812500000000007 0.53125 0.07812500000000007 0.53125 0.11406250000000007 0.58125 0.1140625000000001
39 0.6953125 0.575 0.6453125 0.575 0.6453125 0.609375 0.6953125 0.609375
10 0.640625 0.10312500000000009 0.590625 0.10312500000000009 0.590625 0.1375000000000001 0.640625 0.1375000000000001
35 0.58125 0.3500000000000001 0.53125 0.3500000000000001 0.53125 0.3859375000000001 0.58125 0.3859375000000001
37 0.6359375 0.503125 0.5890625 0.503125 0.5890625 0.5375 0.6359375 0.5375
14 0.5234375 0.4703125 0.4609375 0.4703125 0.4609375 0.5171875 0.5234375 0.5171875
59 0.6984375 0.3187500000000001 0.6484375 0.3187500000000001 0.6484375 0.3531250000000001 0.6984375 0.3531250000000001
57 0.58125 0.17031250000000006 0.53125 0.17031250000000003 0.53125 0.2062500000000001 0.58125 0.2062500000000001
34 0.58125 0.5234375 0.53125 0.5234375 0.53125 0.5578125 0.58125 0.5578125
52 0.6984375 0.02343750000000008 0.6484375 0.023437500000000076 0.6484375 0.0828125000000001 0.6984375 0.0828125000000001
29 0.6375 0.4171875 0.590625 0.4171875 0.590625 0.4515625 0.6375 0.4515625
9 0.753125 0.4250000000000001 0.703125 0.425 0.703125 0.4593750000000001 0.753125 0.4593750000000002
22 0.6953125 0.6203125 0.5890625 0.6203125 0.5890625 0.6765625 0.6953125 0.6765625
0 0.753125 0.4687500000000001 0.703125 0.46875 0.703125 0.5046875000000001 0.753125 0.5046875000000002
55 0.58125 0.2609375000000001 0.53125 0.2609375000000001 0.53125 0.2968750000000001 0.58125 0.2968750000000001
41 0.6984375 0.0906250000000001 0.6484375 0.0906250000000001 0.6484375 0.1281250000000001 0.6984375 0.1281250000000001
15 0.58125 0.3062500000000001 0.53125 0.3062500000000001 0.53125 0.3421875000000001 0.58125 0.3421875000000001
25 0.6375 0.3281250000000001 0.590625 0.3281250000000001 0.590625 0.3625000000000001 0.6375 0.3625000000000001
33 0.58125 0.3937500000000001 0.53125 0.3937500000000001 0.53125 0.4296875 0.58125 0.4296875
12 0.6390625 0.5453125 0.5890625 0.5453125 0.5890625 0.5796875 0.6390625 0.5796875
36 0.69375 0.4484375 0.646875 0.4484375 0.646875 0.4828125 0.69375 0.4828125
40 0.5796875 0.48125 0.5328125 0.48125 0.5328125 0.515625 0.5796875 0.515625
51 0.696875 0.2734375000000001 0.65 0.2734375000000001 0.65 0.3062500000000001 0.696875 0.3062500000000001
50 0.5265625 0.5984375 0.4703125 0.5984375 0.4703125 0.68125 0.5265625 0.68125
16 0.58125 0.2171875000000001 0.53125 0.2171875000000001 0.53125 0.2515625000000001 0.58125 0.2515625000000001
26 0.6390625 0.5875 0.5890625 0.5875 0.5890625 0.621875 0.6390625 0.621875
42 0.696875 0.22812500000000008 0.65 0.22812500000000008 0.65 0.26250000000000007 0.696875 0.26250000000000007
5 0.75625 0.2500000000000001 0.70625 0.2500000000000001 0.70625 0.2843750000000001 0.75625 0.2843750000000001
8 0.753125 0.3812500000000001 0.703125 0.3812500000000001 0.703125 0.4171875000000001 0.753125 0.41718750000000016
23 0.6390625 0.2390625000000001 0.5921875 0.2390625000000001 0.5921875 0.2734375000000001 0.6390625 0.2734375000000001
17 0.759375 0.02343750000000009 0.709375 0.02343750000000009 0.709375 0.05937500000000009 0.759375 0.05937500000000009
13 0.521875 0.14687500000000003 0.459375 0.14687500000000003 0.459375 0.19375000000000003 0.521875 0.19375000000000003
6 0.75625 0.2953125000000001 0.70625 0.2953125000000001 0.70625 0.3296875000000001 0.75625 0.3296875000000001
46 0.58125 0.5671875 0.53125 0.5671875 0.53125 0.6765625 0.58125 0.6765625
27 0.6953125 0.40625 0.6484375 0.40625 0.6484375 0.440625 0.6953125 0.440625
7 0.7546875 0.3390625000000001 0.7046875 0.3390625000000001 0.7046875 0.3750000000000001 0.7546875 0.3750000000000001
28 0.6375 0.3734375000000001 0.590625 0.3734375000000001 0.590625 0.40625 0.6375 0.40625
38 0.6953125 0.490625 0.6484375 0.490625 0.6484375 0.525 0.6953125 0.525
49 0.521875 0.02031250000000006 0.465625 0.020312500000000056 0.465625 0.07968750000000006 0.521875 0.07968750000000006
24 0.6375 0.2843750000000001 0.590625 0.2843750000000001 0.590625 0.3187500000000001 0.6375 0.3187500000000001
45 0.6390625 0.021875000000000075 0.5890625 0.02187500000000007 0.5890625 0.08125000000000007 0.6390625 0.08125000000000009