53 0.29375000000000007 0.4375 0.2500000000000001 0.4375 0.2500000000000001 0.4953125 0.29375000000000007 0.4953125
47 0.35625000000000007 0.634375 0.06250000000000007 0.634375 0.06250000000000008 0.7015625 0.35625000000000007 0.7015625
43 0.050000000000000065 0.5015625 0.004687500000000061 0.5015625 0.004687500000000065 0.5625 0.050000000000000065 0.5625
50 0.6234375 0.6375 0.509375 0.6375 0.509375 0.7046875 0.6234375 0.7046875
9 0.3703125000000001 0.37187500000000007 0.32500000000000007 0.371875 0.32500000000000007 0.434375 0.3703125000000001 0.434375
17 0.02500000000000005 0.3625 4.4393446469091554e-17 0.3625 4.831614324761042e-17 0.4265625 0.025000000000000057 0.4265625
15 0.2296875000000001 0.56875 0.1843750000000001 0.56875 0.1843750000000001 0.628125 0.2296875000000001 0.628125
7 0.27031250000000007 0.36875 0.2234375000000001 0.36875 0.2234375000000001 0.43125 0.27031250000000007 0.43125
12 0.5046875 0.50625 0.4609375 0.50625 0.4609375 0.5640625 0.5046875 0.5640625
28 0.3046875000000001 0.5015625 0.26250000000000007 0.5015625 0.26250000000000007 0.5625 0.3046875000000001 0.5625
31 0.4046875 0.5046875 0.3625000000000001 0.5046875 0.3625000000000001 0.5625 0.4046875 0.5625
6 0.21875000000000008 0.36875 0.17343750000000005 0.36875 0.17343750000000005 0.4296875 0.21875000000000008 0.4296875
3 0.06718750000000004 0.3671875 0.020312500000000046 0.3671875 0.020312500000000046 0.428125 0.06718750000000004 0.428125
55 0.1781250000000001 0.56875 0.1312500000000001 0.56875 0.1312500000000001 0.6296875 0.1781250000000001 0.6296875
57 0.07500000000000007 0.5671875 0.029687500000000068 0.5671875 0.02968750000000007 0.628125 0.07500000000000007 0.628125
48 0.46875 0.3734375000000001 0.4234375 0.3734375000000001 0.4234375 0.434375 0.46875 0.434375
32 0.023437500000000076 0.5671875 6.946043563913895e-17 0.5671875 7.319178135529103e-17 0.628125 0.023437500000000076 0.628125
24 0.20468750000000008 0.5015625 0.15937500000000004 0.5015625 0.15937500000000007 0.5609375 0.20468750000000008 0.5609375
30 1 0.22031250000000005 2.6980499793715128e-17 0.2203125 5.855342508423283e-17 0.7359375000000001 1 0.7359375000000001
49 0.03906250000000008 0.6328125 7.749718025854345e-17 0.6328125 8.170690363061247e-17 0.7015625 0.03906250000000009 0.7015625
41 0.025000000000000057 0.43125 5.281289321322961e-17 0.43125 5.663991446056509e-17 0.49375 0.025000000000000057 0.49375
26 0.5546875 0.5046875 0.5109375 0.5046875 0.5109375 0.5640625 0.5546875 0.5640625
25 0.25468750000000007 0.5015625 0.21093750000000008 0.5015625 0.21093750000000008 0.5625 0.25468750000000007 0.5625
0 0.41875 0.37187500000000007 0.3750000000000001 0.37187500000000007 0.3750000000000001 0.434375 0.41875 0.434375
29 0.35625000000000007 0.503125 0.3125000000000001 0.503125 0.3125000000000001 0.5609375 0.35625000000000007 0.5609375
39 0.54375 0.4390625 0.4984375 0.4390625 0.4984375 0.4984375 0.54375 0.4984375
58 0.023437500000000076 0.5671875 6.946043563913895e-17 0.5671875 7.319178135529103e-17 0.628125 0.023437500000000076 0.628125
18 0.37968750000000007 0.5703125 0.3359375000000001 0.5703125 0.3359375000000001 0.63125 0.37968750000000007 0.63125
21 0.09062500000000005 0.4328125 0.04375000000000005 0.4328125 0.04375000000000005 0.49375 0.09062500000000007 0.49375
38 0.44375 0.440625 0.4 0.440625 0.4 0.496875 0.44375 0.496875
40 0.4296875 0.5703125 0.38750000000000007 0.5703125 0.38750000000000007 0.6296875 0.4296875 0.6296875
10 0.023437500000000062 0.4984375 6.104098889500089e-17 0.4984375 6.486801014233637e-17 0.5609375 0.023437500000000066 0.5609375
11 0.5171875 0.3734375000000001 0.4734375 0.3734375000000001 0.4734375 0.4328125 0.5171875 0.4328125
56 0.039062500000000056 0.4328125 5.300424427559639e-17 0.4328125 5.673558999174847e-17 0.49375 0.039062500000000056 0.49375
51 0.19218750000000004 0.434375 0.14687500000000003 0.434375 0.14687500000000003 0.4921875 0.19218750000000004 0.4921875
23 0.15312500000000007 0.5015625 0.10937500000000004 0.5015625 0.10937500000000007 0.559375 0.1531250000000001 0.559375
20 0.6203125 0.37187500000000007 0.521875 0.37187500000000007 0.521875 0.4359375 0.6203125 0.4359375
52 0.03593750000000005 0.43125 5.281289321322961e-17 0.43125 5.65442389293817e-17 0.4921875 0.03593750000000005 0.4921875
22 0.6203125 0.4390625 0.5484375 0.4390625 0.5484375 0.565625 0.6203125 0.565625
42 0.14062500000000006 0.434375 0.09531250000000005 0.434375 0.09531250000000005 0.49375 0.14062500000000006 0.49375
54 0.49375 0.4390625 0.45 0.4390625 0.45 0.496875 0.49375 0.496875
45 0.04531250000000006 0.496875 6.084963783263412e-17 0.496875 6.477233461115298e-17 0.5609375 0.04531250000000007 0.5609375
2 0.02343750000000005 0.3671875 4.4967499656191874e-17 0.3671875 4.8698845372343955e-17 0.428125 0.02343750000000005 0.428125
5 0.16718750000000004 0.3671875 0.12187500000000004 0.3671875 0.12187500000000004 0.428125 0.16718750000000004 0.428125
46 0.61875 0.5703125 0.484375 0.5703125 0.484375 0.63125 0.61875 0.63125
16 0.12656250000000008 0.5671875 0.08125000000000007 0.5671875 0.08125000000000007 0.6296875 0.12656250000000008 0.6296875
33 0.3312500000000001 0.5703125 0.28593750000000007 0.5703125 0.28593750000000007 0.6296875 0.3312500000000001 0.6296875
14 0.4203125 0.634375 0.3609375000000001 0.634375 0.3609375000000001 0.7 0.4203125 0.7
19 0.10156250000000007 0.5015625 0.056250000000000064 0.5015625 0.056250000000000064 0.5609375 0.10156250000000008 0.5609375
27 0.3453125000000001 0.4375 0.3000000000000001 0.4375 0.3000000000000001 0.4953125 0.3453125000000001 0.4953125
13 0.06250000000000008 0.634375 7.768853132091022e-17 0.634375 8.180257916179587e-17 0.7015625 0.06250000000000008 0.7015625
8 0.3203125000000001 0.3703125 0.2734375000000001 0.3703125 0.2734375000000001 0.4328125 0.3203125000000001 0.4328125
35 0.2796875000000001 0.5703125 0.23437500000000008 0.5703125 0.23437500000000008 0.6296875 0.2796875000000001 0.6296875
1 0.02343750000000005 0.365625 4.4776148593825096e-17 0.365625 4.8507494309977184e-17 0.4265625 0.02343750000000005 0.4265625
36 0.3937500000000001 0.4390625 0.3500000000000001 0.4390625 0.3500000000000001 0.496875 0.3937500000000001 0.496875
59 0.24375000000000008 0.4359375 0.19843750000000004 0.4359375 0.19843750000000004 0.4953125 0.24375000000000008 0.4953125
4 0.11718750000000004 0.3671875 0.07031250000000004 0.3671875 0.07031250000000004 0.428125 0.11718750000000004 0.428125
37 0.4546875 0.5078125 0.4125 0.5078125 0.4125 0.5640625 0.4546875 0.5640625
34 0.478125 0.571875 0.4359375 0.571875 0.4359375 0.6296875 0.478125 0.6296875
44 0.02968750000000007 0.56875 6.965178670150572e-17 0.56875 7.33831324176578e-17 0.6296875 0.02968750000000008 0.6296875