29 0.3734375000000001 0.509375 0.33281250000000007 0.509375 0.33281250000000007 0.596875 0.3734375000000001 0.596875
19 0.13750000000000007 0.509375 0.09687500000000007 0.509375 0.09687500000000007 0.6 0.1375000000000001 0.6
34 0.4921875 0.6125 0.45 0.6125 0.45 0.7046875 0.4921875 0.7046875
25 0.27812500000000007 0.509375 0.2390625000000001 0.509375 0.2390625000000001 0.596875 0.27812500000000007 0.596875
7 0.29218750000000004 0.3015625 0.25 0.3015625 0.25000000000000006 0.39375 0.2921875000000001 0.39375
56 0.07812500000000006 0.403125 0.03906250000000004 0.403125 0.03906250000000005 0.496875 0.07812500000000007 0.496875
18 0.3968750000000001 0.6125 0.35625000000000007 0.6125 0.35625000000000007 0.7046875 0.3968750000000001 0.7046875
15 0.2562500000000001 0.6125 0.2140625000000001 0.6125 0.2140625000000001 0.7015625 0.2562500000000001 0.7015625
22 0.6109375 0.40625 0.5578125 0.40625 0.5578125 0.5984375 0.6109375 0.5984375
48 0.478125 0.30156250000000007 0.4375 0.30156250000000007 0.4375 0.3937500000000001 0.478125 0.3937500000000001
52 0.02968750000000005 0.40625 4.975127621536122e-17 0.40625 5.5300457023997667e-17 0.496875 0.029687500000000054 0.496875
2 0.05625000000000004 0.3046875 0.014062500000000039 0.3046875 0.014062500000000044 0.39375 0.05625000000000004 0.39375
0 0.4328125 0.30156250000000007 0.3921875 0.30156250000000007 0.3921875 0.3937500000000001 0.4328125 0.3937500000000001
35 0.30156250000000007 0.6125 0.2609375000000001 0.6125 0.2609375000000001 0.7015625 0.30156250000000007 0.7015625
21 0.12500000000000006 0.403125 0.08593750000000004 0.403125 0.08593750000000006 0.496875 0.12500000000000006 0.496875
40 0.44375 0.6125 0.403125 0.6125 0.403125 0.7015625 0.44375 0.7015625
28 0.32500000000000007 0.509375 0.28593750000000007 0.509375 0.28593750000000007 0.596875 0.32500000000000007 0.596875
55 0.2078125000000001 0.6125 0.1687500000000001 0.6125 0.1687500000000001 0.7015625 0.2078125000000001 0.7015625
51 0.21875000000000008 0.40625 0.17968750000000006 0.40625 0.17968750000000006 0.496875 0.21875000000000008 0.496875
12 0.5140625 0.50625 0.475 0.50625 0.475 0.6 0.5140625 0.6
13 0.10781250000000009 0.7203125 0.057812500000000086 0.7203125 0.057812500000000086 0.8078125 0.10781250000000009 0.8078125
38 0.45625 0.40625 0.4140625 0.40625 0.4140625 0.496875 0.45625 0.496875
16 0.1609375000000001 0.6125 0.12031250000000009 0.6125 0.12031250000000009 0.7015625 0.1609375000000001 0.7015625
10 0.043750000000000074 0.509375 0.0031250000000000626 0.509375 0.003125000000000068 0.6 0.04375000000000008 0.6
26 0.5609375 0.50625 0.5203125 0.50625 0.5203125 0.6 0.5609375 0.6
37 0.4671875 0.509375 0.425 0.509375 0.425 0.6 0.4671875 0.6
41 0.03281250000000005 0.40625 4.975127621536122e-17 0.40625 5.5300457023997667e-17 0.496875 0.03281250000000006 0.496875
6 0.24375000000000005 0.3046875 0.2015625 0.3046875 0.20156250000000003 0.39375 0.24375000000000008 0.39375
49 0.04062500000000009 0.7171875 8.783013762634924e-17 0.7171875 9.337931843498569e-17 0.8078125 0.0406250000000001 0.8078125
9 0.38593750000000004 0.30156250000000007 0.34375 0.3015625 0.34375000000000006 0.39375000000000004 0.3859375000000001 0.3937500000000001
11 0.525 0.30156250000000007 0.484375 0.30156250000000007 0.484375 0.3937500000000001 0.525 0.3937500000000001
44 0.025000000000000085 0.615625 7.539231857250894e-17 0.615625 8.075014831877861e-17 0.703125 0.025000000000000088 0.703125
47 0.3859375000000001 0.7171875 0.1140625000000001 0.7171875 0.1140625000000001 0.8109375 0.3859375000000001 0.8109375
45 0.03906250000000007 0.5125 6.276314845630185e-17 0.5125 6.812097820257152e-17 0.6 0.039062500000000076 0.6
46 0.609375 0.6125 0.4984375 0.6125 0.4984375 0.7046875 0.609375 0.7046875
54 0.503125 0.403125 0.459375 0.403125 0.459375 0.496875 0.503125 0.496875
53 0.3140625000000001 0.40625 0.2734375000000001 0.40625 0.2734375000000001 0.496875 0.3140625000000001 0.496875
5 0.19687500000000005 0.3015625 0.15468750000000003 0.3015625 0.15468750000000003 0.39375 0.19687500000000005 0.39375
31 0.4203125 0.509375 0.37968750000000007 0.509375 0.37968750000000007 0.596875 0.4203125 0.596875
23 0.18437500000000007 0.509375 0.14375000000000004 0.509375 0.14375000000000007 0.596875 0.1843750000000001 0.596875
24 0.2312500000000001 0.509375 0.19218750000000004 0.509375 0.19218750000000007 0.596875 0.2312500000000001 0.596875
42 0.17343750000000005 0.40625 0.13125000000000003 0.40625 0.13125000000000003 0.496875 0.17343750000000005 0.496875
33 0.3500000000000001 0.6125 0.3078125000000001 0.6125 0.3078125000000001 0.7046875 0.3500000000000001 0.7046875
3 0.10312500000000005 0.3015625 0.06093750000000005 0.3015625 0.06093750000000005 0.39375 0.10312500000000005 0.39375
39 0.5515625 0.40625 0.5078125 0.40625 0.5078125 0.496875 0.5515625 0.496875
43 0.09062500000000007 0.509375 0.050000000000000065 0.509375 0.050000000000000065 0.6 0.09062500000000007 0.6
20 0.6109375 0.30156250000000007 0.5328125 0.30156250000000007 0.5328125 0.3906250000000001 0.6109375 0.3906250000000001
58 0.06718750000000008 0.615625 0.02656250000000008 0.615625 0.026562500000000083 0.7015625 0.0671875000000001 0.7015625
4 0.15000000000000005 0.3015625 0.10781250000000005 0.3015625 0.10781250000000005 0.39375 0.15000000000000005 0.39375
57 0.1140625000000001 0.6125 0.07500000000000007 0.6125 0.07500000000000008 0.7015625 0.1140625000000001 0.7015625
14 0.4406250000000001 0.7171875 0.3890625000000001 0.7171875 0.3890625000000001 0.8078125 0.44062500000000016 0.8078125
1 0.020312500000000046 0.3046875 3.731345716152092e-17 0.3046875 4.2766962438973974e-17 0.39375 0.02031250000000005 0.39375
50 0.6140625000000001 0.7171875 0.5296875 0.7171875 0.5296875000000001 0.8078125 0.6140625000000002 0.8078125
8 0.33906250000000004 0.3015625 0.296875 0.3015625 0.29687500000000006 0.39375 0.3390625000000001 0.39375
32 0.021875000000000082 0.6125 7.500961644777538e-17 0.6125 8.065447278759521e-17 0.7046875 0.02187500000000009 0.7046875
59 0.2671875000000001 0.40625 0.2250000000000001 0.40625 0.2250000000000001 0.496875 0.2671875000000001 0.496875
36 0.4078125 0.40625 0.3671875000000001 0.40625 0.3671875000000001 0.496875 0.4078125 0.496875
30 1 0.10156250000000007 1.2437819053840305e-17 0.1015625 5.998855805198363e-17 0.878125 1 0.878125
27 0.3609375000000001 0.40625 0.3203125000000001 0.40625 0.3203125000000001 0.49375 0.3609375000000001 0.49375
17 0.018750000000000044 0.3078125 3.769615928625447e-17 0.3078125 4.2958313501340745e-17 0.39375 0.01875000000000005 0.39375