44 0.9625 0.6609375000000002 0.909375 0.6609375000000002 0.909375 0.7140625000000002 0.9625 0.7140625000000002
35 0.5875 0.6546875 0.546875 0.6546875 0.546875 0.7125 0.5875 0.7125
22 0.2750000000000001 0.5265625 0.20312500000000008 0.5265625 0.20312500000000008 0.6515625 0.2750000000000001 0.6515625
21 0.7765625 0.5234375000000002 0.7390625 0.5234375000000002 0.7390625 0.5812500000000002 0.7765625 0.5812500000000002
39 0.32500000000000007 0.525 0.2796875000000001 0.525 0.2796875000000001 0.5828125 0.32500000000000007 0.5828125
14 0.45000000000000007 0.725 0.3937500000000001 0.725 0.3937500000000001 0.784375 0.4500000000000002 0.784375
42 0.725 0.5234375 0.6875 0.5234375 0.6875 0.5796875 0.725 0.5796875
1 0.909375 0.45625000000000016 0.871875 0.45625000000000016 0.871875 0.5093750000000001 0.909375 0.5093750000000001
48 0.4015625 0.45625 0.3546875000000001 0.45625 0.3546875000000001 0.515625 0.4015625 0.515625
43 0.8140625 0.5906250000000002 0.7765625 0.5906250000000002 0.7765625 0.6468750000000002 0.8140625 0.6468750000000002
3 0.803125 0.45625000000000016 0.7625 0.45625000000000016 0.7625 0.5140625000000002 0.803125 0.5140625000000002
2 0.8546875 0.45625000000000016 0.8171875 0.45625000000000016 0.8171875 0.5125000000000002 0.8546875 0.5125000000000002
47 0.7703125000000001 0.7234375000000001 0.45625 0.7234375 0.4562500000000001 0.7859375000000001 0.7703125000000002 0.7859375000000002
12 0.3609375000000001 0.5921875 0.3203125000000001 0.5921875 0.3203125000000001 0.6484375 0.3609375000000001 0.6484375
45 0.9578125 0.5921875000000002 0.8828125 0.5921875000000002 0.8828125 0.6468750000000002 0.9578125 0.6468750000000002
0 0.45 0.45625 0.4046875 0.45625 0.4046875 0.515625 0.45 0.515625
24 0.6609375 0.5890625 0.6234375 0.5890625 0.6234375 0.64375 0.6609375 0.64375
11 0.3468750000000001 0.4578125 0.3062500000000001 0.4578125 0.3062500000000001 0.5140625 0.3468750000000001 0.5140625
57 0.7890625 0.6578125000000001 0.7515625 0.6578125000000001 0.7515625 0.7156250000000002 0.7890625 0.7156250000000002
16 0.7390625 0.6562500000000001 0.7015625 0.65625 0.7015625 0.7140625 0.7390625 0.7140625000000002
58 0.8421875 0.6578125000000001 0.8046875 0.6578125000000001 0.8046875 0.7140625000000002 0.8421875 0.7140625000000002
17 0.9609375 0.4578125000000002 0.9234375 0.4578125000000002 0.9234375 0.5078125000000002 0.9609375 0.5078125000000002
4 0.75 0.4562500000000001 0.709375 0.45625 0.709375 0.5125000000000001 0.75 0.5125000000000002
30 0.9765625 0.28593750000000007 0.017187500000000033 0.2859375 0.017187500000000067 0.8296875 0.9765625 0.8296875
28 0.5609375 0.5890625 0.5203125 0.5890625 0.5203125 0.646875 0.5609375 0.646875
27 0.5234375 0.525 0.4828125 0.525 0.4828125 0.578125 0.5234375 0.578125
20 0.2968750000000001 0.4578125 0.20312500000000008 0.4578125 0.20312500000000008 0.5125 0.2968750000000001 0.5125
38 0.425 0.5234375 0.3828125000000001 0.5234375 0.3828125000000001 0.5796875 0.425 0.5796875
10 0.8671875 0.5906250000000002 0.8296875 0.5906250000000002 0.8296875 0.6468750000000002 0.8671875 0.6468750000000002
5 0.6984375 0.45625 0.6578125 0.45625 0.6578125 0.5140625 0.6984375 0.5140625
56 0.8265625 0.5234375000000002 0.7890625 0.5234375000000002 0.7890625 0.5796875000000001 0.8265625 0.5796875000000001
55 0.6875 0.65625 0.6484375 0.65625 0.6484375 0.7125 0.6875 0.7125
26 0.3156250000000001 0.590625 0.2687500000000001 0.590625 0.2687500000000001 0.65 0.3156250000000001 0.65
49 0.9609375 0.7281250000000001 0.9078125 0.7281250000000001 0.9078125 0.7843750000000002 0.9609375 0.7843750000000002
54 0.3750000000000001 0.5234375 0.33281250000000007 0.5234375 0.33281250000000007 0.5796875 0.3750000000000001 0.5796875
36 0.4734375 0.5234375 0.43125 0.5234375 0.43125 0.5796875 0.4734375 0.5796875
19 0.7625 0.5906250000000001 0.725 0.590625 0.725 0.6468750000000001 0.7625 0.6468750000000002
25 0.6109375 0.5890625 0.5703125 0.5890625 0.5703125 0.6453125 0.6109375 0.6453125
34 0.3890625000000001 0.65625 0.3437500000000001 0.65625 0.3437500000000001 0.715625 0.3890625000000001 0.715625
41 0.88125 0.5234375000000002 0.840625 0.5234375000000002 0.840625 0.5812500000000002 0.88125 0.5812500000000002
6 0.6484375 0.45625 0.60625 0.45625 0.60625 0.5140625 0.6484375 0.5140625
40 0.4375 0.6578125 0.39531250000000007 0.6578125 0.39531250000000007 0.7140625 0.4375 0.7140625
52 0.9578125 0.5250000000000001 0.8953125 0.5250000000000001 0.8953125 0.5781250000000002 0.9578125 0.5781250000000002
50 0.2593750000000001 0.7296875 0.2000000000000001 0.7296875 0.2000000000000001 0.7875 0.2593750000000001 0.7875
51 0.6734375 0.5234375 0.6359375 0.5234375 0.6359375 0.5765625 0.6734375 0.5765625
7 0.5984375 0.4578125 0.5578125 0.4578125 0.5578125 0.5140625 0.5984375 0.5140625
9 0.5 0.4578125 0.45625 0.4578125 0.45625 0.515625 0.5 0.515625
29 0.5125 0.5890625 0.4703125 0.5890625 0.4703125 0.646875 0.5125 0.646875
18 0.4890625 0.6546875 0.4453125 0.6546875 0.4453125 0.7140625 0.4890625 0.7140625
23 0.7109375 0.590625 0.6734375 0.590625 0.6734375 0.646875 0.7109375 0.646875
31 0.4625 0.590625 0.4203125 0.590625 0.4203125 0.6484375 0.4625 0.6484375
32 0.89375 0.6593750000000002 0.85625 0.6593750000000002 0.85625 0.7171875000000002 0.89375 0.7171875000000002
13 0.83125 0.7250000000000002 0.778125 0.7250000000000002 0.7781250000000001 0.7843750000000002 0.83125 0.7843750000000002
53 0.5734375 0.521875 0.5328125 0.521875 0.5328125 0.578125 0.5734375 0.578125
37 0.4125 0.590625 0.3703125000000001 0.590625 0.3703125000000001 0.646875 0.4125 0.646875
8 0.55 0.4578125 0.50625 0.4578125 0.50625 0.515625 0.55 0.515625
59 0.6234375 0.5234375 0.584375 0.5234375 0.584375 0.578125 0.6234375 0.578125
15 0.6375 0.65625 0.5984375 0.65625 0.5984375 0.7125 0.6375 0.7125
33 0.5390625 0.65625 0.4953125 0.65625 0.4953125 0.715625 0.5390625 0.715625
46 0.3390625000000001 0.6578125 0.2015625000000001 0.6578125 0.2015625000000001 0.7171875 0.3390625000000001 0.7171875