18 0.73125 0.39531250000000007 0.6671875 0.39531250000000007 0.6671875 0.4375000000000001 0.73125 0.43750000000000017
40 0.7296875 0.3375000000000001 0.66875 0.3375000000000001 0.66875 0.3781250000000001 0.7296875 0.3781250000000001
54 0.578125 0.2640625000000001 0.515625 0.2640625000000001 0.515625 0.3062500000000001 0.578125 0.3062500000000001
52 0.5781250000000002 0.896875 0.5171875000000001 0.896875 0.5171875000000001 0.96875 0.5781250000000002 0.96875
53 0.578125 0.49375 0.515625 0.49375 0.515625 0.5359375 0.578125 0.5359375
23 0.6546875 0.653125 0.5921875 0.653125 0.5921875 0.69375 0.6546875 0.69375
50 0.8078125 0.11875000000000009 0.7453125 0.11875000000000009 0.7453125 0.1937500000000001 0.8078125 0.1937500000000001
19 0.6531250000000001 0.709375 0.5921875 0.709375 0.5921875000000001 0.7515625 0.6531250000000002 0.7515625
42 0.578125 0.665625 0.515625 0.665625 0.515625 0.709375 0.578125 0.709375
45 0.6562500000000002 0.8984375 0.5937500000000002 0.8984375 0.5937500000000002 0.9703125 0.6562500000000002 0.9703125
29 0.6546875 0.4234375 0.5921875 0.4234375 0.5921875 0.4640625 0.6546875 0.4640625
48 0.503125 0.2921875000000001 0.440625 0.2921875000000001 0.440625 0.3359375000000001 0.503125 0.3359375000000001
41 0.5796875000000001 0.840625 0.5156250000000002 0.840625 0.5156250000000002 0.884375 0.5796875000000001 0.884375
21 0.5796875000000001 0.725 0.5171875 0.725 0.5171875000000001 0.7671875 0.5796875000000001 0.7671875
14 0.8078125 0.34843750000000007 0.7453125 0.34843750000000007 0.7453125 0.4078125000000002 0.8078125 0.4078125000000002
31 0.6546875 0.3656250000000001 0.5921875 0.3656250000000001 0.5921875 0.40625 0.6546875 0.40625
57 0.7312500000000002 0.7390625000000001 0.6687500000000002 0.7390625 0.6687500000000002 0.7796875000000001 0.7312500000000002 0.7796875000000002
8 0.503125 0.465625 0.4390625 0.465625 0.4390625 0.509375 0.503125 0.509375
16 0.73125 0.6828125 0.66875 0.6828125 0.66875 0.7234375000000001 0.73125 0.7234375000000002
5 0.503125 0.6375 0.4390625 0.6375 0.4390625 0.68125 0.503125 0.68125
51 0.578125 0.609375 0.515625 0.609375 0.515625 0.65 0.578125 0.65
22 0.65625 0.11875000000000006 0.5140625 0.11875000000000005 0.5140625 0.19375000000000006 0.65625 0.1937500000000001
10 0.6546875000000002 0.8265625 0.5921875000000002 0.8265625 0.5921875000000002 0.86875 0.6546875000000002 0.86875
3 0.5046875000000002 0.753125 0.4390625000000002 0.753125 0.4390625000000002 0.796875 0.5046875000000002 0.796875
58 0.7296875000000002 0.7968750000000001 0.6687500000000002 0.796875 0.6687500000000002 0.8390625 0.7296875000000002 0.8390625
2 0.5031250000000002 0.8109375 0.4390625000000002 0.8109375 0.4390625000000002 0.8546875 0.5031250000000002 0.8546875
17 0.5015625000000001 0.9265625 0.44062500000000016 0.9265625 0.44062500000000016 0.96875 0.5015625000000001 0.96875
26 0.6546875 0.1937500000000001 0.59375 0.1937500000000001 0.59375 0.23437500000000008 0.6546875 0.23437500000000008
25 0.6546875 0.5390625 0.5921875 0.5390625 0.5921875 0.5796875 0.6546875 0.5796875
15 0.7296875 0.565625 0.6671875 0.565625 0.6671875 0.6093750000000001 0.7296875 0.6093750000000002
32 0.7328125000000002 0.8546875 0.6703125000000002 0.8546875 0.6703125000000002 0.8984375 0.7328125000000002 0.8984375
13 0.8078125 0.7546875000000002 0.7453125000000002 0.7546875000000002 0.7453125000000002 0.8109375 0.8078125 0.8109375
7 0.503125 0.5234375 0.440625 0.5234375 0.440625 0.5671875 0.503125 0.5671875
12 0.6546875 0.2515625000000001 0.5921875 0.2515625000000001 0.5921875 0.2921875000000001 0.6546875 0.2921875000000001
34 0.73125 0.2796875000000001 0.66875 0.2796875000000001 0.66875 0.3203125000000001 0.73125 0.3203125000000001
30 0.8515625 6.82166537337549e-17 0.2625 3.214697847761802e-17 0.26250000000000007 0.9953125 0.8515625 0.9953125
27 0.5765625 0.4375 0.515625 0.4375 0.515625 0.478125 0.5765625 0.478125
38 0.578125 0.3218750000000001 0.5171875 0.3218750000000001 0.5171875 0.3625000000000001 0.578125 0.3625000000000001
6 0.503125 0.5796875 0.440625 0.5796875 0.440625 0.6234375 0.503125 0.6234375
37 0.6546875 0.30937500000000007 0.5921875 0.30937500000000007 0.5921875 0.3500000000000001 0.6546875 0.3500000000000001
39 0.578125 0.2062500000000001 0.5140625 0.2062500000000001 0.5140625 0.2500000000000001 0.578125 0.2500000000000001
36 0.578125 0.37968750000000007 0.515625 0.37968750000000007 0.515625 0.421875 0.578125 0.421875
11 0.5 0.23593750000000008 0.440625 0.23593750000000008 0.440625 0.27812500000000007 0.5 0.27812500000000007
24 0.653125 0.5953125 0.590625 0.5953125 0.590625 0.6375 0.653125 0.6375
28 0.6546875 0.48125 0.5921875 0.48125 0.5921875 0.521875 0.6546875 0.521875
20 0.5 0.12031250000000004 0.440625 0.12031250000000004 0.440625 0.22031250000000008 0.5 0.22031250000000008
44 0.7328125000000002 0.9125 0.6718750000000002 0.9125 0.6718750000000002 0.96875 0.7328125000000002 0.96875
1 0.5015625000000001 0.86875 0.44062500000000016 0.86875 0.44062500000000016 0.9109375 0.5015625000000001 0.9109375
33 0.73125 0.45000000000000007 0.66875 0.45 0.66875 0.4937500000000001 0.73125 0.4937500000000002
4 0.503125 0.6953125 0.440625 0.6953125 0.4406250000000001 0.7390625 0.5031250000000002 0.7390625
56 0.5781250000000002 0.78125 0.5156250000000002 0.78125 0.5156250000000002 0.825 0.5781250000000002 0.825
46 0.73125 0.12031250000000009 0.66875 0.12031250000000009 0.66875 0.26250000000000007 0.73125 0.26250000000000007
35 0.73125 0.5093750000000001 0.66875 0.509375 0.66875 0.55 0.73125 0.5500000000000002
47 0.809375 0.4187500000000002 0.74375 0.4187500000000002 0.7437500000000001 0.7406250000000002 0.809375 0.7406250000000002
43 0.6546875000000002 0.76875 0.5921875000000002 0.76875 0.5921875000000002 0.809375 0.6546875000000002 0.809375
59 0.578125 0.5515625 0.515625 0.5515625 0.515625 0.59375 0.578125 0.59375
0 0.503125 0.3500000000000001 0.440625 0.3500000000000001 0.440625 0.3937500000000001 0.503125 0.3937500000000001
49 0.8078125 0.8984375 0.7453125000000002 0.8984375 0.7453125000000002 0.971875 0.8078125 0.971875
55 0.73125 0.6250000000000001 0.66875 0.625 0.66875 0.6656250000000001 0.73125 0.6656250000000001
9 0.503125 0.4078125 0.440625 0.4078125 0.440625 0.4515625 0.503125 0.4515625