41 0.17656250000000007 0.528125 0.14218750000000005 0.528125 0.14218750000000008 0.6078125 0.1765625000000001 0.6078125
54 0.6375 0.5171875 0.603125 0.5171875 0.603125 0.596875 0.6375 0.596875
29 0.5109375 0.615625 0.4765625 0.615625 0.4765625 0.6953125 0.5109375 0.6953125
52 0.13125000000000006 0.53125 0.07343750000000007 0.53125 0.07343750000000007 0.6125 0.1312500000000001 0.6125
2 0.19843750000000004 0.434375 0.16250000000000003 0.434375 0.16250000000000003 0.5140625 0.19843750000000004 0.5140625
16 0.3046875000000001 0.7125 0.27031250000000007 0.7125 0.27031250000000007 0.7921875 0.3046875000000001 0.7921875
10 0.18906250000000008 0.621875 0.1546875000000001 0.621875 0.1546875000000001 0.7015625 0.18906250000000008 0.7015625
51 0.3625000000000001 0.525 0.3281250000000001 0.525 0.3281250000000001 0.6015625 0.3625000000000001 0.6015625
5 0.3390625000000001 0.43125 0.30156250000000007 0.43125 0.30156250000000007 0.5109375 0.3390625000000001 0.5109375
56 0.2250000000000001 0.525 0.18906250000000005 0.525 0.18906250000000008 0.60625 0.2250000000000001 0.60625
33 0.4906250000000001 0.70625 0.453125 0.70625 0.4531250000000001 0.7859375 0.4906250000000002 0.7859375
17 0.10468750000000004 0.4375 0.07031250000000004 0.4375 0.07031250000000006 0.5140625 0.10468750000000004 0.5140625
36 0.5453125 0.521875 0.5109375 0.521875 0.5109375 0.5984375 0.5453125 0.5984375
24 0.3734375000000001 0.61875 0.3390625000000001 0.61875 0.3390625000000001 0.6953125 0.3734375000000001 0.6953125
18 0.534375 0.70625 0.5 0.70625 0.5000000000000001 0.7828125 0.5343750000000002 0.7828125
40 0.58125 0.70625 0.546875 0.70625 0.5468750000000001 0.7828125 0.5812500000000002 0.7828125
9 0.5234375 0.4265625 0.4859375 0.4265625 0.4859375 0.5078125 0.5234375 0.5078125
59 0.4078125 0.521875 0.3734375000000001 0.521875 0.3734375000000001 0.5984375 0.4078125 0.5984375
32 0.16562500000000008 0.715625 0.1312500000000001 0.715625 0.1312500000000001 0.796875 0.16562500000000008 0.796875
6 0.3859375000000001 0.4296875 0.34843750000000007 0.4296875 0.34843750000000007 0.5109375 0.3859375000000001 0.5109375
3 0.2468750000000001 0.4328125 0.2093750000000001 0.4328125 0.2093750000000001 0.5140625 0.2468750000000001 0.5140625
14 0.5828125000000002 0.8 0.5343750000000002 0.8 0.5343750000000002 0.8796875 0.5828125000000002 0.8796875
42 0.3140625000000001 0.525 0.2796875000000001 0.525 0.2796875000000001 0.6015625 0.3140625000000001 0.6015625
48 0.6140625 0.4234375 0.5765625 0.4234375 0.5765625 0.5046875 0.6140625 0.5046875
4 0.2921875000000001 0.43125 0.2578125000000001 0.43125 0.2578125000000001 0.5078125 0.2921875000000001 0.5078125
15 0.4000000000000001 0.709375 0.3625000000000001 0.709375 0.3625000000000001 0.790625 0.4000000000000002 0.790625
26 0.6953125 0.6078125 0.6609375 0.6078125 0.6609375 0.6875 0.6953125 0.6875
11 0.659375 0.4203125 0.625 0.4203125 0.625 0.496875 0.659375 0.496875
58 0.21250000000000008 0.7140625 0.1781250000000001 0.7140625 0.1781250000000001 0.79375 0.21250000000000008 0.79375
0 0.5671875 0.4265625 0.53125 0.4265625 0.53125 0.5078125 0.5671875 0.5078125
43 0.23593750000000008 0.621875 0.2015625000000001 0.621875 0.2015625000000001 0.7015625 0.23593750000000008 0.7015625
34 0.6250000000000001 0.703125 0.590625 0.703125 0.5906250000000001 0.7796875 0.6250000000000002 0.7796875
31 0.5578125 0.6125 0.5234375 0.6125 0.5234375 0.6921875 0.5578125 0.6921875
12 0.6484375 0.6109375 0.6140625 0.6109375 0.6140625 0.6875 0.6484375 0.6875
57 0.2593750000000001 0.715625 0.2250000000000001 0.715625 0.2250000000000001 0.7921875 0.2593750000000001 0.7921875
20 0.753125 0.4203125000000001 0.671875 0.4203125 0.671875 0.49687500000000007 0.753125 0.4968750000000002
23 0.3281250000000001 0.61875 0.29375000000000007 0.61875 0.29375000000000007 0.6984375 0.3281250000000001 0.6984375
44 0.11875000000000009 0.7203125 0.07343750000000009 0.7203125 0.07343750000000009 0.796875 0.11875000000000009 0.796875
27 0.5 0.521875 0.465625 0.521875 0.465625 0.596875 0.5 0.596875
25 0.41875 0.615625 0.3843750000000001 0.615625 0.3843750000000001 0.6953125 0.41875 0.6953125
53 0.4546875 0.521875 0.41875 0.521875 0.41875 0.6015625 0.4546875 0.6015625
21 0.2687500000000001 0.528125 0.23437500000000008 0.528125 0.23437500000000008 0.6046875 0.2687500000000001 0.6046875
1 0.15156250000000004 0.434375 0.11718750000000004 0.434375 0.11718750000000004 0.5140625 0.15156250000000004 0.5140625
50 0.7562500000000002 0.7953125000000001 0.7078125000000002 0.7953125 0.7078125000000002 0.8765625 0.7562500000000002 0.8765625
37 0.603125 0.6125 0.5671875 0.6125 0.5671875 0.6921875 0.603125 0.6921875
7 0.43125 0.4296875 0.3937500000000001 0.4296875 0.3937500000000001 0.5109375 0.43125 0.5109375
13 0.2375000000000001 0.8078125 0.18906250000000008 0.8078125 0.18906250000000008 0.8875 0.2375000000000001 0.8875
28 0.4671875 0.615625 0.4328125 0.615625 0.4328125 0.6953125 0.4671875 0.6953125
46 0.7546875000000001 0.7015625000000001 0.6390625 0.7015625 0.6390625000000001 0.7812500000000001 0.7546875000000002 0.7812500000000002
38 0.5921875 0.5203125 0.5578125 0.5203125 0.5578125 0.596875 0.5921875 0.596875
47 0.5281250000000002 0.8 0.24375000000000008 0.8 0.24375000000000008 0.8875 0.5281250000000002 0.8875
55 0.3531250000000001 0.709375 0.31718750000000007 0.709375 0.31718750000000007 0.790625 0.3531250000000001 0.790625
45 0.1437500000000001 0.625 0.07187500000000006 0.625 0.07187500000000008 0.709375 0.1437500000000001 0.709375
39 0.6828125 0.5171875 0.6484375 0.5171875 0.6484375 0.596875 0.6828125 0.596875
49 0.12031250000000009 0.8109375 0.07343750000000009 0.8109375 0.0734375000000001 0.8921875 0.12031250000000009 0.8921875
30 0.925 0.28906250000000006 0.059375000000000046 0.2890625 0.05937500000000008 0.9375 0.925 0.9375
8 0.4765625 0.4265625 0.4390625 0.4265625 0.4390625 0.5109375 0.4765625 0.5109375
19 0.2812500000000001 0.621875 0.2468750000000001 0.621875 0.2468750000000001 0.7015625 0.2812500000000001 0.7015625
22 0.753125 0.5140625000000001 0.69375 0.5140625 0.69375 0.6875000000000001 0.753125 0.6875000000000002
35 0.4453125000000001 0.709375 0.4078125 0.709375 0.4078125000000001 0.7890625 0.44531250000000017 0.7890625