2 0.21406250000000004 0.309375 0.15312500000000004 0.309375 0.15312500000000004 0.4 0.2140625000000001 0.4
46 0.9796875 0.6156250000000002 0.8421875 0.6156250000000002 0.8421875 0.7234375000000002 0.9796875 0.7234375000000002
55 0.409375 0.615625 0.34062500000000007 0.615625 0.34062500000000007 0.721875 0.409375 0.721875
34 0.840625 0.6203125000000002 0.7734375 0.6203125000000002 0.7734375 0.7234375000000002 0.840625 0.7234375000000002
5 0.409375 0.31093750000000003 0.3484375 0.3109375 0.34843750000000007 0.4 0.409375 0.4
20 0.94375 0.3156250000000001 0.8640625 0.3156250000000001 0.8640625 0.40625000000000017 0.94375 0.40625000000000017
11 0.859375 0.3140625000000001 0.8 0.3140625000000001 0.8 0.4031250000000002 0.859375 0.4031250000000002
52 0.08750000000000005 0.403125 0.026562500000000044 0.403125 0.026562500000000055 0.5015625 0.08750000000000006 0.5015625
36 0.703125 0.4109375 0.6390625 0.4109375 0.6390625 0.5046875 0.703125 0.5046875
31 0.725 0.5125 0.6609375 0.5125 0.6609375 0.6125 0.725 0.6125
10 0.16406250000000006 0.5078125 0.09843750000000007 0.5078125 0.09843750000000007 0.60625 0.16406250000000008 0.60625
40 0.76875 0.6187500000000001 0.7015625 0.61875 0.7015625 0.721875 0.76875 0.7218750000000002
22 0.9671875 0.40937500000000016 0.8875 0.40937500000000016 0.8875 0.6078125000000002 0.9671875 0.6078125000000002
33 0.625 0.6171875 0.55625 0.6171875 0.55625 0.721875 0.625 0.721875
4 0.34375000000000006 0.3125 0.284375 0.3125 0.28437500000000004 0.4 0.3437500000000001 0.4
54 0.840625 0.4109375000000002 0.775 0.4109375000000002 0.775 0.5046875000000002 0.840625 0.5046875000000002
37 0.796875 0.5140625000000002 0.73125 0.5140625000000002 0.73125 0.6109375000000001 0.796875 0.6109375000000001
56 0.2250000000000001 0.4046875 0.16093750000000004 0.4046875 0.16093750000000004 0.5 0.2250000000000001 0.5
29 0.6546875 0.5109375 0.590625 0.5109375 0.590625 0.609375 0.6546875 0.609375
32 0.12031250000000009 0.615625 0.07343750000000007 0.615625 0.07343750000000007 0.7234375 0.12031250000000009 0.7234375
30 1 0.23750000000000004 2.9085361479749636e-17 0.2375 7.108691966925652e-17 0.9234375 1 0.9234375
59 0.4984375 0.4078125 0.434375 0.4078125 0.434375 0.503125 0.4984375 0.503125
14 0.7703125000000002 0.7328125000000001 0.7046875000000001 0.7328125 0.7046875000000001 0.85625 0.7703125000000002 0.85625
9 0.6671875 0.3140625000000001 0.60625 0.3140625000000001 0.60625 0.403125 0.6671875 0.403125
48 0.796875 0.3140625000000001 0.7359375 0.3140625000000001 0.7359375 0.4031250000000002 0.796875 0.4031250000000002
13 0.18906250000000008 0.73125 0.12343750000000009 0.73125 0.12343750000000009 0.85625 0.18906250000000008 0.85625
6 0.4734375 0.3125000000000001 0.4125 0.3125000000000001 0.4125 0.4015625 0.4734375 0.4015625
24 0.4453125 0.5109375 0.3812500000000001 0.5109375 0.3812500000000001 0.609375 0.4453125 0.609375
27 0.634375 0.409375 0.571875 0.409375 0.571875 0.503125 0.634375 0.503125
8 0.6015625 0.3140625000000001 0.5421875 0.3140625000000001 0.5421875 0.403125 0.6015625 0.403125
23 0.3750000000000001 0.509375 0.3109375000000001 0.509375 0.3109375000000001 0.60625 0.3750000000000001 0.60625
21 0.29375000000000007 0.4078125 0.2296875000000001 0.4078125 0.2296875000000001 0.503125 0.29375000000000007 0.503125
49 0.12343750000000009 0.7296875 0.05312500000000009 0.7296875 0.0531250000000001 0.8546875 0.12343750000000009 0.8546875
15 0.48125 0.6171875 0.4140625 0.6171875 0.4140625 0.7203125 0.48125 0.7203125
1 0.14843750000000006 0.309375 0.08750000000000005 0.309375 0.08750000000000005 0.396875 0.14843750000000006 0.396875
25 0.5140625 0.5109375 0.45 0.5109375 0.45 0.609375 0.5140625 0.609375
58 0.1921875000000001 0.615625 0.12343750000000009 0.615625 0.12343750000000009 0.7203125 0.1921875000000001 0.7203125
44 0.07187500000000008 0.615625 7.539231857250894e-17 0.615625 8.218528128652941e-17 0.7265625 0.07187500000000009 0.7265625
38 0.771875 0.4093750000000001 0.709375 0.409375 0.709375 0.503125 0.771875 0.5031250000000002
39 0.8859375 0.40937500000000016 0.8421875 0.40937500000000016 0.8421875 0.5031250000000002 0.8859375 0.5031250000000002
26 0.9125 0.5109375000000002 0.86875 0.5109375000000002 0.86875 0.6093750000000002 0.9125 0.6093750000000002
47 0.6328125000000002 0.7328125 0.2578125000000001 0.7328125 0.2578125000000001 0.8515625 0.6328125000000002 0.8515625
19 0.3046875000000001 0.509375 0.2375000000000001 0.509375 0.2375000000000001 0.609375 0.3046875000000001 0.609375
41 0.15781250000000005 0.40625 0.09062500000000004 0.40625 0.09062500000000005 0.503125 0.15781250000000005 0.503125
17 0.08593750000000004 0.3078125 0.04218750000000003 0.3078125 0.04218750000000004 0.3984375 0.08593750000000004 0.3984375
42 0.3609375000000001 0.4078125 0.2984375000000001 0.4078125 0.2984375000000001 0.5 0.3609375000000001 0.5
18 0.696875 0.6171875 0.628125 0.6171875 0.628125 0.721875 0.696875 0.721875
35 0.553125 0.6171875 0.4859375 0.6171875 0.4859375 0.721875 0.553125 0.721875
16 0.3375000000000001 0.6171875 0.2687500000000001 0.6171875 0.2687500000000001 0.721875 0.3375000000000001 0.721875
43 0.23437500000000008 0.509375 0.16875000000000004 0.509375 0.16875000000000007 0.6078125 0.23437500000000008 0.6078125
7 0.5375 0.3140625000000001 0.478125 0.3140625000000001 0.478125 0.403125 0.5375 0.403125
28 0.5859375 0.509375 0.521875 0.509375 0.521875 0.6078125 0.5859375 0.6078125
3 0.27968750000000003 0.3109375 0.2171875 0.3109375 0.21718750000000003 0.4 0.2796875000000001 0.4
45 0.09375000000000007 0.50625 0.012500000000000061 0.50625 0.012500000000000067 0.609375 0.09375000000000007 0.609375
0 0.7328125 0.3140625000000001 0.671875 0.3140625000000001 0.671875 0.4046875000000001 0.7328125 0.4046875000000002
53 0.5671875 0.409375 0.503125 0.409375 0.503125 0.503125 0.5671875 0.503125
12 0.865625 0.5109375000000002 0.7984375 0.5109375000000002 0.7984375 0.6109375000000001 0.865625 0.6109375000000001
57 0.2656250000000001 0.6171875 0.19687500000000008 0.6171875 0.19687500000000008 0.7203125 0.2656250000000001 0.7203125
51 0.4296875 0.4078125 0.3671875000000001 0.4078125 0.3671875000000001 0.5015625 0.4296875 0.5015625