22 0.8484375 0.3781250000000001 0.796875 0.3781250000000001 0.796875 0.4593750000000002 0.8484375 0.4593750000000002
37 0.70625 0.41875 0.6609375 0.41875 0.6609375 0.4546875 0.70625 0.4546875
25 0.5109375 0.41875 0.4671875 0.41875 0.4671875 0.45625 0.5109375 0.45625
35 0.5359375 0.4609375 0.4921875 0.4609375 0.4921875 0.4984375 0.5359375 0.4984375
24 0.4609375 0.41875 0.41875 0.41875 0.41875 0.45625 0.4609375 0.45625
47 0.584375 0.5015625 0.3453125000000001 0.5015625 0.3453125000000001 0.5453125 0.584375 0.5453125
0 0.66875 0.3359375000000001 0.625 0.3359375000000001 0.625 0.3734375000000001 0.66875 0.3734375000000001
55 0.4390625 0.4609375 0.3937500000000001 0.4609375 0.3937500000000001 0.4984375 0.4390625 0.4984375
30 0.8625 0.29687500000000006 0.12187500000000004 0.296875 0.12187500000000007 0.5578125 0.8625 0.5578125000000002
49 0.2328125000000001 0.503125 0.18750000000000006 0.503125 0.18750000000000006 0.546875 0.2328125000000001 0.546875
46 0.8421875 0.4593750000000002 0.7375 0.4593750000000002 0.7375 0.4984375000000002 0.8421875 0.4984375000000002
11 0.765625 0.3375000000000001 0.7234375 0.3375000000000001 0.7234375 0.3734375000000001 0.765625 0.3734375000000001
1 0.23125000000000004 0.3375 0.18593750000000003 0.3375 0.18593750000000003 0.3734375 0.2312500000000001 0.3734375
48 0.7171875 0.3359375000000001 0.6734375 0.3359375000000001 0.6734375 0.3734375000000001 0.7171875 0.3734375000000001
2 0.27968750000000003 0.3390625 0.2359375 0.3390625 0.23593750000000005 0.375 0.2796875000000001 0.375
5 0.425 0.3375000000000001 0.3828125 0.3375000000000001 0.38281250000000006 0.3734375000000001 0.425 0.3734375000000001
31 0.65625 0.41875 0.6125 0.41875 0.6125 0.45625 0.65625 0.45625
12 0.75625 0.41875000000000007 0.7109375 0.41875 0.7109375 0.4562500000000001 0.75625 0.45625000000000016
44 0.19531250000000006 0.4609375 0.13750000000000004 0.4609375 0.13750000000000004 0.5 0.19531250000000006 0.5
13 0.2812500000000001 0.503125 0.23593750000000008 0.503125 0.23593750000000008 0.546875 0.2812500000000001 0.546875
17 0.18125000000000005 0.3390625 0.13750000000000004 0.3390625 0.13750000000000004 0.3734375 0.18125000000000005 0.3734375
53 0.5484375 0.3781250000000001 0.5046875 0.3781250000000001 0.5046875 0.415625 0.5484375 0.415625
54 0.74375 0.3781250000000001 0.6984375 0.3781250000000001 0.6984375 0.4156250000000001 0.74375 0.4156250000000002
7 0.5234375 0.3375000000000001 0.4796875 0.3375000000000001 0.4796875 0.3734375000000001 0.5234375 0.3734375000000001
21 0.3531250000000001 0.378125 0.30937500000000007 0.378125 0.30937500000000007 0.415625 0.3531250000000001 0.415625
8 0.571875 0.3375000000000001 0.528125 0.3375000000000001 0.528125 0.3734375000000001 0.571875 0.3734375000000001
4 0.3765625 0.3375 0.334375 0.3375 0.33437500000000003 0.37343750000000003 0.3765625000000001 0.3734375000000001
59 0.4984375 0.37968750000000007 0.4546875 0.37968750000000007 0.4546875 0.415625 0.4984375 0.415625
29 0.6078125 0.41875 0.5640625 0.41875 0.5640625 0.45625 0.6078125 0.45625
23 0.4140625 0.4203125 0.3703125000000001 0.4203125 0.3703125000000001 0.45625 0.4140625 0.45625
18 0.6328125 0.4609375 0.5890625 0.4609375 0.5890625 0.4984375 0.6328125 0.4984375
42 0.4015625 0.37968750000000007 0.3578125000000001 0.3796875 0.3578125000000001 0.4171875 0.4015625 0.4171875
15 0.4875 0.4609375 0.4421875 0.4609375 0.4421875 0.4984375 0.4875 0.4984375
51 0.45 0.3781250000000001 0.40625 0.3781250000000001 0.40625 0.415625 0.45 0.415625
45 0.21875000000000008 0.41875 0.13906250000000003 0.41875 0.13906250000000003 0.45625 0.21875000000000008 0.45625
26 0.8046875 0.4187500000000002 0.759375 0.4187500000000002 0.759375 0.45625000000000016 0.8046875 0.45625000000000016
40 0.68125 0.4609375 0.6375 0.4609375 0.6375 0.496875 0.68125 0.496875
28 0.559375 0.4203125 0.5171875 0.4203125 0.5171875 0.45625 0.559375 0.45625
9 0.6203125 0.3359375000000001 0.5765625 0.3359375000000001 0.5765625 0.3734375000000001 0.6203125 0.3734375000000001
27 0.5953125 0.3781250000000001 0.5515625 0.3781250000000001 0.5515625 0.415625 0.5953125 0.415625
58 0.2921875000000001 0.4609375 0.2484375000000001 0.4609375 0.2484375000000001 0.4984375 0.2921875000000001 0.4984375
14 0.6953125 0.503125 0.65 0.503125 0.65 0.546875 0.6953125 0.546875
16 0.3906250000000001 0.4625 0.3468750000000001 0.4625 0.3468750000000001 0.4984375 0.3906250000000001 0.4984375
36 0.64375 0.3781250000000001 0.6 0.3781250000000001 0.6 0.415625 0.64375 0.415625
10 0.2671875000000001 0.4203125 0.2234375000000001 0.4203125 0.2234375000000001 0.4578125 0.2671875000000001 0.4578125
38 0.6921875 0.3781250000000001 0.65 0.3781250000000001 0.65 0.415625 0.6921875 0.415625
43 0.31718750000000007 0.4203125 0.2734375000000001 0.4203125 0.2734375000000001 0.45625 0.31718750000000007 0.45625
33 0.584375 0.4609375 0.540625 0.4609375 0.540625 0.4984375 0.584375 0.4984375
19 0.3656250000000001 0.4203125 0.3218750000000001 0.4203125 0.3218750000000001 0.45625 0.3656250000000001 0.45625
3 0.3296875 0.3375 0.284375 0.3375 0.28437500000000004 0.3734375 0.3296875000000001 0.3734375
57 0.3421875000000001 0.4625 0.2984375000000001 0.4625 0.2984375000000001 0.4984375 0.3421875000000001 0.4984375
52 0.20468750000000008 0.378125 0.13906250000000003 0.378125 0.13906250000000003 0.415625 0.20468750000000008 0.415625
39 0.7921875 0.3781250000000001 0.746875 0.3781250000000001 0.746875 0.4156250000000002 0.7921875 0.4156250000000002
32 0.24375000000000008 0.4625 0.2000000000000001 0.4625 0.2000000000000001 0.4984375 0.24375000000000008 0.4984375
34 0.73125 0.4609375000000001 0.6859375 0.4609375 0.6859375 0.4984375000000001 0.73125 0.4984375000000002
56 0.3046875000000001 0.378125 0.2609375000000001 0.378125 0.2609375000000001 0.415625 0.3046875000000001 0.415625
20 0.8421875 0.3359375000000001 0.771875 0.3359375000000001 0.771875 0.3750000000000001 0.8421875 0.3750000000000001
6 0.4734375 0.3375000000000001 0.4296875 0.3375000000000001 0.4296875 0.3734375000000001 0.4734375 0.3734375000000001
41 0.2562500000000001 0.378125 0.21093750000000008 0.378125 0.21093750000000008 0.4171875 0.2562500000000001 0.4171875