5 0.5828125 0.28593750000000007 0.54375 0.28593750000000007 0.54375 0.3234375000000001 0.5828125 0.3234375000000001
22 0.22500000000000003 0.3265625 0.18437500000000004 0.3265625 0.18437500000000004 0.4078125 0.2250000000000001 0.4078125
16 0.615625 0.409375 0.5765625 0.409375 0.5765625 0.4484375 0.615625 0.4484375
55 0.571875 0.409375 0.534375 0.409375 0.534375 0.446875 0.571875 0.446875
54 0.30937500000000007 0.328125 0.271875 0.328125 0.27187500000000003 0.365625 0.30937500000000007 0.365625
56 0.6875 0.3281250000000001 0.65 0.3281250000000001 0.65 0.3656250000000001 0.6875 0.3656250000000001
28 0.4671875 0.3687500000000001 0.4296875 0.3687500000000001 0.4296875 0.40625 0.4671875 0.40625
29 0.4265625 0.3687500000000001 0.38750000000000007 0.3687500000000001 0.38750000000000007 0.40625 0.4265625 0.40625
51 0.5609375 0.3281250000000001 0.5234375 0.3281250000000001 0.5234375 0.3656250000000001 0.5609375 0.3656250000000001
7 0.4984375 0.28593750000000007 0.4609375 0.28593750000000007 0.4609375 0.3234375000000001 0.4984375 0.3234375000000001
41 0.73125 0.3265625000000001 0.6921875 0.3265625000000001 0.6921875 0.3656250000000001 0.73125 0.3656250000000001
47 0.615625 0.45 0.4078125 0.45 0.4078125 0.490625 0.615625 0.490625
38 0.35156250000000006 0.328125 0.3140625 0.328125 0.3140625 0.365625 0.3515625000000001 0.365625
43 0.678125 0.3687500000000001 0.640625 0.3687500000000001 0.640625 0.40625 0.678125 0.40625
3 0.6671875 0.28593750000000007 0.6296875 0.28593750000000007 0.6296875 0.32500000000000007 0.6671875 0.32500000000000007
33 0.446875 0.409375 0.4078125 0.409375 0.4078125 0.4484375 0.446875 0.4484375
48 0.3296875 0.2859375 0.2921875 0.2859375 0.2921875 0.3234375 0.3296875 0.3234375
14 0.3531250000000001 0.45 0.3125000000000001 0.45 0.3125000000000001 0.490625 0.3531250000000001 0.490625
44 0.79375 0.40937500000000016 0.74375 0.40937500000000016 0.74375 0.44843750000000016 0.79375 0.44843750000000016
31 0.3828125000000001 0.36875 0.3453125000000001 0.36875 0.3453125000000001 0.40625 0.3828125000000001 0.40625
17 0.79375 0.28593750000000007 0.75625 0.28593750000000007 0.75625 0.3234375000000001 0.79375 0.3234375000000001
8 0.45625 0.2875000000000001 0.4171875 0.2875000000000001 0.4171875 0.32500000000000007 0.45625 0.32500000000000007
25 0.509375 0.3687500000000001 0.471875 0.3687500000000001 0.471875 0.40625 0.509375 0.40625
21 0.646875 0.3281250000000001 0.6078125 0.3281250000000001 0.6078125 0.3656250000000001 0.646875 0.3656250000000001
15 0.53125 0.409375 0.4921875 0.409375 0.4921875 0.446875 0.53125 0.446875
9 0.4140625 0.2875000000000001 0.375 0.2875000000000001 0.375 0.32500000000000007 0.4140625 0.32500000000000007
46 0.27812500000000007 0.409375 0.18593750000000003 0.409375 0.18593750000000003 0.4484375 0.27812500000000007 0.4484375
57 0.65625 0.409375 0.61875 0.409375 0.61875 0.446875 0.65625 0.446875
34 0.3203125000000001 0.409375 0.2812500000000001 0.409375 0.2812500000000001 0.446875 0.3203125000000001 0.446875
2 0.709375 0.28593750000000007 0.6703125 0.28593750000000007 0.6703125 0.3234375000000001 0.709375 0.3234375000000001
35 0.4875 0.409375 0.45 0.409375 0.45 0.446875 0.4875 0.446875
30 0.8046875 0.24218750000000006 0.17343750000000005 0.2421875 0.17343750000000005 0.5015625000000001 0.8046875 0.5015625000000001
59 0.5203125 0.3281250000000001 0.4828125 0.3281250000000001 0.4828125 0.3656250000000001 0.5203125 0.3656250000000001
40 0.3609375000000001 0.409375 0.3234375000000001 0.409375 0.3234375000000001 0.446875 0.3609375000000001 0.446875
26 0.2578125000000001 0.36875 0.21875000000000008 0.36875 0.21875000000000008 0.40625 0.2578125000000001 0.40625
4 0.6234375 0.28593750000000007 0.5859375 0.28593750000000007 0.5859375 0.3234375000000001 0.6234375 0.3234375000000001
10 0.7203125 0.3687500000000001 0.6828125 0.3687500000000001 0.6828125 0.40625 0.7203125 0.40625
20 0.2453125 0.2859375 0.18593750000000003 0.2859375 0.18593750000000003 0.325 0.2453125 0.325
39 0.2671875 0.328125 0.2296875 0.328125 0.22968750000000004 0.365625 0.2671875000000001 0.365625
19 0.634375 0.3687500000000001 0.596875 0.3687500000000001 0.596875 0.40625 0.634375 0.40625
18 0.4046875 0.409375 0.3671875000000001 0.409375 0.3671875000000001 0.446875 0.4046875 0.446875
27 0.4359375 0.3281250000000001 0.3984375 0.3281250000000001 0.39843750000000006 0.3656250000000001 0.4359375 0.3656250000000001
13 0.709375 0.45 0.66875 0.45 0.66875 0.490625 0.709375 0.490625
32 0.740625 0.4093750000000001 0.703125 0.409375 0.703125 0.4468750000000001 0.740625 0.4468750000000002
37 0.34062500000000007 0.36875 0.3031250000000001 0.36875 0.3031250000000001 0.40625 0.34062500000000007 0.40625
23 0.59375 0.3687500000000001 0.55625 0.3687500000000001 0.55625 0.40625 0.59375 0.40625
24 0.5515625 0.3687500000000001 0.5140625 0.3687500000000001 0.5140625 0.40625 0.5515625 0.40625
12 0.3000000000000001 0.36875 0.2609375000000001 0.36875 0.2609375000000001 0.40625 0.3000000000000001 0.40625
6 0.540625 0.28593750000000007 0.5015625 0.28593750000000007 0.5015625 0.3234375000000001 0.540625 0.3234375000000001
36 0.39375000000000004 0.32812500000000006 0.35625 0.328125 0.35625000000000007 0.36562500000000003 0.3937500000000001 0.3656250000000001
42 0.603125 0.3265625000000001 0.565625 0.3265625000000001 0.565625 0.3656250000000001 0.603125 0.3656250000000001
49 0.7515625 0.45000000000000007 0.7109375 0.45 0.7109375 0.4906250000000001 0.7515625 0.4906250000000002
11 0.2875 0.2859375 0.25 0.2859375 0.25 0.3234375 0.2875 0.3234375
58 0.6984375 0.409375 0.6609375 0.409375 0.6609375 0.446875 0.6984375 0.446875
53 0.4765625 0.3281250000000001 0.4390625 0.3281250000000001 0.4390625 0.3656250000000001 0.4765625 0.3656250000000001
52 0.79375 0.3265625000000001 0.734375 0.3265625000000001 0.734375 0.3656250000000001 0.79375 0.3656250000000001
45 0.7953125 0.3687500000000001 0.7234375 0.3687500000000001 0.7234375 0.4078125000000001 0.7953125 0.4078125000000002
0 0.371875 0.28593750000000007 0.334375 0.2859375 0.334375 0.32500000000000007 0.371875 0.32500000000000007
1 0.7515625 0.28593750000000007 0.7140625 0.28593750000000007 0.7140625 0.3234375000000001 0.7515625 0.3234375000000001