5 0.45 0.34843750000000007 0.4140625 0.34843750000000007 0.4140625 0.3828125000000001 0.45 0.3828125000000001
22 0.771875 0.3843750000000001 0.7359375 0.3843750000000001 0.7359375 0.45625000000000016 0.771875 0.45625000000000016
16 0.4203125 0.4578125 0.3859375000000001 0.4578125 0.3859375000000001 0.4921875 0.4203125 0.4921875
55 0.459375 0.4578125 0.425 0.4578125 0.425 0.4921875 0.459375 0.4921875
54 0.69375 0.3843750000000001 0.659375 0.3843750000000001 0.659375 0.41875 0.69375 0.41875
56 0.3546875000000001 0.384375 0.3203125000000001 0.384375 0.3203125000000001 0.41875 0.3546875000000001 0.41875
28 0.5515625 0.421875 0.51875 0.421875 0.51875 0.45625 0.5515625 0.45625
29 0.590625 0.421875 0.5546875 0.421875 0.5546875 0.45625 0.590625 0.45625
51 0.46875 0.3843750000000001 0.434375 0.3843750000000001 0.434375 0.41875 0.46875 0.41875
7 0.525 0.34843750000000007 0.490625 0.34843750000000007 0.490625 0.3828125000000001 0.525 0.3828125000000001
41 0.31718750000000007 0.384375 0.2812500000000001 0.384375 0.2812500000000001 0.41875 0.31718750000000007 0.41875
47 0.571875 0.4953125 0.3859375000000001 0.4953125 0.3859375000000001 0.53125 0.571875 0.53125
38 0.65625 0.3843750000000001 0.621875 0.3843750000000001 0.621875 0.41875 0.65625 0.41875
43 0.36406250000000007 0.421875 0.3296875000000001 0.421875 0.3296875000000001 0.4546875 0.36406250000000007 0.4546875
3 0.37343750000000003 0.34687500000000004 0.3390625 0.346875 0.33906250000000004 0.38281250000000006 0.3734375000000001 0.3828125000000001
33 0.571875 0.4578125 0.5359375 0.4578125 0.5359375 0.4921875 0.571875 0.4921875
48 0.675 0.34843750000000007 0.640625 0.34843750000000007 0.640625 0.3828125000000001 0.675 0.3828125000000001
14 0.6578125 0.49375 0.621875 0.49375 0.621875 0.5296875 0.6578125 0.5296875
44 0.27031250000000007 0.4578125 0.2250000000000001 0.4578125 0.2250000000000001 0.49375 0.27031250000000007 0.49375
31 0.628125 0.421875 0.59375 0.421875 0.59375 0.45625 0.628125 0.45625
17 0.26093750000000004 0.3484375 0.2265625 0.3484375 0.22656250000000006 0.3828125 0.2609375000000001 0.3828125
8 0.5625 0.34843750000000007 0.528125 0.34843750000000007 0.528125 0.3828125000000001 0.5625 0.3828125000000001
25 0.5140625 0.421875 0.4796875 0.421875 0.4796875 0.45625 0.5140625 0.45625
21 0.3921875000000001 0.384375 0.3578125000000001 0.384375 0.3578125000000001 0.41875 0.3921875000000001 0.41875
15 0.4953125 0.4578125 0.4609375 0.4578125 0.4609375 0.4921875 0.4953125 0.4921875
9 0.6 0.34843750000000007 0.565625 0.34843750000000007 0.565625 0.3828125000000001 0.6 0.3828125000000001
46 0.7703125 0.45781250000000007 0.6875 0.4578125 0.6875 0.4921875000000001 0.7703125 0.49218750000000017
57 0.3828125000000001 0.4578125 0.34843750000000007 0.4578125 0.34843750000000007 0.4921875 0.3828125000000001 0.4921875
34 0.684375 0.4578125 0.6484375 0.4578125 0.6484375 0.4921875 0.684375 0.4921875
2 0.33593750000000006 0.3484375 0.3 0.3484375 0.30000000000000004 0.3828125 0.3359375000000001 0.3828125
35 0.534375 0.4578125 0.5 0.4578125 0.5 0.4921875 0.534375 0.4921875
30 0.78125 0.30781250000000004 0.215625 0.3078125 0.21562500000000004 0.5406250000000001 0.78125 0.5406250000000001
59 0.50625 0.3843750000000001 0.471875 0.3843750000000001 0.471875 0.41875 0.50625 0.41875
40 0.646875 0.4578125 0.6125 0.4578125 0.6125 0.4921875 0.646875 0.4921875
26 0.740625 0.4218750000000001 0.70625 0.421875 0.70625 0.4562500000000001 0.740625 0.45625000000000016
4 0.4125 0.34843750000000007 0.378125 0.34843750000000007 0.37812500000000004 0.3828125000000001 0.4125 0.3828125000000001
10 0.3265625000000001 0.421875 0.2921875000000001 0.421875 0.2921875000000001 0.45625 0.3265625000000001 0.45625
20 0.7703125 0.3468750000000001 0.715625 0.3468750000000001 0.715625 0.3828125000000001 0.7703125 0.3828125000000001
39 0.73125 0.3843750000000001 0.696875 0.3843750000000001 0.696875 0.41875000000000007 0.73125 0.4187500000000002
19 0.4015625 0.421875 0.3671875000000001 0.421875 0.3671875000000001 0.45625 0.4015625 0.45625
18 0.609375 0.4578125 0.575 0.4578125 0.575 0.4921875 0.609375 0.4921875
27 0.5796875 0.3843750000000001 0.546875 0.3843750000000001 0.546875 0.41875 0.5796875 0.41875
13 0.3375000000000001 0.49375 0.30156250000000007 0.49375 0.30156250000000007 0.53125 0.3375000000000001 0.53125
32 0.3078125000000001 0.4578125 0.2734375000000001 0.4578125 0.2734375000000001 0.4921875 0.3078125000000001 0.4921875
37 0.665625 0.421875 0.63125 0.421875 0.63125 0.45625 0.665625 0.45625
23 0.4390625 0.421875 0.4046875 0.421875 0.4046875 0.45625 0.4390625 0.45625
24 0.4765625 0.421875 0.4421875 0.421875 0.4421875 0.45625 0.4765625 0.45625
12 0.703125 0.421875 0.66875 0.421875 0.66875 0.45625 0.703125 0.45625
6 0.4875 0.34843750000000007 0.453125 0.34843750000000007 0.453125 0.3828125000000001 0.4875 0.3828125000000001
36 0.6171875 0.3843750000000001 0.584375 0.3843750000000001 0.584375 0.41875 0.6171875 0.41875
42 0.43125 0.3843750000000001 0.3968750000000001 0.3843750000000001 0.3968750000000001 0.41875 0.43125 0.41875
49 0.3000000000000001 0.4953125 0.2640625000000001 0.4953125 0.2640625000000001 0.53125 0.3000000000000001 0.53125
11 0.7125 0.3468750000000001 0.678125 0.3468750000000001 0.678125 0.3812500000000001 0.7125 0.3812500000000001
58 0.3453125000000001 0.4578125 0.3109375000000001 0.4578125 0.3109375000000001 0.4921875 0.3453125000000001 0.4921875
53 0.5421875 0.3843750000000001 0.509375 0.3843750000000001 0.509375 0.41875 0.5421875 0.41875
52 0.2796875000000001 0.384375 0.22656250000000008 0.384375 0.22656250000000008 0.41875 0.2796875000000001 0.41875
45 0.2890625000000001 0.4203125 0.2250000000000001 0.4203125 0.2250000000000001 0.45625 0.2890625000000001 0.45625
0 0.6375 0.3468750000000001 0.603125 0.3468750000000001 0.603125 0.3828125000000001 0.6375 0.3828125000000001
1 0.29687500000000006 0.3484375 0.2640625 0.3484375 0.26406250000000003 0.3828125 0.2968750000000001 0.3828125