25 0.49375 0.503125 0.425 0.503125 0.425 0.5703125 0.49375 0.5703125
46 0.4171875 4.678533474867622e-17 0.346875 4.247993584542381e-17 0.346875 0.15625000000000006 0.4171875 0.15625000000000006
28 0.4921875 0.428125 0.4234375 0.428125 0.4234375 0.496875 0.4921875 0.496875
43 0.4968750000000002 0.8078125 0.42968750000000017 0.8078125 0.42968750000000017 0.878125 0.4968750000000002 0.878125
2 0.6453125000000002 0.8640625 0.5781250000000002 0.8640625 0.5781250000000002 0.9375 0.6453125000000002 0.9375
20 0.634375 7.357448348002457e-17 0.5671875 6.946043563913895e-17 0.5671875 0.09218750000000006 0.634375 0.09218750000000006
13 0.3500000000000001 0.8671875 0.27812500000000007 0.8671875 0.27812500000000007 0.940625 0.3500000000000001 0.940625
35 0.41875 0.465625 0.34843750000000007 0.465625 0.34843750000000007 0.534375 0.41875 0.534375
58 0.42187500000000017 0.846875 0.3546875000000001 0.846875 0.3546875000000001 0.9171875 0.42187500000000017 0.9171875
53 0.5640625 0.446875 0.4984375 0.446875 0.4984375 0.515625 0.5640625 0.515625
59 0.5640625 0.5203125 0.4984375 0.5203125 0.4984375 0.5890625 0.5640625 0.5890625
57 0.42187500000000017 0.7703125 0.3546875000000001 0.7703125 0.3546875000000001 0.840625 0.42187500000000017 0.840625
51 0.5671875 0.5953125 0.5 0.5953125 0.5 0.6640625 0.5671875 0.6640625
26 0.490625 0.045312500000000054 0.4234375 0.045312500000000054 0.4234375 0.11562500000000005 0.490625 0.11562500000000005
4 0.6390625000000001 0.7078125 0.571875 0.7078125 0.5718750000000001 0.778125 0.6390625000000002 0.778125
3 0.6437500000000002 0.7875 0.5765625000000002 0.7875 0.5765625000000002 0.859375 0.6437500000000002 0.859375
32 0.42500000000000016 0.925 0.35625000000000007 0.925 0.35625000000000007 0.9984375 0.42500000000000016 0.9984375
29 0.490625 0.3500000000000001 0.4234375 0.3500000000000001 0.4234375 0.4203125 0.490625 0.4203125
41 0.5734375000000002 0.9046875 0.5031250000000002 0.9046875 0.5031250000000002 0.9765625 0.5734375000000002 0.9765625
38 0.5625 0.21250000000000008 0.4953125 0.21250000000000008 0.4953125 0.2828125000000001 0.5625 0.2828125000000001
16 0.4203125000000001 0.69375 0.3515625000000001 0.69375 0.3515625000000001 0.7640625 0.4203125000000002 0.7640625
40 0.4171875 0.23437500000000006 0.35 0.234375 0.35 0.30312500000000003 0.4171875 0.3031250000000001
33 0.41875 0.38906250000000003 0.34843750000000007 0.3890625 0.34843750000000007 0.4578125 0.41875 0.4578125
19 0.49531250000000016 0.7296875 0.4265625000000002 0.7296875 0.4265625000000002 0.8015625 0.49531250000000016 0.8015625
36 0.5640625 0.2906250000000001 0.4984375 0.2906250000000001 0.4984375 0.3609375000000001 0.5640625 0.3609375000000001
0 0.634375 0.2484375000000001 0.5671875 0.2484375000000001 0.5671875 0.3203125000000001 0.634375 0.3203125000000001
45 0.5000000000000002 0.9578125 0.4281250000000002 0.9578125 0.4281250000000002 1 0.5000000000000002 1
54 0.5625 0.13750000000000007 0.4953125 0.13750000000000004 0.4953125 0.2062500000000001 0.5625 0.2062500000000001
27 0.5625 0.37187500000000007 0.5 0.37187500000000007 0.5 0.440625 0.5625 0.440625
47 0.3468750000000001 0.384375 0.2750000000000001 0.384375 0.2750000000000001 0.765625 0.3468750000000001 0.765625
9 0.6375 0.3296875000000001 0.5703125 0.3296875000000001 0.5703125 0.4 0.6375 0.4
12 0.4890625 0.12187500000000004 0.421875 0.12187500000000004 0.421875 0.18906250000000005 0.4890625 0.18906250000000005
11 0.6328125 0.09843750000000007 0.5671875 0.09843750000000007 0.5671875 0.1671875000000001 0.6328125 0.1671875000000001
1 0.6453125000000002 0.940625 0.5796875000000001 0.940625 0.5796875000000001 1 0.6453125000000002 1
42 0.5671875000000001 0.6703125 0.5 0.6703125 0.5000000000000001 0.7421875 0.5671875000000002 0.7421875
21 0.5703125000000002 0.75 0.5015625000000001 0.75 0.5015625000000001 0.821875 0.5703125000000002 0.821875
39 0.5625 0.06250000000000007 0.4953125 0.06250000000000007 0.4953125 0.13125000000000006 0.5625 0.1312500000000001
56 0.5734375000000002 0.8265625 0.5031250000000002 0.8265625 0.5031250000000002 0.8984375 0.5734375000000002 0.8984375
6 0.6390625 0.553125 0.571875 0.553125 0.571875 0.625 0.6390625 0.625
15 0.41875 0.540625 0.3515625000000001 0.540625 0.3515625000000001 0.609375 0.41875 0.609375
8 0.6375 0.40625 0.5703125 0.40625 0.5703125 0.4765625 0.6375 0.4765625
10 0.4968750000000002 0.8875 0.42968750000000017 0.8875 0.42968750000000017 0.9578125 0.4968750000000002 0.9578125
30 0.7031250000000001 5.912747827133315e-17 0.2625 3.214697847761802e-17 0.26250000000000007 1 0.7031250000000002 1
31 0.4890625 0.2718750000000001 0.421875 0.2718750000000001 0.421875 0.3421875000000001 0.4890625 0.3421875000000001
7 0.6375 0.4796875 0.5703125 0.4796875 0.5703125 0.5484375 0.6375 0.5484375
23 0.4953125 0.6546875 0.4265625 0.6546875 0.4265625 0.7234375 0.4953125 0.7234375
52 0.5734375000000002 0.978125 0.5031250000000002 0.978125 0.5031250000000002 1 0.5734375000000002 1
24 0.4921875 0.578125 0.425 0.578125 0.425 0.646875 0.4921875 0.646875
18 0.4171875 0.31250000000000006 0.35 0.3125 0.35000000000000003 0.38125000000000003 0.4171875 0.3812500000000001
48 0.634375 0.17187500000000008 0.565625 0.17187500000000008 0.565625 0.24218750000000008 0.634375 0.24218750000000008
55 0.41875 0.6171875 0.3515625000000001 0.6171875 0.3515625000000001 0.6875 0.41875 0.6875
22 0.5625 6.008423358316701e-17 0.41875 5.128208471429541e-17 0.41875 0.05937500000000005 0.5625 0.05937500000000007
49 0.3500000000000001 0.9421875 0.27812500000000007 0.9421875 0.27812500000000007 1 0.3500000000000001 1
14 0.340625 0.2140625 0.271875 0.2140625 0.271875 0.2859375 0.340625 0.2859375
5 0.640625 0.6296875 0.5734375 0.6296875 0.5734375 0.7015625 0.640625 0.7015625
34 0.415625 0.15937500000000004 0.3484375 0.15937500000000004 0.3484375 0.22812500000000005 0.415625 0.22812500000000008
37 0.4890625 0.19687500000000005 0.421875 0.19687500000000005 0.421875 0.2656250000000001 0.4890625 0.2656250000000001