22 0.9140625 0.3375000000000001 0.85625 0.3375000000000001 0.85625 0.4281250000000002 0.9140625 0.4281250000000002
37 0.7546875 0.3843750000000001 0.7046875 0.3843750000000001 0.7046875 0.4250000000000001 0.7546875 0.42500000000000016
25 0.534375 0.3843750000000001 0.4859375 0.3843750000000001 0.4859375 0.4265625 0.534375 0.4265625
35 0.5625 0.4296875 0.5140625 0.4296875 0.5140625 0.471875 0.5625 0.471875
24 0.4796875 0.3843750000000001 0.4328125 0.3843750000000001 0.4328125 0.4265625 0.4796875 0.4265625
47 0.6171875 0.4765625 0.3500000000000001 0.4765625 0.3500000000000001 0.525 0.6171875 0.525
0 0.7125 0.2921875000000001 0.6640625 0.2921875000000001 0.6640625 0.3343750000000001 0.7125 0.3343750000000001
55 0.4546875 0.4296875 0.4046875 0.4296875 0.4046875 0.471875 0.4546875 0.471875
30 0.9296875 0.24687500000000004 0.10156250000000004 0.246875 0.10156250000000004 0.5390625000000001 0.9296875 0.5390625000000002
49 0.2250000000000001 0.478125 0.17343750000000005 0.478125 0.17343750000000005 0.5265625 0.2250000000000001 0.5265625
46 0.90625 0.4281250000000002 0.7890625 0.4281250000000002 0.7890625 0.47187500000000016 0.90625 0.47187500000000016
11 0.8203125 0.2921875000000001 0.7734375 0.2921875000000001 0.7734375 0.33281250000000007 0.8203125 0.33281250000000007
1 0.2234375 0.29375 0.17187500000000006 0.29375 0.17187500000000006 0.334375 0.2234375 0.334375
48 0.7671875 0.2921875000000001 0.71875 0.2921875000000001 0.71875 0.3343750000000001 0.7671875 0.3343750000000001
2 0.278125 0.29375 0.228125 0.29375 0.228125 0.334375 0.278125 0.334375
5 0.4390625 0.29375000000000007 0.3921875 0.29375000000000007 0.3921875 0.3343750000000001 0.4390625 0.3343750000000001
31 0.6984375 0.3843750000000001 0.65 0.3843750000000001 0.65 0.4265625 0.6984375 0.4265625
12 0.809375 0.3843750000000001 0.759375 0.3843750000000001 0.759375 0.4265625000000002 0.809375 0.4265625000000002
44 0.18281250000000004 0.4296875 0.11875000000000005 0.4296875 0.11875000000000005 0.4734375 0.18281250000000004 0.4734375
13 0.27812500000000007 0.478125 0.22812500000000008 0.478125 0.22812500000000008 0.5265625 0.27812500000000007 0.5265625
17 0.16718750000000004 0.2953125 0.11718750000000004 0.2953125 0.11718750000000004 0.334375 0.16718750000000004 0.334375
53 0.5765625 0.3375000000000001 0.528125 0.3375000000000001 0.528125 0.37968750000000007 0.5765625 0.37968750000000007
54 0.7953125 0.3375000000000001 0.7453125 0.3375000000000001 0.7453125 0.37968750000000007 0.7953125 0.37968750000000007
7 0.5484375 0.29375000000000007 0.5 0.29375000000000007 0.5 0.3343750000000001 0.5484375 0.3343750000000001
21 0.35937500000000006 0.3375 0.309375 0.3375 0.30937500000000007 0.3796875 0.3593750000000001 0.3796875
8 0.603125 0.29375000000000007 0.5546875 0.29375000000000007 0.5546875 0.3343750000000001 0.603125 0.3343750000000001
4 0.3859375 0.29375000000000007 0.3375 0.29375 0.3375 0.33437500000000003 0.3859375 0.3343750000000001
59 0.521875 0.3390625000000001 0.4734375 0.3390625000000001 0.4734375 0.37968750000000007 0.521875 0.37968750000000007
29 0.64375 0.3843750000000001 0.5953125 0.3843750000000001 0.5953125 0.4265625 0.64375 0.4265625
23 0.4265625 0.3859375000000001 0.3781250000000001 0.3859375000000001 0.3781250000000001 0.4265625 0.4265625 0.4265625
18 0.671875 0.4296875 0.6234375 0.4296875 0.6234375 0.471875 0.671875 0.471875
42 0.4125 0.3390625000000001 0.3640625 0.3390625000000001 0.36406250000000007 0.3812500000000001 0.4125 0.3812500000000001
15 0.509375 0.4296875 0.459375 0.4296875 0.459375 0.471875 0.509375 0.471875
51 0.4671875 0.3375000000000001 0.41875 0.3375000000000001 0.41875 0.37968750000000007 0.4671875 0.37968750000000007
45 0.2093750000000001 0.384375 0.11875000000000005 0.384375 0.11875000000000005 0.4265625 0.2093750000000001 0.4265625
26 0.8640625 0.3843750000000001 0.8140625 0.3843750000000001 0.8140625 0.4265625000000002 0.8640625 0.4265625000000002
40 0.7265625 0.4296875000000001 0.678125 0.4296875 0.678125 0.4703125000000001 0.7265625 0.4703125000000002
28 0.5890625 0.3859375000000001 0.5421875 0.3859375000000001 0.5421875 0.4265625 0.5890625 0.4265625
9 0.6578125 0.2921875000000001 0.609375 0.2921875000000001 0.609375 0.3343750000000001 0.6578125 0.3343750000000001
27 0.6296875 0.3375000000000001 0.58125 0.3375000000000001 0.58125 0.37968750000000007 0.6296875 0.37968750000000007
58 0.2921875000000001 0.4296875 0.24218750000000008 0.4296875 0.24218750000000008 0.471875 0.2921875000000001 0.471875
14 0.7421875 0.4781250000000001 0.6921875 0.478125 0.6921875 0.5265625 0.7421875 0.5265625000000002
16 0.4 0.43125 0.3515625000000001 0.43125 0.3515625000000001 0.471875 0.4 0.471875
36 0.684375 0.3375000000000001 0.6359375 0.3375000000000001 0.6359375 0.37968750000000007 0.684375 0.37968750000000007
10 0.2640625000000001 0.3859375 0.2140625000000001 0.3859375 0.2140625000000001 0.428125 0.2640625000000001 0.428125
38 0.7390625 0.3375000000000001 0.6921875 0.3375000000000001 0.6921875 0.37968750000000007 0.7390625 0.37968750000000007
43 0.3187500000000001 0.3859375 0.2687500000000001 0.3859375 0.2687500000000001 0.4265625 0.3187500000000001 0.4265625
33 0.6171875 0.4296875 0.56875 0.4296875 0.56875 0.471875 0.6171875 0.471875
19 0.37187500000000007 0.38593750000000004 0.3234375000000001 0.3859375 0.3234375000000001 0.4265625 0.37187500000000007 0.4265625
3 0.3328125 0.29375 0.28125 0.29375 0.28125 0.334375 0.3328125 0.334375
57 0.3453125000000001 0.43125 0.2968750000000001 0.43125 0.2968750000000001 0.471875 0.3453125000000001 0.471875
52 0.19375000000000003 0.3375 0.11875000000000005 0.3375 0.11875000000000005 0.3796875 0.19375000000000003 0.3796875
39 0.85 0.3375000000000001 0.8 0.3375000000000001 0.8 0.37968750000000007 0.85 0.37968750000000007
32 0.2375000000000001 0.43125 0.18750000000000006 0.43125 0.18750000000000006 0.471875 0.2375000000000001 0.471875
34 0.78125 0.42968750000000017 0.73125 0.42968750000000017 0.73125 0.47187500000000016 0.78125 0.47187500000000016
56 0.30468750000000006 0.3375 0.2546875 0.3375 0.25468750000000007 0.3796875 0.3046875000000001 0.3796875
20 0.90625 0.2906250000000001 0.828125 0.2906250000000001 0.828125 0.3343750000000001 0.90625 0.3343750000000001
6 0.49375 0.29375000000000007 0.4453125 0.29375000000000007 0.4453125 0.3343750000000001 0.49375 0.3343750000000001
41 0.2515625 0.3375 0.2 0.3375 0.20000000000000004 0.38125 0.2515625000000001 0.38125