34 0.8328125 0.4671875000000002 0.784375 0.4671875000000002 0.784375 0.5140625000000002 0.8328125 0.5140625000000002
42 0.4859375 0.3687500000000001 0.4390625 0.3687500000000001 0.4390625 0.415625 0.4859375 0.415625
59 0.5890625 0.3671875000000001 0.5421875 0.3671875000000001 0.5421875 0.4140625 0.5890625 0.4140625
57 0.421875 0.4671875 0.3750000000000001 0.4671875 0.3750000000000001 0.5140625 0.421875 0.5140625
22 0.9515625 0.3671875000000001 0.9015625 0.3671875000000001 0.9015625 0.4656250000000002 0.9515625 0.4656250000000002
9 0.71875 0.3187500000000001 0.6703125 0.3187500000000001 0.6703125 0.36406250000000007 0.71875 0.36406250000000007
8 0.6671875 0.3187500000000001 0.61875 0.3187500000000001 0.61875 0.3656250000000001 0.6671875 0.3656250000000001
38 0.7953125 0.3671875000000001 0.7484375 0.3671875000000001 0.7484375 0.41406250000000017 0.7953125 0.41406250000000017
5 0.5125 0.31718750000000007 0.4640625 0.31718750000000007 0.4640625 0.36406250000000007 0.5125 0.36406250000000007
49 0.30937500000000007 0.51875 0.2609375000000001 0.51875 0.2609375000000001 0.565625 0.30937500000000007 0.565625
18 0.7296875 0.4671875000000001 0.6828125 0.4671875 0.6828125 0.5140625000000001 0.7296875 0.5140625000000002
19 0.4484375 0.41875 0.4 0.41875 0.4 0.4640625 0.4484375 0.4640625
15 0.578125 0.4671875 0.5296875 0.4671875 0.5296875 0.5140625 0.578125 0.5140625
29 0.7046875 0.4171875 0.6578125 0.4171875 0.6578125 0.4640625 0.7046875 0.4640625
11 0.871875 0.31718750000000007 0.825 0.31718750000000007 0.825 0.36406250000000007 0.871875 0.36406250000000007
43 0.3968750000000001 0.41875 0.34843750000000007 0.41875 0.34843750000000007 0.4640625 0.3968750000000001 0.4640625
0 0.7703125 0.3187500000000001 0.721875 0.3187500000000001 0.721875 0.3656250000000001 0.7703125 0.3656250000000001
4 0.4609375 0.31718750000000007 0.4125 0.31718750000000007 0.4125 0.36406250000000007 0.4609375 0.36406250000000007
10 0.3453125000000001 0.41875 0.2984375000000001 0.41875 0.2984375000000001 0.4640625 0.3453125000000001 0.4640625
39 0.8984375 0.3656250000000001 0.85 0.3656250000000001 0.85 0.41406250000000017 0.8984375 0.41406250000000017
26 0.9140625 0.4187500000000002 0.8640625 0.4187500000000002 0.8640625 0.46406250000000016 0.9140625 0.46406250000000016
31 0.75625 0.4171875000000001 0.709375 0.4171875 0.709375 0.4640625000000001 0.75625 0.46406250000000016
54 0.846875 0.3671875000000001 0.7984375 0.3671875000000001 0.7984375 0.41406250000000017 0.846875 0.41406250000000017
51 0.5375 0.3671875000000001 0.490625 0.3671875000000001 0.490625 0.4125 0.5375 0.4125
2 0.35781250000000003 0.3171875 0.3109375 0.3171875 0.31093750000000003 0.3640625 0.3578125000000001 0.3640625
7 0.6140625 0.3187500000000001 0.5671875 0.3187500000000001 0.5671875 0.36406250000000007 0.6140625 0.36406250000000007
24 0.55 0.4171875 0.503125 0.4171875 0.503125 0.4640625 0.55 0.4640625
17 0.25468750000000007 0.31875 0.2078125 0.31875 0.20781250000000004 0.3640625 0.25468750000000007 0.3640625
40 0.78125 0.4671875000000002 0.734375 0.4671875000000002 0.734375 0.5125000000000002 0.78125 0.5125000000000002
46 0.9484375 0.4671875000000002 0.8375 0.4671875000000002 0.8375 0.5140625000000002 0.9484375 0.5140625000000002
41 0.33281250000000007 0.36875 0.2843750000000001 0.36875 0.2843750000000001 0.415625 0.33281250000000007 0.415625
30 0.965625 0.27968750000000003 0.19531250000000006 0.2796875 0.19531250000000006 0.5781250000000001 0.965625 0.5781250000000002
56 0.3843750000000001 0.36718750000000006 0.3359375000000001 0.3671875 0.3359375000000001 0.4140625 0.3843750000000001 0.4140625
16 0.475 0.4671875 0.4265625 0.4671875 0.4265625 0.5140625 0.475 0.5140625
55 0.525 0.4671875 0.478125 0.4671875 0.478125 0.5140625 0.525 0.5140625
28 0.653125 0.4171875 0.60625 0.4171875 0.60625 0.4640625 0.653125 0.4640625
36 0.74375 0.3671875000000001 0.6953125 0.3671875000000001 0.6953125 0.4140625000000001 0.74375 0.41406250000000017
1 0.30781250000000004 0.3171875 0.259375 0.3171875 0.259375 0.3640625 0.3078125000000001 0.3640625
47 0.6796875 0.5171875 0.425 0.5171875 0.425 0.5640625 0.6796875 0.5640625
44 0.3218750000000001 0.4671875 0.2078125000000001 0.4671875 0.2078125000000001 0.515625 0.3218750000000001 0.515625
53 0.640625 0.3687500000000001 0.59375 0.3687500000000001 0.59375 0.415625 0.640625 0.415625
6 0.5640625 0.31718750000000007 0.515625 0.31718750000000007 0.515625 0.36406250000000007 0.5640625 0.36406250000000007
3 0.409375 0.31718750000000007 0.3609375 0.3171875 0.3609375 0.36562500000000003 0.409375 0.3656250000000001
58 0.37187500000000007 0.4671875 0.32500000000000007 0.4671875 0.32500000000000007 0.5140625 0.37187500000000007 0.5140625
35 0.628125 0.4671875 0.5796875 0.4671875 0.5796875 0.5140625 0.628125 0.5140625
25 0.6015625 0.4171875 0.5546875 0.4171875 0.5546875 0.4640625 0.6015625 0.4640625
20 0.95 0.3187500000000001 0.8765625 0.3187500000000001 0.8765625 0.3656250000000001 0.95 0.3656250000000001
14 0.7953125 0.5171875000000001 0.746875 0.5171875000000001 0.746875 0.5640625000000001 0.7953125 0.5640625000000001
13 0.3609375000000001 0.5171875 0.3125000000000001 0.5171875 0.3125000000000001 0.5640625 0.3609375000000001 0.5640625
37 0.8078125 0.4187500000000002 0.759375 0.4187500000000002 0.759375 0.46406250000000016 0.8078125 0.46406250000000016
48 0.821875 0.31718750000000007 0.7734375 0.31718750000000007 0.7734375 0.36406250000000007 0.821875 0.36406250000000007
12 0.859375 0.41718750000000016 0.8109375 0.41718750000000016 0.8109375 0.46406250000000016 0.859375 0.46406250000000016
21 0.434375 0.3687500000000001 0.38750000000000007 0.3687500000000001 0.38750000000000007 0.415625 0.434375 0.415625
52 0.2812500000000001 0.36875 0.2078125000000001 0.36875 0.2078125000000001 0.415625 0.2812500000000001 0.415625
23 0.4984375 0.41875 0.4515625 0.41875 0.4515625 0.4640625 0.4984375 0.4640625
27 0.6921875 0.3687500000000001 0.6453125 0.3687500000000001 0.6453125 0.4140625 0.6921875 0.4140625
45 0.2953125000000001 0.4203125 0.2093750000000001 0.4203125 0.2093750000000001 0.4671875 0.2953125000000001 0.4671875
33 0.6796875 0.4671875 0.63125 0.4671875 0.63125 0.5140625 0.6796875 0.5140625