0 0.15312500000000012 0.6703125 8.208960575534602e-17 0.6703125 9.892849924362213e-17 0.9453125 0.15312500000000012 0.9453125
48 0.19062500000000007 0.365625 4.4776148593825096e-17 0.365625 6.199774420683475e-17 0.646875 0.1906250000000001 0.646875
11 0.2265625 0.05625000000000001 6.888638245203862e-18 0.05625 2.4492935982947065e-17 0.34375 0.2265625 0.34375
36 0.4343750000000002 0.85 0.1515625000000001 0.85 0.1515625000000001 1 0.4343750000000002 1
38 0.4687500000000001 0.5484375 0.1906250000000001 0.5484375 0.1906250000000001 0.8328125 0.46875000000000017 0.8328125
54 0.51875 0.24218750000000006 0.221875 0.2421875 0.22187500000000004 0.534375 0.51875 0.534375
39 0.54375 0.0015625000000000493 0.259375 0.001562500000000032 0.259375 0.22343750000000004 0.54375 0.2234375000000001
31 0.7359375000000001 0.8125 0.4593750000000002 0.8125 0.4593750000000002 1 0.7359375000000001 1
37 0.7796875000000001 0.5125000000000001 0.490625 0.5125 0.4906250000000001 0.7906250000000001 0.7796875000000002 0.7906250000000001
12 0.8171875 0.2078125000000001 0.5328125 0.2078125000000001 0.5328125 0.4859375000000001 0.8171875 0.4859375000000002
40 1 0.6906250000000002 0.765625 0.6906250000000002 0.7656250000000001 0.9703125 1 0.9703125
34 1 0.3890625000000001 0.80625 0.3890625000000001 0.80625 0.6578125000000001 1 0.6578125000000001