59 0.4640625 0.2906250000000001 0.3921875 0.2906250000000001 0.3921875 0.4640625 0.4640625 0.4640625
57 0.2062500000000001 0.6671875 0.13437500000000008 0.6671875 0.13437500000000008 0.8359375 0.2062500000000001 0.8359375
30 1 6.123233995736766e-17 0 0 6.123233995736766e-17 1 1 1
45 0.05156250000000008 0.478125 5.855342508423283e-17 0.478125 6.917340904558878e-17 0.6515625 0.05156250000000009 0.6515625
20 1 0.10468750000000011 0.90625 0.10468750000000009 0.90625 0.2765625000000001 1 0.2765625000000001
14 0.7812500000000002 0.8546875 0.7062500000000002 0.8546875 0.7062500000000002 1 0.7812500000000002 1
22 1 0.28593750000000007 0.94375 0.28593750000000007 0.94375 0.6500000000000001 1 0.6500000000000001
16 0.2843750000000001 0.6671875 0.21250000000000008 0.6671875 0.21250000000000008 0.840625 0.2843750000000001 0.840625
13 0.10937500000000011 0.85625 0.0343750000000001 0.85625 0.034375000000000114 1 0.10937500000000014 1
19 0.2453125000000001 0.4796875 0.17343750000000005 0.4796875 0.17343750000000008 0.653125 0.2453125000000001 0.653125
10 0.08750000000000008 0.4796875 0.015625000000000062 0.4796875 0.01562500000000007 0.6484375 0.08750000000000009 0.6484375
37 0.8 0.47968750000000016 0.728125 0.47968750000000016 0.728125 0.6531250000000002 0.8 0.6531250000000002
2 0.10781250000000002 0.10625 0.03437500000000001 0.10625 0.034375000000000024 0.2796875 0.10781250000000005 0.2796875
35 0.5218750000000001 0.665625 0.45 0.665625 0.45000000000000007 0.8375 0.5218750000000002 0.8375
48 0.8203125 0.1062500000000001 0.7484375 0.1062500000000001 0.7484375 0.2796875000000001 0.8203125 0.2796875000000001
9 0.6625 0.1062500000000001 0.5890625 0.1062500000000001 0.5890625 0.2796875000000001 0.6625 0.2796875000000001
21 0.22656250000000006 0.290625 0.15312500000000004 0.290625 0.15312500000000004 0.4640625 0.22656250000000008 0.4640625
49 0.02968750000000011 0.8546875 1.0466903111462534e-16 0.8546875 1.1356685551468033e-16 1 0.029687500000000124 1
26 0.9578125 0.47968750000000016 0.8859375 0.47968750000000016 0.8859375 0.6484375000000002 0.9578125 0.6484375000000002
6 0.425 0.10625000000000004 0.3515625 0.10625000000000004 0.3515625 0.27968750000000003 0.425 0.2796875000000001
23 0.32500000000000007 0.4796875 0.2531250000000001 0.4796875 0.2531250000000001 0.6515625 0.32500000000000007 0.6515625
54 0.8578125 0.2906250000000001 0.7859375 0.2906250000000001 0.7859375 0.46406250000000016 0.8578125 0.46406250000000016
52 0.04062500000000004 0.290625 3.559129760021995e-17 0.290625 4.592425496802574e-17 0.459375 0.04062500000000006 0.459375
12 0.878125 0.4781250000000002 0.80625 0.4781250000000002 0.80625 0.6515625000000002 0.878125 0.6515625000000002
24 0.403125 0.4796875 0.3312500000000001 0.4796875 0.3312500000000001 0.6515625 0.403125 0.6515625
1 0.026562500000000024 0.1046875 1.2820521178573852e-17 0.1046875 2.3249154077563034e-17 0.275 0.026562500000000034 0.275
38 0.7796875 0.2906250000000001 0.7078125 0.2906250000000001 0.7078125 0.4625000000000001 0.7796875 0.4625000000000002
39 0.9375 0.2921875000000001 0.865625 0.2921875000000001 0.865625 0.46093750000000017 0.9375 0.46093750000000017
0 0.740625 0.1062500000000001 0.66875 0.1062500000000001 0.66875 0.2796875000000001 0.740625 0.2796875000000001
32 0.04687500000000009 0.665625 8.15155525682457e-17 0.665625 9.203986099841826e-17 0.8375 0.0468750000000001 0.8375
51 0.38281250000000006 0.290625 0.3125 0.290625 0.31250000000000006 0.4625 0.3828125000000001 0.4625
33 0.6015625000000001 0.6640625 0.528125 0.6640625 0.5281250000000001 0.8375 0.6015625000000002 0.8375
43 0.16562500000000008 0.4796875 0.09375000000000007 0.4796875 0.09375000000000008 0.6515625 0.16562500000000008 0.6515625
7 0.503125 0.10625000000000004 0.43125 0.10625000000000004 0.43125 0.2796875000000001 0.503125 0.2796875000000001
28 0.5609375 0.4796875 0.4890625 0.4796875 0.4890625 0.6515625 0.5609375 0.6515625
47 0.6046875000000002 0.853125 0.21093750000000008 0.853125 0.21093750000000008 1 0.6046875000000002 1
58 0.12656250000000008 0.665625 0.05468750000000009 0.665625 0.0546875000000001 0.8375 0.12656250000000008 0.8375
34 0.8390625 0.6671875000000002 0.7671875 0.6671875000000002 0.7671875000000001 0.8359375 0.8390625 0.8359375
46 1 0.6609375000000002 0.8421875 0.6609375000000002 0.8421875 0.8375 1 0.8375
44 0.03125000000000009 0.6640625 8.132420150587893e-17 0.6640625 9.194418546723489e-17 0.8375 0.0312500000000001 0.8375
8 0.5828125 0.10625000000000007 0.509375 0.10625000000000004 0.509375 0.2796875000000001 0.5828125 0.2796875000000001
18 0.6812500000000001 0.6671875 0.6078125 0.6671875 0.6078125000000001 0.8359375 0.6812500000000001 0.8359375
15 0.4453125000000001 0.6640625 0.3703125000000001 0.6640625 0.3703125000000001 0.8375 0.44531250000000017 0.8375
40 0.7609375 0.6671875 0.6875 0.6671875 0.6875000000000001 0.8359375 0.7609375000000002 0.8359375
4 0.2671875 0.10468750000000004 0.1953125 0.10468750000000004 0.19531250000000003 0.278125 0.2671875 0.278125
42 0.30468750000000006 0.290625 0.2328125 0.290625 0.23281250000000003 0.4640625 0.3046875000000001 0.4640625
11 0.8984375 0.10468750000000009 0.8265625 0.10468750000000009 0.8265625 0.2734375000000001 0.8984375 0.2734375000000001
27 0.6203125 0.2906250000000001 0.5484375 0.2906250000000001 0.5484375 0.4625 0.6203125 0.4625
36 0.7 0.2921875000000001 0.628125 0.2921875000000001 0.628125 0.4640625 0.7 0.4640625
55 0.3656250000000001 0.6640625 0.2921875000000001 0.6640625 0.2921875000000001 0.8375 0.3656250000000001 0.8375
29 0.6421875 0.478125 0.5703125 0.478125 0.5703125 0.653125 0.6421875 0.653125
3 0.18593750000000003 0.10625000000000002 0.1140625 0.10625 0.11406250000000002 0.2796875 0.18593750000000003 0.2796875
5 0.3453125 0.10468750000000004 0.2734375 0.10468750000000004 0.2734375 0.2796875 0.3453125 0.2796875
25 0.4828125 0.4796875 0.4109375 0.4796875 0.4109375 0.6515625 0.4828125 0.6515625
31 0.721875 0.4796875 0.65 0.4796875 0.65 0.653125 0.721875 0.653125
17 0.02031250000000002 0.103125 1.262917011620708e-17 0.103125 2.315347854637965e-17 0.275 0.020312500000000032 0.275
41 0.06718750000000005 0.290625 3.559129760021995e-17 0.290625 4.62112815615759e-17 0.4640625 0.06718750000000007 0.4640625
53 0.5421875 0.2906250000000001 0.4703125 0.2906250000000001 0.4703125 0.465625 0.5421875 0.465625
56 0.14531250000000004 0.290625 0.07343750000000004 0.290625 0.07343750000000006 0.4625 0.14531250000000004 0.4625