51 0.7046875 0.3890625000000001 0.5578125 0.3890625000000001 0.5578125 0.4515625 0.7046875 0.4515625
54 0.7078125000000002 0.8015625 0.5578125000000002 0.8015625 0.5578125000000002 0.865625 0.7078125000000002 0.865625
45 0.5359375 0.007812500000000057 0.3828125 0.007812500000000047 0.3828125 0.12031250000000004 0.5359375 0.12031250000000004
59 0.7046875 0.459375 0.5578125 0.459375 0.5578125 0.521875 0.7046875 0.521875
5 0.8703125 0.3546875000000001 0.7203125 0.3546875000000001 0.7203125 0.4171875000000001 0.8703125 0.41718750000000016
6 0.8671875 0.4250000000000001 0.7171875 0.425 0.7171875 0.4875000000000001 0.8671875 0.48750000000000016
47 0.21093750000000006 0.3 0.03593750000000003 0.3 0.03593750000000005 0.640625 0.21093750000000008 0.640625
57 0.3734375 0.23437500000000006 0.2265625 0.234375 0.2265625 0.29687500000000006 0.3734375 0.2968750000000001
28 0.5390625 0.5453125 0.3921875000000001 0.5453125 0.3921875000000001 0.6046875 0.5390625 0.6046875
40 0.3765625000000001 0.7171875 0.2328125000000001 0.7171875 0.2328125000000001 0.7796875 0.3765625000000001 0.7796875
10 0.5359375 0.12968750000000004 0.3890625 0.12968750000000004 0.3890625 0.19218750000000004 0.5359375 0.19218750000000004
39 0.7078125000000002 0.871875 0.5609375000000002 0.871875 0.5609375000000002 0.934375 0.7078125000000002 0.934375
8 0.8671875 0.5609375000000001 0.7171875 0.5609375 0.7171875 0.6250000000000001 0.8671875 0.6250000000000002
46 0.3828125000000001 0.8546875 0.2296875000000001 0.8546875 0.2296875000000001 1 0.3828125000000001 1
30 0.99375 6.104098889500089e-17 0.003125 3.827021247335479e-19 0.003125000000000061 1 0.99375 1
9 0.8671875 0.6312500000000001 0.7203125 0.63125 0.7203125 0.6937500000000001 0.8671875 0.6937500000000002
26 0.5484375000000001 0.890625 0.39531250000000007 0.890625 0.39531250000000007 1 0.5484375000000001 1
2 0.8640625 0.1468750000000001 0.7140625 0.1468750000000001 0.7140625 0.2093750000000001 0.8640625 0.2093750000000001
14 0.21093750000000008 0.7328125 0.03593750000000009 0.7328125 0.035937500000000094 0.796875 0.21093750000000008 0.796875
23 0.5359375 0.3390625000000001 0.3921875 0.3390625000000001 0.3921875 0.4 0.5359375 0.4
3 0.8640625 0.2171875000000001 0.7171875 0.2171875000000001 0.7171875 0.2796875000000001 0.8640625 0.2796875000000001
32 0.3671875 0.09375000000000003 0.2234375 0.09375000000000003 0.2234375 0.15625000000000006 0.3671875 0.15625000000000006
19 0.5390625 0.2671875000000001 0.3921875 0.2671875000000001 0.3921875 0.3296875000000001 0.5390625 0.3296875000000001
25 0.5421875 0.475 0.39531250000000007 0.475 0.39531250000000007 0.5375 0.5421875 0.5375
35 0.3765625000000001 0.509375 0.2296875000000001 0.509375 0.2296875000000001 0.571875 0.3765625000000001 0.571875
56 0.7078125 0.1828125000000001 0.5546875 0.1828125000000001 0.5546875 0.2453125000000001 0.7078125 0.2453125000000001
11 0.8703125 0.8390625 0.7234375000000002 0.8390625 0.7234375000000002 0.9 0.8703125 0.9
58 0.3703125 0.16406250000000006 0.2265625 0.16406250000000006 0.2265625 0.22656250000000006 0.3703125 0.22656250000000008
37 0.5390625000000002 0.7515625 0.3921875000000001 0.7515625 0.3921875000000001 0.8140625 0.5390625000000002 0.8140625
24 0.5390625 0.40625 0.3921875000000001 0.40625 0.3921875000000001 0.46875 0.5390625 0.46875
13 0.2046875 0.1453125 0.029687500000000023 0.1453125 0.029687500000000023 0.209375 0.2046875 0.209375
43 0.5359375 0.19843750000000004 0.3921875 0.19843750000000004 0.3921875 0.2609375000000001 0.5359375 0.2609375000000001
1 0.8640625 0.0781250000000001 0.7140625 0.07812500000000008 0.7140625 0.14062500000000008 0.8640625 0.14062500000000008
21 0.7015625 0.2515625000000001 0.5546875 0.2515625000000001 0.5546875 0.3125000000000001 0.7015625 0.3125000000000001
41 0.7015625 0.11250000000000009 0.5515625 0.11250000000000009 0.5515625 0.1765625000000001 0.7015625 0.1765625000000001
29 0.5390625 0.6140625 0.39531250000000007 0.6140625 0.39531250000000007 0.6765625 0.5390625 0.6765625
7 0.8671875 0.4921875000000001 0.7203125 0.4921875 0.7203125 0.5546875000000001 0.8671875 0.5546875000000002
49 0.203125 0.07500000000000001 0.02812500000000001 0.075 0.028125000000000018 0.13906250000000003 0.203125 0.13906250000000003
36 0.7078125000000001 0.665625 0.5578125 0.665625 0.5578125 0.728125 0.7078125000000002 0.728125
22 0.7078125000000002 0.9421875 0.5609375000000002 0.9421875 0.5609375000000002 1 0.7078125000000002 1
0 0.8671875 0.7000000000000001 0.7171875 0.7 0.7171875000000001 0.7625000000000001 0.8671875 0.7625000000000002
44 0.3765625 0.007812500000000038 0.2203125 0.007812500000000028 0.2203125 0.16093750000000004 0.3765625 0.16093750000000004
48 0.8703125 0.76875 0.7203125000000001 0.76875 0.7203125000000001 0.83125 0.8703125 0.83125
34 0.3765625000000001 0.7859375 0.2328125000000001 0.7859375 0.2328125000000001 0.8484375 0.3765625000000001 0.8484375
17 0.8609375 0.009375000000000095 0.7109375 0.009375000000000086 0.7109375 0.0718750000000001 0.8609375 0.0718750000000001
4 0.8671875 0.28593750000000007 0.7203125 0.28593750000000007 0.7203125 0.34843750000000007 0.8671875 0.34843750000000007
12 0.5453125000000002 0.8203125 0.39531250000000007 0.8203125 0.39531250000000007 0.8828125 0.5453125000000002 0.8828125
20 0.875 0.9046875 0.7203125000000001 0.9046875 0.7203125000000001 1 0.875 1
38 0.7078125000000002 0.7328125 0.5578125000000002 0.7328125 0.5578125000000002 0.7953125 0.7078125000000002 0.7953125
18 0.3765625000000001 0.646875 0.2296875000000001 0.646875 0.2296875000000001 0.709375 0.3765625000000001 0.709375
42 0.7046875 0.3203125000000001 0.5546875 0.3203125000000001 0.5546875 0.3828125000000001 0.7046875 0.3828125000000001
31 0.5390625000000001 0.6828125 0.3921875000000001 0.6828125 0.3921875000000001 0.74375 0.5390625000000002 0.74375
52 0.6984375 0.007812500000000076 0.5484375 0.007812500000000066 0.5484375 0.10468750000000009 0.6984375 0.10468750000000009
53 0.7078125 0.5265625 0.5546875 0.5265625 0.5546875 0.5890625 0.7078125 0.5890625
16 0.3765625 0.30156250000000007 0.2234375 0.3015625 0.22343750000000004 0.36406250000000007 0.3765625000000001 0.36406250000000007
27 0.7046875 0.5953125 0.5609375 0.5953125 0.5609375 0.6578125 0.7046875 0.6578125
33 0.37968750000000007 0.578125 0.22656250000000008 0.578125 0.22656250000000008 0.640625 0.37968750000000007 0.640625
55 0.3765625000000001 0.37187500000000007 0.2296875000000001 0.371875 0.2296875000000001 0.434375 0.3765625000000001 0.434375
15 0.3765625000000001 0.440625 0.2328125000000001 0.440625 0.2328125000000001 0.503125 0.3765625000000001 0.503125