51 0.709375 0.3812500000000001 0.5625 0.3812500000000001 0.5625 0.44375 0.709375 0.44375
54 0.7125000000000001 0.7890625 0.5625000000000002 0.7890625 0.5625000000000002 0.8515625 0.7125000000000001 0.8515625
45 0.5421875 0.003125000000000057 0.3890625 0.003125000000000047 0.3890625 0.11562500000000005 0.5421875 0.11562500000000005
59 0.709375 0.4484375 0.5625 0.4484375 0.5625 0.5109375 0.709375 0.5109375
5 0.875 0.3468750000000001 0.725 0.3468750000000001 0.725 0.4093750000000001 0.875 0.40937500000000016
6 0.871875 0.4140625000000001 0.721875 0.4140625 0.721875 0.4765625000000001 0.871875 0.47656250000000017
47 0.21875000000000006 0.2921875 0.04531250000000003 0.2921875 0.045312500000000054 0.6296875 0.21875000000000008 0.6296875
57 0.38125 0.22656250000000006 0.234375 0.2265625 0.234375 0.28906250000000006 0.38125 0.2890625000000001
28 0.5453125 0.534375 0.3984375000000001 0.534375 0.3984375000000001 0.59375 0.5453125 0.59375
40 0.3843750000000001 0.7046875 0.2406250000000001 0.7046875 0.2406250000000001 0.7671875 0.3843750000000001 0.7671875
10 0.5421875 0.12187500000000004 0.3953125 0.12187500000000004 0.3953125 0.18437500000000004 0.5421875 0.18437500000000004
39 0.7125000000000001 0.8578125 0.5656250000000002 0.8578125 0.5656250000000002 0.9203125 0.7125000000000001 0.9203125
8 0.871875 0.55 0.721875 0.55 0.721875 0.6125 0.871875 0.6125000000000002
46 0.3890625000000001 0.840625 0.23593750000000008 0.840625 0.23593750000000008 0.9859375 0.3890625000000001 0.9859375
30 0.996875 0.0015625000000000617 0.0125 0.0015625000000000014 0.012500000000000061 0.9984375 0.996875 0.9984375
9 0.871875 0.6187500000000001 0.725 0.61875 0.725 0.6812500000000001 0.871875 0.6812500000000001
26 0.5546875000000002 0.8765625 0.40156250000000016 0.8765625 0.40156250000000016 0.9890625 0.5546875000000002 0.9890625
2 0.86875 0.14062500000000008 0.71875 0.14062500000000008 0.71875 0.20312500000000008 0.86875 0.20312500000000008
14 0.21875000000000008 0.7203125 0.04531250000000009 0.7203125 0.045312500000000096 0.7828125 0.21875000000000008 0.7828125
23 0.5421875 0.3296875000000001 0.3984375 0.3296875000000001 0.39843750000000006 0.3890625000000001 0.5421875 0.3890625000000001
3 0.86875 0.2093750000000001 0.721875 0.2093750000000001 0.721875 0.2718750000000001 0.86875 0.2718750000000001
32 0.375 0.08906250000000003 0.23125 0.08906250000000002 0.23125 0.15156250000000004 0.375 0.15156250000000004
19 0.5453125 0.2593750000000001 0.3984375 0.2593750000000001 0.3984375 0.3218750000000001 0.5453125 0.3218750000000001
25 0.5484375 0.4640625 0.4015625 0.4640625 0.4015625 0.5265625 0.5484375 0.5265625
35 0.3843750000000001 0.4984375 0.2375000000000001 0.4984375 0.2375000000000001 0.5609375 0.3843750000000001 0.5609375
56 0.7125 0.1750000000000001 0.559375 0.1750000000000001 0.559375 0.2375000000000001 0.7125 0.2375000000000001
11 0.875 0.825 0.7281250000000001 0.825 0.7281250000000001 0.884375 0.875 0.884375
58 0.378125 0.15625000000000006 0.234375 0.15625000000000006 0.234375 0.21875000000000006 0.378125 0.21875000000000008
37 0.5453125000000002 0.7375 0.3984375000000001 0.7375 0.3984375000000001 0.8 0.5453125000000002 0.8
24 0.5453125 0.3968750000000001 0.3984375000000001 0.3968750000000001 0.3984375000000001 0.459375 0.5453125 0.459375
13 0.2125 0.13906250000000003 0.03906250000000002 0.1390625 0.03906250000000002 0.2015625 0.2125 0.2015625
43 0.5421875 0.19218750000000004 0.3984375 0.19218750000000004 0.3984375 0.25468750000000007 0.5421875 0.25468750000000007
1 0.86875 0.0718750000000001 0.71875 0.07187500000000009 0.71875 0.13437500000000008 0.86875 0.13437500000000008
21 0.7078125 0.2453125000000001 0.5609375 0.2453125000000001 0.5609375 0.3046875000000001 0.7078125 0.3046875000000001
41 0.7078125 0.1062500000000001 0.5578125 0.1062500000000001 0.5578125 0.1687500000000001 0.7078125 0.1687500000000001
29 0.5453125 0.6015625 0.4015625 0.6015625 0.4015625 0.6640625 0.5453125 0.6640625
7 0.871875 0.4828125000000001 0.725 0.4828125 0.725 0.5453125000000001 0.871875 0.5453125000000002
49 0.209375 0.07031250000000001 0.03593750000000001 0.0703125 0.03593750000000001 0.13281250000000003 0.209375 0.13281250000000006
36 0.7125 0.653125 0.5625 0.653125 0.5625 0.715625 0.7125 0.715625
22 0.7125000000000001 0.9265625 0.5656250000000002 0.9265625 0.5656250000000002 0.9890625 0.7125000000000001 0.9890625
0 0.871875 0.6875000000000001 0.721875 0.6875 0.721875 0.7500000000000001 0.871875 0.7500000000000002
44 0.384375 0.0031250000000000375 0.228125 0.003125000000000028 0.228125 0.15312500000000004 0.384375 0.15312500000000004
48 0.875 0.7546875000000001 0.7250000000000002 0.7546875 0.7250000000000002 0.8171875 0.875 0.8171875
34 0.3843750000000001 0.771875 0.2406250000000001 0.771875 0.2406250000000001 0.834375 0.3843750000000001 0.834375
17 0.865625 0.0031250000000000965 0.715625 0.0031250000000000873 0.715625 0.0656250000000001 0.865625 0.06562500000000011
4 0.871875 0.27812500000000007 0.725 0.27812500000000007 0.725 0.34062500000000007 0.871875 0.34062500000000007
12 0.5515625000000002 0.80625 0.40156250000000016 0.80625 0.40156250000000016 0.86875 0.5515625000000002 0.86875
20 0.878125 0.890625 0.7250000000000002 0.890625 0.7250000000000002 0.9859375 0.878125 0.9859375
38 0.7125000000000001 0.7203125 0.5625 0.7203125 0.5625000000000001 0.7828125 0.7125000000000001 0.7828125
18 0.3843750000000001 0.634375 0.2375000000000001 0.634375 0.2375000000000001 0.696875 0.3843750000000001 0.696875
42 0.709375 0.3125000000000001 0.559375 0.3125000000000001 0.559375 0.3750000000000001 0.709375 0.3750000000000001
31 0.5453125000000001 0.671875 0.3984375000000001 0.671875 0.3984375000000001 0.73125 0.5453125000000002 0.73125
52 0.7046875 0.003125000000000077 0.5546875 0.003125000000000068 0.5546875 0.09843750000000008 0.7046875 0.0984375000000001
53 0.7125 0.515625 0.559375 0.515625 0.559375 0.578125 0.7125 0.578125
16 0.384375 0.29375000000000007 0.23125 0.29375 0.23125 0.35625000000000007 0.384375 0.35625000000000007
27 0.709375 0.584375 0.565625 0.584375 0.565625 0.646875 0.709375 0.646875
33 0.38750000000000007 0.565625 0.23437500000000008 0.565625 0.23437500000000008 0.628125 0.38750000000000007 0.628125
55 0.384375 0.36250000000000004 0.2375 0.3625 0.23750000000000004 0.425 0.3843750000000001 0.425
15 0.3843750000000001 0.43125 0.2406250000000001 0.43125 0.2406250000000001 0.49375 0.3843750000000001 0.49375