59 0.7 0.4734375 0.521875 0.4734375 0.521875 0.5484375 0.7 0.5484375
57 0.3140625000000001 0.7375 0.1390625000000001 0.7375 0.1390625000000001 0.8125 0.3140625000000001 0.8125
30 1 6.123233995736766e-17 0 0 6.123233995736766e-17 1 1 1
45 0.5078125000000002 0.9375 0.3296875000000001 0.9375 0.3296875000000001 1 0.5078125000000002 1
14 0.12031250000000002 0.146875 1.798699986247675e-17 0.146875 2.2770776421646097e-17 0.225 0.12031250000000004 0.225
16 0.3140625000000001 0.65625 0.1359375000000001 0.65625 0.1359375000000001 0.73125 0.3140625000000001 0.73125
13 0.1187500000000001 0.8375 1.0256416942859082e-16 0.8375 1.0725227045657678e-16 0.9140625 0.11875000000000013 0.9140625
19 0.5062500000000001 0.696875 0.3281250000000001 0.696875 0.3281250000000001 0.771875 0.5062500000000002 0.771875
10 0.5062500000000002 0.859375 0.3312500000000001 0.859375 0.3312500000000001 0.934375 0.5062500000000002 0.934375
37 0.50625 0.12812500000000004 0.328125 0.12812500000000004 0.328125 0.20312500000000006 0.50625 0.20312500000000008
2 0.8890625 0.8390625 0.7109375000000002 0.8390625 0.7109375000000002 0.9140625 0.8890625 0.9140625
35 0.3140625000000001 0.4125 0.13750000000000004 0.4125 0.13750000000000004 0.4875 0.3140625000000001 0.4875
48 0.8890625 0.10781250000000009 0.7109375 0.10781250000000009 0.7109375 0.1828125000000001 0.8890625 0.1828125000000001
9 0.8890625 0.2687500000000001 0.7109375 0.2687500000000001 0.7109375 0.3437500000000001 0.8890625 0.3437500000000001
21 0.7000000000000001 0.7171875 0.521875 0.7171875 0.5218750000000001 0.7921875 0.7000000000000002 0.7921875
49 0.12031250000000013 0.9171875 1.123230736092963e-16 0.9171875 1.1720252569964904e-16 0.996875 0.12031250000000013 0.996875
26 0.50625 5.128208471429542e-17 0.33125 4.0566425221756075e-17 0.33125 0.04062500000000006 0.50625 0.040625000000000064
6 0.8890625 0.5140625000000001 0.7109375 0.5140625 0.7109375 0.5890625 0.8890625 0.5890625000000002
23 0.50625 0.615625 0.3296875000000001 0.615625 0.3296875000000001 0.690625 0.50625 0.690625
54 0.7 0.06718750000000008 0.521875 0.06718750000000007 0.521875 0.14218750000000008 0.7 0.14218750000000008
52 0.7000000000000002 0.946875 0.5250000000000001 0.946875 0.5250000000000001 1 0.7000000000000002 1
12 0.5078125 0.046875000000000056 0.3296875 0.04687500000000004 0.3296875 0.12187500000000004 0.5078125 0.12187500000000004
24 0.50625 0.5359375 0.3296875000000001 0.5359375 0.3296875000000001 0.609375 0.50625 0.609375
1 0.890625 0.9203125 0.7156250000000002 0.9203125 0.7156250000000002 0.9953125 0.890625 0.9953125
38 0.7 0.14843750000000006 0.5234375 0.14843750000000006 0.5234375 0.2234375000000001 0.7 0.2234375000000001
39 0.7 7.510529197895876e-17 0.5265625 6.448530801760282e-17 0.5265625 0.060937500000000075 0.7 0.06093750000000009
0 0.8890625 0.18750000000000008 0.7109375 0.18750000000000008 0.7109375 0.26250000000000007 0.8890625 0.26250000000000007
32 0.3140625000000001 0.9 0.1375000000000001 0.9 0.13750000000000012 0.975 0.3140625000000001 0.975
51 0.7 0.55625 0.5234375 0.55625 0.5234375 0.628125 0.7 0.628125
33 0.31562500000000004 0.33125 0.13750000000000004 0.33125 0.13750000000000004 0.40625 0.3156250000000001 0.40625
43 0.5062500000000002 0.778125 0.3296875000000001 0.778125 0.3296875000000001 0.853125 0.5062500000000002 0.853125
7 0.8890625 0.4328125000000001 0.7109375 0.4328125 0.7109375 0.5078125000000001 0.8890625 0.5078125000000002
28 0.50625 0.37187500000000007 0.3296875000000001 0.371875 0.3296875000000001 0.446875 0.50625 0.446875
47 0.12187500000000007 0.3296875 4.0375074159389303e-17 0.3296875 6.505936120470313e-17 0.7328125 0.1218750000000001 0.7328125
58 0.3140625000000001 0.81875 0.1375000000000001 0.81875 0.1375000000000001 0.89375 0.3140625000000001 0.89375
34 0.3140625 0.08750000000000004 0.1390625 0.08750000000000002 0.1390625 0.16250000000000003 0.3140625 0.16250000000000003
46 0.31875 2.7937255105548996e-17 0.1375 1.6838893488276106e-17 0.1375 0.08281250000000004 0.31875 0.08281250000000004
44 0.3156250000000001 0.95625 0.13750000000000012 0.95625 0.13750000000000012 1 0.3156250000000001 1
8 0.8890625 0.3515625000000001 0.7109375 0.3515625000000001 0.7109375 0.42656250000000007 0.8890625 0.4265625000000002
18 0.3140625 0.25 0.13906250000000003 0.25 0.13906250000000003 0.325 0.3140625 0.325
15 0.3156250000000001 0.4921875 0.13750000000000004 0.4921875 0.13750000000000007 0.56875 0.3156250000000001 0.56875
40 0.3140625 0.16875 0.1390625 0.16875 0.13906250000000003 0.24375 0.3140625 0.24375
4 0.8921875 0.675 0.7140625 0.675 0.7140625 0.7500000000000001 0.8921875 0.7500000000000002
42 0.7 0.6359375 0.521875 0.6359375 0.521875 0.709375 0.7 0.709375
11 0.8921875 0.0265625000000001 0.7171875 0.02656250000000009 0.7171875 0.10000000000000009 0.8921875 0.10000000000000009
27 0.7 0.3109375000000001 0.5234375 0.3109375000000001 0.5234375 0.3859375000000001 0.7 0.3859375000000001
36 0.6984375 0.2296875000000001 0.521875 0.2296875000000001 0.521875 0.3046875000000001 0.6984375 0.3046875000000001
55 0.3156250000000001 0.575 0.1375000000000001 0.575 0.1375000000000001 0.65 0.3156250000000001 0.65
29 0.509375 0.290625 0.328125 0.290625 0.32812500000000006 0.36562500000000003 0.509375 0.3656250000000001
3 0.8890625 0.7578125000000001 0.7109375000000002 0.7578125 0.7109375000000002 0.8328125 0.8890625 0.8328125
5 0.8921875 0.5953125000000001 0.7109375 0.5953125 0.7109375 0.6703125000000001 0.8921875 0.6703125000000002
25 0.50625 0.453125 0.3296875000000001 0.453125 0.3296875000000001 0.528125 0.50625 0.528125
31 0.50625 0.20781250000000004 0.328125 0.2078125 0.328125 0.2828125 0.50625 0.2828125000000001
17 0.8921875 0.96875 0.7156250000000002 0.96875 0.7156250000000002 1 0.8921875 1
41 0.7000000000000002 0.8796875 0.5218750000000002 0.8796875 0.5218750000000002 0.95625 0.7000000000000002 0.95625
53 0.7 0.3921875000000001 0.51875 0.3921875000000001 0.51875 0.4671875 0.7 0.4671875
56 0.7000000000000002 0.8 0.5234375000000002 0.8 0.5234375000000002 0.875 0.7000000000000002 0.875