35 0.37187500000000007 0.4578125 0.3156250000000001 0.4578125 0.3156250000000001 0.5140625 0.37187500000000007 0.5140625
29 0.43125 0.3734375000000001 0.3750000000000001 0.3734375000000001 0.3750000000000001 0.4265625 0.43125 0.4265625
30 0.5953125000000001 0.07968750000000005 0.2421875 0.07968750000000002 0.24218750000000006 0.9453125 0.5953125000000001 0.9453125
19 0.43125 0.659375 0.3750000000000001 0.659375 0.3750000000000001 0.715625 0.43125 0.715625
27 0.490625 0.38750000000000007 0.434375 0.38750000000000007 0.434375 0.440625 0.490625 0.440625
51 0.490625 0.559375 0.434375 0.559375 0.434375 0.6125 0.490625 0.6125
40 0.371875 0.28593750000000007 0.3171875 0.2859375 0.3171875 0.33906250000000004 0.371875 0.3390625000000001
8 0.5484375 0.4140625 0.4921875 0.4140625 0.4921875 0.4703125 0.5484375 0.4703125
32 0.37187500000000007 0.803125 0.3156250000000001 0.803125 0.3156250000000001 0.859375 0.37187500000000007 0.859375
16 0.37187500000000007 0.6296875 0.3156250000000001 0.6296875 0.3156250000000001 0.6859375 0.37187500000000007 0.6859375
24 0.43125 0.5453125 0.3750000000000001 0.5453125 0.3750000000000001 0.5984375 0.43125 0.5984375
39 0.490625 0.15781250000000005 0.434375 0.15781250000000005 0.434375 0.21093750000000008 0.490625 0.21093750000000008
26 0.43125 0.14218750000000005 0.375 0.14218750000000005 0.375 0.19531250000000006 0.43125 0.19531250000000006
45 0.4312500000000002 0.8328125 0.3750000000000001 0.8328125 0.3750000000000001 0.9296875 0.4312500000000002 0.9296875
56 0.4906250000000002 0.7328125 0.4343750000000002 0.7328125 0.4343750000000002 0.7859375 0.4906250000000002 0.7859375
6 0.55 0.528125 0.49375 0.528125 0.49375 0.584375 0.55 0.584375
3 0.55 0.703125 0.49375 0.703125 0.4937500000000001 0.7578125 0.5500000000000002 0.7578125
7 0.5484375 0.4734375 0.4921875 0.4734375 0.4921875 0.528125 0.5484375 0.528125
13 0.3125000000000001 0.759375 0.25468750000000007 0.759375 0.25468750000000007 0.8140625 0.3125000000000001 0.8140625
2 0.5500000000000002 0.7609375 0.4937500000000002 0.7609375 0.4937500000000002 0.8140625 0.5500000000000002 0.8140625
23 0.43125 0.603125 0.3750000000000001 0.603125 0.3750000000000001 0.65625 0.43125 0.65625
42 0.490625 0.6171875 0.434375 0.6171875 0.434375 0.6703125 0.490625 0.6703125
34 0.371875 0.22812500000000005 0.315625 0.228125 0.315625 0.2828125 0.371875 0.2828125000000001
0 0.55 0.3000000000000001 0.49375 0.3000000000000001 0.49375 0.3546875000000001 0.55 0.3546875000000001
43 0.4312500000000001 0.7171875 0.3750000000000001 0.7171875 0.3750000000000001 0.771875 0.4312500000000002 0.771875
36 0.490625 0.3296875000000001 0.434375 0.3296875000000001 0.434375 0.3843750000000001 0.490625 0.3843750000000001
21 0.4906250000000001 0.675 0.434375 0.675 0.43437500000000007 0.7296875 0.4906250000000002 0.7296875
33 0.3734375000000001 0.4 0.3156250000000001 0.4 0.3156250000000001 0.45625 0.3734375000000001 0.45625
49 0.3125000000000001 0.815625 0.2531250000000001 0.815625 0.2531250000000001 0.871875 0.3125000000000001 0.871875
1 0.5500000000000002 0.81875 0.4937500000000002 0.81875 0.4937500000000002 0.871875 0.5500000000000002 0.871875
20 0.55 0.09843750000000007 0.49375 0.09843750000000007 0.49375 0.18125000000000008 0.55 0.18125000000000008
37 0.4296875 0.2562500000000001 0.3734375 0.2562500000000001 0.3734375 0.3109375000000001 0.4296875 0.3109375000000001
58 0.37187500000000007 0.7453125 0.3156250000000001 0.7453125 0.3156250000000001 0.8 0.37187500000000007 0.8
38 0.490625 0.2718750000000001 0.434375 0.2718750000000001 0.434375 0.32500000000000007 0.490625 0.32500000000000007
15 0.37187500000000007 0.515625 0.3156250000000001 0.515625 0.3156250000000001 0.571875 0.37187500000000007 0.571875
31 0.43125 0.3156250000000001 0.375 0.3156250000000001 0.37500000000000006 0.3687500000000001 0.43125 0.3687500000000001
48 0.55 0.24218750000000008 0.49375 0.24218750000000008 0.49375 0.2968750000000001 0.55 0.2968750000000001
52 0.4906250000000002 0.8484375 0.4343750000000002 0.8484375 0.4343750000000002 0.9296875 0.4906250000000002 0.9296875
5 0.55 0.5859375 0.49375 0.5859375 0.49375 0.6421875 0.55 0.6421875
44 0.37187500000000007 0.8609375 0.3156250000000001 0.8609375 0.3156250000000001 0.93125 0.37187500000000007 0.93125
12 0.43125 0.2000000000000001 0.375 0.2000000000000001 0.375 0.2531250000000001 0.43125 0.2531250000000001
10 0.4312500000000002 0.775 0.3750000000000001 0.775 0.3750000000000001 0.828125 0.4312500000000002 0.828125
47 0.3125000000000001 0.4015625 0.2562500000000001 0.4015625 0.2562500000000001 0.6859375 0.3125000000000001 0.6859375
59 0.490625 0.5015625 0.434375 0.5015625 0.434375 0.5546875 0.490625 0.5546875
28 0.43125 0.4296875 0.3750000000000001 0.4296875 0.3750000000000001 0.4828125 0.43125 0.4828125
57 0.37187500000000007 0.6890625 0.3156250000000001 0.6890625 0.3156250000000001 0.7421875 0.37187500000000007 0.7421875
53 0.490625 0.4453125 0.434375 0.4453125 0.434375 0.4984375 0.490625 0.4984375
25 0.43125 0.4875 0.3750000000000001 0.4875 0.3750000000000001 0.540625 0.43125 0.540625
14 0.3109375 0.2703125 0.2546875 0.2703125 0.2546875 0.3265625 0.3109375 0.3265625
54 0.490625 0.2156250000000001 0.434375 0.2156250000000001 0.434375 0.2687500000000001 0.490625 0.2687500000000001
22 0.490625 0.09687500000000006 0.375 0.09687500000000004 0.375 0.15312500000000004 0.490625 0.15312500000000004
46 0.3734375 0.09843750000000004 0.315625 0.09843750000000004 0.315625 0.22656250000000006 0.3734375 0.22656250000000008
4 0.55 0.6453125 0.49375 0.6453125 0.49375 0.6984375 0.55 0.6984375
18 0.37187500000000007 0.34375000000000006 0.315625 0.34375 0.31562500000000004 0.39843750000000006 0.37187500000000007 0.3984375000000001
41 0.4906250000000002 0.7890625 0.4343750000000002 0.7890625 0.4343750000000002 0.8453125 0.4906250000000002 0.8453125
17 0.5500000000000002 0.8765625 0.4937500000000002 0.8765625 0.4937500000000002 0.9296875 0.5500000000000002 0.9296875
11 0.55 0.18593750000000006 0.49375 0.18593750000000003 0.49375 0.2390625000000001 0.55 0.2390625000000001
9 0.5484375 0.3578125000000001 0.4921875 0.3578125000000001 0.4921875 0.4125 0.5484375 0.4125
55 0.37187500000000007 0.5734375 0.3156250000000001 0.5734375 0.3156250000000001 0.6296875 0.37187500000000007 0.6296875