47 0.5953125 0.6046875 0.34843750000000007 0.6046875 0.34843750000000007 0.6515625 0.5953125 0.6515625
7 0.5328125 0.4109375 0.4859375 0.4109375 0.4859375 0.4578125 0.5328125 0.4578125
25 0.5203125 0.5078125 0.4734375 0.5078125 0.4734375 0.5546875 0.5203125 0.5546875
37 0.7203125 0.5078125 0.671875 0.5078125 0.671875 0.5546875 0.7203125 0.5546875
28 0.5703125 0.5078125 0.5234375 0.5078125 0.5234375 0.5546875 0.5703125 0.5546875
53 0.5578125 0.459375 0.5109375 0.459375 0.5109375 0.50625 0.5578125 0.50625
51 0.4578125 0.459375 0.4109375 0.459375 0.4109375 0.5046875 0.4578125 0.5046875
35 0.5453125 0.55625 0.4984375 0.55625 0.4984375 0.603125 0.5453125 0.603125
40 0.6953125 0.55625 0.646875 0.55625 0.646875 0.6015625 0.6953125 0.6015625
33 0.596875 0.5546875 0.546875 0.5546875 0.546875 0.603125 0.596875 0.603125
55 0.446875 0.5546875 0.3984375000000001 0.5546875 0.3984375000000001 0.603125 0.446875 0.603125
48 0.73125 0.41093750000000007 0.684375 0.4109375 0.684375 0.45781250000000007 0.73125 0.4578125000000002
20 0.85625 0.4109375000000002 0.784375 0.4109375000000002 0.784375 0.4578125000000002 0.85625 0.4578125000000002
18 0.6453125 0.5546875 0.596875 0.5546875 0.596875 0.603125 0.6453125 0.603125
9 0.634375 0.4109375 0.584375 0.4109375 0.584375 0.4578125 0.634375 0.4578125
6 0.484375 0.4109375 0.4359375 0.4109375 0.4359375 0.4578125 0.484375 0.4578125
49 0.23593750000000008 0.6046875 0.18750000000000008 0.6046875 0.18750000000000008 0.653125 0.23593750000000008 0.653125
21 0.3593750000000001 0.459375 0.3125000000000001 0.459375 0.3125000000000001 0.50625 0.3593750000000001 0.50625
16 0.3968750000000001 0.55625 0.34843750000000007 0.55625 0.34843750000000007 0.603125 0.3968750000000001 0.603125
43 0.3218750000000001 0.5078125 0.2734375000000001 0.5078125 0.2734375000000001 0.5546875 0.3218750000000001 0.5546875
24 0.4703125 0.5078125 0.4234375 0.5078125 0.4234375 0.5546875 0.4703125 0.5546875
56 0.30937500000000007 0.4578125 0.26250000000000007 0.4578125 0.26250000000000007 0.50625 0.30937500000000007 0.50625
23 0.421875 0.5078125 0.3750000000000001 0.5078125 0.3750000000000001 0.5546875 0.421875 0.5546875
41 0.2593750000000001 0.459375 0.21250000000000008 0.459375 0.21250000000000008 0.50625 0.2593750000000001 0.50625
14 0.7078125 0.6046875 0.659375 0.6046875 0.659375 0.6515625 0.7078125 0.6515625
4 0.3843750000000001 0.4109375 0.3375000000000001 0.4109375 0.3375000000000001 0.4578125 0.3843750000000001 0.4578125
13 0.28593750000000007 0.6046875 0.2375000000000001 0.6046875 0.2375000000000001 0.653125 0.28593750000000007 0.653125
30 0.8734375 0.37500000000000006 0.12812500000000004 0.375 0.12812500000000007 0.6640625000000001 0.8734375 0.6640625000000002
19 0.37187500000000007 0.5078125 0.3234375000000001 0.5078125 0.3234375000000001 0.5546875 0.37187500000000007 0.5546875
42 0.409375 0.459375 0.3625000000000001 0.459375 0.3625000000000001 0.50625 0.409375 0.50625
34 0.74375 0.5562500000000001 0.696875 0.55625 0.696875 0.6015625000000001 0.74375 0.6015625000000002
27 0.6078125 0.459375 0.5609375 0.459375 0.5609375 0.5046875 0.6078125 0.5046875
58 0.2968750000000001 0.55625 0.2500000000000001 0.55625 0.2500000000000001 0.603125 0.2968750000000001 0.603125
10 0.2718750000000001 0.5078125 0.2250000000000001 0.5078125 0.2250000000000001 0.5546875 0.2718750000000001 0.5546875
5 0.434375 0.4109375 0.3859375000000001 0.4109375 0.3859375000000001 0.4578125 0.434375 0.4578125
2 0.2843750000000001 0.4109375 0.2375000000000001 0.4109375 0.2375000000000001 0.4578125 0.2843750000000001 0.4578125
8 0.584375 0.4109375 0.5359375 0.4109375 0.5359375 0.4578125 0.584375 0.4578125
36 0.6578125 0.459375 0.6109375 0.459375 0.6109375 0.50625 0.6578125 0.50625
1 0.23593750000000008 0.4109375 0.18906250000000005 0.4109375 0.18906250000000005 0.4578125 0.23593750000000008 0.4578125
17 0.18593750000000003 0.4109375 0.13906250000000003 0.4109375 0.13906250000000003 0.4578125 0.18593750000000003 0.4578125
59 0.509375 0.459375 0.4609375 0.459375 0.4609375 0.50625 0.509375 0.50625
15 0.4953125 0.55625 0.4484375 0.55625 0.4484375 0.603125 0.4953125 0.603125
32 0.2484375000000001 0.55625 0.2000000000000001 0.55625 0.2000000000000001 0.6015625 0.2484375000000001 0.6015625
44 0.1984375000000001 0.55625 0.1375000000000001 0.55625 0.1375000000000001 0.603125 0.1984375000000001 0.603125
22 0.8578125 0.4593750000000002 0.809375 0.4593750000000002 0.809375 0.5546875000000002 0.8578125 0.5546875000000002
46 0.8578125 0.5546875000000002 0.746875 0.5546875000000002 0.746875 0.6031250000000001 0.8578125 0.6031250000000001
54 0.7578125 0.4593750000000001 0.7109375 0.459375 0.7109375 0.5062500000000001 0.7578125 0.5062500000000002
31 0.6703125 0.5078125 0.6234375 0.5078125 0.6234375 0.5546875 0.6703125 0.5546875
45 0.2234375000000001 0.5078125 0.13750000000000004 0.5078125 0.13750000000000007 0.5546875 0.2234375000000001 0.5546875
38 0.7078125 0.459375 0.6609375 0.459375 0.6609375 0.50625 0.7078125 0.50625
39 0.80625 0.4593750000000002 0.759375 0.4593750000000002 0.759375 0.5046875000000002 0.80625 0.5046875000000002
11 0.78125 0.40937500000000016 0.734375 0.40937500000000016 0.734375 0.45625000000000016 0.78125 0.45625000000000016
29 0.6203125 0.5078125 0.5734375 0.5078125 0.5734375 0.5546875 0.6203125 0.5546875
0 0.684375 0.4109375 0.634375 0.4109375 0.634375 0.4578125 0.684375 0.4578125
57 0.3468750000000001 0.55625 0.3000000000000001 0.55625 0.3000000000000001 0.603125 0.3468750000000001 0.603125
26 0.81875 0.5078125000000002 0.771875 0.5078125000000002 0.771875 0.5546875000000002 0.81875 0.5546875000000002
3 0.3343750000000001 0.4109375 0.2875000000000001 0.4109375 0.2875000000000001 0.4578125 0.3343750000000001 0.4578125
12 0.76875 0.5078125000000001 0.721875 0.5078125 0.721875 0.5546875000000001 0.76875 0.5546875000000002
52 0.21093750000000008 0.459375 0.13906250000000003 0.459375 0.13906250000000003 0.50625 0.21093750000000008 0.50625