20 0.14375000000000002 0.165625 0.07812500000000003 0.165625 0.07812500000000003 0.25 0.14375000000000004 0.25
27 0.2812500000000001 0.4 0.21875000000000008 0.4 0.21875000000000008 0.4609375 0.2812500000000001 0.4609375
41 0.42500000000000016 0.7875 0.3531250000000001 0.7875 0.3531250000000001 0.846875 0.42500000000000016 0.846875
32 0.5656250000000002 0.7828125 0.4906250000000002 0.7828125 0.4906250000000002 0.8453125 0.5656250000000002 0.8453125
54 0.225 0.24375 0.16250000000000003 0.24375 0.16250000000000003 0.30625 0.225 0.30625
47 0.578125 0.3546875000000001 0.409375 0.3546875000000001 0.409375 0.6546875 0.578125 0.6546875
14 0.4359375 0.23281250000000003 0.3609375 0.2328125 0.3609375 0.30156250000000007 0.4359375 0.30156250000000007
30 0.6921875000000001 0.04687500000000004 0.02656250000000001 0.046875 0.026562500000000065 0.9625 0.6921875000000002 0.9625
9 0.2171875000000001 0.390625 0.15468750000000003 0.390625 0.15468750000000003 0.453125 0.2171875000000001 0.453125
7 0.2515625000000001 0.496875 0.18906250000000005 0.496875 0.18906250000000008 0.55625 0.2515625000000001 0.55625
51 0.3421875000000001 0.5625 0.2734375000000001 0.5625 0.2734375000000001 0.6234375 0.3421875000000001 0.6234375
17 0.3906250000000001 0.884375 0.3218750000000001 0.884375 0.3218750000000001 0.940625 0.3906250000000001 0.940625
2 0.34843750000000007 0.76875 0.2828125000000001 0.76875 0.2828125000000001 0.8265625 0.34843750000000007 0.8265625
24 0.4015625 0.5328125 0.33281250000000007 0.5328125 0.33281250000000007 0.59375 0.4015625 0.59375
40 0.3703125 0.2671875 0.3046875 0.2671875 0.3046875 0.33281250000000007 0.3703125 0.33281250000000007
58 0.5437500000000001 0.7234375 0.46875 0.7234375 0.4687500000000001 0.7859375 0.5437500000000002 0.7859375
19 0.44375 0.646875 0.37187500000000007 0.646875 0.37187500000000007 0.7078125 0.44375 0.7078125
48 0.17812500000000003 0.2875 0.11875000000000005 0.2875 0.11875000000000005 0.35 0.17812500000000003 0.35
53 0.3031250000000001 0.453125 0.2375000000000001 0.453125 0.2375000000000001 0.515625 0.3031250000000001 0.515625
31 0.31875000000000003 0.315625 0.253125 0.315625 0.25312500000000004 0.378125 0.3187500000000001 0.378125
56 0.4031250000000002 0.73125 0.3343750000000001 0.73125 0.3343750000000001 0.7890625 0.4031250000000002 0.7890625
29 0.34062500000000007 0.36875 0.2718750000000001 0.36875 0.2718750000000001 0.43125 0.34062500000000007 0.43125
23 0.4234375 0.5890625 0.3515625000000001 0.5890625 0.3515625000000001 0.6515625 0.4234375 0.6515625
3 0.3296875000000001 0.7125 0.2640625000000001 0.7125 0.2640625000000001 0.771875 0.3296875000000001 0.771875
43 0.46562500000000007 0.7046875 0.3937500000000001 0.7046875 0.3937500000000001 0.7671875 0.4656250000000002 0.7671875
8 0.23437500000000008 0.4421875 0.17187500000000006 0.4421875 0.17187500000000006 0.5046875 0.23437500000000008 0.5046875
52 0.45625000000000016 0.846875 0.3750000000000001 0.846875 0.3750000000000001 0.934375 0.45625000000000016 0.934375
57 0.5234375 0.6625 0.4484375 0.6625 0.4484375 0.725 0.5234375 0.725
33 0.415625 0.37812500000000004 0.3437500000000001 0.378125 0.3437500000000001 0.4421875 0.415625 0.4421875
49 0.6546875000000002 0.784375 0.5703125000000002 0.784375 0.5703125000000002 0.8484375 0.6546875000000002 0.8484375
5 0.2906250000000001 0.603125 0.2250000000000001 0.603125 0.2250000000000001 0.6625 0.2906250000000001 0.6625
11 0.15781250000000005 0.240625 0.10156250000000004 0.240625 0.10156250000000004 0.3 0.15781250000000005 0.3
13 0.628125 0.7234375 0.54375 0.7234375 0.5437500000000001 0.7890625 0.6281250000000002 0.7890625
44 0.6000000000000002 0.84375 0.5125000000000002 0.84375 0.5125000000000002 0.921875 0.6000000000000002 0.921875
1 0.3687500000000001 0.825 0.3031250000000001 0.825 0.3031250000000001 0.8828125 0.3687500000000001 0.8828125
37 0.3 0.2625 0.234375 0.2625 0.234375 0.325 0.3 0.325
10 0.4859375000000002 0.7640625 0.4109375000000002 0.7640625 0.4109375000000002 0.8234375 0.4859375000000002 0.8234375
18 0.3921875 0.32343750000000004 0.3234375 0.3234375 0.32343750000000004 0.38906250000000003 0.3921875000000001 0.3890625000000001
46 0.334375 0.09687500000000003 0.24375 0.09687500000000002 0.24375 0.228125 0.334375 0.228125
4 0.30937500000000007 0.6578125 0.24375000000000008 0.6578125 0.24375000000000008 0.715625 0.30937500000000007 0.715625
21 0.3828125000000001 0.6734375 0.3140625000000001 0.6734375 0.3140625000000001 0.734375 0.3828125000000001 0.734375
22 0.240625 0.12187500000000002 0.128125 0.121875 0.12812500000000002 0.2046875 0.240625 0.2046875
0 0.19687500000000005 0.3390625 0.13437500000000005 0.3390625 0.13437500000000005 0.4015625 0.19687500000000005 0.4015625
42 0.3625000000000001 0.6171875 0.29375000000000007 0.6171875 0.29375000000000007 0.678125 0.3625000000000001 0.678125
55 0.478125 0.54375 0.40625 0.54375 0.40625 0.609375 0.478125 0.609375
38 0.24375 0.2953125 0.18125000000000005 0.2953125 0.18125000000000005 0.3578125 0.24375 0.3578125
28 0.3593750000000001 0.4234375 0.2906250000000001 0.4234375 0.2906250000000001 0.4859375 0.3593750000000001 0.4859375
45 0.5250000000000001 0.8234375 0.4343750000000002 0.8234375 0.4343750000000002 0.9265625 0.5250000000000001 0.9265625
16 0.5015625 0.603125 0.4265625 0.603125 0.4265625 0.6671875 0.5015625 0.6671875
39 0.2078125 0.19375000000000003 0.14531250000000004 0.19375 0.14531250000000004 0.25625 0.2078125 0.25625
25 0.3812500000000001 0.478125 0.3125000000000001 0.478125 0.3125000000000001 0.540625 0.3812500000000001 0.540625
26 0.2609375 0.15781250000000005 0.1953125 0.15781250000000005 0.19531250000000003 0.221875 0.2609375 0.221875
35 0.4359375 0.43125 0.36406250000000007 0.43125 0.36406250000000007 0.496875 0.4359375 0.496875
12 0.278125 0.209375 0.215625 0.209375 0.215625 0.2734375 0.278125 0.2734375
15 0.4578125 0.4890625 0.3859375000000001 0.4890625 0.3859375000000001 0.5546875 0.4578125 0.5546875
36 0.26406250000000003 0.346875 0.2015625 0.346875 0.20156250000000003 0.409375 0.2640625000000001 0.409375
6 0.2687500000000001 0.5484375 0.2062500000000001 0.5484375 0.2062500000000001 0.609375 0.2687500000000001 0.609375
34 0.3515625 0.2140625 0.2859375 0.2140625 0.2859375 0.2796875 0.3515625 0.2796875
59 0.3234375000000001 0.5078125 0.2578125000000001 0.5078125 0.2578125000000001 0.56875 0.3234375000000001 0.56875