0 0.7875 0.2953125000000001 0.7125 0.2953125000000001 0.7125 0.3515625000000001 0.7875 0.3515625000000001
45 0.6140625000000002 0.8296875 0.5328125000000001 0.8296875 0.5328125000000001 0.9296875 0.6140625000000002 0.9296875
33 0.5421875 0.3859375000000001 0.4578125 0.3859375000000001 0.4578125 0.4453125 0.5421875 0.4453125
27 0.70625 0.37968750000000007 0.628125 0.37968750000000007 0.628125 0.434375 0.70625 0.434375
25 0.621875 0.478125 0.540625 0.478125 0.540625 0.534375 0.621875 0.534375
12 0.6359375 0.1828125000000001 0.5546875 0.1828125000000001 0.5546875 0.24218750000000008 0.6359375 0.24218750000000008
21 0.6984375 0.66875 0.6203125 0.66875 0.6203125 0.725 0.6984375 0.725
11 0.79375 0.18125000000000008 0.71875 0.18125000000000008 0.71875 0.23593750000000008 0.79375 0.23593750000000008
34 0.55 0.2078125000000001 0.46875 0.2078125000000001 0.46875 0.2671875000000001 0.55 0.2671875000000001
6 0.778125 0.5250000000000001 0.703125 0.525 0.703125 0.5796875000000001 0.778125 0.5796875000000001
26 0.6375 0.12500000000000008 0.559375 0.12500000000000008 0.559375 0.1843750000000001 0.6375 0.1843750000000001
51 0.7 0.5546875 0.621875 0.5546875 0.621875 0.609375 0.7 0.609375
48 0.790625 0.2375000000000001 0.7140625 0.2375000000000001 0.7140625 0.29375000000000007 0.790625 0.29375000000000007
55 0.5375 0.565625 0.453125 0.565625 0.453125 0.6234375 0.5375 0.6234375
17 0.7734375000000002 0.86875 0.6984375000000002 0.86875 0.6984375000000002 0.9234375 0.7734375000000002 0.9234375
24 0.61875 0.5375 0.5375 0.5375 0.5375 0.59375 0.61875 0.59375
44 0.5312500000000002 0.8625 0.4468750000000002 0.8625 0.4468750000000002 0.9359375 0.5312500000000002 0.9359375
23 0.6171875 0.5984375 0.5390625 0.5984375 0.5390625 0.653125 0.6171875 0.653125
1 0.7750000000000001 0.8109375 0.6984375000000002 0.8109375 0.6984375000000002 0.865625 0.7750000000000001 0.865625
57 0.5328125000000001 0.6859375 0.4515625 0.6859375 0.4515625000000001 0.7421875 0.5328125000000001 0.7421875
7 0.7796875 0.4687500000000001 0.7046875 0.46875 0.7046875 0.5218750000000001 0.7796875 0.5218750000000002
43 0.6156250000000001 0.7140625 0.534375 0.7140625 0.534375 0.7703125 0.6156250000000002 0.7703125
59 0.7015625 0.4953125 0.6234375 0.4953125 0.6234375 0.5515625 0.7015625 0.5515625
16 0.534375 0.625 0.45 0.625 0.45 0.684375 0.534375 0.684375
13 0.4468750000000002 0.759375 0.3609375000000001 0.759375 0.3609375000000001 0.81875 0.4468750000000002 0.81875
47 0.4515625 0.3843750000000001 0.3656250000000001 0.3843750000000001 0.3656250000000001 0.684375 0.4515625 0.684375
58 0.5312500000000002 0.7453125 0.4500000000000002 0.7453125 0.4500000000000002 0.8015625 0.5312500000000002 0.8015625
56 0.6968750000000001 0.7265625 0.6187500000000001 0.7265625 0.6187500000000001 0.7828125 0.6968750000000001 0.7828125
53 0.703125 0.4375 0.625 0.4375 0.625 0.49375 0.703125 0.49375
54 0.7125 0.20468750000000008 0.6359375 0.20468750000000008 0.6359375 0.2609375000000001 0.7125 0.2609375000000001
22 0.7203125 0.08125000000000007 0.5609375 0.08125000000000007 0.5609375 0.1468750000000001 0.7203125 0.1468750000000001
15 0.5375 0.5046875 0.45625 0.5046875 0.45625 0.5640625 0.5375 0.5640625
41 0.6953125000000002 0.784375 0.6171875000000002 0.784375 0.6171875000000002 0.840625 0.6953125000000002 0.840625
37 0.6296875 0.24218750000000008 0.5515625 0.24218750000000008 0.5515625 0.3000000000000001 0.6296875 0.3000000000000001
39 0.7171875 0.1468750000000001 0.640625 0.1468750000000001 0.640625 0.20312500000000008 0.7171875 0.20312500000000008
3 0.7750000000000001 0.6968750000000001 0.6984375 0.696875 0.6984375 0.7515625000000001 0.7750000000000001 0.7515625000000001
32 0.5312500000000002 0.8046875 0.4500000000000002 0.8046875 0.4500000000000002 0.8625 0.5312500000000002 0.8625
2 0.7734375000000002 0.753125 0.6984375000000002 0.753125 0.6984375000000002 0.8078125 0.7734375000000002 0.8078125
29 0.6265625 0.3609375000000001 0.5453125 0.3609375000000001 0.5453125 0.4171875 0.6265625 0.4171875
9 0.784375 0.3515625000000001 0.709375 0.3515625000000001 0.709375 0.4078125000000001 0.784375 0.4078125000000002
35 0.5390625 0.4453125 0.4578125 0.4453125 0.4578125 0.5046875 0.5390625 0.5046875
14 0.4640625 0.2453125000000001 0.3765625 0.2453125000000001 0.3765625 0.3078125000000001 0.4640625 0.3078125000000001
42 0.6984375 0.6109375 0.6203125 0.6109375 0.6203125 0.6671875 0.6984375 0.6671875
20 0.7953125 0.09687500000000009 0.7203125 0.09687500000000009 0.7203125 0.17968750000000008 0.7953125 0.17968750000000008
31 0.628125 0.30156250000000007 0.546875 0.30156250000000007 0.546875 0.3593750000000001 0.628125 0.3593750000000001
52 0.6937500000000002 0.8421875 0.6156250000000002 0.8421875 0.6156250000000002 0.928125 0.6937500000000002 0.928125
30 0.8375 0.04843750000000007 0.3453125 0.04843750000000004 0.3453125 0.9484375 0.8375 0.9484375
18 0.5453125 0.3265625000000001 0.4640625 0.3265625000000001 0.4640625 0.3859375000000001 0.5453125 0.3859375000000001
38 0.7109375 0.26250000000000007 0.634375 0.26250000000000007 0.634375 0.3187500000000001 0.7109375 0.3187500000000001
28 0.625 0.4203125 0.54375 0.4203125 0.54375 0.4765625 0.625 0.4765625
8 0.7828125 0.4093750000000001 0.7078125 0.409375 0.7078125 0.46562500000000007 0.7828125 0.4656250000000002
46 0.5578125 0.07500000000000007 0.471875 0.07500000000000007 0.471875 0.2062500000000001 0.5578125 0.2062500000000001
10 0.6156250000000002 0.7734375 0.5343750000000002 0.7734375 0.5343750000000002 0.8296875 0.6156250000000002 0.8296875
19 0.6171875 0.65625 0.5359375 0.65625 0.5359375 0.7125 0.6171875 0.7125
49 0.4468750000000002 0.8203125 0.3593750000000001 0.8203125 0.3593750000000001 0.8796875 0.4468750000000002 0.8796875
5 0.778125 0.5828125000000001 0.7015625 0.5828125 0.7015625 0.6375000000000001 0.778125 0.6375000000000002
36 0.7078125 0.3203125000000001 0.6296875 0.3203125000000001 0.6296875 0.3765625000000001 0.7078125 0.3765625000000001
4 0.7765625 0.6406250000000001 0.7 0.640625 0.7 0.6937500000000001 0.7765625 0.6937500000000002
40 0.546875 0.2671875000000001 0.465625 0.2671875000000001 0.465625 0.3265625000000001 0.546875 0.3265625000000001