20 0.815625 0.10937500000000008 0.734375 0.10937500000000008 0.734375 0.17187500000000008 0.815625 0.17187500000000008
27 0.59375 0.24218750000000008 0.5375 0.24218750000000008 0.5375 0.30156250000000007 0.59375 0.30156250000000007
41 0.2296875000000001 0.36875 0.17343750000000005 0.36875 0.17343750000000005 0.4375 0.2296875000000001 0.4375
32 0.23437500000000008 0.4984375 0.17656250000000004 0.4984375 0.17656250000000007 0.5703125 0.23437500000000008 0.5703125
54 0.7421875 0.18906250000000008 0.684375 0.18906250000000008 0.684375 0.2484375000000001 0.7421875 0.2484375000000001
47 0.6359375 0.421875 0.3546875000000001 0.421875 0.3546875000000001 0.58125 0.6359375 0.58125
14 0.7515625 0.3765625000000001 0.6875 0.3765625000000001 0.6875 0.4468750000000001 0.7515625 0.4468750000000002
30 0.928125 0.060937500000000054 0.0671875 0.0609375 0.06718750000000004 0.6890625000000001 0.928125 0.6890625000000001
9 0.603125 0.18125000000000008 0.5453125 0.18125000000000008 0.5453125 0.2406250000000001 0.603125 0.2406250000000001
7 0.5046875 0.2140625000000001 0.4484375 0.2140625000000001 0.4484375 0.2734375000000001 0.5046875 0.2734375000000001
51 0.4421875 0.29375000000000007 0.384375 0.29375000000000007 0.384375 0.3578125000000001 0.4421875 0.3578125000000001
17 0.13906250000000003 0.3390625 0.08593750000000004 0.3390625 0.08593750000000004 0.403125 0.13906250000000003 0.403125
2 0.24687500000000004 0.303125 0.19218750000000004 0.303125 0.19218750000000004 0.3640625 0.2468750000000001 0.3640625
24 0.46875 0.3500000000000001 0.4109375 0.3500000000000001 0.4109375 0.415625 0.46875 0.415625
40 0.71875 0.3234375000000001 0.6578125 0.3234375000000001 0.6578125 0.3859375000000001 0.71875 0.3859375000000001
58 0.2906250000000001 0.478125 0.2312500000000001 0.478125 0.2312500000000001 0.55 0.2906250000000001 0.55
19 0.3609375000000001 0.3875 0.3046875000000001 0.3875 0.3046875000000001 0.4546875 0.3609375000000001 0.4546875
48 0.7 0.1468750000000001 0.6421875 0.1468750000000001 0.6421875 0.20468750000000008 0.7 0.20468750000000008
53 0.5453125 0.2609375000000001 0.4875 0.2609375000000001 0.4875 0.3218750000000001 0.5453125 0.3218750000000001
31 0.675 0.2734375000000001 0.615625 0.2734375000000001 0.615625 0.3359375000000001 0.675 0.3359375000000001
56 0.2828125 0.3515625 0.228125 0.3515625 0.22812500000000005 0.415625 0.2828125000000001 0.415625
29 0.6234375 0.29375000000000007 0.565625 0.29375000000000007 0.565625 0.3578125000000001 0.6234375 0.3578125000000001
23 0.415625 0.36718750000000006 0.3578125000000001 0.3671875 0.3578125000000001 0.434375 0.415625 0.434375
3 0.3 0.284375 0.24375 0.284375 0.24375 0.346875 0.3 0.346875
43 0.3078125000000001 0.40625 0.2500000000000001 0.40625 0.2500000000000001 0.475 0.3078125000000001 0.475
8 0.5546875 0.19687500000000008 0.496875 0.19687500000000005 0.496875 0.2562500000000001 0.5546875 0.2562500000000001
52 0.17500000000000004 0.3875 0.09218750000000005 0.3875 0.09218750000000006 0.465625 0.17500000000000004 0.465625
57 0.3468750000000001 0.4578125 0.2890625000000001 0.4578125 0.2890625000000001 0.528125 0.3468750000000001 0.528125
33 0.615625 0.3593750000000001 0.5546875 0.3593750000000001 0.5546875 0.4265625 0.615625 0.4265625
49 0.2328125000000001 0.5734375 0.17187500000000008 0.5734375 0.17187500000000008 0.653125 0.2328125000000001 0.653125
5 0.403125 0.24843750000000003 0.346875 0.2484375 0.346875 0.30937500000000007 0.403125 0.30937500000000007
11 0.7453125 0.1312500000000001 0.6890625 0.1312500000000001 0.6890625 0.1859375000000001 0.7453125 0.1859375000000001
13 0.2890625000000001 0.55 0.22812500000000008 0.55 0.22812500000000008 0.628125 0.2890625000000001 0.628125
44 0.17656250000000007 0.5171875 0.10468750000000004 0.5171875 0.10468750000000007 0.6015625 0.1765625000000001 0.6015625
1 0.19375000000000003 0.321875 0.13906250000000003 0.321875 0.13906250000000003 0.384375 0.19375000000000003 0.384375
37 0.725 0.2578125000000001 0.665625 0.2578125000000001 0.665625 0.3187500000000001 0.725 0.3187500000000001
10 0.2515625000000001 0.4234375 0.19531250000000006 0.4234375 0.19531250000000006 0.49375 0.2515625000000001 0.49375
18 0.66875 0.34062500000000007 0.60625 0.34062500000000007 0.60625 0.40625 0.66875 0.40625
46 0.8796875 0.2640625000000001 0.75625 0.2640625000000001 0.75625 0.3515625000000001 0.8796875 0.3515625000000001
4 0.3515625 0.265625 0.296875 0.265625 0.296875 0.3265625 0.3515625 0.3265625
21 0.33593750000000006 0.33125 0.2796875 0.33125 0.27968750000000003 0.3953125 0.3359375000000001 0.3953125
22 0.8578125 0.15625000000000008 0.7796875 0.15625000000000008 0.7796875 0.26250000000000007 0.8578125 0.26250000000000007
0 0.6515625 0.1625000000000001 0.59375 0.1625000000000001 0.59375 0.22031250000000008 0.6515625 0.22031250000000008
42 0.39062500000000006 0.3140625 0.3328125 0.3140625 0.33281250000000007 0.37812500000000004 0.3906250000000001 0.3781250000000001
55 0.459375 0.41875 0.3968750000000001 0.41875 0.3968750000000001 0.4875 0.459375 0.4875
38 0.69375 0.2078125000000001 0.6359375 0.2078125000000001 0.6359375 0.2656250000000001 0.69375 0.2656250000000001
28 0.5734375 0.3109375000000001 0.515625 0.3109375000000001 0.515625 0.3750000000000001 0.5734375 0.3750000000000001
45 0.19531250000000006 0.4453125 0.09843750000000004 0.4453125 0.09843750000000005 0.53125 0.19531250000000006 0.53125
16 0.403125 0.4375 0.3437500000000001 0.4375 0.3437500000000001 0.509375 0.403125 0.509375
39 0.7890625 0.17343750000000008 0.73125 0.17343750000000008 0.73125 0.2312500000000001 0.7890625 0.2312500000000001
25 0.521875 0.3296875000000001 0.4625 0.3296875000000001 0.4625 0.3937500000000001 0.521875 0.3937500000000001
26 0.821875 0.22031250000000008 0.7625 0.22031250000000008 0.7625 0.2828125000000001 0.821875 0.2828125000000001
35 0.565625 0.37968750000000007 0.503125 0.37968750000000007 0.503125 0.446875 0.565625 0.446875
12 0.7734375 0.2390625000000001 0.7140625 0.2390625000000001 0.7140625 0.2984375000000001 0.7734375 0.2984375000000001
15 0.5109375 0.3984375000000001 0.45 0.3984375000000001 0.45 0.4671875 0.5109375 0.4671875
36 0.64375 0.22656250000000008 0.5859375 0.22656250000000008 0.5859375 0.28593750000000007 0.64375 0.28593750000000007
6 0.4546875 0.2296875000000001 0.396875 0.2296875000000001 0.396875 0.2890625000000001 0.4546875 0.2890625000000001
34 0.7703125 0.3046875000000001 0.7078125 0.3046875000000001 0.7078125 0.3671875000000001 0.7703125 0.3671875000000001
59 0.49375 0.27812500000000007 0.4359375 0.27812500000000007 0.4359375 0.34062500000000007 0.49375 0.34062500000000007