19 0.28593750000000007 0.8796875 0.2078125000000001 0.8796875 0.2078125000000001 0.9921875 0.28593750000000007 0.9921875
21 0.2015625000000001 0.903125 0.12656250000000008 0.903125 0.1265625000000001 1 0.2015625000000001 1
53 0.19843750000000004 0.421875 0.12187500000000004 0.421875 0.12187500000000004 0.53125 0.19843750000000004 0.53125
15 0.3750000000000001 0.571875 0.29375000000000007 0.571875 0.29375000000000007 0.6875 0.3750000000000001 0.6875
37 0.2828125 0.01875000000000003 0.2046875 0.018750000000000027 0.2046875 0.12812500000000004 0.2828125 0.12812500000000004
3 0.12031250000000013 0.959375 0.045312500000000124 0.959375 0.045312500000000124 1 0.12031250000000013 1
30 0.5140625000000001 3.1572925290517705e-17 0.0015625 1.9135106236677395e-19 0.001562500000000061 1 0.5140625000000002 1
33 0.37343750000000003 0.32656250000000003 0.2921875 0.3265625 0.29218750000000004 0.4421875 0.3734375000000001 0.4421875
23 0.2843750000000001 0.7578125 0.2062500000000001 0.7578125 0.2062500000000001 0.8703125 0.2843750000000001 0.8703125
31 0.284375 0.14062500000000006 0.20625 0.14062500000000006 0.20625 0.2515625 0.284375 0.2515625
48 0.1125 9.184850993605149e-18 0.0375 4.592425496802574e-18 0.037500000000000006 0.109375 0.1125 0.109375
8 0.11406250000000004 0.3625 0.042187500000000044 0.3625 0.04218750000000005 0.471875 0.11406250000000004 0.471875
54 0.196875 1.9422132830227555e-17 0.1203125 1.4734031802241592e-17 0.1203125 0.04375000000000002 0.196875 0.043750000000000025
34 0.3703125 4.0566425221756075e-17 0.2921875 3.5782648662586727e-17 0.2921875 0.06250000000000004 0.3703125 0.06250000000000004
7 0.11406250000000007 0.48125 0.04218750000000006 0.48125 0.042187500000000065 0.590625 0.1140625000000001 0.590625
40 0.371875 0.07187500000000005 0.2921875 0.07187500000000005 0.2921875 0.18750000000000006 0.371875 0.18750000000000006
38 0.196875 0.05468750000000002 0.1203125 0.05468750000000002 0.1203125 0.16406250000000003 0.196875 0.16406250000000006
42 0.1984375000000001 0.7859375 0.12343750000000009 0.7859375 0.12343750000000009 0.896875 0.1984375000000001 0.896875
51 0.1984375000000001 0.665625 0.12343750000000009 0.665625 0.12343750000000009 0.775 0.1984375000000001 0.775
0 0.11406250000000002 0.1203125 0.039062500000000014 0.1203125 0.03906250000000002 0.2296875 0.11406250000000004 0.2296875
47 0.4781250000000001 0.3234375000000001 0.3828125 0.3234375000000001 0.38281250000000006 0.9484375 0.4781250000000002 0.9484375
29 0.28437500000000004 0.265625 0.2046875 0.265625 0.20468750000000005 0.378125 0.2843750000000001 0.378125
4 0.11718750000000011 0.840625 0.0421875000000001 0.840625 0.04218750000000011 0.9484375 0.11718750000000014 0.9484375
36 0.19687500000000002 0.1765625 0.1203125 0.1765625 0.12031250000000002 0.2875 0.19687500000000005 0.2875
28 0.28593750000000007 0.390625 0.20468750000000008 0.390625 0.20468750000000008 0.5 0.28593750000000007 0.5
59 0.19843750000000007 0.54375 0.12187500000000004 0.54375 0.12187500000000007 0.6546875 0.1984375000000001 0.6546875
35 0.3750000000000001 0.4515625 0.29375000000000007 0.4515625 0.29375000000000007 0.565625 0.3750000000000001 0.565625
5 0.11562500000000009 0.721875 0.04062500000000009 0.721875 0.04062500000000009 0.83125 0.11562500000000009 0.83125
24 0.2843750000000001 0.6359375 0.2062500000000001 0.6359375 0.2062500000000001 0.746875 0.2843750000000001 0.746875
6 0.1140625000000001 0.6015625 0.04218750000000008 0.6015625 0.042187500000000086 0.7109375 0.1140625000000001 0.7109375
57 0.3734375000000001 0.946875 0.29375000000000007 0.946875 0.29375000000000007 1 0.3734375000000001 1
27 0.19687500000000005 0.3 0.12031250000000004 0.3 0.12031250000000004 0.409375 0.19687500000000005 0.409375
16 0.3750000000000001 0.8234375 0.29375000000000007 0.8234375 0.29375000000000007 0.9390625 0.3750000000000001 0.9390625
18 0.3734375 0.20000000000000004 0.2921875 0.2 0.2921875 0.31562500000000004 0.3734375 0.3156250000000001
14 0.48125 0.03750000000000005 0.3828125 0.03750000000000005 0.3828125 0.15312500000000004 0.48125 0.15312500000000004
25 0.28593750000000007 0.5125 0.2062500000000001 0.5125 0.2062500000000001 0.625 0.28593750000000007 0.625
9 0.11406250000000004 0.240625 0.039062500000000035 0.240625 0.03906250000000004 0.35 0.11406250000000004 0.35
55 0.3750000000000001 0.6984375 0.29375000000000007 0.6984375 0.29375000000000007 0.8140625 0.3750000000000001 0.8140625