54 0.5 0.2328125000000001 0.4 0.2328125000000001 0.4 0.3031250000000001 0.5 0.3031250000000001
14 0.38750000000000007 0.46875 0.27812500000000007 0.46875 0.27812500000000007 0.55625 0.38750000000000007 0.55625
33 0.13281250000000006 0.3828125 0.029687500000000044 0.3828125 0.02968750000000005 0.4578125 0.13281250000000006 0.4578125
40 0.3593750000000001 0.3859375 0.2562500000000001 0.3859375 0.2562500000000001 0.4578125 0.3593750000000001 0.4578125
29 0.19531250000000006 0.3046875 0.09218750000000005 0.3046875 0.09218750000000005 0.3765625 0.19531250000000006 0.3765625
28 0.08281250000000004 0.3046875 3.731345716152092e-17 0.3046875 4.171453159595672e-17 0.3765625 0.08281250000000004 0.3765625
46 0.7203125 0.3906250000000001 0.4765625 0.3906250000000001 0.4765625 0.4625 0.7203125 0.4625
34 0.4703125 0.3890625000000001 0.3671875000000001 0.3890625000000001 0.3671875000000001 0.4609375 0.4703125 0.4609375
53 0.06093750000000003 0.2265625 2.7745904043182222e-17 0.2265625 3.205130294643463e-17 0.296875 0.06093750000000005 0.296875
20 0.71875 0.16406250000000008 0.5671875 0.16406250000000008 0.5671875 0.2296875000000001 0.71875 0.2296875000000001
48 0.4484375 0.15937500000000004 0.35 0.15937500000000004 0.35 0.22656250000000006 0.4484375 0.22656250000000008
36 0.28125 0.23125 0.18125000000000005 0.23125 0.18125000000000005 0.3 0.28125 0.3
39 0.6078125 0.23437500000000008 0.5109375 0.23437500000000008 0.5109375 0.3031250000000001 0.6078125 0.3031250000000001
0 0.340625 0.15781250000000005 0.240625 0.15781250000000005 0.240625 0.225 0.340625 0.225
18 0.2468750000000001 0.384375 0.14062500000000006 0.384375 0.14062500000000006 0.4578125 0.2468750000000001 0.4578125
11 0.55625 0.16093750000000007 0.459375 0.16093750000000004 0.459375 0.22656250000000008 0.55625 0.22656250000000008
27 0.17187500000000006 0.2296875 0.07187500000000002 0.2296875 0.07187500000000004 0.296875 0.17187500000000006 0.296875
9 0.23125 0.15468750000000003 0.1328125 0.1546875 0.13281250000000003 0.2234375 0.23125 0.2234375
30 0.7625 0.07500000000000004 9.184850993605149e-18 0.075 4.075777628412285e-17 0.5906250000000001 0.7625 0.5906250000000002
31 0.30625 0.3078125 0.203125 0.3078125 0.20312500000000006 0.378125 0.3062500000000001 0.378125
8 0.12500000000000003 0.1546875 0.023437500000000017 0.1546875 0.02343750000000002 0.2234375 0.12500000000000006 0.2234375
47 0.13437500000000008 0.4640625 5.683126552293186e-17 0.4640625 6.23804463315683e-17 0.5546875 0.13437500000000008 0.5546875
12 0.528125 0.30937500000000007 0.4265625 0.30937500000000007 0.4265625 0.3812500000000001 0.528125 0.3812500000000001
22 0.7203125 0.23593750000000008 0.6203125 0.23593750000000008 0.6203125 0.3859375000000001 0.7203125 0.3859375000000001
38 0.3921875 0.23281250000000003 0.2921875 0.2328125 0.2921875 0.30156250000000007 0.3921875 0.30156250000000007
26 0.6359375 0.3125000000000001 0.5359375 0.3125000000000001 0.5359375 0.3828125000000001 0.6359375 0.3828125000000001
37 0.4171875 0.30937500000000007 0.315625 0.309375 0.31562500000000004 0.38125000000000003 0.4171875 0.3812500000000001