27 0.4859375 0.21875000000000008 0.41875 0.21875000000000008 0.41875 0.3468750000000001 0.4859375 0.3468750000000001
56 0.965625 0.2234375000000001 0.89375 0.2234375000000001 0.89375 0.35625000000000007 0.965625 0.35625000000000007
16 0.825 0.5281250000000002 0.753125 0.5281250000000002 0.753125 0.6640625000000002 0.825 0.6640625000000002
7 0.603125 0.07656250000000006 0.5375 0.07656250000000006 0.5375 0.2062500000000001 0.603125 0.2062500000000001
4 0.840625 0.0765625000000001 0.771875 0.07656250000000009 0.771875 0.2062500000000001 0.840625 0.2062500000000001
0 0.371875 0.07187500000000005 0.303125 0.07187500000000005 0.303125 0.20156250000000003 0.371875 0.2015625000000001
35 0.5828125 0.5203125 0.5140625 0.5203125 0.5140625 0.653125 0.5828125 0.653125
45 1 0.37968750000000007 0.978125 0.37968750000000007 0.978125 0.5171875000000001 1 0.5171875000000001
34 0.2656250000000001 0.515625 0.19687500000000005 0.515625 0.19687500000000008 0.6453125 0.2656250000000001 0.6453125
53 0.5640625 0.2218750000000001 0.496875 0.2218750000000001 0.496875 0.3515625000000001 0.5640625 0.3515625000000001
2 1 0.07812500000000012 0.9328125 0.07812500000000011 0.9328125 0.2093750000000001 1 0.2093750000000001
33 0.5046875 0.5171875 0.4359375 0.5171875 0.4359375 0.653125 0.5046875 0.653125
46 0.18906250000000008 0.5109375 0.029687500000000068 0.5109375 0.02968750000000007 0.6453125 0.18906250000000008 0.6453125
24 0.7015625 0.3734375000000001 0.6328125 0.3734375000000001 0.6328125 0.503125 0.7015625 0.503125
19 0.8640625 0.3765625000000001 0.7921875 0.3765625000000001 0.7921875 0.5109375000000002 0.8640625 0.5109375000000002
15 0.6609375 0.521875 0.5921875 0.521875 0.5921875 0.6546875 0.6609375 0.6546875
41 1 0.22812500000000008 0.9734375 0.22812500000000008 0.9734375 0.3625000000000001 1 0.3625000000000001
37 0.3078125000000001 0.365625 0.23593750000000008 0.365625 0.23593750000000008 0.4984375 0.3078125000000001 0.4984375
51 0.7203125 0.2218750000000001 0.653125 0.2218750000000001 0.653125 0.3515625000000001 0.7203125 0.3515625000000001
13 1 0.6906250000000002 0.9375 0.6906250000000002 0.9375 0.859375 1 0.859375
26 0.15312500000000004 0.3625 0.08593750000000004 0.3625 0.08593750000000006 0.4953125 0.15312500000000004 0.4953125
22 0.10156250000000004 0.2125 0.03281250000000002 0.2125 0.032812500000000036 0.49375 0.10156250000000004 0.49375
42 0.8015625 0.2234375000000001 0.7328125 0.2234375000000001 0.7328125 0.3546875000000001 0.8015625 0.3546875000000001
6 0.6828125 0.07656250000000007 0.6140625 0.07656250000000006 0.6140625 0.2078125000000001 0.6828125 0.2078125000000001
28 0.5421875 0.3687500000000001 0.475 0.3687500000000001 0.475 0.503125 0.5421875 0.503125
20 0.14218750000000002 0.07031250000000001 0.04062500000000001 0.0703125 0.040625000000000015 0.2 0.14218750000000005 0.2
3 0.9234375 0.07500000000000011 0.8515625 0.07500000000000011 0.8515625 0.2078125000000001 0.9234375 0.2078125000000001
38 0.3296875 0.2171875 0.2609375 0.2171875 0.2609375 0.346875 0.3296875 0.346875
47 0.8265625 0.675 0.4328125 0.675 0.4328125000000001 0.8421875 0.8265625 0.8421875
5 0.7609375 0.0750000000000001 0.6921875 0.0750000000000001 0.6921875 0.2062500000000001 0.7609375 0.2062500000000001
54 0.253125 0.2140625 0.18281250000000004 0.2140625 0.18281250000000004 0.3453125 0.253125 0.3453125
55 0.7421875 0.5234375000000001 0.671875 0.5234375 0.671875 0.6578125000000001 0.7421875 0.6578125000000001
39 0.17500000000000004 0.215625 0.10937500000000004 0.215625 0.10937500000000004 0.3421875 0.17500000000000004 0.3421875
57 0.90625 0.5296875000000002 0.834375 0.5296875000000002 0.834375 0.6656250000000001 0.90625 0.6656250000000001
11 0.2171875 0.07031250000000003 0.1484375 0.07031250000000003 0.14843750000000003 0.19687500000000002 0.2171875 0.19687500000000005
43 0.946875 0.3781250000000001 0.875 0.3781250000000001 0.875 0.5125000000000002 0.946875 0.5125000000000002
30 1 6.161504208210122e-17 0.00625 7.654042494670958e-19 0.006250000000000056 0.8953125 1 0.8953125
48 0.2953125 0.07187500000000004 0.225 0.07187500000000002 0.225 0.19843750000000004 0.2953125 0.19843750000000004
9 0.45 0.07500000000000004 0.3828125 0.07500000000000004 0.3828125 0.2015625000000001 0.45 0.2015625000000001
58 0.9890625 0.5328125000000001 0.9171875 0.5328125000000001 0.9171875 0.6687500000000002 0.9890625 0.6687500000000002
18 0.425 0.515625 0.35625000000000007 0.515625 0.35625000000000007 0.6484375 0.425 0.6484375
12 0.2296875000000001 0.3640625 0.15781250000000005 0.3640625 0.15781250000000005 0.49375 0.2296875000000001 0.49375
59 0.6421875 0.2218750000000001 0.5765625 0.2218750000000001 0.5765625 0.3531250000000001 0.6421875 0.3531250000000001
25 0.6234375 0.3703125000000001 0.5578125 0.3703125000000001 0.5578125 0.5015625 0.6234375 0.5015625
40 0.3453125000000001 0.5171875 0.2765625000000001 0.5171875 0.2765625000000001 0.646875 0.3453125000000001 0.646875
29 0.465625 0.3671875000000001 0.3968750000000001 0.3671875000000001 0.3968750000000001 0.4984375 0.465625 0.4984375
21 0.8828125 0.2234375000000001 0.8109375 0.2234375000000001 0.8109375 0.3578125000000001 0.8828125 0.3578125000000001
52 1 0.2312500000000001 0.9875 0.2312500000000001 0.9875 0.3656250000000001 1 0.3656250000000001
14 0.3218750000000001 0.6703125 0.2531250000000001 0.6703125 0.2531250000000001 0.8375 0.3218750000000001 0.8375
23 0.78125 0.3750000000000001 0.7125 0.3750000000000001 0.7125 0.5078125000000001 0.78125 0.5078125000000002
36 0.409375 0.21875000000000006 0.340625 0.21875 0.340625 0.34843750000000007 0.409375 0.34843750000000007
8 0.5265625 0.07656250000000006 0.459375 0.07656250000000006 0.459375 0.20468750000000008 0.5265625 0.20468750000000008
31 0.38750000000000007 0.36875 0.31718750000000007 0.36875 0.31718750000000007 0.5 0.38750000000000007 0.5
10 1 0.37968750000000007 0.9546875 0.37968750000000007 0.9546875 0.5125000000000002 1 0.5125000000000002