27 0.6265625 0.3062500000000001 0.5703125 0.3062500000000001 0.5703125 0.4125 0.6265625 0.4125
56 0.22968750000000004 0.3109375 0.17031250000000003 0.3109375 0.17031250000000003 0.421875 0.2296875000000001 0.421875
16 0.34843750000000007 0.565625 0.2890625000000001 0.565625 0.2890625000000001 0.678125 0.34843750000000007 0.678125
7 0.528125 0.18593750000000003 0.471875 0.18593750000000003 0.471875 0.29375000000000007 0.528125 0.29375000000000007
4 0.3328125 0.18593750000000003 0.275 0.18593750000000003 0.275 0.29375 0.3328125 0.29375
0 0.725 0.1828125000000001 0.6671875 0.1828125000000001 0.6671875 0.2906250000000001 0.725 0.2906250000000001
35 0.5484375 0.5578125 0.490625 0.5578125 0.490625 0.66875 0.5484375 0.66875
45 0.11093750000000006 0.440625 0.001562500000000054 0.440625 0.001562500000000061 0.55625 0.11093750000000009 0.55625
34 0.8140625 0.5546875000000002 0.7546875 0.5546875000000002 0.7546875 0.6625000000000002 0.8140625 0.6625000000000002
53 0.5625 0.30937500000000007 0.50625 0.30937500000000007 0.50625 0.4171875 0.5625 0.4171875
2 0.19843750000000004 0.18750000000000003 0.13906250000000003 0.1875 0.13906250000000003 0.296875 0.19843750000000004 0.296875
33 0.6140625 0.55625 0.55625 0.55625 0.55625 0.66875 0.6140625 0.66875
46 0.953125 0.5500000000000002 0.81875 0.5500000000000002 0.81875 0.6625000000000002 0.953125 0.6625000000000002
24 0.4484375 0.4359375 0.3906250000000001 0.4359375 0.3906250000000001 0.54375 0.4484375 0.54375
17 0.06406250000000004 0.1875 0.004687500000000023 0.1875 0.00468750000000003 0.2953125 0.06406250000000005 0.2953125
19 0.3156250000000001 0.4375 0.2562500000000001 0.4375 0.2562500000000001 0.55 0.3156250000000001 0.55
15 0.4828125 0.559375 0.4234375 0.559375 0.4234375 0.6703125 0.4828125 0.6703125
41 0.16406250000000006 0.3125 0.10468750000000004 0.3125 0.10468750000000004 0.425 0.16406250000000006 0.425
37 0.7796875 0.4296875000000001 0.7203125 0.4296875 0.7203125 0.5406250000000001 0.7796875 0.5406250000000001
51 0.43125 0.30937500000000007 0.375 0.30937500000000007 0.37500000000000006 0.4171875 0.43125 0.4171875
13 0.1937500000000001 0.7015625 0.13281250000000008 0.7015625 0.13281250000000008 0.8421875 0.1937500000000001 0.8421875
26 0.90625 0.4265625000000002 0.85 0.4265625000000002 0.85 0.5375000000000002 0.90625 0.5375000000000002
22 0.9484375 0.30156250000000007 0.8921875 0.30156250000000007 0.8921875 0.5359375000000002 0.9484375 0.5359375000000002
42 0.36718750000000006 0.31093750000000003 0.3078125 0.3109375 0.30781250000000004 0.4203125 0.3671875000000001 0.4203125
6 0.4640625 0.18593750000000003 0.4078125 0.18593750000000003 0.4078125 0.2953125000000001 0.4640625 0.2953125000000001
28 0.5796875 0.43125 0.5234375 0.43125 0.5234375 0.54375 0.5796875 0.54375
20 0.94375 0.1812500000000001 0.859375 0.18125000000000008 0.859375 0.2890625000000001 0.94375 0.2890625000000001
3 0.265625 0.18437500000000004 0.20625 0.18437500000000004 0.20625 0.2953125 0.265625 0.2953125
38 0.7609375 0.3046875000000001 0.7015625 0.3046875000000001 0.7015625 0.4125000000000001 0.7609375 0.4125000000000002
47 0.6156250000000001 0.6875 0.2875000000000001 0.6875 0.2875000000000001 0.828125 0.6156250000000002 0.828125
5 0.4 0.18437500000000004 0.3421875 0.18437500000000004 0.3421875 0.29375000000000007 0.4 0.29375000000000007
54 0.825 0.3031250000000001 0.765625 0.3031250000000001 0.765625 0.4125000000000002 0.825 0.4125000000000002
55 0.415625 0.5609375 0.35625000000000007 0.5609375 0.35625000000000007 0.6734375 0.415625 0.6734375
39 0.8859375 0.3031250000000001 0.83125 0.3031250000000001 0.83125 0.40937500000000016 0.8859375 0.40937500000000016
57 0.2796875000000001 0.5671875 0.22031250000000008 0.5671875 0.22031250000000008 0.6796875 0.2796875000000001 0.6796875
11 0.853125 0.18125000000000008 0.796875 0.18125000000000008 0.796875 0.2875000000000001 0.853125 0.2875000000000001
43 0.2468750000000001 0.4390625 0.18750000000000006 0.4390625 0.18750000000000006 0.5515625 0.2468750000000001 0.5515625
30 0.971875 0.07500000000000005 9.184850993605149e-18 0.075 5.797937189713251e-17 0.871875 0.971875 0.871875
48 0.790625 0.1828125000000001 0.73125 0.1828125000000001 0.73125 0.2890625000000001 0.790625 0.2890625000000001
9 0.6578125 0.1843750000000001 0.6015625 0.1843750000000001 0.6015625 0.2906250000000001 0.6578125 0.2906250000000001
1 0.13125000000000003 0.1890625 0.07187500000000002 0.1890625 0.07187500000000004 0.296875 0.13125000000000003 0.296875
58 0.21093750000000008 0.56875 0.1515625000000001 0.56875 0.1515625000000001 0.68125 0.21093750000000008 0.68125
18 0.6796875 0.5546875 0.6234375 0.5546875 0.6234375 0.665625 0.6796875 0.665625
44 0.07500000000000008 0.571875 7.003448882623926e-17 0.571875 7.721015366499328e-17 0.6890625 0.0750000000000001 0.6890625
12 0.8453125 0.4281250000000002 0.7859375 0.4281250000000002 0.7859375 0.5359375000000002 0.8453125 0.5359375000000002
59 0.496875 0.30937500000000007 0.440625 0.30937500000000007 0.440625 0.41875 0.496875 0.41875
32 0.1437500000000001 0.56875 0.08437500000000006 0.56875 0.08437500000000007 0.684375 0.1437500000000001 0.684375
49 0.1281250000000001 0.70625 0.0671875000000001 0.70625 0.0671875000000001 0.846875 0.1281250000000001 0.846875
25 0.5125 0.4328125 0.45625 0.4328125 0.45625 0.5421875 0.5125 0.5421875
40 0.746875 0.5562500000000001 0.6875 0.55625 0.6875 0.6640625000000001 0.746875 0.6640625000000002
29 0.6453125 0.43125 0.5890625 0.43125 0.5890625 0.540625 0.6453125 0.540625
21 0.30000000000000004 0.3109375 0.240625 0.3109375 0.24062500000000003 0.4234375 0.3000000000000001 0.4234375
52 0.09531250000000005 0.315625 0.004687500000000039 0.315625 0.004687500000000046 0.428125 0.09531250000000005 0.428125
14 0.7656250000000001 0.6828125 0.709375 0.6828125 0.7093750000000001 0.8234375 0.7656250000000002 0.8234375
23 0.3828125000000001 0.4375 0.3265625000000001 0.4375 0.3265625000000001 0.5484375 0.3828125000000001 0.5484375
36 0.6921875 0.3062500000000001 0.634375 0.3062500000000001 0.634375 0.4140625 0.6921875 0.4140625
8 0.59375 0.18593750000000006 0.5375 0.18593750000000003 0.5375 0.2921875000000001 0.59375 0.2921875000000001
31 0.7125 0.43125 0.653125 0.43125 0.653125 0.540625 0.7125 0.540625
10 0.17968750000000006 0.440625 0.12031250000000004 0.440625 0.12031250000000007 0.5515625 0.17968750000000008 0.5515625