31 0.875 0.0718750000000001 0.778125 0.07187500000000009 0.778125 0.21875000000000008 0.875 0.21875000000000008
10 0.046875000000000014 0.0765625 9.376202055971923e-18 0.0765625 1.83697019872103e-17 0.2234375 0.04687500000000002 0.2234375
36 0.8484375 9.797174393178826e-17 0.7515625 9.203986099841827e-17 0.7515625 0.0625000000000001 0.8484375 0.06250000000000011
35 0.6171875 0.2234375000000001 0.5171875 0.2234375000000001 0.5171875 0.3703125000000001 0.6171875 0.3703125000000001
34 1 0.2250000000000001 0.9328125 0.2250000000000001 0.9328125 0.3687500000000001 1 0.3687500000000001
43 0.15000000000000002 0.07187500000000001 0.053125 0.071875 0.05312500000000001 0.21875 0.15000000000000005 0.21875
58 0.09843750000000004 0.221875 2.71718508560819e-17 0.221875 3.6165350787320275e-17 0.36875 0.09843750000000004 0.36875
40 0.9265625 0.2234375000000001 0.8296875 0.2234375000000001 0.8296875 0.36406250000000007 0.9265625 0.36406250000000007
19 0.253125 0.07187500000000002 0.15625 0.07187500000000002 0.15625000000000003 0.21875 0.253125 0.21875
27 0.7453125 0.0015625000000000853 0.6484375 0.001562500000000079 0.6484375 0.06093750000000009 0.7453125 0.06093750000000009
59 0.5390625 6.008423358316701e-17 0.4421875 5.415235064979703e-17 0.4421875 0.06250000000000006 0.5390625 0.06250000000000007
56 0.125 0.0015625000000000094 0.028125 0.0015625000000000036 0.028125000000000004 0.06093750000000001 0.125 0.06093750000000002
38 0.9546875 1.1079226511036212e-16 0.8546875 1.0466903111462534e-16 0.8546875 0.06250000000000011 0.9546875 0.06250000000000011
47 0.7203125 0.3765625 0.2078125000000001 0.3765625 0.2078125000000001 0.5296875 0.7203125 0.5296875
51 0.4359375 4.7455063466959936e-17 0.3390625 4.152318053358994e-17 0.3390625 0.06406250000000005 0.4359375 0.06406250000000005
12 1 0.07031250000000012 0.9875 0.07031250000000011 0.9875 0.2171875000000001 1 0.2171875000000001
33 0.7203125 0.2234375000000001 0.6203125 0.2234375000000001 0.6203125 0.3703125000000001 0.7203125 0.3703125000000001
15 0.515625 0.2234375000000001 0.415625 0.2234375000000001 0.415625 0.3703125000000001 0.515625 0.3703125000000001
29 0.771875 0.07031250000000008 0.675 0.07031250000000008 0.675 0.2171875000000001 0.771875 0.2171875000000001
23 0.3578125 0.07031250000000003 0.2609375 0.07031250000000003 0.2609375 0.2171875 0.3578125 0.2171875
42 0.3328125 3.473021781956947e-17 0.234375 2.870265935501609e-17 0.234375 0.06406250000000004 0.3328125 0.06406250000000005
54 1 0.00156250000000012 0.9625 0.001562500000000118 0.9625 0.06718750000000012 1 0.06718750000000014
21 0.23125 2.2292398765729163e-17 0.1328125 1.6264840301175783e-17 0.1328125 0.06406250000000002 0.23125 0.06406250000000002
55 0.409375 0.22343750000000004 0.309375 0.2234375 0.30937500000000007 0.37031250000000004 0.409375 0.3703125000000001
18 0.821875 0.2234375000000001 0.725 0.2234375000000001 0.725 0.3671875000000001 0.821875 0.3671875000000001
28 0.6671875 0.06875000000000007 0.5703125 0.06875000000000006 0.5703125 0.21875000000000008 0.6671875 0.21875000000000008
53 0.6453125 0.001562500000000073 0.5453125 0.0015625000000000667 0.5453125 0.06718750000000008 0.6453125 0.0671875000000001
16 0.30468750000000006 0.2234375 0.2078125 0.2234375 0.20781250000000004 0.3703125 0.3046875000000001 0.3703125
57 0.20312500000000006 0.2234375 0.10312500000000005 0.2234375 0.10312500000000005 0.3703125 0.20312500000000008 0.3703125
37 0.978125 0.0718750000000001 0.88125 0.0718750000000001 0.88125 0.21875000000000008 0.978125 0.21875000000000008
24 0.4609375 0.07031250000000006 0.3640625 0.07031250000000004 0.3640625 0.2171875000000001 0.4609375 0.2171875000000001
13 0.08593750000000006 0.3796875 4.649830815512607e-17 0.3796875 5.568315914873122e-17 0.5296875 0.08593750000000007 0.5296875
14 0.94375 0.37968750000000007 0.8421875 0.37968750000000007 0.8421875 0.5296875000000002 0.94375 0.5296875000000002
25 0.5640625 0.07187500000000006 0.4671875 0.07187500000000006 0.4671875 0.21875000000000008 0.5640625 0.21875000000000008