10 0.30156250000000007 0.6234375 0.2140625000000001 0.6234375 0.2140625000000001 0.6796875 0.30156250000000007 0.6796875
22 0.9515625 0.30156250000000007 0.8328125 0.30156250000000007 0.8328125 0.3671875000000001 0.9515625 0.3671875000000001
43 0.3625000000000001 0.596875 0.27812500000000007 0.596875 0.27812500000000007 0.6515625 0.3625000000000001 0.6515625
49 0.3359375000000001 0.7265625 0.24218750000000008 0.7265625 0.24218750000000008 0.7953125 0.3359375000000001 0.7953125
21 0.3703125000000001 0.5390625 0.2875000000000001 0.5390625 0.2875000000000001 0.5921875 0.3703125000000001 0.5921875
39 0.8609375 0.3234375000000001 0.7859375 0.3234375000000001 0.7859375 0.36406250000000007 0.8609375 0.36406250000000007
24 0.5421875 0.515625 0.4609375 0.515625 0.4609375 0.56875 0.5421875 0.56875
57 0.4328125 0.6203125 0.3453125000000001 0.6203125 0.3453125000000001 0.6765625 0.4328125 0.6765625
0 0.69375 0.34843750000000007 0.6171875 0.34843750000000007 0.6171875 0.3921875000000001 0.69375 0.3921875000000001
1 0.17968750000000008 0.56875 0.09531250000000006 0.56875 0.09531250000000006 0.621875 0.17968750000000008 0.621875
40 0.8296875 0.43750000000000017 0.7515625 0.43750000000000017 0.7515625 0.4812500000000002 0.8296875 0.4812500000000002
23 0.48125 0.540625 0.4 0.540625 0.4 0.59375 0.48125 0.59375
20 0.86875 0.2765625000000001 0.7703125 0.2765625000000001 0.7703125 0.3296875000000001 0.86875 0.3296875000000001
54 0.8125 0.3453125000000001 0.734375 0.3453125000000001 0.734375 0.3890625000000001 0.8125 0.3890625000000001
15 0.6109375 0.5375 0.5265625 0.5375 0.5265625 0.5890625 0.6109375 0.5890625
45 0.23437500000000008 0.6546875 0.10312500000000009 0.6546875 0.10312500000000009 0.7359375 0.23437500000000008 0.7359375
13 0.39531250000000007 0.6953125 0.3078125000000001 0.6953125 0.3078125000000001 0.7578125 0.39531250000000007 0.7578125
48 0.746875 0.32500000000000007 0.671875 0.32500000000000007 0.671875 0.3687500000000001 0.746875 0.3687500000000001
58 0.3703125000000001 0.65 0.2828125000000001 0.65 0.2828125000000001 0.70625 0.3703125000000001 0.70625
9 0.64375 0.3703125000000001 0.5640625 0.3703125000000001 0.5640625 0.4171875 0.64375 0.4171875
14 0.8859375 0.46093750000000017 0.8046875 0.46093750000000017 0.8046875 0.5109375000000002 0.8859375 0.5109375000000002
18 0.778125 0.4609375000000001 0.696875 0.4609375 0.696875 0.5078125000000001 0.778125 0.5078125000000002
56 0.3078125000000001 0.5671875 0.2234375000000001 0.5671875 0.2234375000000001 0.6203125 0.3078125000000001 0.6203125
30 1 0.23906250000000004 2.9276712542116413e-17 0.2390625 6.639881864127056e-17 0.8453125 1 0.8453125
31 0.7578125 0.4156250000000001 0.684375 0.415625 0.684375 0.4625000000000001 0.7578125 0.4625000000000002
59 0.5453125 0.4625 0.4640625 0.4625 0.4640625 0.509375 0.5453125 0.509375
7 0.534375 0.4171875 0.453125 0.4171875 0.453125 0.4640625 0.534375 0.4640625
47 0.7703125 0.5125000000000001 0.4515625 0.5125 0.4515625 0.6937500000000001 0.7703125 0.6937500000000002
2 0.2406250000000001 0.5421875 0.15937500000000004 0.5421875 0.15937500000000007 0.5953125 0.2406250000000001 0.5953125
16 0.4953125 0.5921875 0.4078125 0.5921875 0.4078125 0.6484375 0.4953125 0.6484375
25 0.596875 0.4890625 0.51875 0.4890625 0.51875 0.5390625 0.596875 0.5390625
6 0.478125 0.4421875 0.3968750000000001 0.4421875 0.3968750000000001 0.4890625 0.478125 0.4890625
38 0.7609375 0.3671875000000001 0.684375 0.3671875000000001 0.684375 0.4140625000000001 0.7609375 0.41406250000000017
26 0.9140625 0.3437500000000001 0.8390625 0.3437500000000001 0.8390625 0.3906250000000001 0.9140625 0.3906250000000001
51 0.4875 0.4875 0.40625 0.4875 0.40625 0.5375 0.4875 0.5375
34 0.88125 0.4125000000000002 0.8046875 0.4125000000000002 0.8046875 0.45625000000000016 0.88125 0.45625000000000016
12 0.8625 0.3703125000000001 0.7875 0.3703125000000001 0.7875 0.41406250000000017 0.8625 0.41406250000000017
33 0.7234375 0.4859375 0.640625 0.4859375 0.640625 0.5375 0.7234375 0.5375
8 0.5890625 0.3937500000000001 0.509375 0.3937500000000001 0.509375 0.440625 0.5890625 0.440625
4 0.3625000000000001 0.490625 0.2796875000000001 0.490625 0.2796875000000001 0.540625 0.3625000000000001 0.540625
41 0.2468750000000001 0.59375 0.1625000000000001 0.59375 0.1625000000000001 0.6484375 0.2468750000000001 0.6484375
53 0.6015625 0.4375 0.5203125 0.4375 0.5203125 0.484375 0.6015625 0.484375
5 0.421875 0.465625 0.3390625000000001 0.465625 0.3390625000000001 0.515625 0.421875 0.515625
28 0.6546875 0.4640625 0.575 0.4640625 0.575 0.5140625 0.6546875 0.5140625
11 0.7953125 0.3046875000000001 0.721875 0.3046875000000001 0.721875 0.3453125000000001 0.7953125 0.3453125000000001
44 0.2406250000000001 0.7046875 0.1390625000000001 0.7046875 0.1390625000000001 0.7796875 0.2406250000000001 0.7796875
3 0.3031250000000001 0.515625 0.22031250000000008 0.515625 0.22031250000000008 0.5671875 0.3031250000000001 0.5671875
35 0.6671875 0.5109375 0.5859375 0.5109375 0.5859375 0.5625 0.6671875 0.5625
36 0.709375 0.3906250000000001 0.63125 0.3906250000000001 0.63125 0.4375 0.709375 0.4375
37 0.8109375 0.3921875000000001 0.7375 0.3921875000000001 0.7375 0.4390625000000002 0.8109375 0.4390625000000002
42 0.4296875 0.5140625 0.3468750000000001 0.5140625 0.3468750000000001 0.5640625 0.4296875 0.5640625
29 0.709375 0.4390625 0.63125 0.4390625 0.63125 0.4859375 0.709375 0.4859375
52 0.18125000000000008 0.621875 0.06875000000000006 0.621875 0.06875000000000007 0.6953125 0.18125000000000008 0.6953125
17 0.11562500000000009 0.5953125 0.03593750000000008 0.5953125 0.03593750000000008 0.6546875 0.11562500000000009 0.6546875
55 0.5546875 0.5640625 0.4671875 0.5640625 0.4671875 0.6171875 0.5546875 0.6171875
46 0.990625 0.3593750000000001 0.85 0.3593750000000001 0.85 0.4359375000000002 0.990625 0.4359375000000002
27 0.65625 0.4125 0.578125 0.4125 0.578125 0.459375 0.65625 0.459375
19 0.4234375 0.56875 0.3390625000000001 0.56875 0.3390625000000001 0.625 0.4234375 0.625
32 0.3062500000000001 0.678125 0.2156250000000001 0.678125 0.2156250000000001 0.7359375 0.3062500000000001 0.7359375