10 0.2296875000000001 0.6234375 0.14062500000000008 0.6234375 0.14062500000000008 0.6828125 0.2296875000000001 0.6828125
22 0.9046875 0.2906250000000001 0.7828125 0.2906250000000001 0.7828125 0.3578125000000001 0.9046875 0.3578125000000001
43 0.29375000000000007 0.5953125 0.2062500000000001 0.5953125 0.2062500000000001 0.6515625 0.29375000000000007 0.6515625
49 0.2656250000000001 0.7296875 0.1687500000000001 0.7296875 0.1687500000000001 0.8015625 0.2656250000000001 0.8015625
21 0.30156250000000007 0.5359375 0.2156250000000001 0.5359375 0.2156250000000001 0.590625 0.30156250000000007 0.590625
39 0.8109375 0.3109375000000001 0.7328125 0.3109375000000001 0.7328125 0.3531250000000001 0.8109375 0.3531250000000001
24 0.4796875 0.5109375 0.39531250000000007 0.5109375 0.39531250000000007 0.565625 0.4796875 0.565625
57 0.3671875000000001 0.6203125 0.2765625000000001 0.6203125 0.2765625000000001 0.678125 0.3671875000000001 0.678125
0 0.6390625 0.3375000000000001 0.559375 0.3375000000000001 0.559375 0.3843750000000001 0.6390625 0.3843750000000001
1 0.10468750000000009 0.565625 0.017187500000000067 0.565625 0.01718750000000007 0.621875 0.10468750000000009 0.621875
40 0.778125 0.4296875000000001 0.6984375 0.4296875 0.6984375 0.4750000000000001 0.778125 0.4750000000000002
23 0.41875 0.5375 0.33281250000000007 0.5375 0.33281250000000007 0.5921875 0.41875 0.5921875
20 0.81875 0.26250000000000007 0.7171875 0.26250000000000007 0.7171875 0.3187500000000001 0.81875 0.3187500000000001
54 0.7609375 0.3343750000000001 0.6796875 0.3343750000000001 0.6796875 0.37968750000000007 0.7609375 0.37968750000000007
15 0.553125 0.534375 0.465625 0.534375 0.465625 0.5875 0.553125 0.5875
45 0.1625000000000001 0.6546875 0.025000000000000078 0.6546875 0.025000000000000085 0.740625 0.1625000000000001 0.740625
13 0.3296875000000001 0.6984375 0.2375000000000001 0.6984375 0.2375000000000001 0.7625 0.3296875000000001 0.7625
48 0.6921875 0.3125000000000001 0.6140625 0.3125000000000001 0.6140625 0.3593750000000001 0.6921875 0.3593750000000001
58 0.30156250000000007 0.65 0.21093750000000008 0.65 0.21093750000000008 0.709375 0.30156250000000007 0.709375
9 0.5859375 0.3609375000000001 0.503125 0.3609375000000001 0.503125 0.4078125 0.5859375 0.4078125
14 0.8375 0.45625000000000016 0.7515625 0.45625000000000016 0.7515625 0.5062500000000002 0.8375 0.5062500000000002
18 0.725 0.453125 0.640625 0.453125 0.640625 0.503125 0.725 0.503125
56 0.2375000000000001 0.5640625 0.15000000000000008 0.5640625 0.15000000000000008 0.6203125 0.2375000000000001 0.6203125
30 0.9953125 0.22500000000000003 2.7554552980815448e-17 0.225 6.61117920477204e-17 0.8546875 0.9953125 0.8546875
31 0.7046875 0.4078125 0.628125 0.4078125 0.628125 0.4578125 0.7046875 0.4578125
59 0.484375 0.4578125 0.4 0.4578125 0.4 0.50625 0.484375 0.50625
7 0.4734375 0.409375 0.3890625000000001 0.409375 0.3890625000000001 0.45625 0.4734375 0.45625
47 0.715625 0.509375 0.3859375000000001 0.509375 0.3859375000000001 0.6953125 0.715625 0.6953125
2 0.16875000000000007 0.5390625 0.08281250000000007 0.5390625 0.08281250000000007 0.5921875 0.1687500000000001 0.5921875
16 0.4296875 0.590625 0.34062500000000007 0.590625 0.34062500000000007 0.6484375 0.4296875 0.6484375
25 0.5375 0.484375 0.45625 0.484375 0.45625 0.5359375 0.5375 0.5359375
6 0.4140625 0.4359375 0.3296875000000001 0.4359375 0.3296875000000001 0.484375 0.4140625 0.484375
38 0.7078125 0.3578125000000001 0.628125 0.3578125000000001 0.628125 0.4046875 0.7078125 0.4046875
26 0.865625 0.33281250000000007 0.7875 0.33281250000000007 0.7875 0.3812500000000001 0.865625 0.3812500000000001
51 0.425 0.4828125 0.3390625000000001 0.4828125 0.3390625000000001 0.5328125 0.425 0.5328125
34 0.8328125 0.4046875000000002 0.753125 0.4046875000000002 0.753125 0.4500000000000002 0.8328125 0.4500000000000002
12 0.8125 0.3593750000000001 0.7359375 0.3593750000000001 0.7359375 0.40625000000000017 0.8125 0.40625000000000017
33 0.66875 0.4796875 0.5828125 0.4796875 0.5828125 0.5328125 0.66875 0.5328125
8 0.5296875 0.3843750000000001 0.446875 0.3843750000000001 0.446875 0.434375 0.5296875 0.434375
4 0.29375000000000007 0.4859375 0.2078125000000001 0.4859375 0.2078125000000001 0.5375 0.29375000000000007 0.5375
41 0.1750000000000001 0.59375 0.08593750000000007 0.59375 0.08593750000000008 0.65 0.1750000000000001 0.65
53 0.5421875 0.43125 0.4578125 0.43125 0.4578125 0.4796875 0.5421875 0.4796875
5 0.3546875000000001 0.4609375 0.2687500000000001 0.4609375 0.2687500000000001 0.5109375 0.3546875000000001 0.5109375
28 0.5984375 0.4578125 0.515625 0.4578125 0.515625 0.509375 0.5984375 0.509375
11 0.7421875 0.2921875000000001 0.665625 0.2921875000000001 0.665625 0.3343750000000001 0.7421875 0.3343750000000001
44 0.1671875000000001 0.7078125 0.06250000000000008 0.7078125 0.06250000000000008 0.7859375 0.1671875000000001 0.7859375
3 0.2328125000000001 0.5125 0.14687500000000003 0.5125 0.14687500000000006 0.565625 0.2328125000000001 0.565625
35 0.6109375 0.50625 0.525 0.50625 0.525 0.559375 0.6109375 0.559375
36 0.653125 0.3812500000000001 0.571875 0.3812500000000001 0.571875 0.4296875 0.653125 0.4296875
37 0.7609375 0.3843750000000001 0.684375 0.3843750000000001 0.684375 0.4312500000000001 0.7609375 0.4312500000000002
42 0.36406250000000007 0.509375 0.27812500000000007 0.509375 0.27812500000000007 0.5625 0.36406250000000007 0.5625
29 0.653125 0.43125 0.571875 0.43125 0.571875 0.48125 0.653125 0.48125
52 0.1062500000000001 0.621875 7.615772282197602e-17 0.621875 8.0845823849962e-17 0.6984375 0.1062500000000001 0.6984375
17 0.04062500000000008 0.59375 7.271340369937409e-17 0.59375 7.654042494670957e-17 0.65625 0.04062500000000008 0.65625
55 0.4921875 0.5625 0.403125 0.5625 0.403125 0.6171875 0.4921875 0.6171875
46 0.946875 0.34843750000000007 0.8 0.34843750000000007 0.8 0.4281250000000002 0.946875 0.4281250000000002
27 0.5984375 0.4046875 0.5171875 0.4046875 0.5171875 0.453125 0.5984375 0.453125
19 0.3578125000000001 0.5671875 0.2687500000000001 0.5671875 0.2687500000000001 0.625 0.3578125000000001 0.625
32 0.23437500000000008 0.68125 0.14218750000000008 0.68125 0.14218750000000008 0.740625 0.23437500000000008 0.740625