16 0.2156250000000001 0.5875 0.1781250000000001 0.5875 0.1781250000000001 0.64375 0.2156250000000001 0.64375
44 0.023437500000000076 0.5953125 7.290475476174086e-17 0.5953125 7.615772282197602e-17 0.6484375 0.023437500000000076 0.6484375
34 0.534375 0.5796875 0.4984375 0.5796875 0.4984375 0.6328125 0.534375 0.6328125
13 0.15000000000000008 0.6515625 0.09375000000000008 0.6515625 0.09375000000000008 0.7359375 0.15000000000000008 0.7359375
47 0.43437500000000007 0.640625 0.1531250000000001 0.640625 0.1531250000000001 0.734375 0.4343750000000002 0.734375
10 0.10781250000000006 0.5296875 0.06250000000000007 0.5296875 0.06250000000000007 0.5859375 0.10781250000000009 0.5859375
54 0.546875 0.4640625 0.50625 0.4640625 0.50625 0.5203125 0.546875 0.5203125
52 0.04531250000000006 0.46875 5.740531871003217e-17 0.46875 6.09453133638175e-17 0.5265625 0.04531250000000007 0.5265625
53 0.37187500000000007 0.465625 0.3312500000000001 0.465625 0.3312500000000001 0.521875 0.37187500000000007 0.521875
28 0.3828125000000001 0.525 0.3421875000000001 0.525 0.3421875000000001 0.5796875 0.3828125000000001 0.5796875
20 0.6578125 0.403125 0.621875 0.403125 0.621875 0.45625 0.6578125 0.45625
18 0.4484375 0.58125 0.4109375 0.58125 0.4109375 0.6375 0.4484375 0.6375
27 0.4140625 0.465625 0.3765625000000001 0.465625 0.3765625000000001 0.51875 0.4140625 0.51875
33 0.403125 0.5828125 0.3625000000000001 0.5828125 0.3625000000000001 0.6390625 0.403125 0.6390625
36 0.459375 0.4640625 0.41875 0.4640625 0.41875 0.51875 0.459375 0.51875
31 0.46875 0.521875 0.4328125 0.521875 0.4328125 0.575 0.46875 0.575
23 0.2468750000000001 0.5265625 0.20468750000000008 0.5265625 0.20468750000000008 0.5828125 0.2468750000000001 0.5828125
4 0.21093750000000008 0.4046875 0.16718750000000004 0.4046875 0.16718750000000004 0.4640625 0.21093750000000008 0.4640625
37 0.5125 0.521875 0.4765625 0.521875 0.4765625 0.575 0.5125 0.575
29 0.425 0.5234375 0.38750000000000007 0.5234375 0.38750000000000007 0.5765625 0.425 0.5765625
22 0.6625 0.4609375 0.5625 0.4609375 0.5625 0.5828125 0.6625 0.5828125
41 0.09687500000000007 0.46875 0.046875000000000056 0.46875 0.04687500000000006 0.5265625 0.09687500000000007 0.5265625
7 0.34843750000000007 0.4046875 0.3062500000000001 0.4046875 0.3062500000000001 0.4640625 0.34843750000000007 0.4640625
50 0.6625 0.640625 0.60625 0.640625 0.60625 0.7203125 0.6625 0.7203125
49 0.03125000000000008 0.6578125 8.055879725641184e-17 0.6578125 8.543824934676456e-17 0.7375 0.03125000000000009 0.7375
42 0.2375000000000001 0.4671875 0.19218750000000004 0.4671875 0.19218750000000004 0.5234375 0.2375000000000001 0.5234375
59 0.3281250000000001 0.4671875 0.2843750000000001 0.4671875 0.2843750000000001 0.5234375 0.3281250000000001 0.5234375
1 0.07187500000000005 0.409375 0.025000000000000057 0.409375 0.025000000000000057 0.4671875 0.07187500000000006 0.4671875
17 0.025000000000000057 0.4109375 5.032532940246154e-17 0.4109375 5.376964852506348e-17 0.4671875 0.025000000000000057 0.4671875
35 0.3593750000000001 0.584375 0.3187500000000001 0.584375 0.3187500000000001 0.6421875 0.3593750000000001 0.6421875
5 0.25468750000000007 0.4046875 0.2156250000000001 0.4046875 0.2156250000000001 0.4640625 0.25468750000000007 0.4640625
6 0.3046875000000001 0.4046875 0.2593750000000001 0.4046875 0.2593750000000001 0.4671875 0.3046875000000001 0.4671875
15 0.31718750000000007 0.5859375 0.2718750000000001 0.5859375 0.2718750000000001 0.6421875 0.31718750000000007 0.6421875
51 0.2828125000000001 0.4671875 0.2390625000000001 0.4671875 0.2390625000000001 0.5234375 0.2828125000000001 0.5234375
55 0.2687500000000001 0.5859375 0.2250000000000001 0.5859375 0.2250000000000001 0.6421875 0.2687500000000001 0.6421875
38 0.5 0.4640625 0.4625 0.4640625 0.4625 0.51875 0.5 0.51875
48 0.5234375 0.4046875 0.4828125 0.4046875 0.4828125 0.4609375 0.5234375 0.4609375
11 0.5671875 0.403125 0.528125 0.403125 0.528125 0.459375 0.5671875 0.459375
56 0.14218750000000005 0.46875 0.09843750000000007 0.46875 0.09843750000000007 0.5265625 0.14218750000000005 0.5265625
9 0.434375 0.4046875 0.3968750000000001 0.4046875 0.3968750000000001 0.4640625 0.434375 0.4640625
30 1 0.30781250000000004 3.769615928625447e-17 0.3078125 6.496368567351975e-17 0.753125 1 0.7531250000000002
24 0.2921875000000001 0.5265625 0.2515625000000001 0.5265625 0.2515625000000001 0.5796875 0.2921875000000001 0.5796875
2 0.11250000000000004 0.4078125 0.07187500000000005 0.4078125 0.07187500000000005 0.4640625 0.11250000000000004 0.4640625
3 0.16562500000000005 0.40625 0.11875000000000005 0.40625 0.11875000000000005 0.4640625 0.16562500000000005 0.4640625
43 0.15312500000000007 0.5296875 0.10937500000000004 0.5296875 0.10937500000000007 0.584375 0.1531250000000001 0.584375
21 0.18906250000000005 0.4671875 0.14531250000000004 0.4671875 0.14531250000000004 0.5234375 0.18906250000000005 0.5234375
40 0.4921875 0.58125 0.4546875 0.58125 0.4546875 0.634375 0.4921875 0.634375
45 0.056250000000000064 0.5296875 6.486801014233636e-17 0.5296875 6.840800479612169e-17 0.5875 0.056250000000000064 0.5875
12 0.55625 0.521875 0.5203125 0.521875 0.5203125 0.575 0.55625 0.575
25 0.3375000000000001 0.525 0.2968750000000001 0.525 0.2968750000000001 0.58125 0.3375000000000001 0.58125
0 0.4765625 0.4046875 0.4390625 0.4046875 0.4390625 0.4609375 0.4765625 0.4609375
57 0.1671875000000001 0.590625 0.1312500000000001 0.590625 0.1312500000000001 0.640625 0.1671875000000001 0.640625
39 0.590625 0.4625 0.5515625 0.4625 0.5515625 0.5203125 0.590625 0.5203125
8 0.3921875000000001 0.403125 0.3515625000000001 0.403125 0.3515625000000001 0.4640625 0.3921875000000001 0.4640625
14 0.4921875 0.640625 0.4390625 0.640625 0.4390625 0.7234375 0.4921875 0.7234375
19 0.2000000000000001 0.528125 0.15625000000000006 0.528125 0.15625000000000006 0.584375 0.2000000000000001 0.584375
32 0.07187500000000008 0.5921875 0.03437500000000008 0.5921875 0.03437500000000008 0.6453125 0.07187500000000009 0.6453125
46 0.659375 0.58125 0.546875 0.58125 0.546875 0.6359375 0.659375 0.6359375
58 0.11875000000000009 0.590625 0.08125000000000007 0.590625 0.08125000000000007 0.640625 0.11875000000000009 0.640625
26 0.6125 0.403125 0.571875 0.403125 0.571875 0.459375 0.6125 0.459375