16 0.303125 0.2375 0.2359375 0.2375 0.2359375 0.2828125 0.303125 0.2828125
44 0.29375 3.205130294643463e-17 0.2296875 2.812860616791577e-17 0.2296875 0.05000000000000003 0.29375 0.050000000000000044
34 0.3125000000000001 0.628125 0.2484375000000001 0.628125 0.2484375000000001 0.671875 0.3125000000000001 0.671875
13 0.225 0.13437500000000002 0.121875 0.134375 0.12187500000000002 0.203125 0.225 0.203125
47 0.23906250000000004 0.209375 0.12343750000000005 0.209375 0.12343750000000006 0.5515625 0.2390625000000001 0.5515625
10 0.3734375 0.09531250000000005 0.30625 0.09531250000000005 0.30625 0.15156250000000004 0.3734375 0.15156250000000004
54 0.4546875 0.6375 0.3859375000000001 0.6375 0.3859375000000001 0.6859375 0.4546875 0.6859375
52 0.4484375 5.0612355996011717e-17 0.378125 4.63069570927593e-17 0.378125 0.07656250000000005 0.4484375 0.07656250000000005
53 0.4515625 0.4234375 0.3828125000000001 0.4234375 0.3828125000000001 0.4734375 0.4515625 0.4734375
28 0.37968750000000007 0.4375 0.3140625000000001 0.4375 0.3140625000000001 0.4859375 0.37968750000000007 0.4859375
20 0.5281250000000002 0.778125 0.46406250000000016 0.778125 0.46406250000000016 0.821875 0.5281250000000002 0.821875
18 0.30937500000000007 0.521875 0.24218750000000008 0.521875 0.24218750000000008 0.5671875 0.30937500000000007 0.5671875
27 0.453125 0.4796875 0.38750000000000007 0.4796875 0.38750000000000007 0.525 0.453125 0.525
33 0.30937500000000007 0.4640625 0.2406250000000001 0.4640625 0.2406250000000001 0.5125 0.30937500000000007 0.5125
36 0.453125 0.53125 0.38750000000000007 0.53125 0.38750000000000007 0.5796875 0.453125 0.5796875
31 0.3828125000000001 0.546875 0.3187500000000001 0.546875 0.3187500000000001 0.590625 0.3828125000000001 0.590625
23 0.3765625 0.27031250000000007 0.309375 0.2703125 0.309375 0.321875 0.3765625 0.3218750000000001
4 0.525 0.22656250000000008 0.453125 0.22656250000000008 0.453125 0.2796875000000001 0.525 0.2796875000000001
37 0.3828125000000001 0.6 0.3187500000000001 0.6 0.3187500000000001 0.64375 0.3828125000000001 0.64375
29 0.37968750000000007 0.49375 0.3156250000000001 0.49375 0.3156250000000001 0.5375 0.37968750000000007 0.5375
22 0.45781250000000007 0.70625 0.3078125000000001 0.70625 0.3078125000000001 0.828125 0.4578125000000002 0.828125
41 0.4484375 0.07968750000000005 0.378125 0.07968750000000005 0.378125 0.13906250000000003 0.4484375 0.13906250000000003
7 0.525 0.3937500000000001 0.453125 0.3937500000000001 0.453125 0.4453125 0.525 0.4453125
50 0.2375000000000001 0.7609375 0.14062500000000008 0.7609375 0.14062500000000008 0.828125 0.2375000000000001 0.828125
49 0.21875 2.076159026679497e-17 0.1203125 1.4734031802241592e-17 0.1203125 0.059375000000000025 0.21875 0.059375000000000025
42 0.45 0.25468750000000007 0.38125 0.25468750000000007 0.38125 0.3109375000000001 0.45 0.3109375000000001
59 0.45 0.3687500000000001 0.3812500000000001 0.3687500000000001 0.3812500000000001 0.421875 0.45 0.421875
1 0.5203125 0.053125000000000054 0.45 0.05312500000000005 0.45 0.10937500000000004 0.5203125 0.10937500000000004
17 0.51875 5.94145048648833e-17 0.4515625 5.5300457023997667e-17 0.4515625 0.05156250000000005 0.51875 0.05156250000000007
35 0.3078125000000001 0.409375 0.2375000000000001 0.409375 0.2375000000000001 0.459375 0.3078125000000001 0.459375
5 0.525 0.2828125000000001 0.453125 0.2828125000000001 0.453125 0.3296875000000001 0.525 0.3296875000000001
6 0.5265625 0.3375000000000001 0.4515625 0.3375000000000001 0.4515625 0.3937500000000001 0.5265625 0.3937500000000001
15 0.30625 0.3515625 0.2375 0.3515625 0.23750000000000004 0.4078125 0.3062500000000001 0.4078125
51 0.45 0.3125000000000001 0.3828125 0.3125000000000001 0.38281250000000006 0.3656250000000001 0.45 0.3656250000000001
55 0.3046875 0.2953125 0.2359375 0.2953125 0.2359375 0.3484375 0.3046875 0.3484375
38 0.4546875 0.5859375 0.3890625000000001 0.5859375 0.3890625000000001 0.6296875 0.4546875 0.6296875
48 0.5265625 0.609375 0.4578125 0.609375 0.4578125 0.659375 0.5265625 0.659375
11 0.5265625 0.665625 0.4578125 0.665625 0.4578125 0.7125 0.5265625 0.7125
56 0.4484375 0.14062500000000006 0.378125 0.14062500000000006 0.378125 0.19531250000000006 0.4484375 0.19531250000000006
9 0.5265625 0.503125 0.4546875 0.503125 0.4546875 0.55 0.5265625 0.55
30 0.6453125000000001 4.573290390565898e-17 0.1015625 1.2437819053840305e-17 0.10156250000000007 1 0.6453125000000002 1
24 0.3765625 0.32656250000000003 0.3125 0.3265625 0.31250000000000006 0.3765625 0.3765625000000001 0.3765625000000001
2 0.521875 0.10781250000000005 0.453125 0.10781250000000005 0.453125 0.15781250000000005 0.521875 0.15781250000000005
3 0.5234375 0.16562500000000005 0.453125 0.16562500000000005 0.453125 0.2234375000000001 0.5234375 0.2234375000000001
43 0.371875 0.15468750000000003 0.30625 0.15468750000000003 0.30625 0.20781250000000004 0.371875 0.2078125000000001
21 0.45 0.19843750000000004 0.38125 0.19843750000000004 0.38125 0.2515625000000001 0.45 0.2515625000000001
40 0.3109375000000001 0.5765625 0.2453125000000001 0.5765625 0.2453125000000001 0.6203125 0.3109375000000001 0.6203125
45 0.3734375 4.142750500240656e-17 0.303125 3.7122106099154144e-17 0.303125 0.08906250000000004 0.3734375 0.08906250000000004
12 0.3828125000000001 0.6546875 0.3187500000000001 0.6546875 0.3187500000000001 0.6984375 0.3828125000000001 0.6984375
25 0.3781250000000001 0.38281250000000006 0.3109375000000001 0.3828125 0.3109375000000001 0.4328125 0.3781250000000001 0.4328125
0 0.525 0.55625 0.45625 0.55625 0.45625 0.6015625 0.525 0.6015625
57 0.3 0.18125000000000005 0.2375 0.18125000000000005 0.2375 0.225 0.3 0.225
39 0.4562500000000001 0.6921875 0.3859375000000001 0.6921875 0.3859375000000001 0.7390625 0.45625000000000016 0.7390625
8 0.528125 0.45 0.453125 0.45 0.453125 0.5 0.528125 0.5
14 0.2375000000000001 0.55625 0.1375000000000001 0.55625 0.1375000000000001 0.61875 0.2375000000000001 0.61875
19 0.3765625 0.21250000000000005 0.3078125 0.2125 0.3078125 0.26562500000000006 0.3765625 0.2656250000000001
32 0.2984375 0.06406250000000004 0.234375 0.06406250000000002 0.234375 0.10781250000000005 0.2984375 0.10781250000000005
46 0.3109375000000001 0.6875 0.2453125000000001 0.6875 0.2453125000000001 0.8234375 0.3109375000000001 0.8234375
58 0.3 0.12187500000000004 0.2375 0.12187500000000004 0.2375 0.16562500000000005 0.3 0.16562500000000005
26 0.5265625 0.7171875 0.4578125 0.7171875 0.45781250000000007 0.765625 0.5265625000000002 0.765625