12 0.5 0.45625 0.4640625 0.45625 0.4640625 0.496875 0.5 0.496875
53 0.696875 0.4109375 0.659375 0.4109375 0.659375 0.4515625 0.696875 0.4515625
21 0.88125 0.4109375000000002 0.846875 0.4109375000000002 0.846875 0.4515625000000002 0.88125 0.4515625000000002
20 0.3921875000000001 0.36562500000000003 0.3546875000000001 0.365625 0.3546875000000001 0.40625 0.3921875000000001 0.40625
5 0.8125 0.36406250000000007 0.775 0.36406250000000007 0.775 0.4046875000000002 0.8125 0.4046875000000002
46 0.475 0.503125 0.35625000000000007 0.503125 0.35625000000000007 0.5421875 0.475 0.5421875
22 0.4484375 0.4109375 0.3546875000000001 0.4109375 0.3546875000000001 0.4984375 0.4484375 0.4984375
33 0.6625 0.5015625 0.625 0.5015625 0.625 0.5421875 0.6625 0.5421875
28 0.6859375 0.45625 0.65 0.45625 0.65 0.496875 0.6859375 0.496875
6 0.765625 0.36406250000000007 0.728125 0.36406250000000007 0.728125 0.4046875000000002 0.765625 0.4046875000000002
8 0.6734375 0.36406250000000007 0.6375 0.36406250000000007 0.6375 0.4046875 0.6734375 0.4046875
23 0.8234375 0.4578125000000002 0.7890625 0.4578125000000002 0.7890625 0.4968750000000002 0.8234375 0.4968750000000002
16 0.8484375 0.5031250000000002 0.8125 0.5031250000000002 0.8125 0.5421875000000002 0.8484375 0.5421875000000002
13 0.93125 0.5484375000000001 0.8828125 0.5484375000000001 0.8828125 0.5890625000000002 0.93125 0.5890625000000002
14 0.5796875 0.55 0.53125 0.55 0.53125 0.590625 0.5796875 0.590625
19 0.871875 0.4578125000000002 0.834375 0.4578125000000002 0.834375 0.4968750000000002 0.871875 0.4968750000000002
43 0.91875 0.45625000000000016 0.88125 0.45625000000000016 0.88125 0.49531250000000016 0.91875 0.49531250000000016
55 0.8015625 0.5015625000000001 0.7640625 0.5015625000000001 0.7640625 0.5421875000000002 0.8015625 0.5421875000000002
31 0.5921875 0.4578125 0.5546875 0.4578125 0.5546875 0.496875 0.5921875 0.496875
58 0.940625 0.5046875000000002 0.90625 0.5046875000000002 0.90625 0.5421875000000002 0.940625 0.5421875000000002
57 0.89375 0.5015625000000001 0.8578125 0.5015625000000001 0.8578125 0.5421875000000002 0.89375 0.5421875000000002
42 0.8375 0.4109375000000002 0.8 0.4109375000000002 0.8 0.4500000000000002 0.8375 0.4500000000000002
36 0.6046875 0.4109375 0.5671875 0.4109375 0.5671875 0.4515625 0.6046875 0.4515625
40 0.5703125 0.503125 0.534375 0.503125 0.534375 0.5421875 0.5703125 0.5421875
10 0.9625 0.45625000000000016 0.928125 0.45625000000000016 0.928125 0.4968750000000002 0.9625 0.4968750000000002
54 0.5125 0.4109375 0.475 0.4109375 0.475 0.4515625 0.5125 0.4515625
15 0.75625 0.503125 0.71875 0.503125 0.71875 0.5421875 0.75625 0.5421875000000002
0 0.58125 0.3656250000000001 0.54375 0.3656250000000001 0.54375 0.4046875 0.58125 0.4046875
50 0.4078125 0.5484375 0.35625000000000007 0.5484375 0.35625000000000007 0.5890625 0.4078125 0.5890625
34 0.5234375 0.503125 0.4875 0.503125 0.4875 0.5421875 0.5234375 0.5421875
32 0.9890625 0.5031250000000002 0.9515625 0.5031250000000002 0.9515625 0.5437500000000002 0.9890625 0.5437500000000002
47 0.8734375 0.55 0.5890625 0.55 0.5890625 0.5937500000000001 0.8734375 0.5937500000000002
27 0.65 0.4125 0.6125 0.4125 0.6125 0.45 0.65 0.45
26 0.440625 0.36406250000000007 0.403125 0.36406250000000007 0.403125 0.4046875 0.440625 0.4046875
9 0.6265625 0.36406250000000007 0.5890625 0.36406250000000007 0.5890625 0.4046875 0.6265625 0.4046875
45 1 0.45625000000000016 0.971875 0.45625000000000016 0.971875 0.4968750000000002 1 0.4968750000000002
41 0.9765625 0.4109375000000002 0.9390625 0.4109375000000002 0.9390625 0.4515625000000002 0.9765625 0.4515625000000002
30 1 0.29218750000000004 3.5782648662586727e-17 0.2921875 5.5300457023997667e-17 0.6109375000000001 1 0.6109375000000001
11 0.4859375 0.3656250000000001 0.4484375 0.3656250000000001 0.4484375 0.4046875 0.4859375 0.4046875
1 0.9984375 0.3656250000000001 0.9609375 0.3656250000000001 0.9609375 0.4046875000000002 0.9984375 0.4046875000000002
59 0.74375 0.41093750000000007 0.70625 0.4109375 0.70625 0.45000000000000007 0.74375 0.4500000000000002
4 0.8578125 0.36406250000000007 0.821875 0.36406250000000007 0.821875 0.4031250000000002 0.8578125 0.4031250000000002
18 0.615625 0.503125 0.5796875 0.503125 0.5796875 0.54375 0.615625 0.54375
39 0.465625 0.4109375 0.428125 0.4109375 0.428125 0.4515625 0.465625 0.4515625
3 0.90625 0.36406250000000007 0.86875 0.36406250000000007 0.86875 0.4046875000000002 0.90625 0.4046875000000002
29 0.6375 0.4578125 0.603125 0.4578125 0.603125 0.4953125 0.6375 0.4953125
24 0.778125 0.45625000000000016 0.740625 0.45625000000000016 0.740625 0.49531250000000016 0.778125 0.49531250000000016
38 0.5578125 0.4109375 0.521875 0.4109375 0.521875 0.45 0.5578125 0.45
51 0.7890625 0.4109375000000002 0.7546875 0.4109375000000002 0.7546875 0.4500000000000002 0.7890625 0.4500000000000002
7 0.7203125 0.36406250000000007 0.6828125 0.36406250000000007 0.6828125 0.4046875 0.7203125 0.4046875
25 0.73125 0.45781250000000007 0.696875 0.4578125 0.696875 0.4953125000000001 0.73125 0.49531250000000016
2 0.9515625 0.36406250000000007 0.9125 0.36406250000000007 0.9125 0.4046875000000002 0.9515625 0.4046875000000002
35 0.709375 0.503125 0.6734375 0.503125 0.6734375 0.5421875 0.709375 0.5421875
48 0.534375 0.36406250000000007 0.496875 0.36406250000000007 0.496875 0.4046875 0.534375 0.4046875
52 1 0.4109375000000002 0.9859375 0.4109375000000002 0.9859375 0.4515625000000002 1 0.4515625000000002
37 0.546875 0.4578125 0.509375 0.4578125 0.509375 0.496875 0.546875 0.496875
56 0.928125 0.40937500000000016 0.8921875 0.40937500000000016 0.8921875 0.4500000000000002 0.928125 0.4500000000000002