21 0.5671875000000002 0.740625 0.4703125000000002 0.740625 0.4703125000000002 0.790625 0.5671875000000002 0.790625
44 0.8515625 0.875 0.7390625000000002 0.875 0.7390625000000002 0.946875 0.8515625 0.946875
9 0.3750000000000001 0.4953125 0.2875000000000001 0.4953125 0.2875000000000001 0.5421875 0.3750000000000001 0.5421875
42 0.55 0.6890625 0.453125 0.6890625 0.4531250000000001 0.740625 0.5500000000000002 0.740625
43 0.6843750000000002 0.7625 0.5875000000000001 0.7625 0.5875000000000001 0.815625 0.6843750000000002 0.815625
59 0.5125 0.59375 0.421875 0.59375 0.421875 0.64375 0.5125 0.64375
23 0.6453125 0.6640625 0.5515625 0.6640625 0.5515625 0.7140625 0.6453125 0.7140625
16 0.7578125 0.6703125000000001 0.6609375 0.6703125 0.6609375 0.7250000000000001 0.7578125 0.7250000000000002
8 0.3906250000000001 0.540625 0.3000000000000001 0.540625 0.3000000000000001 0.5875 0.3906250000000001 0.5875
1 0.5093750000000001 0.88125 0.4125000000000002 0.88125 0.4125000000000002 0.934375 0.5093750000000001 0.934375
0 0.3609375000000001 0.4515625 0.2734375000000001 0.4515625 0.2734375000000001 0.496875 0.3609375000000001 0.496875
2 0.4906250000000002 0.8296875 0.3968750000000001 0.8296875 0.3968750000000001 0.8828125 0.4906250000000002 0.8828125
4 0.4546875000000002 0.7296875 0.3609375000000001 0.7296875 0.3609375000000001 0.7796875 0.4546875000000002 0.7796875
24 0.6265625 0.615625 0.5328125 0.615625 0.5328125 0.665625 0.6265625 0.665625
27 0.478125 0.5015625 0.38750000000000007 0.5015625 0.38750000000000007 0.5484375 0.478125 0.5484375
37 0.5390625 0.3890625000000001 0.4515625 0.3890625000000001 0.4515625 0.4328125 0.5390625 0.4328125
15 0.7171875 0.5734375 0.6234375 0.5734375 0.6234375 0.6265625 0.7171875 0.6265625
35 0.6984375 0.528125 0.6046875 0.528125 0.6046875 0.578125 0.6984375 0.578125
55 0.7359375 0.6218750000000001 0.6453125 0.621875 0.6453125 0.6734375000000001 0.7359375 0.6734375000000001
40 0.640625 0.39531250000000007 0.553125 0.39531250000000007 0.553125 0.4390625 0.640625 0.4390625
13 0.903125 0.7281250000000001 0.7937500000000002 0.7281250000000001 0.7937500000000002 0.7968750000000002 0.903125 0.7968750000000002
48 0.3437500000000001 0.409375 0.2593750000000001 0.409375 0.2593750000000001 0.4546875 0.3437500000000001 0.4546875
14 0.7484375 0.3812500000000001 0.6515625 0.3812500000000001 0.6515625 0.4406250000000001 0.7484375 0.44062500000000016
12 0.521875 0.3468750000000001 0.434375 0.3468750000000001 0.434375 0.3906250000000001 0.521875 0.3906250000000001
52 0.6375000000000002 0.8921875 0.5281250000000002 0.8921875 0.5281250000000002 0.9765625 0.6375000000000002 0.9765625
18 0.659375 0.4359375 0.56875 0.4359375 0.56875 0.4828125 0.659375 0.4828125
11 0.3281250000000001 0.365625 0.2453125000000001 0.365625 0.2453125000000001 0.409375 0.3281250000000001 0.409375
54 0.4328125 0.37187500000000007 0.3453125000000001 0.371875 0.3453125000000001 0.415625 0.4328125 0.415625
25 0.6078125 0.56875 0.5171875 0.56875 0.5171875 0.61875 0.6078125 0.61875
47 0.878125 0.4359375000000001 0.6671875 0.4359375 0.6671875 0.7312500000000001 0.878125 0.7312500000000002
6 0.4203125 0.63125 0.33281250000000007 0.63125 0.33281250000000007 0.68125 0.4203125 0.68125
34 0.621875 0.3515625000000001 0.5359375 0.3515625000000001 0.5359375 0.39531250000000007 0.621875 0.39531250000000007
45 0.7453125000000002 0.865625 0.6265625000000001 0.865625 0.6265625000000001 0.9640625 0.7453125000000002 0.9640625
3 0.4734375000000002 0.778125 0.37968750000000007 0.778125 0.37968750000000007 0.83125 0.4734375000000002 0.83125
57 0.7781250000000001 0.7203125000000001 0.68125 0.7203125 0.6812500000000001 0.7718750000000001 0.7781250000000002 0.7718750000000002
50 0.678125 0.2234375000000001 0.5875 0.2234375000000001 0.5875 0.2796875000000001 0.678125 0.2796875000000001
28 0.590625 0.5234375 0.5 0.5234375 0.5 0.5703125 0.590625 0.5703125
22 0.50625 0.2531250000000001 0.403125 0.2531250000000001 0.403125 0.3500000000000001 0.50625 0.3500000000000001
46 0.6078125 0.2390625000000001 0.4921875 0.2390625000000001 0.4921875 0.3515625000000001 0.6078125 0.3515625000000001
32 0.8234375 0.825 0.7203125000000001 0.825 0.7203125000000001 0.878125 0.8234375 0.878125
26 0.403125 0.26875000000000004 0.3125 0.26875 0.3125 0.33125000000000004 0.403125 0.3312500000000001
51 0.5296875 0.640625 0.4390625 0.640625 0.4390625 0.690625 0.5296875 0.690625
58 0.8 0.7718750000000001 0.7000000000000002 0.771875 0.7000000000000002 0.8234375 0.8 0.8234375
49 0.9640625 0.859375 0.8484375 0.859375 0.8484375 0.9328125 0.9640625 0.9328125
53 0.496875 0.546875 0.40625 0.546875 0.40625 0.5953125 0.496875 0.5953125
39 0.4171875 0.3296875 0.33125 0.3296875 0.33125000000000004 0.37343750000000003 0.4171875 0.3734375000000001
33 0.6796875 0.48125 0.5890625 0.48125 0.5890625 0.53125 0.6796875 0.53125
56 0.5859375000000002 0.7890625 0.4859375000000002 0.7890625 0.4859375000000002 0.8421875 0.5859375000000002 0.8421875
41 0.6078125000000002 0.8421875 0.5078125000000002 0.8421875 0.5078125000000002 0.8953125 0.6078125000000002 0.8953125
30 1 6.123233995736766e-17 0 0 6.123233995736766e-17 1 1 1
7 0.40625 0.5859375 0.3156250000000001 0.5859375 0.3156250000000001 0.634375 0.40625 0.634375
17 0.5265625000000002 0.934375 0.42968750000000017 0.934375 0.42968750000000017 0.9890625 0.5265625000000002 0.9890625
36 0.4640625 0.4578125 0.3765625000000001 0.4578125 0.3765625000000001 0.50625 0.4640625 0.50625
20 0.31562500000000004 0.2875 0.221875 0.2875 0.22187500000000004 0.36875 0.3156250000000001 0.36875
31 0.5578125 0.4328125 0.4671875 0.4328125 0.4671875 0.478125 0.5578125 0.478125
5 0.4375000000000001 0.6796875 0.3500000000000001 0.6796875 0.3500000000000001 0.7296875 0.43750000000000017 0.7296875
29 0.575 0.478125 0.48125 0.478125 0.48125 0.525 0.575 0.525
19 0.6671875 0.7125 0.5703125 0.7125 0.5703125000000001 0.765625 0.6671875000000002 0.765625
38 0.446875 0.4140625 0.3593750000000001 0.4140625 0.3593750000000001 0.4609375 0.446875 0.4609375
10 0.7062500000000002 0.8140625 0.6062500000000002 0.8140625 0.6062500000000002 0.86875 0.7062500000000002 0.86875