42 0.5765625 0.07812500000000007 0.4625 0.07812500000000007 0.4625 0.11562500000000006 0.5765625 0.11562500000000009
48 0.7140625 0.4078125 0.6 0.4078125 0.6 0.446875 0.7140625 0.446875
28 0.4359375 0.24218750000000006 0.321875 0.2421875 0.321875 0.27968750000000003 0.4359375 0.2796875000000001
57 0.2984375 0.00781250000000003 0.1890625 0.007812500000000023 0.1890625 0.045312500000000026 0.2984375 0.04531250000000003
46 0.2968750000000001 0.4765625 0.18750000000000006 0.4765625 0.18750000000000006 0.6046875 0.2968750000000001 0.6046875
53 0.575 0.2312500000000001 0.4625 0.2312500000000001 0.4625 0.2687500000000001 0.575 0.2687500000000001
27 0.575 0.2828125000000001 0.4625 0.2828125000000001 0.4625 0.3203125000000001 0.575 0.3203125000000001
22 0.5828125 0.503125 0.31718750000000007 0.503125 0.31718750000000007 0.603125 0.5828125 0.603125
45 0.4328125 4.63069570927593e-17 0.3234375 3.9609669909922206e-17 0.3234375 0.021875000000000047 0.4328125 0.021875000000000054
14 0.15156250000000004 0.353125 4.324534009489091e-17 0.353125 4.6689659217492833e-17 0.409375 0.15156250000000004 0.409375
31 0.4328125 0.34687500000000004 0.3234375 0.346875 0.32343750000000004 0.384375 0.4328125 0.3843750000000001
33 0.296875 0.2671875 0.18750000000000006 0.2671875 0.18750000000000006 0.3046875 0.296875 0.3046875
29 0.4359375 0.29375000000000007 0.3234375 0.29375 0.3234375 0.33125000000000004 0.4359375 0.3312500000000001
1 0.71875 8.0845823849962e-17 0.6015625 7.367015901120797e-17 0.6015625 0.0046875000000000805 0.71875 0.004687500000000087
35 0.296875 0.215625 0.18750000000000006 0.215625 0.18750000000000006 0.253125 0.296875 0.253125
24 0.4328125 0.13906250000000003 0.3234375 0.13906250000000003 0.3234375 0.17656250000000004 0.4328125 0.17656250000000004
4 0.725 0.054687500000000076 0.603125 0.05468750000000007 0.603125 0.09375000000000008 0.725 0.09375000000000008
12 0.4328125 0.4484375 0.3203125000000001 0.4484375 0.3203125000000001 0.4859375 0.4328125 0.4859375
15 0.29375 0.16250000000000003 0.1875 0.16250000000000003 0.18750000000000003 0.2 0.29375 0.2
43 0.4359375 4.649830815512607e-17 0.3234375 3.9609669909922206e-17 0.3234375 0.021875000000000047 0.4359375 0.021875000000000054
55 0.29375 0.11093750000000005 0.1875 0.11093750000000005 0.1875 0.14843750000000006 0.29375 0.14843750000000006
5 0.71875 0.10468750000000009 0.6015625 0.10468750000000009 0.6015625 0.1453125000000001 0.71875 0.1453125000000001
11 0.7171875 0.4625 0.5984375 0.4625 0.5984375 0.5 0.7171875 0.5
23 0.4328125 0.08906250000000004 0.3234375 0.08906250000000004 0.3234375 0.12656250000000005 0.4328125 0.12656250000000005
18 0.29375 0.3203125 0.18750000000000006 0.3203125 0.18750000000000006 0.3578125 0.29375 0.3578125
25 0.4328125 0.19062500000000004 0.3234375 0.19062500000000004 0.3234375 0.22812500000000005 0.4328125 0.22812500000000008
13 0.159375 9.75890418070547e-18 0 0 1.0524308430172574e-18 0.017187500000000012 0.159375 0.017187500000000022
39 0.575 0.4875 0.4609375 0.4875 0.4609375 0.525 0.575 0.525
19 0.4359375 0.03593750000000005 0.3234375 0.035937500000000046 0.3234375 0.07343750000000004 0.4359375 0.07343750000000004
52 0.578125 6.343287717458556e-17 0.4578125 5.606586127346476e-17 0.4578125 0.014062500000000065 0.578125 0.014062500000000071
47 0.16406250000000003 0.02812500000000001 3.444319122601931e-18 0.028125 2.2770776421646097e-17 0.34375 0.16406250000000006 0.34375
44 0.290625 0.0015625000000000291 0.184375 0.0015625000000000229 0.184375 0.010937500000000029 0.290625 0.010937500000000036
21 0.578125 0.02812500000000006 0.4609375 0.028125000000000056 0.4609375 0.06562500000000007 0.578125 0.06562500000000007
37 0.4328125 0.39687500000000003 0.3203125000000001 0.396875 0.3203125000000001 0.434375 0.4328125 0.434375
7 0.71875 0.2062500000000001 0.6015625 0.2062500000000001 0.6015625 0.24375000000000008 0.71875 0.24375000000000008
6 0.71875 0.1546875000000001 0.6015625 0.1546875000000001 0.6015625 0.19531250000000008 0.71875 0.19531250000000008
38 0.575 0.3843750000000001 0.4578125 0.3843750000000001 0.4578125 0.421875 0.575 0.421875
0 0.7171875 0.3578125000000001 0.6 0.3578125000000001 0.6 0.39531250000000007 0.7171875 0.39531250000000007
9 0.71875 0.3078125000000001 0.6 0.3078125000000001 0.6 0.3453125000000001 0.71875 0.3453125000000001
56 0.5796875 6.38155792993191e-17 0.4625 5.663991446056509e-17 0.4625 0.012500000000000063 0.5796875 0.012500000000000072
30 0.915625 5.606586127346476e-17 0 0 6.123233995736766e-17 1 0.915625 1
51 0.575 0.12968750000000007 0.4625 0.12968750000000004 0.4625 0.16718750000000007 0.575 0.1671875000000001
54 0.575 0.4359375 0.4578125 0.4359375 0.4578125 0.4734375 0.575 0.4734375
26 0.71875 0.5125 0.6 0.5125 0.6 0.55 0.71875 0.55
8 0.71875 0.2578125000000001 0.596875 0.2578125000000001 0.596875 0.2953125000000001 0.71875 0.2953125000000001
59 0.5765625 0.17968750000000006 0.4625 0.17968750000000006 0.4625 0.2171875000000001 0.5765625 0.2171875000000001
40 0.29375000000000007 0.371875 0.18750000000000006 0.371875 0.18750000000000006 0.409375 0.29375000000000007 0.409375
50 0.1515625000000001 0.553125 6.773827607783798e-17 0.553125 7.137394626280668e-17 0.6125 0.1515625000000001 0.6125
34 0.29375000000000007 0.4234375 0.18750000000000006 0.4234375 0.18750000000000006 0.4609375 0.29375000000000007 0.4609375
41 0.5765625 6.362422823695233e-17 0.4625 5.663991446056509e-17 0.4625 0.004687500000000064 0.5765625 0.004687500000000071
3 0.721875 0.0015625000000000808 0.603125 0.0015625000000000736 0.603125 0.042187500000000086 0.721875 0.042187500000000086
49 0.1578125 9.663228649522084e-18 0 0 7.654042494670962e-19 0.012500000000000008 0.1578125 0.012500000000000016
36 0.575 0.33281250000000007 0.4578125 0.33281250000000007 0.4578125 0.3703125000000001 0.575 0.3703125000000001
20 0.7140625 0.5671875 0.5953125 0.5671875 0.5953125 0.6046875 0.7140625 0.6046875
16 0.296875 0.05937500000000003 0.1875 0.059375000000000025 0.1875 0.09687500000000003 0.296875 0.09687500000000004