16 0.6703125000000002 0.78125 0.6140625000000002 0.78125 0.6140625000000002 0.81875 0.6703125000000002 0.81875
44 0.6750000000000002 0.9765625 0.6218750000000002 0.9765625 0.6218750000000002 1 0.6750000000000002 1
34 0.659375 0.4546875 0.60625 0.4546875 0.60625 0.4921875 0.659375 0.4921875
13 0.7656250000000002 0.8484375 0.6781250000000002 0.8484375 0.6781250000000002 0.90625 0.7656250000000002 0.90625
47 0.7656250000000001 0.5562500000000001 0.66875 0.55625 0.6687500000000001 0.84375 0.7656250000000002 0.84375
10 0.6109375000000001 0.8921875 0.5546875000000002 0.8921875 0.5546875000000002 0.9390625 0.6109375000000001 0.9390625
54 0.5453125 0.44375 0.4875 0.44375 0.4875 0.484375 0.5453125 0.484375
52 0.5515625000000002 0.9546875 0.49218750000000017 0.9546875 0.49218750000000017 1 0.5515625000000002 1
53 0.546875 0.621875 0.4890625 0.621875 0.4890625 0.6640625 0.546875 0.6640625
28 0.60625 0.6109375 0.55 0.6109375 0.55 0.6515625 0.60625 0.6515625
20 0.478125 0.3281250000000001 0.425 0.3281250000000001 0.425 0.3656250000000001 0.478125 0.3656250000000001
18 0.6640625 0.54375 0.6078125 0.54375 0.6078125 0.58125 0.6640625 0.58125
27 0.54375 0.578125 0.4890625 0.578125 0.4890625 0.615625 0.54375 0.615625
33 0.665625 0.5890625 0.6078125 0.5890625 0.6078125 0.6296875 0.665625 0.6296875
36 0.54375 0.5328125 0.4875 0.5328125 0.4875 0.5734375 0.54375 0.5734375
31 0.6 0.521875 0.546875 0.521875 0.546875 0.559375 0.6 0.559375
23 0.6093750000000002 0.7484375 0.5531250000000002 0.7484375 0.5531250000000002 0.7921875 0.6093750000000002 0.7921875
4 0.48750000000000016 0.784375 0.4281250000000002 0.784375 0.4281250000000002 0.8296875 0.48750000000000016 0.8296875
37 0.6 0.4765625 0.546875 0.4765625 0.546875 0.5140625 0.6 0.5140625
29 0.603125 0.5671875 0.55 0.5671875 0.55 0.6046875 0.603125 0.6046875
22 0.609375 0.3234375000000001 0.484375 0.3234375000000001 0.484375 0.4265625 0.609375 0.4265625
41 0.5515625000000002 0.9015625 0.49218750000000017 0.9015625 0.49218750000000017 0.9515625 0.5515625000000002 0.9515625
7 0.4875 0.6453125 0.4265625 0.6453125 0.4265625 0.6890625 0.4875 0.6890625
50 0.75 0.3234375000000001 0.66875 0.3234375000000001 0.66875 0.37968750000000007 0.75 0.37968750000000007
49 0.7656250000000002 0.96875 0.6843750000000002 0.96875 0.6843750000000002 1 0.7656250000000002 1
42 0.5500000000000002 0.759375 0.4906250000000002 0.759375 0.4906250000000002 0.80625 0.5500000000000002 0.80625
59 0.55 0.665625 0.490625 0.665625 0.490625 0.709375 0.55 0.709375
1 0.4906250000000002 0.928125 0.4312500000000002 0.928125 0.4312500000000002 0.975 0.4906250000000002 0.975
17 0.4890625000000002 0.975 0.43281250000000016 0.975 0.43281250000000016 1 0.4890625000000002 1
35 0.66875 0.634375 0.609375 0.634375 0.609375 0.675 0.66875 0.675
5 0.48750000000000016 0.740625 0.4265625000000002 0.740625 0.4265625000000002 0.78125 0.48750000000000016 0.78125
6 0.48906250000000007 0.6890625 0.4265625 0.6890625 0.42656250000000007 0.7359375 0.4890625000000002 0.7359375
15 0.6703125 0.678125 0.6109375 0.678125 0.6109375 0.725 0.6703125 0.725
51 0.5468750000000001 0.7125 0.490625 0.7125 0.4906250000000001 0.75625 0.5468750000000002 0.75625
55 0.6703125000000002 0.728125 0.6125000000000002 0.728125 0.6125000000000002 0.771875 0.6703125000000002 0.771875
38 0.5421875 0.4890625 0.4859375 0.4890625 0.4859375 0.5265625 0.5421875 0.5265625
48 0.484375 0.465625 0.4265625 0.465625 0.4265625 0.50625 0.484375 0.50625
11 0.4828125 0.4203125 0.425 0.4203125 0.425 0.4609375 0.4828125 0.4609375
56 0.5500000000000002 0.8546875 0.4906250000000002 0.8546875 0.4906250000000002 0.9015625 0.5500000000000002 0.9015625
9 0.4875 0.55625 0.4265625 0.55625 0.4265625 0.5953125 0.4875 0.5953125
30 0.7828125000000001 6.792962714020475e-17 0.3265625 3.999237203465575e-17 0.32656250000000003 1 0.7828125000000001 1
24 0.6046875 0.703125 0.5515625 0.703125 0.5515625000000001 0.74375 0.6046875000000002 0.74375
2 0.48750000000000016 0.8875 0.42968750000000017 0.8875 0.42968750000000017 0.928125 0.48750000000000016 0.928125
3 0.48750000000000016 0.83125 0.4281250000000002 0.83125 0.4281250000000002 0.8796875 0.48750000000000016 0.8796875
43 0.6109375000000001 0.84375 0.5546875000000002 0.84375 0.5546875000000002 0.8890625 0.6109375000000001 0.8890625
21 0.5500000000000002 0.809375 0.4906250000000002 0.809375 0.4906250000000002 0.853125 0.5500000000000002 0.853125
40 0.6625 0.4984375 0.6078125 0.4984375 0.6078125 0.5359375 0.6625 0.5359375
45 0.6140625000000002 0.94375 0.5546875000000002 0.94375 0.5546875000000002 1 0.6140625000000002 1
12 0.6 0.4328125 0.546875 0.4328125 0.546875 0.4703125 0.6 0.4703125
25 0.6078125 0.65625 0.5515625 0.65625 0.5515625 0.6984375 0.6078125 0.6984375
0 0.4859375 0.5140625 0.4265625 0.5140625 0.4265625 0.5515625 0.4859375 0.5515625
57 0.6687500000000002 0.8296875 0.6156250000000002 0.8296875 0.6156250000000002 0.8671875 0.6687500000000002 0.8671875
39 0.54375 0.3968750000000001 0.484375 0.3968750000000001 0.484375 0.4375 0.54375 0.4375
8 0.4875 0.6 0.425 0.6 0.425 0.640625 0.4875 0.640625
14 0.753125 0.4984375000000001 0.66875 0.4984375 0.66875 0.5515625000000001 0.753125 0.5515625000000002
19 0.6109375000000001 0.796875 0.5531250000000002 0.796875 0.5531250000000002 0.8421875 0.6109375000000001 0.8421875
32 0.6718750000000002 0.928125 0.6187500000000001 0.928125 0.6187500000000001 0.965625 0.6718750000000002 0.965625
46 0.6640625 0.3265625000000001 0.6078125 0.3265625000000001 0.6078125 0.4421875 0.6640625 0.4421875
58 0.6703125000000002 0.8796875 0.6171875000000002 0.8796875 0.6171875000000002 0.9171875 0.6703125000000002 0.9171875
26 0.4828125 0.3750000000000001 0.425 0.3750000000000001 0.425 0.415625 0.4828125 0.415625