37 0.503125 0.4625 0.4046875 0.4625 0.4046875 0.496875 0.503125 0.496875
32 0.3828125000000001 0.91875 0.2812500000000001 0.91875 0.2812500000000001 0.9546875 0.3828125000000001 0.9546875
30 0.9484375 5.807504742831589e-17 0 0 6.123233995736766e-17 1 0.9484375 1
23 0.5062500000000002 0.746875 0.4046875000000002 0.746875 0.4046875000000002 0.78125 0.5062500000000002 0.78125
7 0.765625 0.6390625000000001 0.6578125 0.6390625 0.6578125 0.6734375000000001 0.765625 0.6734375000000001
13 0.2531250000000001 0.846875 0.05625000000000011 0.846875 0.05625000000000011 0.9 0.2531250000000001 0.9
42 0.6359375000000002 0.7578125 0.5343750000000002 0.7578125 0.5343750000000002 0.7921875 0.6359375000000002 0.7921875
33 0.37968750000000007 0.5828125 0.27812500000000007 0.5828125 0.27812500000000007 0.6171875 0.37968750000000007 0.6171875
3 0.7687500000000002 0.825 0.6578125000000001 0.825 0.6578125000000001 0.8625 0.7687500000000002 0.8625
18 0.3765625000000001 0.5328125 0.27812500000000007 0.5328125 0.27812500000000007 0.5671875 0.3765625000000001 0.5671875
29 0.50625 0.5578125 0.4046875 0.5578125 0.4046875 0.5921875 0.50625 0.5921875
1 0.7656250000000002 0.9171875 0.6578125000000001 0.9171875 0.6578125000000001 0.9546875 0.7656250000000002 0.9546875
14 0.2468750000000001 0.4875 0.06562500000000007 0.4875 0.06562500000000007 0.5375 0.2468750000000001 0.5375
25 0.503125 0.6515625 0.4046875 0.6515625 0.4046875 0.6859375 0.503125 0.6859375
22 0.6421875 0.3062500000000001 0.3859375 0.3062500000000001 0.38593750000000004 0.3968750000000001 0.6421875 0.3968750000000001
12 0.503125 0.415625 0.4015625 0.415625 0.4015625 0.45 0.503125 0.45
5 0.7656250000000002 0.7296875 0.6578125000000001 0.7296875 0.6578125000000001 0.7671875000000001 0.7656250000000002 0.7671875000000001
15 0.3765625000000001 0.678125 0.27812500000000007 0.678125 0.27812500000000007 0.7125 0.3765625000000001 0.7125
36 0.6359375 0.5203125 0.528125 0.5203125 0.528125 0.5546875 0.6359375 0.5546875
51 0.6359375 0.709375 0.53125 0.709375 0.5312500000000001 0.74375 0.6359375000000002 0.74375
38 0.6328125 0.4734375 0.528125 0.4734375 0.528125 0.5078125 0.6328125 0.5078125
8 0.765625 0.5906250000000001 0.6546875 0.590625 0.6546875 0.6265625000000001 0.765625 0.6265625000000001
17 0.7656250000000002 0.965625 0.6609375000000002 0.965625 0.6609375000000002 0.996875 0.7656250000000002 0.996875
28 0.50625 0.6046875 0.4015625 0.6046875 0.4015625 0.6390625 0.50625 0.6390625
11 0.759375 0.3968750000000001 0.6484375 0.3968750000000001 0.6484375 0.4328125000000001 0.759375 0.43281250000000016
10 0.5062500000000002 0.8921875 0.4046875000000002 0.8921875 0.4046875000000002 0.9265625 0.5062500000000002 0.9265625
19 0.5062500000000002 0.7953125 0.4046875000000002 0.7953125 0.4046875000000002 0.8296875 0.5062500000000002 0.8296875
53 0.6359375 0.615625 0.53125 0.615625 0.53125 0.65 0.6359375 0.65
6 0.765625 0.6828125 0.6609375 0.6828125 0.6609375 0.7203125000000001 0.765625 0.7203125000000001
41 0.6390625000000002 0.896875 0.5312500000000002 0.896875 0.5312500000000002 0.934375 0.6390625000000002 0.934375
21 0.6359375000000002 0.8046875 0.5312500000000002 0.8046875 0.5312500000000002 0.8390625 0.6359375000000002 0.8390625
59 0.6359375 0.6625 0.53125 0.6625 0.53125 0.696875 0.6359375 0.696875
47 0.2593750000000001 0.546875 0.050000000000000065 0.546875 0.050000000000000086 0.8375 0.2593750000000001 0.8375
55 0.3765625000000001 0.7265625 0.27812500000000007 0.7265625 0.27812500000000007 0.7609375 0.3765625000000001 0.7609375
58 0.3765625000000001 0.8703125 0.27812500000000007 0.8703125 0.27812500000000007 0.9046875 0.3765625000000001 0.9046875
31 0.50625 0.5078125 0.4046875 0.5078125 0.4046875 0.5421875 0.50625 0.5421875
48 0.765625 0.45000000000000007 0.6546875 0.45 0.6546875 0.4859375000000001 0.765625 0.4859375000000002
39 0.6359375 0.37968750000000007 0.528125 0.37968750000000007 0.528125 0.4140625 0.6359375 0.4140625
20 0.7625 0.3062500000000001 0.6515625 0.3062500000000001 0.6515625 0.3421875000000001 0.7625 0.3421875000000001
50 0.24375 0.2984375 0.059375000000000046 0.2984375 0.059375000000000046 0.3515625 0.24375 0.3515625
43 0.5062500000000002 0.84375 0.4046875000000002 0.84375 0.4046875000000002 0.878125 0.5062500000000002 0.878125
49 0.2500000000000001 0.9671875 0.05312500000000011 0.9671875 0.053125000000000124 1 0.2500000000000001 1
35 0.3765625000000001 0.63125 0.27812500000000007 0.63125 0.27812500000000007 0.665625 0.3765625000000001 0.665625
57 0.37968750000000007 0.821875 0.2812500000000001 0.821875 0.2812500000000001 0.85625 0.37968750000000007 0.85625
24 0.5062500000000001 0.7015625 0.4046875 0.7015625 0.4046875000000001 0.7359375 0.5062500000000002 0.7359375
45 0.5031250000000002 0.9390625 0.40156250000000016 0.9390625 0.40156250000000016 1 0.5031250000000002 1
34 0.3765625000000001 0.4375 0.27812500000000007 0.4375 0.27812500000000007 0.471875 0.3765625000000001 0.471875
52 0.6359375000000002 0.9453125 0.5281250000000002 0.9453125 0.5281250000000002 1 0.6359375000000002 1
56 0.6390625000000002 0.8515625 0.5312500000000002 0.8515625 0.5312500000000002 0.8875 0.6390625000000002 0.8875
54 0.6359375 0.4265625 0.528125 0.4265625 0.528125 0.4609375 0.6359375 0.4609375
40 0.3765625000000001 0.484375 0.2812500000000001 0.484375 0.2812500000000001 0.51875 0.3765625000000001 0.51875
27 0.6328125 0.56875 0.53125 0.56875 0.53125 0.603125 0.6328125 0.603125
0 0.7625 0.49687500000000007 0.6578125 0.496875 0.6578125 0.5328125000000001 0.7625 0.5328125000000001
26 0.759375 0.3515625000000001 0.6484375 0.3515625000000001 0.6484375 0.38750000000000007 0.759375 0.38750000000000007
4 0.7687500000000002 0.7765625 0.6578125000000001 0.7765625 0.6578125000000001 0.8140625 0.7687500000000002 0.8140625
46 0.3765625 0.30468750000000006 0.278125 0.3046875 0.27812500000000007 0.4234375 0.3765625000000001 0.4234375
16 0.37968750000000007 0.775 0.27812500000000007 0.775 0.27812500000000007 0.809375 0.37968750000000007 0.809375
9 0.765625 0.5453125000000001 0.6578125 0.5453125 0.6578125 0.5796875000000001 0.765625 0.5796875000000001
44 0.3765625000000001 0.9671875 0.2750000000000001 0.9671875 0.2750000000000001 1 0.3765625000000001 1
2 0.7687500000000002 0.8703125 0.6578125000000001 0.8703125 0.6578125000000001 0.9078125 0.7687500000000002 0.9078125