13 0.0890625 0.010937500000000006 1.3394574365674175e-18 0.0109375 4.11404784088564e-18 0.05625 0.0890625 0.05625
33 0.265625 0.2640625 0.12187500000000004 0.2640625 0.12187500000000004 0.2984375 0.265625 0.2984375
26 0.7875 0.4703125000000001 0.634375 0.4703125 0.634375 0.5046875000000001 0.7875 0.5046875000000002
2 0.778125 8.591662700268149e-17 0.625 7.654042494670958e-17 0.625 0.023437500000000087 0.778125 0.023437500000000094
39 0.6125 0.45 0.459375 0.45 0.459375 0.484375 0.6125 0.484375
12 0.440625 0.4171875 0.29375000000000007 0.4171875 0.29375000000000007 0.4515625 0.440625 0.4515625
54 0.60625 0.4046875 0.459375 0.4046875 0.459375 0.4390625 0.60625 0.4390625
11 0.784375 0.4281250000000001 0.634375 0.428125 0.634375 0.4625000000000001 0.784375 0.4625000000000002
53 0.60625 0.2312500000000001 0.459375 0.2312500000000001 0.459375 0.2640625000000001 0.60625 0.2640625000000001
29 0.4375 0.28593750000000007 0.29375 0.2859375 0.29375 0.32031250000000006 0.4375 0.3203125000000001
23 0.4375 0.11250000000000004 0.290625 0.11250000000000004 0.290625 0.14531250000000004 0.4375 0.14531250000000004
57 0.2625 0.04531250000000002 0.11875 0.04531250000000001 0.11875 0.07812500000000003 0.2625 0.07812500000000003
18 0.26875 0.3078125 0.12187500000000004 0.3078125 0.12187500000000004 0.3421875 0.26875 0.3421875
27 0.60625 0.2765625000000001 0.4625 0.2765625000000001 0.4625 0.30937500000000007 0.60625 0.30937500000000007
7 0.778125 0.2093750000000001 0.628125 0.2093750000000001 0.628125 0.24218750000000008 0.778125 0.24218750000000008
5 0.778125 0.12031250000000009 0.628125 0.12031250000000009 0.628125 0.1546875000000001 0.778125 0.1546875000000001
22 0.615625 0.465625 0.2875000000000001 0.465625 0.2875000000000001 0.5515625 0.615625 0.5515625
10 0.434375 4.420209540672478e-17 0.2875 3.5208595475486407e-17 0.2875 0.012500000000000044 0.434375 0.012500000000000056
59 0.60625 0.18750000000000006 0.459375 0.18750000000000006 0.459375 0.2218750000000001 0.60625 0.2218750000000001
30 1 6.123233995736766e-17 0 0 5.501343043044751e-17 0.8984375 1 0.8984375
9 0.78125 0.2968750000000001 0.628125 0.2968750000000001 0.628125 0.3312500000000001 0.78125 0.3312500000000001
56 0.60625 0.010937500000000065 0.45625 0.010937500000000055 0.45625 0.04531250000000007 0.60625 0.045312500000000075
43 0.434375 0.021875000000000044 0.2875 0.021875000000000033 0.2875 0.05625000000000004 0.434375 0.05625000000000004
4 0.784375 0.07656250000000007 0.63125 0.07656250000000006 0.63125 0.11093750000000009 0.784375 0.11093750000000009
20 0.775 0.51875 0.621875 0.51875 0.621875 0.5531250000000001 0.775 0.5531250000000002
40 0.26562500000000006 0.3515625 0.12500000000000006 0.3515625 0.12500000000000006 0.3859375 0.2656250000000001 0.3859375
28 0.4375 0.24375000000000005 0.2875 0.24375 0.2875 0.27656250000000004 0.4375 0.2765625000000001
0 0.7875 0.3390625000000001 0.628125 0.3390625000000001 0.628125 0.3750000000000001 0.7875 0.3750000000000001
58 0.2578125 0.0015625000000000229 0.1140625 0.001562500000000014 0.1140625 0.035937500000000025 0.2578125 0.03593750000000003
42 0.60625 0.10000000000000006 0.459375 0.10000000000000005 0.459375 0.13437500000000008 0.60625 0.13437500000000008
14 0.10156250000000004 0.3421875 4.190588265832349e-17 0.3421875 4.468047306264171e-17 0.3875 0.10156250000000004 0.3875
50 0.09531250000000006 0.503125 6.161504208210122e-17 0.503125 6.458098354878621e-17 0.5515625 0.09531250000000006 0.5515625
47 0.09218750000000002 0.06875 8.419446744138053e-18 0.06875 2.4684287045313837e-17 0.334375 0.09218750000000005 0.334375
35 0.2625 0.2203125 0.11875000000000005 0.2203125 0.11875000000000005 0.2546875 0.2625 0.2546875
24 0.4375 0.15468750000000003 0.29375 0.15468750000000003 0.29375 0.18906250000000005 0.4375 0.18906250000000005
8 0.784375 0.2515625000000001 0.628125 0.2515625000000001 0.628125 0.28593750000000007 0.784375 0.28593750000000007
36 0.609375 0.3187500000000001 0.4625 0.3187500000000001 0.4625 0.3531250000000001 0.609375 0.3531250000000001
34 0.2687500000000001 0.3953125 0.12812500000000004 0.3953125 0.12812500000000004 0.428125 0.2687500000000001 0.428125
51 0.609375 0.14531250000000007 0.4625 0.14531250000000004 0.4625 0.17656250000000007 0.609375 0.1765625000000001
25 0.434375 0.19843750000000004 0.2875 0.19843750000000004 0.2875 0.23281250000000003 0.434375 0.2328125000000001
37 0.440625 0.37343750000000003 0.29375000000000007 0.3734375 0.29375000000000007 0.4078125 0.440625 0.4078125
21 0.60625 0.056250000000000064 0.45625 0.056250000000000064 0.45625 0.08906250000000007 0.60625 0.08906250000000007
38 0.60625 0.3625000000000001 0.4625 0.3625000000000001 0.4625 0.39531250000000007 0.60625 0.39531250000000007
16 0.265625 0.08906250000000002 0.121875 0.08906250000000002 0.121875 0.12343750000000002 0.265625 0.12343750000000005
3 0.78125 0.03281250000000009 0.625 0.03281250000000008 0.625 0.06718750000000008 0.78125 0.0671875000000001
46 0.26250000000000007 0.440625 0.11875000000000005 0.440625 0.11875000000000006 0.5515625 0.26250000000000007 0.5515625
55 0.265625 0.13437500000000002 0.121875 0.134375 0.121875 0.16875 0.265625 0.16875000000000004
6 0.78125 0.16562500000000008 0.628125 0.16562500000000008 0.628125 0.2000000000000001 0.78125 0.2000000000000001
48 0.784375 0.3828125000000001 0.63125 0.3828125000000001 0.63125 0.41875000000000007 0.784375 0.4187500000000002
19 0.434375 0.06718750000000004 0.2875 0.06718750000000004 0.2875 0.10156250000000004 0.434375 0.10156250000000004
15 0.2625 0.1765625 0.11875 0.1765625 0.11875000000000002 0.2109375 0.2625 0.2109375
31 0.4375 0.3296875 0.29375 0.3296875 0.29375 0.36250000000000004 0.4375 0.3625000000000001