42 0.12656250000000005 0.41875 0.09062500000000004 0.41875 0.09062500000000005 0.5296875 0.12656250000000005 0.5296875
48 0.45 0.28593750000000007 0.4125 0.28593750000000007 0.4125 0.3968750000000001 0.45 0.3968750000000001
28 0.28593750000000007 0.55625 0.2515625000000001 0.55625 0.2515625000000001 0.6671875 0.28593750000000007 0.6671875
32 0.01875000000000009 0.6859375 8.400311637901375e-17 0.6859375 9.050905249948406e-17 0.7921875 0.018750000000000093 0.7921875
57 0.05937500000000009 0.6890625 0.021875000000000082 0.6890625 0.021875000000000092 0.7953125 0.05937500000000009 0.7953125
17 0.017187500000000043 0.2796875 3.425184016365254e-17 0.2796875 4.11404784088564e-17 0.3921875 0.01718750000000005 0.3921875
46 0.6031250000000001 0.690625 0.478125 0.690625 0.4781250000000001 0.796875 0.6031250000000001 0.796875
53 0.2765625000000001 0.4203125 0.2406250000000001 0.4203125 0.2406250000000001 0.5296875 0.2765625000000001 0.5296875
27 0.3265625000000001 0.4203125 0.2906250000000001 0.4203125 0.2906250000000001 0.5296875 0.3265625000000001 0.5296875
22 0.6015625 0.4125 0.5046875 0.4125 0.5046875 0.671875 0.6015625 0.671875
45 0.037500000000000075 0.5578125 6.831232926493829e-17 0.5578125 7.481826538540861e-17 0.6640625 0.037500000000000075 0.6640625
14 0.41406250000000017 0.83125 0.3593750000000001 0.83125 0.3593750000000001 1 0.41406250000000017 1
31 0.38750000000000007 0.5578125 0.3531250000000001 0.5578125 0.3531250000000001 0.6640625 0.38750000000000007 0.6640625
33 0.3109375000000001 0.690625 0.2750000000000001 0.690625 0.2750000000000001 0.796875 0.3109375000000001 0.796875
29 0.3375000000000001 0.55625 0.30156250000000007 0.55625 0.30156250000000007 0.6640625 0.3375000000000001 0.6640625
1 0.01875000000000004 0.2796875 3.425184016365254e-17 0.2796875 4.11404784088564e-17 0.3921875 0.01875000000000005 0.3921875
35 0.2609375000000001 0.690625 0.2250000000000001 0.690625 0.2250000000000001 0.796875 0.2609375000000001 0.796875
24 0.1859375000000001 0.5578125 0.1515625000000001 0.5578125 0.1515625000000001 0.6640625 0.1859375000000001 0.6640625
4 0.10625000000000004 0.275 0.06718750000000004 0.275 0.06718750000000004 0.39375 0.10625000000000004 0.39375
12 0.4875 0.5578125 0.4515625 0.5578125 0.4515625 0.6671875 0.4875 0.6671875
15 0.2093750000000001 0.69375 0.17343750000000008 0.69375 0.17343750000000008 0.796875 0.2093750000000001 0.796875
58 0.018750000000000093 0.690625 8.457716956611408e-17 0.690625 9.108310568658439e-17 0.796875 0.0187500000000001 0.796875
43 0.035937500000000074 0.55625 6.812097820257152e-17 0.55625 7.472258985422522e-17 0.6640625 0.03593750000000008 0.6640625
10 0.017187500000000074 0.5546875 6.792962714020475e-17 0.5546875 7.462691432304184e-17 0.6640625 0.017187500000000085 0.6640625
55 0.1593750000000001 0.69375 0.12343750000000009 0.69375 0.12343750000000009 0.796875 0.1593750000000001 0.796875
5 0.15625000000000006 0.2796875 0.11718750000000004 0.2796875 0.11718750000000004 0.39375 0.15625000000000006 0.39375
11 0.5015625 0.2828125000000001 0.465625 0.2828125000000001 0.465625 0.3984375000000001 0.5015625 0.3984375000000001
23 0.1375000000000001 0.5578125 0.10156250000000008 0.5578125 0.10156250000000008 0.6640625 0.1375000000000001 0.6640625
18 0.3625000000000001 0.69375 0.3265625000000001 0.69375 0.3265625000000001 0.796875 0.3625000000000001 0.796875
25 0.2375000000000001 0.5578125 0.2015625000000001 0.5578125 0.2015625000000001 0.6640625 0.2375000000000001 0.6640625
13 0.03281250000000011 0.8234375 1.0084200986728987e-16 0.8234375 1.116533448910126e-16 1 0.03281250000000012 1
39 0.525 0.4203125 0.4890625 0.4203125 0.4890625 0.53125 0.525 0.53125
19 0.08750000000000008 0.55625 0.05156250000000007 0.55625 0.05156250000000008 0.6640625 0.08750000000000009 0.6640625
2 0.01875000000000004 0.2796875 3.425184016365254e-17 0.2796875 4.1236153940039786e-17 0.39375 0.01875000000000005 0.39375
52 0.02968750000000006 0.41875 5.128208471429541e-17 0.41875 5.836207402186604e-17 0.534375 0.029687500000000068 0.534375
47 0.3500000000000001 0.81875 0.0421875000000001 0.81875 0.042187500000000114 1 0.3500000000000001 1
44 0.025000000000000095 0.6953125 8.51512227532144e-17 0.6953125 9.156148334250133e-17 0.8 0.0250000000000001 0.8
21 0.07812500000000006 0.41875 0.04218750000000006 0.41875 0.04218750000000006 0.53125 0.07812500000000007 0.53125
37 0.4375 0.5578125 0.4015625 0.5578125 0.4015625 0.6671875 0.4375 0.6671875
7 0.2515625 0.2796875 0.215625 0.2796875 0.21562500000000004 0.39375 0.2515625000000001 0.39375
6 0.20468750000000005 0.2796875 0.16562500000000005 0.2796875 0.16562500000000005 0.39375 0.20468750000000008 0.39375
38 0.425 0.4203125 0.3890625000000001 0.4203125 0.3890625000000001 0.534375 0.425 0.534375
0 0.4 0.2828125000000001 0.3640625 0.2828125000000001 0.36406250000000007 0.39531250000000007 0.4 0.39531250000000007
9 0.35156250000000006 0.28125 0.315625 0.28125 0.31562500000000004 0.396875 0.3515625000000001 0.396875
56 0.02812500000000006 0.415625 5.089938258956187e-17 0.415625 5.778802083476573e-17 0.528125 0.028125000000000067 0.528125
30 1 0.08906250000000007 1.0907010554906114e-17 0.0890625 6.668584523482072e-17 1 1 1
51 0.17656250000000004 0.4203125 0.14062500000000006 0.4203125 0.14062500000000006 0.5296875 0.17656250000000004 0.5296875
54 0.475 0.4203125 0.4390625 0.4203125 0.4390625 0.534375 0.475 0.534375
26 0.55 0.2812500000000001 0.5140625 0.2812500000000001 0.5140625 0.3968750000000001 0.55 0.3968750000000001
8 0.30156250000000007 0.2796875 0.265625 0.2796875 0.26562500000000006 0.3984375 0.30156250000000007 0.3984375
59 0.22656250000000008 0.41875 0.19062500000000004 0.41875 0.19062500000000004 0.5296875 0.22656250000000008 0.5296875
40 0.4140625000000001 0.69375 0.3781250000000001 0.69375 0.3781250000000001 0.796875 0.41406250000000017 0.796875
50 0.6109375000000001 0.83125 0.5531250000000002 0.83125 0.5531250000000002 1 0.6109375000000001 1
34 0.4640625000000001 0.69375 0.428125 0.69375 0.4281250000000001 0.796875 0.46406250000000016 0.796875
41 0.01875000000000006 0.4171875 5.109073365192864e-17 0.4171875 5.788369636594911e-17 0.528125 0.018750000000000065 0.528125
3 0.05625000000000004 0.278125 0.017187500000000033 0.278125 0.017187500000000043 0.39375 0.05625000000000004 0.39375
49 0.02812500000000011 0.825 1.0103336092965664e-16 0.825 1.1174902042219599e-16 1 0.028125000000000122 1
36 0.3765625000000001 0.4203125 0.3390625000000001 0.4203125 0.3390625000000001 0.534375 0.3765625000000001 0.534375
20 0.603125 0.28593750000000007 0.5671875 0.28593750000000007 0.5671875 0.4015625 0.603125 0.4015625
16 0.10937500000000008 0.690625 0.07343750000000009 0.690625 0.07343750000000009 0.796875 0.10937500000000008 0.796875