55 0.33125 0.18593750000000003 0.21875 0.18593750000000003 0.21875 0.228125 0.33125 0.228125
24 0.45 0.21093750000000006 0.3484375 0.2109375 0.3484375 0.2515625 0.45 0.2515625000000001
7 0.703125 0.2750000000000001 0.5890625 0.2750000000000001 0.5890625 0.3125000000000001 0.703125 0.3125000000000001
26 0.5765625 0.58125 0.4625 0.58125 0.4625 0.646875 0.5765625 0.646875
8 0.7109375 0.3203125000000001 0.5890625 0.3203125000000001 0.5890625 0.3593750000000001 0.7109375 0.3593750000000001
4 0.69375 0.1359375000000001 0.5921875 0.1359375000000001 0.5921875 0.1750000000000001 0.69375 0.1750000000000001
3 0.6921875 0.08750000000000008 0.5890625 0.08750000000000006 0.5890625 0.12656250000000008 0.6921875 0.12656250000000008
50 0.20468750000000008 0.5921875 0.08906250000000007 0.5921875 0.08906250000000007 0.6515625 0.20468750000000008 0.6515625
14 0.2062500000000001 0.409375 0.08750000000000005 0.409375 0.08750000000000005 0.465625 0.2062500000000001 0.465625
33 0.33281250000000007 0.328125 0.2171875 0.328125 0.21718750000000003 0.371875 0.33281250000000007 0.371875
40 0.3296875000000001 0.4296875 0.2234375000000001 0.4296875 0.2234375000000001 0.4671875 0.3296875000000001 0.4671875
46 0.3375000000000001 0.521875 0.21250000000000008 0.521875 0.21250000000000008 0.646875 0.3375000000000001 0.646875
30 0.8703125 5.405667511861364e-17 0.0125 1.5308084989341916e-18 0.012500000000000061 1 0.8703125 1
37 0.4546875 0.45 0.3453125000000001 0.45 0.3453125000000001 0.490625 0.4546875 0.490625
2 0.690625 0.04218750000000008 0.5890625 0.042187500000000065 0.5890625 0.08281250000000008 0.690625 0.0828125000000001
0 0.6953125 0.415625 0.5859375 0.415625 0.5859375 0.45625 0.6953125 0.45625
36 0.5734375 0.3906250000000001 0.4671875 0.3906250000000001 0.4671875 0.43125 0.5734375 0.43125
28 0.4546875 0.30625 0.3453125 0.30625 0.3453125 0.34687500000000004 0.4546875 0.3468750000000001
11 0.69375 0.5109375 0.5921875 0.5109375 0.5921875 0.55 0.69375 0.55
1 0.6921875 0.0015625000000000784 0.5890625 0.001562500000000072 0.5890625 0.03593750000000008 0.6921875 0.03593750000000009
45 0.45 0.0015625000000000482 0.340625 0.0015625000000000417 0.340625 0.01718750000000005 0.45 0.017187500000000057
38 0.5765625 0.4375 0.4703125 0.4375 0.4703125 0.478125 0.5765625 0.478125
15 0.3359375 0.2328125 0.221875 0.2328125 0.221875 0.2765625 0.3359375 0.2765625
47 0.20625000000000004 0.11406250000000002 0.08437500000000002 0.1140625 0.08437500000000003 0.4046875 0.2062500000000001 0.4046875
43 0.453125 0.07031250000000004 0.340625 0.07031250000000004 0.340625 0.11093750000000005 0.453125 0.11093750000000005
12 0.4546875 0.496875 0.3453125000000001 0.496875 0.3453125000000001 0.5390625 0.4546875 0.5390625
41 0.571875 0.014062500000000065 0.465625 0.014062500000000056 0.465625 0.056250000000000064 0.571875 0.056250000000000064
19 0.4515625 0.11406250000000004 0.3421875 0.11406250000000004 0.3421875 0.15781250000000005 0.4515625 0.15781250000000005
20 0.6953125 0.55625 0.5859375 0.55625 0.5859375 0.64375 0.6953125 0.64375
25 0.4546875 0.25781250000000006 0.3453125 0.2578125 0.3453125 0.2984375 0.4546875 0.2984375000000001
53 0.5765625 0.2968750000000001 0.4671875 0.2968750000000001 0.4671875 0.3359375000000001 0.5765625 0.3359375000000001
39 0.5765625 0.534375 0.4625 0.534375 0.4625 0.575 0.5765625 0.575
9 0.7015625 0.3656250000000001 0.5890625 0.3656250000000001 0.5890625 0.4078125 0.7015625 0.4078125
31 0.4546875 0.4015625 0.3453125000000001 0.4015625 0.3453125000000001 0.440625 0.4546875 0.440625
57 0.328125 0.09218750000000003 0.215625 0.09218750000000002 0.215625 0.13281250000000006 0.328125 0.13281250000000006
10 0.4515625 0.02187500000000005 0.3421875 0.021875000000000044 0.3421875 0.06250000000000004 0.4515625 0.06250000000000004
34 0.3296875000000001 0.4765625 0.22031250000000008 0.4765625 0.22031250000000008 0.5171875 0.3296875000000001 0.5171875
59 0.5765625 0.2484375000000001 0.4703125 0.2484375000000001 0.4703125 0.2890625000000001 0.5765625 0.2890625000000001
35 0.328125 0.284375 0.221875 0.284375 0.221875 0.3234375 0.328125 0.3234375
5 0.6921875 0.18125000000000008 0.5890625 0.18125000000000008 0.5890625 0.2218750000000001 0.6921875 0.2218750000000001
56 0.5765625 0.06250000000000007 0.4671875 0.06250000000000007 0.4671875 0.10156250000000007 0.5765625 0.10156250000000008
13 0.2015625 0.05625000000000001 0.0875 0.05625 0.08750000000000001 0.11250000000000002 0.2015625 0.11250000000000004
29 0.4515625 0.35468750000000004 0.3453125 0.3546875 0.3453125 0.39375000000000004 0.4515625 0.3937500000000001
51 0.571875 0.20312500000000008 0.4703125 0.20312500000000008 0.4703125 0.24218750000000008 0.571875 0.24218750000000008
16 0.3296875 0.13906250000000003 0.215625 0.13906250000000003 0.215625 0.18281250000000004 0.3296875 0.18281250000000004
23 0.4484375 0.16562500000000005 0.3453125 0.16562500000000005 0.3453125 0.20312500000000006 0.4484375 0.20312500000000008
27 0.5734375 0.3453125000000001 0.4703125 0.3453125000000001 0.4703125 0.3828125000000001 0.5734375 0.3828125000000001
21 0.5765625 0.10781250000000006 0.4671875 0.10781250000000005 0.4671875 0.14687500000000006 0.5765625 0.1468750000000001
18 0.3312500000000001 0.3796875 0.21875000000000008 0.3796875 0.21875000000000008 0.4203125 0.3312500000000001 0.4203125
54 0.5734375 0.4859375 0.4671875 0.4859375 0.4671875 0.525 0.5734375 0.525
48 0.6921875 0.4625 0.5890625 0.4625 0.5890625 0.5015625 0.6921875 0.5015625
58 0.328125 0.04375000000000003 0.21875 0.043750000000000025 0.21875 0.08750000000000004 0.328125 0.08750000000000005
42 0.5734375 0.15312500000000007 0.4671875 0.15312500000000004 0.4671875 0.19531250000000006 0.5734375 0.19531250000000008
32 0.328125 3.329508485181867e-17 0.215625 2.6406446606614805e-17 0.215625 0.039062500000000035 0.328125 0.03906250000000004
6 0.69375 0.22812500000000008 0.5921875 0.22812500000000008 0.5921875 0.2671875000000001 0.69375 0.2671875000000001
22 0.459375 0.54375 0.3437500000000001 0.54375 0.3437500000000001 0.6453125 0.459375 0.6453125