37 0.6015625 0.4953125 0.5109375 0.4953125 0.5109375 0.5265625 0.6015625 0.5265625
32 0.7140625000000002 0.9109375 0.6203125000000002 0.9109375 0.6203125000000002 0.9421875 0.7140625000000002 0.9421875
30 0.9796875 0.0015625000000000667 0.10625 0.001562500000000013 0.10625000000000007 1 0.9796875 1
23 0.6015625000000002 0.7546875 0.5078125000000002 0.7546875 0.5078125000000002 0.7859375 0.6015625000000002 0.7859375
7 0.37187500000000007 0.65625 0.2734375000000001 0.65625 0.2734375000000001 0.6875 0.37187500000000007 0.6875
13 0.91875 0.84375 0.7390625000000002 0.84375 0.7390625000000002 0.89375 0.91875 0.89375
42 0.48437500000000017 0.7640625 0.3906250000000001 0.7640625 0.3906250000000001 0.7953125 0.48437500000000017 0.7953125
33 0.7171875 0.6046875 0.6234375 0.6046875 0.6234375 0.6359375 0.7171875 0.6359375
3 0.3703125000000001 0.825 0.27031250000000007 0.825 0.27031250000000007 0.859375 0.3703125000000001 0.859375
18 0.7171875 0.559375 0.6265625 0.559375 0.6265625 0.590625 0.7171875 0.590625
29 0.6015625 0.58125 0.5078125 0.58125 0.5078125 0.6125 0.6015625 0.6125
1 0.37187500000000007 0.909375 0.2734375000000001 0.909375 0.2734375000000001 0.94375 0.37187500000000007 0.94375
14 0.9109375 0.5171875000000001 0.7453125 0.5171875000000001 0.7453125 0.5640625000000001 0.9109375 0.5640625000000001
25 0.6015625 0.6671875 0.5109375 0.6671875 0.5109375 0.6984375 0.6015625 0.6984375
22 0.61875 0.3531250000000001 0.3859375 0.3531250000000001 0.38593750000000004 0.4375 0.61875 0.4375
12 0.6046875 0.453125 0.5109375 0.453125 0.5109375 0.484375 0.6046875 0.484375
5 0.37187500000000007 0.7390625 0.2734375000000001 0.7390625 0.2734375000000001 0.7734375 0.37187500000000007 0.7734375
15 0.7171875 0.6921875 0.6265625 0.6921875 0.6265625 0.7234375 0.7171875 0.7234375
36 0.4890625 0.5484375 0.3906250000000001 0.5484375 0.3906250000000001 0.5796875 0.4890625 0.5796875
51 0.4859375000000001 0.7203125 0.3906250000000001 0.7203125 0.3906250000000001 0.7515625 0.4859375000000002 0.7515625
38 0.4890625 0.5046875 0.3937500000000001 0.5046875 0.3937500000000001 0.5359375 0.4890625 0.5359375
8 0.3734375000000001 0.6125 0.2734375000000001 0.6125 0.2734375000000001 0.64375 0.3734375000000001 0.64375
17 0.3687500000000001 0.953125 0.2734375000000001 0.953125 0.2734375000000001 0.98125 0.3687500000000001 0.98125
28 0.6046875 0.625 0.509375 0.625 0.509375 0.65625 0.6046875 0.65625
11 0.37968750000000007 0.4375 0.2796875000000001 0.4375 0.2796875000000001 0.46875 0.37968750000000007 0.46875
10 0.6015625000000002 0.8859375 0.5078125000000002 0.8859375 0.5078125000000002 0.9171875 0.6015625000000002 0.9171875
19 0.6015625000000002 0.7984375 0.5078125000000002 0.7984375 0.5078125000000002 0.8296875 0.6015625000000002 0.8296875
53 0.4859375 0.634375 0.3906250000000001 0.634375 0.3906250000000001 0.665625 0.4859375 0.665625
6 0.3687500000000001 0.696875 0.2734375000000001 0.696875 0.2734375000000001 0.73125 0.3687500000000001 0.73125
41 0.4859375000000002 0.890625 0.38750000000000007 0.890625 0.38750000000000007 0.925 0.4859375000000002 0.925
21 0.4859375000000002 0.80625 0.3906250000000001 0.80625 0.3906250000000001 0.8375 0.4859375000000002 0.8375
59 0.4859375 0.678125 0.3906250000000001 0.678125 0.3906250000000001 0.709375 0.4859375 0.709375
47 0.925 0.5703125000000002 0.734375 0.5703125000000002 0.7343750000000001 0.8359375 0.925 0.8359375
55 0.7171875000000002 0.7359375 0.6265625000000001 0.7359375 0.6265625000000001 0.7671875 0.7171875000000002 0.7671875
58 0.7171875000000002 0.8671875 0.6265625000000001 0.8671875 0.6265625000000001 0.8984375 0.7171875000000002 0.8984375
31 0.6015625 0.5375 0.5078125 0.5375 0.5078125 0.56875 0.6015625 0.56875
48 0.3734375000000001 0.484375 0.2734375000000001 0.484375 0.2734375000000001 0.515625 0.3734375000000001 0.515625
39 0.4890625 0.4203125 0.3906250000000001 0.4203125 0.3906250000000001 0.4515625 0.4890625 0.4515625
20 0.3765625 0.353125 0.2765625 0.353125 0.27656250000000004 0.384375 0.3765625000000001 0.3843750000000001
50 0.915625 0.3453125000000001 0.746875 0.3453125000000001 0.746875 0.3937500000000001 0.915625 0.3937500000000001
43 0.6015625000000002 0.8421875 0.5078125000000002 0.8421875 0.5078125000000002 0.8734375 0.6015625000000002 0.8734375
49 0.921875 0.9546875 0.7421875000000002 0.9546875 0.7421875000000002 1 0.921875 1
35 0.7171875 0.6484375 0.6265625 0.6484375 0.6265625 0.6796875 0.7171875 0.6796875
57 0.7140625000000002 0.8234375 0.6234375000000002 0.8234375 0.6234375000000002 0.8546875 0.7140625000000002 0.8546875
24 0.6015625000000001 0.7125 0.5078125 0.7125 0.5078125000000001 0.74375 0.6015625000000002 0.74375
45 0.6046875000000002 0.928125 0.5109375000000002 0.928125 0.5109375000000002 0.9921875 0.6046875000000002 0.9921875
34 0.7171875 0.471875 0.6265625 0.471875 0.6265625 0.503125 0.7171875 0.503125
52 0.4890625000000002 0.9359375 0.3906250000000001 0.9359375 0.3906250000000001 0.9859375 0.4890625000000002 0.9859375
56 0.4859375000000002 0.85 0.38750000000000007 0.85 0.38750000000000007 0.88125 0.4859375000000002 0.88125
54 0.4890625 0.4625 0.3906250000000001 0.4625 0.3906250000000001 0.49375 0.4890625 0.49375
40 0.7140625 0.515625 0.6265625 0.515625 0.6265625 0.546875 0.7140625 0.546875
27 0.4875 0.590625 0.3937500000000001 0.590625 0.3937500000000001 0.621875 0.4875 0.621875
0 0.3703125000000001 0.528125 0.2750000000000001 0.528125 0.2750000000000001 0.559375 0.3703125000000001 0.559375
26 0.37968750000000007 0.39531250000000007 0.2796875000000001 0.3953125 0.2796875000000001 0.4265625 0.37968750000000007 0.4265625
4 0.3703125000000001 0.78125 0.27031250000000007 0.78125 0.27031250000000007 0.815625 0.3703125000000001 0.815625
46 0.7171875 0.3531250000000001 0.6265625 0.3531250000000001 0.6265625 0.459375 0.7171875 0.459375
16 0.7171875000000002 0.7796875 0.6234375000000002 0.7796875 0.6234375000000002 0.8109375 0.7171875000000002 0.8109375
9 0.37187500000000007 0.5703125 0.2734375000000001 0.5703125 0.2734375000000001 0.6015625 0.37187500000000007 0.6015625
44 0.7203125000000001 0.9546875 0.6265625000000001 0.9546875 0.6265625000000001 0.9984375 0.7203125000000001 0.9984375
2 0.3703125000000001 0.8671875 0.27031250000000007 0.8671875 0.27031250000000007 0.9015625 0.3703125000000001 0.9015625