16 0.81875 0.34843750000000007 0.7796875 0.34843750000000007 0.7796875 0.40156250000000016 0.81875 0.40156250000000016
41 0.9390625 0.23593750000000008 0.8984375 0.23593750000000008 0.8984375 0.2890625000000001 0.9390625 0.2890625000000001
15 0.7328125 0.34843750000000007 0.6921875 0.34843750000000007 0.6921875 0.4015625000000001 0.7328125 0.40156250000000016
45 1 0.2921875000000001 0.93125 0.2921875000000001 0.93125 0.3453125000000001 1 0.3453125000000001
45 1 0.6968750000000001 0.928125 0.6968750000000001 0.928125 0.7500000000000002 1 0.7500000000000002
58 0.9046875 0.3500000000000001 0.8671875 0.3500000000000001 0.8671875 0.40156250000000016 0.9046875 0.40156250000000016
39 0.453125 0.634375 0.4140625 0.634375 0.4140625 0.6875 0.453125 0.6875
56 0.890625 0.6375000000000002 0.8515625 0.6375000000000002 0.8515625 0.6906250000000002 0.890625 0.6906250000000002
4 0.8296875 0.17968750000000008 0.790625 0.17968750000000008 0.790625 0.2312500000000001 0.8296875 0.2312500000000001
38 0.55 0.23593750000000008 0.5125 0.23593750000000008 0.5125 0.2875000000000001 0.55 0.2875000000000001
1 0.9546875 0.5812500000000002 0.915625 0.5812500000000002 0.915625 0.6343750000000001 0.9546875 0.6343750000000001
29 0.6156250000000001 0.6921875 0.5765625 0.6921875 0.5765625000000001 0.746875 0.6156250000000002 0.746875
32 0.95 0.3500000000000001 0.909375 0.3500000000000001 0.909375 0.40156250000000016 0.95 0.40156250000000016
51 0.765625 0.23593750000000008 0.7265625 0.23593750000000008 0.7265625 0.2875000000000001 0.765625 0.2875000000000001
50 0.425 0.4046875 0.3593750000000001 0.4046875 0.3593750000000001 0.465625 0.425 0.465625
47 0.8171875 0.8109375 0.5546875000000002 0.8109375 0.5546875000000002 0.865625 0.8171875 0.865625
8 0.6484375 0.5796875 0.609375 0.5796875 0.609375 0.6328125 0.6484375 0.6328125
15 0.7265625000000002 0.7515625000000001 0.6859375000000002 0.7515625 0.6859375000000002 0.8046875 0.7265625000000002 0.8046875
8 0.6578125 0.18125000000000008 0.61875 0.18125000000000008 0.61875 0.2328125000000001 0.6578125 0.2328125000000001
53 0.6703125 0.6359375 0.63125 0.6359375 0.63125 0.6890625 0.6703125 0.6890625
10 0.925 0.6968750000000001 0.8859375 0.6968750000000001 0.8859375 0.7500000000000002 0.925 0.7500000000000002
24 0.753125 0.29375000000000007 0.7140625 0.29375000000000007 0.7140625 0.3468750000000001 0.753125 0.3468750000000001
55 0.7765625 0.34843750000000007 0.7359375 0.34843750000000007 0.7359375 0.40156250000000016 0.7765625 0.40156250000000016
13 0.9375 0.8140625 0.8828125 0.8140625 0.8828125 0.8703125 0.9375 0.8703125
18 0.603125 0.3500000000000001 0.5640625 0.3500000000000001 0.5640625 0.4015625 0.603125 0.4015625
36 0.59375 0.23593750000000008 0.5546875 0.23593750000000008 0.5546875 0.2890625000000001 0.59375 0.2890625000000001
44 1 0.3500000000000001 0.953125 0.3500000000000001 0.953125 0.4031250000000002 1 0.4031250000000002
37 0.5375 0.3000000000000001 0.5 0.3000000000000001 0.5 0.3500000000000001 0.5375 0.3500000000000001
12 0.4953125 0.2984375000000001 0.4578125 0.2984375000000001 0.4578125 0.34843750000000007 0.4953125 0.34843750000000007
25 0.7046875000000001 0.6953125 0.665625 0.6953125 0.6656250000000001 0.7484375 0.7046875000000001 0.7484375
17 0.4859375 0.17968750000000006 0.4484375 0.17968750000000006 0.4484375 0.2312500000000001 0.4859375 0.2312500000000001
6 0.7359375 0.5796875000000001 0.696875 0.5796875 0.696875 0.6328125000000001 0.7359375 0.6328125000000002
26 0.44218750000000007 0.6921875 0.4015625 0.6921875 0.4015625000000001 0.7453125 0.4421875000000002 0.7453125
35 0.6890625 0.3500000000000001 0.65 0.3500000000000001 0.65 0.4015625 0.6890625 0.4015625
22 0.421875 0.23593750000000005 0.3625 0.2359375 0.3625 0.3453125 0.421875 0.3453125000000001
49 1 0.815625 0.940625 0.815625 0.940625 0.8703125 1 0.8703125
31 0.5718750000000001 0.6921875 0.5328125 0.6921875 0.5328125000000001 0.7453125 0.5718750000000001 0.7453125
57 0.8625 0.3500000000000001 0.8234375 0.3500000000000001 0.8234375 0.40156250000000016 0.8625 0.40156250000000016
56 0.8953125 0.23593750000000008 0.85625 0.23593750000000008 0.85625 0.2890625000000001 0.8953125 0.2890625000000001
3 0.871875 0.18125000000000008 0.8328125 0.18125000000000008 0.8328125 0.2328125000000001 0.871875 0.2328125000000001
55 0.7703125000000002 0.7531250000000002 0.7312500000000002 0.7531250000000002 0.7312500000000002 0.80625 0.7703125000000002 0.80625
18 0.5937500000000002 0.75 0.5546875000000002 0.75 0.5546875000000002 0.8046875 0.5937500000000002 0.8046875
42 0.8078125 0.23593750000000008 0.7703125 0.23593750000000008 0.7703125 0.2875000000000001 0.8078125 0.2875000000000001
31 0.58125 0.2921875000000001 0.54375 0.2921875000000001 0.54375 0.3437500000000001 0.58125 0.3437500000000001
34 0.5078125000000002 0.75 0.4671875000000002 0.75 0.4671875000000002 0.803125 0.5078125000000002 0.803125
32 0.9484375 0.7546875000000002 0.9078125 0.7546875000000002 0.9078125 0.8078125 0.9484375 0.8078125
7 0.690625 0.58125 0.653125 0.58125 0.653125 0.6328125 0.690625 0.6328125
27 0.6265625 0.6359375 0.5875 0.6359375 0.5875 0.6875 0.6265625 0.6875
2 0.9109375 0.5812500000000002 0.871875 0.5812500000000002 0.871875 0.6343750000000001 0.9109375 0.6343750000000001
51 0.7578125 0.6359375 0.71875 0.6359375 0.71875 0.6890625000000001 0.7578125 0.6890625000000001
25 0.7109375 0.2921875000000001 0.671875 0.2921875000000001 0.671875 0.3453125000000001 0.7109375 0.3453125000000001
34 0.5140625 0.3531250000000001 0.4765625 0.3531250000000001 0.4765625 0.403125 0.5140625 0.403125
44 1 0.7546875000000002 0.953125 0.7546875000000002 0.953125 0.809375 1 0.809375
20 0.43125 0.578125 0.3703125000000001 0.578125 0.3703125000000001 0.63125 0.43125 0.63125
5 0.7796875 0.5796875000000001 0.740625 0.5796875000000001 0.740625 0.6328125000000002 0.7796875 0.6328125000000002
29 0.625 0.2921875000000001 0.5859375 0.2921875000000001 0.5859375 0.3453125000000001 0.625 0.3453125000000001
9 0.6046875 0.5796875 0.565625 0.5796875 0.565625 0.63125 0.6046875 0.63125
40 0.5515625000000002 0.75 0.5109375000000002 0.75 0.5109375000000002 0.803125 0.5515625000000002 0.803125
54 0.50625 0.24218750000000008 0.46875 0.24218750000000008 0.46875 0.2921875000000001 0.50625 0.2921875000000001
19 0.8328125 0.7000000000000002 0.7953125 0.7000000000000002 0.7953125000000001 0.7515625000000001 0.8328125 0.7515625000000001
46 0.4734375 0.35468750000000004 0.3578125 0.3546875 0.35781250000000003 0.4046875 0.4734375 0.4046875
46 0.4625000000000002 0.75 0.3687500000000001 0.75 0.3687500000000001 0.803125 0.4625000000000002 0.803125
57 0.8578125 0.7531250000000002 0.81875 0.7531250000000002 0.81875 0.80625 0.8578125 0.80625
58 0.903125 0.7531250000000002 0.8640625 0.7531250000000002 0.8640625 0.80625 0.903125 0.80625
1 0.959375 0.17968750000000014 0.9203125 0.17968750000000014 0.9203125 0.2312500000000001 0.959375 0.2312500000000001
24 0.7484375000000001 0.6953125000000001 0.709375 0.6953125 0.7093750000000001 0.7468750000000001 0.7484375000000002 0.7468750000000002
0 0.5609375 0.578125 0.521875 0.578125 0.521875 0.63125 0.5609375 0.63125
17 1 0.5812500000000002 0.9609375 0.5812500000000002 0.9609375 0.6328125000000002 1 0.6328125000000002
13 0.9328125 0.4078125000000002 0.8828125 0.4078125000000002 0.8828125 0.46875000000000017 0.9328125 0.46875000000000017
19 0.8390625 0.2953125000000001 0.8015625 0.2953125000000001 0.8015625 0.3468750000000001 0.8390625 0.3468750000000001
4 0.8234375 0.5796875000000001 0.784375 0.5796875000000001 0.784375 0.6328125000000002 0.8234375 0.6328125000000002
10 0.9265625 0.29375000000000007 0.8875 0.29375000000000007 0.8875 0.3453125000000001 0.9265625 0.3453125000000001
42 0.803125 0.6375000000000002 0.7640625 0.6375000000000002 0.7640625 0.6906250000000002 0.803125 0.6906250000000002
22 0.4093750000000001 0.634375 0.3656250000000001 0.634375 0.3656250000000001 0.746875 0.40937500000000016 0.746875
38 0.540625 0.634375 0.5015625 0.634375 0.5015625 0.6859375 0.540625 0.6859375
37 0.5265625 0.6953125 0.4875 0.6953125 0.4875000000000001 0.75 0.5265625000000002 0.75
0 0.571875 0.17968750000000006 0.5328125 0.17968750000000006 0.5328125 0.2328125000000001 0.571875 0.2328125000000001
43 0.8828125 0.29375000000000007 0.8453125 0.29375000000000007 0.8453125 0.3453125000000001 0.8828125 0.3453125000000001
28 0.659375 0.69375 0.621875 0.69375 0.6218750000000001 0.746875 0.6593750000000002 0.746875
16 0.815625 0.7531250000000002 0.7765625000000002 0.7531250000000002 0.7765625000000002 0.80625 0.815625 0.80625
50 0.42968750000000017 0.809375 0.36406250000000007 0.809375 0.36406250000000007 0.865625 0.42968750000000017 0.865625
43 0.8796875 0.6968750000000001 0.840625 0.6968750000000001 0.840625 0.7500000000000002 0.8796875 0.7500000000000002
54 0.496875 0.634375 0.4578125 0.634375 0.4578125 0.6875 0.496875 0.6875
6 0.74375 0.17968750000000008 0.7046875 0.17968750000000008 0.7046875 0.2312500000000001 0.74375 0.2312500000000001
53 0.6796875 0.23593750000000008 0.640625 0.23593750000000008 0.640625 0.2890625000000001 0.6796875 0.2890625000000001
23 0.7906250000000001 0.6953125000000002 0.753125 0.6953125000000002 0.753125 0.7468750000000002 0.7906250000000001 0.7468750000000002
33 0.6390625000000002 0.7515625 0.5984375000000002 0.7515625 0.5984375000000002 0.8046875 0.6390625000000002 0.8046875
7 0.7 0.18125000000000008 0.6609375 0.18125000000000008 0.6609375 0.2312500000000001 0.7 0.2312500000000001
5 0.7875 0.17968750000000008 0.7484375 0.17968750000000008 0.7484375 0.2328125000000001 0.7875 0.2328125000000001
12 0.4859375000000001 0.690625 0.446875 0.690625 0.4468750000000001 0.7453125 0.4859375000000002 0.7453125
23 0.796875 0.2921875000000001 0.759375 0.2921875000000001 0.759375 0.3437500000000001 0.796875 0.3437500000000001
28 0.6671875 0.2921875000000001 0.628125 0.2921875000000001 0.628125 0.3453125000000001 0.6671875 0.3453125000000001
14 0.48437500000000017 0.8125 0.4312500000000002 0.8125 0.4312500000000002 0.865625 0.48437500000000017 0.865625
2 0.915625 0.1812500000000001 0.8765625 0.18125000000000008 0.8765625 0.2328125000000001 0.915625 0.2328125000000001
14 0.4765625 0.4078125 0.425 0.4078125 0.425 0.4671875 0.4765625 0.4671875
20 0.44375 0.17968750000000006 0.3625 0.17968750000000006 0.3625 0.23125000000000004 0.44375 0.2312500000000001
52 1 0.6421875000000001 0.9375 0.6421875000000001 0.9375 0.6953125000000002 1 0.6953125000000002
49 1 0.4078125000000002 0.934375 0.4078125000000002 0.934375 0.4703125000000002 1 0.4703125000000002
21 0.8515625 0.2375000000000001 0.8125 0.2375000000000001 0.8125 0.2890625000000001 0.8515625 0.2890625000000001
11 0.475 0.5796875 0.4359375 0.5796875 0.4359375 0.6296875 0.475 0.6296875
48 0.515625 0.5828125 0.4765625 0.5828125 0.4765625 0.6328125 0.515625 0.6328125
59 0.7140625 0.6359375 0.675 0.6359375 0.675 0.6890625 0.7140625 0.6890625
30 1 0.12031250000000007 0.012500000000000016 0.1203125 0.012500000000000039 0.4859375000000001 1 0.4859375000000002
59 0.721875 0.23593750000000008 0.6828125 0.23593750000000008 0.6828125 0.2875000000000001 0.721875 0.2875000000000001
41 0.934375 0.6375000000000002 0.8953125 0.6375000000000002 0.8953125 0.6906250000000002 0.934375 0.6906250000000002
35 0.6828125000000002 0.753125 0.6421875000000001 0.753125 0.6421875000000001 0.80625 0.6828125000000002 0.80625
30 1 0.5062500000000001 0.028125000000000067 0.50625 0.028125000000000087 0.8828125 1 0.8828125
27 0.6359375 0.23593750000000008 0.596875 0.23593750000000008 0.596875 0.2875000000000001 0.6359375 0.2875000000000001
21 0.846875 0.6375000000000002 0.8078125 0.6375000000000002 0.8078125 0.6906250000000002 0.846875 0.6906250000000002
47 0.815625 0.4046875000000001 0.546875 0.4046875 0.546875 0.46562500000000007 0.815625 0.4656250000000002
3 0.8671875 0.5812500000000002 0.828125 0.5812500000000002 0.828125 0.6343750000000001 0.8671875 0.6343750000000001
52 1 0.23593750000000008 0.94375 0.23593750000000008 0.94375 0.2890625000000001 1 0.2890625000000001
9 0.6140625 0.18125000000000008 0.575 0.18125000000000008 0.575 0.2328125000000001 0.6140625 0.2328125000000001
36 0.5828125 0.634375 0.54375 0.634375 0.54375 0.6875 0.5828125 0.6875
33 0.646875 0.34843750000000007 0.60625 0.34843750000000007 0.60625 0.4015625 0.646875 0.4015625
40 0.559375 0.3500000000000001 0.521875 0.3500000000000001 0.521875 0.4 0.559375 0.4