54 0.525 0.48125 0.4890625 0.48125 0.4890625 0.571875 0.525 0.571875
22 0.628125 0.4796875 0.56875 0.4796875 0.56875 0.671875 0.628125 0.671875
41 0.10781250000000006 0.4859375 0.07656250000000006 0.4859375 0.07656250000000006 0.571875 0.10781250000000009 0.571875
17 0.04218750000000005 0.3875 0.010937500000000048 0.3875 0.010937500000000053 0.4671875 0.04218750000000006 0.4671875
59 0.3203125000000001 0.484375 0.28593750000000007 0.484375 0.28593750000000007 0.571875 0.3203125000000001 0.571875
6 0.2953125000000001 0.3828125 0.2640625000000001 0.3828125 0.2640625000000001 0.4671875 0.2953125000000001 0.4671875
46 0.628125 0.6796875 0.51875 0.6796875 0.51875 0.771875 0.6281250000000002 0.771875
7 0.3359375000000001 0.3859375 0.3046875000000001 0.3859375 0.3046875000000001 0.4671875 0.3359375000000001 0.4671875
4 0.2093750000000001 0.3859375 0.17812500000000003 0.3859375 0.17812500000000003 0.4671875 0.2093750000000001 0.4671875
24 0.2890625000000001 0.5828125 0.25468750000000007 0.5828125 0.25468750000000007 0.6765625 0.2890625000000001 0.6765625
2 0.12500000000000006 0.384375 0.09375000000000004 0.384375 0.09375000000000006 0.46875 0.12500000000000006 0.46875
12 0.5359375 0.5796875 0.4984375 0.5796875 0.4984375 0.6734375 0.5359375 0.6734375
23 0.24375000000000008 0.5828125 0.21250000000000008 0.5828125 0.21250000000000008 0.6765625 0.24375000000000008 0.6765625
29 0.4125 0.58125 0.3781250000000001 0.58125 0.3781250000000001 0.6734375 0.4125 0.6734375
48 0.503125 0.3859375000000001 0.46875 0.3859375000000001 0.46875 0.4671875 0.503125 0.4671875
55 0.2687500000000001 0.6828125 0.23437500000000008 0.6828125 0.23437500000000008 0.775 0.2687500000000001 0.775
53 0.3625000000000001 0.4875 0.3281250000000001 0.4875 0.3281250000000001 0.575 0.3625000000000001 0.575
51 0.2765625000000001 0.4828125 0.2453125000000001 0.4828125 0.2453125000000001 0.56875 0.2765625000000001 0.56875
50 0.6328125000000002 0.7796875 0.5671875000000002 0.7796875 0.5671875000000002 0.8765625 0.6328125000000002 0.8765625
44 0.050000000000000086 0.6921875 0.009375000000000086 0.6921875 0.00937500000000009 0.778125 0.050000000000000086 0.778125
28 0.37187500000000007 0.58125 0.3375000000000001 0.58125 0.3375000000000001 0.6734375 0.37187500000000007 0.6734375
32 0.09531250000000009 0.684375 0.06406250000000009 0.684375 0.06406250000000009 0.775 0.09531250000000009 0.775
31 0.453125 0.58125 0.41875 0.58125 0.41875 0.6734375 0.453125 0.6734375
40 0.47343750000000007 0.6796875 0.4375 0.6796875 0.4375000000000001 0.771875 0.4734375000000002 0.771875
21 0.19218750000000007 0.4828125 0.16093750000000004 0.4828125 0.16093750000000007 0.5734375 0.1921875000000001 0.5734375
8 0.3812500000000001 0.38593750000000004 0.3468750000000001 0.3859375 0.3468750000000001 0.4671875 0.3812500000000001 0.4671875
35 0.3531250000000001 0.6828125 0.3156250000000001 0.6828125 0.3156250000000001 0.7765625 0.3531250000000001 0.7765625
57 0.1828125000000001 0.684375 0.15000000000000008 0.684375 0.15000000000000008 0.775 0.1828125000000001 0.775
27 0.403125 0.48125 0.3687500000000001 0.48125 0.3687500000000001 0.56875 0.403125 0.56875
49 0.0718750000000001 0.7890625 0.0062500000000000975 0.7890625 0.006250000000000103 0.88125 0.0718750000000001 0.88125
1 0.08281250000000005 0.384375 0.051562500000000046 0.384375 0.05156250000000005 0.46875 0.08281250000000007 0.46875
16 0.22656250000000008 0.684375 0.1921875000000001 0.684375 0.1921875000000001 0.7765625 0.22656250000000008 0.7765625
18 0.4328125000000001 0.6796875 0.39531250000000007 0.6796875 0.39531250000000007 0.771875 0.43281250000000016 0.771875
15 0.30937500000000007 0.6828125 0.2734375000000001 0.6828125 0.2734375000000001 0.775 0.30937500000000007 0.775
58 0.1375000000000001 0.6859375 0.1062500000000001 0.6859375 0.1062500000000001 0.7765625 0.1375000000000001 0.7765625
19 0.20468750000000008 0.584375 0.1703125000000001 0.584375 0.1703125000000001 0.6765625 0.20468750000000008 0.6765625
20 0.628125 0.3812500000000001 0.55 0.3812500000000001 0.55 0.471875 0.628125 0.471875
10 0.11718750000000008 0.584375 0.08593750000000007 0.584375 0.08593750000000008 0.6765625 0.11718750000000008 0.6765625
30 0.9875 0.15468750000000006 1.894375517431062e-17 0.1546875 6.859935585848844e-17 0.965625 0.9875 0.965625
36 0.4453125 0.4828125 0.4109375 0.4828125 0.4109375 0.56875 0.4453125 0.56875
42 0.23437500000000008 0.4859375 0.20312500000000008 0.4859375 0.20312500000000008 0.5734375 0.23437500000000008 0.5734375
33 0.3937500000000001 0.6828125 0.35625000000000007 0.6828125 0.35625000000000007 0.7765625 0.3937500000000001 0.7765625
5 0.2515625000000001 0.3828125 0.22031250000000008 0.3828125 0.22031250000000008 0.4671875 0.2515625000000001 0.4671875
45 0.07343750000000007 0.5859375 0.010937500000000072 0.5859375 0.010937500000000077 0.6765625 0.07343750000000009 0.6765625
9 0.4234375 0.3859375000000001 0.3890625000000001 0.3859375000000001 0.3890625000000001 0.4671875 0.4234375 0.4671875
39 0.565625 0.4828125 0.528125 0.4828125 0.528125 0.5734375 0.565625 0.5734375
25 0.3296875000000001 0.58125 0.2953125000000001 0.58125 0.2953125000000001 0.6734375 0.3296875000000001 0.6734375
0 0.4625 0.3843750000000001 0.428125 0.3843750000000001 0.428125 0.46875 0.4625 0.46875
26 0.578125 0.5796875 0.5375 0.5796875 0.5375 0.6734375 0.578125 0.6734375
11 0.5453125 0.3828125000000001 0.5078125 0.3828125000000001 0.5078125 0.4671875 0.5453125 0.4671875
38 0.4859375 0.4875 0.45 0.4875 0.45 0.578125 0.4859375 0.578125
3 0.16875000000000004 0.3828125 0.13593750000000004 0.3828125 0.13593750000000004 0.4671875 0.16875000000000004 0.4671875
52 0.06250000000000007 0.4859375 0.012500000000000061 0.4859375 0.012500000000000067 0.571875 0.06250000000000007 0.571875
56 0.15000000000000008 0.484375 0.11875000000000005 0.484375 0.11875000000000006 0.571875 0.15000000000000008 0.571875
34 0.5140625000000001 0.6796875 0.4765625 0.6796875 0.4765625000000001 0.771875 0.5140625000000002 0.771875
37 0.496875 0.5859375 0.459375 0.5859375 0.459375 0.6796875 0.496875 0.6796875
43 0.1625000000000001 0.590625 0.1281250000000001 0.590625 0.1281250000000001 0.6828125 0.1625000000000001 0.6828125
14 0.5703125000000002 0.7875 0.5234375000000002 0.7875 0.5234375000000002 0.88125 0.5703125000000002 0.88125
47 0.45312500000000017 0.7796875 0.1984375000000001 0.7796875 0.1984375000000001 0.8765625 0.45312500000000017 0.8765625
13 0.12500000000000008 0.7890625 0.08125000000000009 0.7890625 0.0812500000000001 0.88125 0.12500000000000008 0.88125