26 0.94375 0.5078125000000002 0.85 0.5078125000000002 0.85 0.6265625000000001 0.94375 0.6265625000000001
15 0.2890625000000001 0.640625 0.19531250000000008 0.640625 0.19531250000000008 0.7609375 0.2890625000000001 0.7609375
28 0.4390625 0.509375 0.3468750000000001 0.509375 0.3468750000000001 0.628125 0.4390625 0.628125
18 0.5921875000000001 0.6421875 0.5 0.6421875 0.5000000000000001 0.759375 0.5921875000000002 0.759375
46 0.9984375 0.6375000000000002 0.8015625 0.6375000000000002 0.8015625 0.7562500000000002 0.9984375 0.7562500000000002
47 0.6359375000000002 0.7734375 0.010937500000000095 0.7734375 0.010937500000000103 0.91875 0.6359375000000002 0.91875
27 0.5140625 0.3734375000000001 0.4234375 0.3734375000000001 0.4234375 0.4953125 0.5140625 0.4953125
0 0.665625 0.2406250000000001 0.571875 0.2406250000000001 0.571875 0.3609375000000001 0.665625 0.3609375000000001
39 0.91875 0.3734375000000001 0.8265625 0.3734375000000001 0.8265625 0.49218750000000017 0.91875 0.49218750000000017
34 0.7953125000000001 0.6406250000000001 0.703125 0.640625 0.7031250000000001 0.7562500000000001 0.7953125000000002 0.7562500000000002
53 0.4140625 0.37500000000000006 0.3203125000000001 0.375 0.3203125000000001 0.496875 0.4140625 0.496875
23 0.13906250000000006 0.5109375 0.050000000000000065 0.5109375 0.050000000000000065 0.628125 0.1390625000000001 0.628125
9 0.565625 0.24218750000000008 0.471875 0.24218750000000008 0.471875 0.3625000000000001 0.565625 0.3625000000000001
30 0.9984375 0.10625000000000007 0.0031250000000000123 0.10625 0.003125000000000066 0.9734375 0.9984375 0.9734375
16 0.0906250000000001 0.640625 0.0015625000000000784 0.640625 0.0015625000000000857 0.759375 0.0906250000000001 0.759375
55 0.18906250000000008 0.6421875 0.09687500000000009 0.6421875 0.09687500000000009 0.7609375 0.18906250000000008 0.7609375
38 0.7171875 0.37187500000000007 0.625 0.37187500000000007 0.625 0.4953125 0.7171875 0.4953125
59 0.3140625000000001 0.3765625 0.2218750000000001 0.3765625 0.2218750000000001 0.496875 0.3140625000000001 0.496875
40 0.6937500000000001 0.640625 0.6015625 0.640625 0.6015625000000001 0.7578125 0.6937500000000002 0.7578125
35 0.3890625000000001 0.640625 0.2968750000000001 0.640625 0.2968750000000001 0.7609375 0.3890625000000001 0.7609375
6 0.26406250000000003 0.2453125 0.17187500000000006 0.2453125 0.17187500000000006 0.3640625 0.2640625000000001 0.3640625
31 0.6421875 0.5078125 0.55 0.5078125 0.55 0.6296875 0.6421875 0.6296875
25 0.3375000000000001 0.509375 0.2453125000000001 0.509375 0.2453125000000001 0.628125 0.3375000000000001 0.628125
14 0.9140625 0.7734375000000002 0.7953125000000002 0.7734375000000002 0.7953125000000002 0.9109375 0.9140625 0.9109375
20 0.9984375 0.24375000000000008 0.8734375 0.24375000000000008 0.8734375 0.3609375000000001 0.9984375 0.3609375000000001
37 0.74375 0.5078125000000001 0.6515625 0.5078125 0.6515625 0.628125 0.74375 0.6281250000000002
24 0.2375000000000001 0.5109375 0.14687500000000003 0.5109375 0.14687500000000006 0.628125 0.2375000000000001 0.628125
22 0.9984375 0.3765625000000001 0.921875 0.3765625000000001 0.921875 0.6203125000000002 0.9984375 0.6203125000000002
4 0.06562500000000003 0.246875 3.023346785395028e-17 0.246875 3.7504808223887686e-17 0.365625 0.06562500000000004 0.365625
51 0.21250000000000008 0.3765625 0.12187500000000004 0.3765625 0.12187500000000004 0.496875 0.21250000000000008 0.496875
29 0.540625 0.5078125 0.446875 0.5078125 0.446875 0.628125 0.540625 0.628125
11 0.8671875 0.24218750000000008 0.775 0.24218750000000008 0.775 0.3609375000000001 0.8671875 0.3609375000000001
54 0.8203125 0.3781250000000001 0.728125 0.3781250000000001 0.728125 0.4968750000000002 0.8203125 0.4968750000000002
33 0.4906250000000001 0.6390625 0.3968750000000001 0.6390625 0.3968750000000001 0.7625 0.4906250000000002 0.7625
48 0.765625 0.2468750000000001 0.6734375 0.2468750000000001 0.6734375 0.3656250000000001 0.765625 0.3656250000000001
8 0.4640625 0.24375000000000008 0.371875 0.24375000000000008 0.37187500000000007 0.36406250000000007 0.4640625 0.36406250000000007
12 0.8421875 0.5078125000000002 0.7515625 0.5078125000000002 0.7515625 0.6281250000000002 0.8421875 0.6281250000000002
7 0.36406250000000007 0.24375000000000005 0.271875 0.24375 0.27187500000000003 0.36406250000000007 0.36406250000000007 0.36406250000000007
36 0.615625 0.3734375000000001 0.5234375 0.3734375000000001 0.5234375 0.4953125 0.615625 0.4953125
5 0.16562500000000005 0.2484375 0.07343750000000002 0.2484375 0.07343750000000003 0.3671875 0.16562500000000005 0.3671875
42 0.11562500000000005 0.3796875 0.025000000000000043 0.3796875 0.025000000000000057 0.5 0.11562500000000005 0.5