26 0.6078125000000002 0.859375 0.4781250000000002 0.859375 0.4781250000000002 0.9625 0.6078125000000002 0.9625
15 0.7546875 0.1468750000000001 0.6234375 0.1468750000000001 0.6234375 0.2484375000000001 0.7546875 0.2484375000000001
28 0.609375 0.3125000000000001 0.4796875 0.3125000000000001 0.4796875 0.4125 0.609375 0.4125
18 0.753125 0.4781250000000001 0.625 0.478125 0.625 0.5781250000000001 0.753125 0.5781250000000002
46 0.7500000000000002 0.80625 0.6187500000000001 0.80625 0.6187500000000001 1 0.7500000000000002 1
47 0.9265625 1.0371227580279148e-16 0.7671875 9.3953371622086e-17 0.7671875 0.6265625000000001 0.9265625 0.6265625000000001
27 0.4640625 0.39375000000000004 0.3312500000000001 0.39375 0.3312500000000001 0.49375 0.4640625 0.49375
0 0.3187500000000001 0.5578125 0.18750000000000008 0.5578125 0.18750000000000008 0.659375 0.3187500000000001 0.659375
39 0.46093750000000017 0.834375 0.33281250000000007 0.834375 0.33281250000000007 0.934375 0.46093750000000017 0.934375
34 0.7500000000000001 0.7000000000000001 0.6234375 0.7 0.6234375000000001 0.8 0.7500000000000002 0.8
53 0.4671875 0.2828125 0.3328125 0.2828125 0.33281250000000007 0.384375 0.4671875 0.3843750000000001
23 0.609375 6.678152076600411e-17 0.48125 5.893612720896637e-17 0.48125 0.08437500000000006 0.609375 0.08437500000000006
9 0.3187500000000001 0.4484375 0.18750000000000006 0.4484375 0.18750000000000006 0.55 0.3187500000000001 0.55
30 0.9859375 6.276314845630185e-17 0.0390625 4.783776559169349e-18 0.03906250000000006 1 0.9859375 1
16 0.753125 8.429014297256392e-17 0.6234375 7.634907388434281e-17 0.6234375 0.048437500000000085 0.753125 0.04843750000000009
55 0.753125 0.03906250000000008 0.6234375 0.039062500000000076 0.6234375 0.1390625000000001 0.753125 0.1390625000000001
38 0.4640625 0.615625 0.3296875000000001 0.615625 0.3296875000000001 0.715625 0.4640625 0.715625
59 0.465625 0.17500000000000004 0.334375 0.17500000000000004 0.334375 0.275 0.465625 0.2750000000000001
40 0.7515625 0.5890625 0.6234375 0.5890625 0.6234375 0.6890625000000001 0.7515625 0.6890625000000001
35 0.7546875 0.2562500000000001 0.6234375 0.2562500000000001 0.6234375 0.35625000000000007 0.7546875 0.35625000000000007
6 0.321875 0.12031250000000004 0.190625 0.12031250000000004 0.19062500000000002 0.2203125 0.321875 0.2203125
31 0.6109375 0.5328125 0.478125 0.5328125 0.478125 0.6328125 0.6109375 0.6328125
25 0.6109375 0.2015625000000001 0.4796875 0.2015625000000001 0.4796875 0.30156250000000007 0.6109375 0.30156250000000007
14 0.91875 0.8015625 0.7671875000000001 0.8015625 0.7671875000000001 0.9296875 0.91875 0.9296875
20 0.3187500000000001 0.8859375 0.1906250000000001 0.8859375 0.1906250000000001 1 0.3187500000000001 1
37 0.6093750000000001 0.64375 0.478125 0.64375 0.4781250000000001 0.74375 0.6093750000000002 0.74375
24 0.609375 0.09218750000000006 0.48125 0.09218750000000006 0.48125 0.19218750000000007 0.609375 0.1921875000000001
22 0.6015625000000002 0.9390625 0.3343750000000001 0.9390625 0.3343750000000001 1 0.6015625000000002 1
4 0.3234375 3.1764276352884476e-17 0.1953125 2.3918882795846743e-17 0.1953125 0.03593750000000003 0.3234375 0.035937500000000046
51 0.465625 0.06562500000000006 0.334375 0.06562500000000004 0.334375 0.16562500000000005 0.465625 0.16562500000000005
29 0.609375 0.4203125 0.478125 0.4203125 0.478125 0.521875 0.609375 0.521875
11 0.31718750000000007 0.778125 0.18906250000000008 0.778125 0.18906250000000008 0.878125 0.31718750000000007 0.878125
54 0.4656250000000002 0.728125 0.3375000000000001 0.728125 0.3375000000000001 0.828125 0.4656250000000002 0.828125
33 0.75625 0.3671875000000001 0.621875 0.3671875000000001 0.621875 0.4687500000000001 0.75625 0.46875000000000017
48 0.3218750000000001 0.66875 0.1937500000000001 0.66875 0.1937500000000001 0.76875 0.3218750000000001 0.76875
8 0.32031250000000006 0.3390625 0.18906250000000005 0.3390625 0.18906250000000005 0.4390625 0.3203125000000001 0.4390625
12 0.6093750000000002 0.7515625 0.4781250000000002 0.7515625 0.4781250000000002 0.8515625 0.6093750000000002 0.8515625
7 0.3203125 0.2296875 0.18906250000000005 0.2296875 0.18906250000000005 0.3296875 0.3203125 0.3296875
36 0.4640625 0.5046875 0.3312500000000001 0.5046875 0.3312500000000001 0.6046875 0.4640625 0.6046875
5 0.325 0.01250000000000003 0.1953125 0.012500000000000022 0.1953125 0.11250000000000004 0.325 0.11250000000000004
42 0.46875 4.9368574090627673e-17 0.3375 4.133182947122317e-17 0.3375 0.05781250000000006 0.46875 0.057812500000000065