58 0.73125 0.1140625000000001 0.684375 0.1140625000000001 0.684375 0.15000000000000008 0.73125 0.15000000000000008
7 0.5703125 0.3078125000000001 0.5234375 0.3078125000000001 0.5234375 0.3421875000000001 0.5703125 0.3421875000000001
44 0.734375 0.023437500000000087 0.6859375 0.023437500000000083 0.6859375 0.07031250000000008 0.734375 0.07031250000000008
52 0.6265625 0.026562500000000072 0.5796875 0.026562500000000065 0.5796875 0.08281250000000007 0.6265625 0.08281250000000007
31 0.6734375 0.4171875 0.6265625 0.4171875 0.6265625 0.4515625 0.6734375 0.4515625
23 0.6765625 0.2156250000000001 0.6296875 0.2156250000000001 0.6296875 0.2500000000000001 0.6765625 0.2500000000000001
29 0.675 0.3765625000000001 0.6265625 0.3765625000000001 0.6265625 0.4109375 0.675 0.4109375
51 0.6234375 0.2468750000000001 0.5765625 0.2468750000000001 0.5765625 0.2812500000000001 0.6234375 0.2812500000000001
2 0.571875 0.10781250000000006 0.5265625 0.10781250000000005 0.5265625 0.14218750000000008 0.571875 0.14218750000000008
5 0.571875 0.22656250000000008 0.525 0.22656250000000008 0.525 0.26250000000000007 0.571875 0.26250000000000007
48 0.5671875 0.4671875 0.5203125 0.4671875 0.5203125 0.5015625 0.5671875 0.5015625
49 0.7953125 0.020312500000000094 0.7390625 0.020312500000000087 0.7390625 0.0828125000000001 0.7953125 0.0828125000000001
26 0.6734375 0.5375 0.625 0.5375 0.625 0.5734375 0.6734375 0.5734375
43 0.678125 0.1359375000000001 0.63125 0.1359375000000001 0.63125 0.1703125000000001 0.678125 0.1703125000000001
32 0.7328125 0.07343750000000009 0.6859375 0.07343750000000009 0.6859375 0.11093750000000009 0.7328125 0.11093750000000009
12 0.6734375 0.496875 0.625 0.496875 0.625 0.5328125 0.6734375 0.5328125
15 0.7296875 0.2734375000000001 0.6828125 0.2734375000000001 0.6828125 0.3109375000000001 0.7296875 0.3109375000000001
30 0.8125 0.0062500000000000775 0.4625 0.006250000000000056 0.4625000000000001 0.96875 0.8125 0.96875
27 0.621875 0.3671875000000001 0.575 0.3671875000000001 0.575 0.4015625 0.621875 0.4015625
1 0.5734375 0.06875000000000006 0.528125 0.06875000000000006 0.528125 0.10312500000000006 0.5734375 0.10312500000000009
22 0.6734375 0.5671875 0.5703125 0.5671875 0.5703125 0.6234375 0.6734375 0.6234375
45 0.6796875 0.025000000000000078 0.6328125 0.025000000000000078 0.6328125 0.09062500000000008 0.6796875 0.0906250000000001
50 0.7921875 0.5671875000000002 0.7328125 0.5671875000000002 0.7328125 0.6296875000000002 0.7921875 0.6296875000000002
36 0.6203125 0.40625 0.5734375 0.40625 0.5734375 0.4421875 0.6203125 0.4421875
8 0.5703125 0.3468750000000001 0.5234375 0.3468750000000001 0.5234375 0.3812500000000001 0.5703125 0.3812500000000001
4 0.571875 0.18750000000000006 0.525 0.18750000000000006 0.525 0.2218750000000001 0.571875 0.2218750000000001
39 0.61875 0.528125 0.571875 0.528125 0.571875 0.5625 0.61875 0.5625
17 0.5734375 0.029687500000000068 0.528125 0.029687500000000068 0.528125 0.06406250000000006 0.5734375 0.06406250000000006
11 0.5671875 0.50625 0.5203125 0.50625 0.5203125 0.540625 0.5671875 0.540625
56 0.625 0.12656250000000008 0.578125 0.12656250000000008 0.578125 0.1609375000000001 0.625 0.1609375000000001
57 0.7328125 0.1546875000000001 0.6859375 0.1546875000000001 0.6859375 0.18906250000000008 0.7328125 0.18906250000000008
37 0.6734375 0.45625 0.6265625 0.45625 0.6265625 0.4921875 0.6734375 0.4921875
20 0.565625 0.546875 0.51875 0.546875 0.51875 0.621875 0.565625 0.621875
14 0.7953125 0.5171875000000001 0.7359375 0.5171875000000001 0.7359375 0.5640625000000001 0.7953125 0.5640625000000001
38 0.61875 0.446875 0.571875 0.446875 0.571875 0.48125 0.61875 0.48125
25 0.675 0.2953125000000001 0.628125 0.2953125000000001 0.628125 0.3312500000000001 0.675 0.3312500000000001
3 0.571875 0.14687500000000006 0.525 0.14687500000000003 0.525 0.18125000000000008 0.571875 0.18125000000000008
9 0.56875 0.38750000000000007 0.521875 0.38750000000000007 0.521875 0.421875 0.56875 0.421875
24 0.6765625 0.2562500000000001 0.6296875 0.2562500000000001 0.6296875 0.2906250000000001 0.6765625 0.2906250000000001
54 0.6203125 0.4875 0.5734375 0.4875 0.5734375 0.521875 0.6203125 0.521875
19 0.678125 0.1750000000000001 0.63125 0.1750000000000001 0.63125 0.21093750000000008 0.678125 0.21093750000000008
10 0.678125 0.09531250000000008 0.63125 0.09531250000000006 0.63125 0.1296875000000001 0.678125 0.1296875000000001
34 0.728125 0.4765625000000001 0.6796875 0.4765625 0.6796875 0.5140625000000001 0.728125 0.5140625000000002
47 0.79375 0.19531250000000008 0.734375 0.19531250000000008 0.734375 0.44843750000000016 0.79375 0.44843750000000016
42 0.625 0.2062500000000001 0.578125 0.2062500000000001 0.578125 0.2406250000000001 0.625 0.2406250000000001
6 0.5703125 0.2671875000000001 0.5234375 0.2671875000000001 0.5234375 0.30156250000000007 0.5703125 0.30156250000000007
0 0.56875 0.4265625 0.521875 0.4265625 0.521875 0.4625 0.56875 0.4625
28 0.675 0.3359375000000001 0.628125 0.3359375000000001 0.628125 0.3703125000000001 0.675 0.3703125000000001
46 0.728125 0.51875 0.678125 0.51875 0.678125 0.6250000000000001 0.728125 0.6250000000000002
53 0.621875 0.3265625000000001 0.575 0.3265625000000001 0.575 0.3625000000000001 0.621875 0.3625000000000001
16 0.73125 0.1921875000000001 0.684375 0.1921875000000001 0.684375 0.2296875000000001 0.73125 0.2296875000000001
55 0.7296875 0.2328125000000001 0.6828125 0.2328125000000001 0.6828125 0.27031250000000007 0.7296875 0.27031250000000007
41 0.625 0.08593750000000007 0.578125 0.08593750000000007 0.578125 0.1218750000000001 0.625 0.1218750000000001
13 0.7953125 0.08437500000000009 0.7390625 0.08437500000000009 0.7390625 0.1312500000000001 0.7953125 0.1312500000000001
40 0.728125 0.4375000000000001 0.68125 0.4375 0.68125 0.47343750000000007 0.728125 0.4734375000000002
33 0.7296875 0.3546875000000001 0.68125 0.3546875000000001 0.68125 0.3921875000000001 0.7296875 0.3921875000000001
21 0.625 0.16562500000000008 0.578125 0.16562500000000008 0.578125 0.2015625000000001 0.625 0.2015625000000001
35 0.7296875 0.3140625000000001 0.6828125 0.3140625000000001 0.6828125 0.3515625000000001 0.7296875 0.3515625000000001
18 0.7296875 0.3968750000000001 0.68125 0.3968750000000001 0.68125 0.4312500000000001 0.7296875 0.4312500000000002
59 0.621875 0.2875000000000001 0.575 0.2875000000000001 0.575 0.3218750000000001 0.621875 0.3218750000000001