58 0.8796875 0.6750000000000002 0.840625 0.6750000000000002 0.840625 0.7250000000000002 0.8796875 0.7250000000000002
7 0.6703125 0.5 0.6328125 0.5 0.6328125 0.55 0.6703125 0.55
44 0.9765625 0.6750000000000002 0.9265625 0.6750000000000002 0.9265625 0.7281250000000001 0.9765625 0.7281250000000001
52 0.975 0.5609375000000002 0.9140625 0.5609375000000002 0.9140625 0.6109375000000001 0.975 0.6109375000000001
31 0.55 0.6125 0.5125 0.6125 0.5125 0.6640625 0.55 0.6640625
23 0.76875 0.6156250000000002 0.73125 0.6156250000000002 0.73125 0.6671875000000002 0.76875 0.6671875000000002
29 0.59375 0.6109375 0.55625 0.6109375 0.55625 0.6640625 0.59375 0.6640625
51 0.7359375 0.5578125 0.6984375 0.5578125 0.6984375 0.6078125000000001 0.7359375 0.6078125000000002
2 0.8859375 0.5031250000000002 0.8484375 0.5031250000000002 0.8484375 0.5531250000000002 0.8859375 0.5531250000000002
5 0.7578125 0.5015625000000001 0.71875 0.5015625 0.71875 0.5515625000000001 0.7578125 0.5515625000000002
48 0.496875 0.496875 0.459375 0.496875 0.459375 0.546875 0.496875 0.546875
49 0.98125 0.7343750000000002 0.9140625 0.7343750000000002 0.9140625 0.7953125000000002 0.98125 0.7953125000000002
26 0.4203125 0.609375 0.3812500000000001 0.609375 0.3812500000000001 0.6625 0.4203125 0.6625
43 0.85625 0.6171875000000002 0.81875 0.6171875000000002 0.81875 0.6671875000000002 0.85625 0.6671875000000002
32 0.9234375 0.6765625000000002 0.8828125 0.6765625000000002 0.8828125 0.7265625000000002 0.9234375 0.7265625000000002
12 0.4640625 0.609375 0.425 0.609375 0.425 0.6625 0.4640625 0.6625
15 0.70625 0.6734375 0.665625 0.6734375 0.665625 0.725 0.70625 0.725
30 0.9953125 0.43437500000000007 5.319559533796316e-17 0.434375 7.654042494670958e-17 0.815625 0.9953125 0.815625
27 0.6046875 0.55625 0.5671875 0.55625 0.5671875 0.60625 0.6046875 0.60625
1 0.928125 0.5046875000000002 0.890625 0.5046875000000002 0.890625 0.5546875000000002 0.928125 0.5546875000000002
22 0.38750000000000007 0.55 0.32500000000000007 0.55 0.32500000000000007 0.6625 0.38750000000000007 0.6625
45 0.9765625 0.6187500000000001 0.9046875 0.6187500000000001 0.9046875 0.6687500000000002 0.9765625 0.6687500000000002
50 0.38750000000000007 0.728125 0.3203125000000001 0.728125 0.3203125000000001 0.790625 0.38750000000000007 0.790625
36 0.5625 0.5546875 0.5234375 0.5546875 0.5234375 0.6046875 0.5625 0.6046875
8 0.6265625 0.5 0.5890625 0.5 0.5890625 0.55 0.6265625 0.55
4 0.8 0.5015625000000001 0.7625 0.5015625000000001 0.7625 0.5515625000000002 0.8 0.5515625000000002
39 0.43125 0.553125 0.3937500000000001 0.553125 0.3937500000000001 0.6046875 0.43125 0.6046875
17 0.971875 0.5046875000000002 0.934375 0.5046875000000002 0.934375 0.5546875000000002 0.971875 0.5546875000000002
11 0.453125 0.496875 0.415625 0.496875 0.415625 0.546875 0.453125 0.546875
56 0.865625 0.5593750000000002 0.828125 0.5593750000000002 0.828125 0.6093750000000002 0.865625 0.6093750000000002
57 0.8359375 0.6750000000000002 0.7984375 0.6750000000000002 0.7984375000000001 0.7265625000000002 0.8359375 0.7265625000000002
37 0.5078125 0.6109375 0.46875 0.6109375 0.46875 0.6625 0.5078125 0.6625
20 0.4109375 0.4953125 0.3296875000000001 0.4953125 0.3296875000000001 0.546875 0.4109375 0.546875
14 0.4421875000000002 0.73125 0.3906250000000001 0.73125 0.3906250000000001 0.79375 0.4421875000000002 0.79375
38 0.5171875 0.553125 0.4796875 0.553125 0.4796875 0.603125 0.5171875 0.603125
25 0.6828125 0.6140625 0.64375 0.6140625 0.64375 0.665625 0.6828125 0.665625
3 0.84375 0.5031250000000002 0.80625 0.5031250000000002 0.80625 0.5531250000000002 0.84375 0.5531250000000002
9 0.5828125 0.5 0.5453125 0.5 0.5453125 0.55 0.5828125 0.55
24 0.725 0.615625 0.6875 0.615625 0.6875 0.665625 0.725 0.665625
54 0.475 0.553125 0.4375 0.553125 0.4375 0.6046875 0.475 0.6046875
19 0.8140625 0.6171875000000002 0.775 0.6171875000000002 0.775 0.6687500000000002 0.8140625 0.6687500000000002
10 0.9 0.6171875000000002 0.8625 0.6171875000000002 0.8625 0.6671875000000002 0.9 0.6671875000000002
34 0.4859375 0.66875 0.4453125 0.66875 0.4453125 0.721875 0.4859375 0.721875
47 0.7906250000000001 0.7281250000000001 0.5156250000000002 0.728125 0.5156250000000002 0.7937500000000001 0.7906250000000001 0.7937500000000002
42 0.7796875 0.5578125000000002 0.7421875 0.5578125000000002 0.7421875 0.6093750000000002 0.7796875 0.6093750000000002
6 0.7125 0.5015625 0.675 0.5015625 0.675 0.5515625 0.7125 0.5515625
0 0.540625 0.4984375 0.5015625 0.4984375 0.5015625 0.5484375 0.540625 0.5484375
28 0.6375 0.6125 0.6 0.6125 0.6 0.6640625 0.6375 0.6640625
46 0.440625 0.6671875 0.32500000000000007 0.6671875 0.32500000000000007 0.7203125 0.440625 0.7203125
53 0.6484375 0.55625 0.609375 0.55625 0.609375 0.6078125 0.6484375 0.6078125
16 0.79375 0.6734375000000001 0.753125 0.6734375000000001 0.753125 0.7250000000000002 0.79375 0.7250000000000002
55 0.75 0.6734375000000001 0.709375 0.6734375 0.709375 0.7250000000000001 0.75 0.7250000000000002
41 0.909375 0.5609375000000002 0.8703125 0.5609375000000002 0.8703125 0.6109375000000001 0.909375 0.6109375000000001
13 0.9109375 0.7343750000000002 0.859375 0.7343750000000002 0.859375 0.7953125000000002 0.9109375 0.7953125000000002
40 0.528125 0.6703125 0.4890625 0.6703125 0.4890625 0.721875 0.528125 0.721875
33 0.6171875 0.6703125 0.5765625 0.6703125 0.5765625 0.7234375 0.6171875 0.7234375
21 0.8234375 0.5593750000000002 0.784375 0.5593750000000002 0.784375 0.6093750000000002 0.8234375 0.6093750000000002
35 0.6625 0.671875 0.621875 0.671875 0.621875 0.7234375 0.6625 0.7234375
18 0.571875 0.6703125 0.534375 0.6703125 0.534375 0.7234375 0.571875 0.7234375
59 0.6921875 0.55625 0.6546875 0.55625 0.6546875 0.6078125 0.6921875 0.6078125