48 0.5125 0.5859375 0.4734375 0.5859375 0.4734375 0.6375 0.5125 0.6375
36 0.446875 0.64375 0.409375 0.64375 0.409375 0.696875 0.446875 0.696875
31 0.4593750000000001 0.7 0.421875 0.7 0.4218750000000001 0.753125 0.4593750000000002 0.753125
45 0.0671875000000001 0.709375 8.687338231451536e-17 0.709375 9.022202590593392e-17 0.7640625 0.0671875000000001 0.7640625
19 0.1984375000000001 0.7078125 0.1609375000000001 0.7078125 0.1609375000000001 0.7609375 0.1984375000000001 0.7609375
13 0.1140625000000001 0.8265625 0.0640625000000001 0.8265625 0.0640625000000001 0.8890625 0.1140625000000001 0.8890625
57 0.1765625000000001 0.765625 0.1375000000000001 0.765625 0.1375000000000001 0.81875 0.1765625000000001 0.81875
12 0.5453125000000001 0.6984375 0.50625 0.6984375 0.5062500000000001 0.7515625 0.5453125000000002 0.7515625
51 0.2734375000000001 0.646875 0.23593750000000008 0.646875 0.23593750000000008 0.7 0.2734375000000001 0.7
10 0.11093750000000009 0.709375 0.07343750000000009 0.709375 0.07343750000000009 0.7625 0.11093750000000009 0.7625
15 0.3078125000000001 0.7625 0.2671875000000001 0.7625 0.2671875000000001 0.815625 0.3078125000000001 0.815625
6 0.2953125000000001 0.590625 0.2578125000000001 0.590625 0.2578125000000001 0.6421875 0.2953125000000001 0.6421875
24 0.2843750000000001 0.70625 0.2468750000000001 0.70625 0.2468750000000001 0.7578125 0.2843750000000001 0.7578125
30 1 0.5015625000000001 6.142369101973443e-17 0.5015625 8.649068018978182e-17 0.9109375 1 0.9109375
3 0.1671875000000001 0.59375 0.1296875000000001 0.59375 0.1296875000000001 0.646875 0.1671875000000001 0.646875
2 0.12500000000000008 0.5953125 0.08593750000000007 0.5953125 0.08593750000000008 0.6484375 0.12500000000000008 0.6484375
29 0.4156250000000001 0.7 0.3781250000000001 0.7 0.3781250000000001 0.7546875 0.4156250000000002 0.7546875
39 0.5765625 0.640625 0.5390625 0.640625 0.5390625 0.69375 0.5765625 0.69375
14 0.5812500000000002 0.8171875 0.5281250000000002 0.8171875 0.5281250000000002 0.8796875 0.5812500000000002 0.8796875
25 0.3281250000000001 0.703125 0.2906250000000001 0.703125 0.2906250000000001 0.75625 0.3281250000000001 0.75625
33 0.3937500000000001 0.7609375 0.3546875000000001 0.7609375 0.3546875000000001 0.8140625 0.3937500000000001 0.8140625
16 0.22031250000000008 0.7640625 0.18125000000000008 0.7640625 0.18125000000000008 0.8171875 0.22031250000000008 0.8171875
43 0.1546875000000001 0.709375 0.11718750000000008 0.709375 0.11718750000000008 0.7625 0.1546875000000001 0.7625
11 0.553125 0.584375 0.515625 0.584375 0.515625 0.6359375 0.553125 0.6359375
4 0.2093750000000001 0.5921875 0.17187500000000008 0.5921875 0.17187500000000008 0.64375 0.2093750000000001 0.64375
21 0.18750000000000008 0.65 0.15000000000000008 0.65 0.15000000000000008 0.703125 0.18750000000000008 0.703125
40 0.4828125000000002 0.7578125 0.4437500000000002 0.7578125 0.4437500000000002 0.809375 0.4828125000000002 0.809375
9 0.425 0.5875 0.38750000000000007 0.5875 0.38750000000000007 0.6390625 0.425 0.6390625
7 0.3390625000000001 0.5890625 0.30156250000000007 0.5890625 0.30156250000000007 0.640625 0.3390625000000001 0.640625
50 0.6500000000000001 0.8140625 0.5812500000000002 0.8140625 0.5812500000000002 0.8765625 0.6500000000000001 0.8765625
1 0.07968750000000008 0.5953125 0.04218750000000008 0.5953125 0.04218750000000008 0.6484375 0.07968750000000009 0.6484375
30 0.5453125 0.09687500000000003 0.00781250000000001 0.096875 0.007812500000000036 0.4875 0.5453125 0.4875
37 0.503125 0.7 0.4640625 0.7 0.4640625000000001 0.753125 0.5031250000000002 0.753125
5 0.2531250000000001 0.5921875 0.2156250000000001 0.5921875 0.2156250000000001 0.64375 0.2531250000000001 0.64375
28 0.37187500000000007 0.703125 0.3343750000000001 0.703125 0.3343750000000001 0.75625 0.37187500000000007 0.75625
27 0.4046875 0.64375 0.3671875000000001 0.64375 0.3671875000000001 0.696875 0.4046875 0.696875
0 0.46875 0.5859375 0.43125 0.5859375 0.43125 0.6375 0.46875 0.6375
17 0.03593750000000008 0.5984375 0.0015625000000000736 0.5984375 0.0015625000000000764 0.6484375 0.03593750000000008 0.6484375
35 0.3515625000000001 0.7625 0.3109375000000001 0.7625 0.3109375000000001 0.815625 0.3515625000000001 0.815625
20 0.640625 0.5828125 0.559375 0.5828125 0.559375 0.6359375 0.640625 0.6359375
56 0.1437500000000001 0.6515625 0.1062500000000001 0.6515625 0.1062500000000001 0.7046875 0.1437500000000001 0.7046875
42 0.2312500000000001 0.65 0.1937500000000001 0.65 0.1937500000000001 0.703125 0.2312500000000001 0.703125
46 0.6453125000000002 0.75625 0.5296875000000002 0.75625 0.5296875000000002 0.809375 0.6453125000000002 0.809375
8 0.3828125000000001 0.5875 0.3453125000000001 0.5875 0.3453125000000001 0.640625 0.3828125000000001 0.640625
38 0.490625 0.6421875 0.453125 0.6421875 0.453125 0.6953125 0.490625 0.6953125
18 0.4359375000000002 0.759375 0.3984375000000001 0.759375 0.3984375000000001 0.8125 0.4359375000000002 0.8125
53 0.3609375000000001 0.646875 0.3218750000000001 0.646875 0.3218750000000001 0.7 0.3609375000000001 0.7
32 0.0890625000000001 0.7671875 0.050000000000000086 0.7671875 0.0500000000000001 0.8203125 0.08906250000000011 0.8203125
44 0.045312500000000096 0.76875 9.414472268445279e-17 0.76875 9.739769074468794e-17 0.821875 0.0453125000000001 0.821875
22 0.64375 0.6390625 0.58125 0.6390625 0.58125 0.75 0.6437500000000002 0.75
58 0.13281250000000008 0.7671875 0.09375000000000008 0.7671875 0.0937500000000001 0.8203125 0.13281250000000008 0.8203125
23 0.2406250000000001 0.70625 0.20312500000000008 0.70625 0.20312500000000008 0.7578125 0.2406250000000001 0.7578125
54 0.5328125 0.640625 0.4953125 0.640625 0.4953125 0.69375 0.5328125 0.69375
47 0.4546875000000002 0.81875 0.1859375000000001 0.81875 0.1859375000000001 0.88125 0.4546875000000002 0.88125
55 0.2640625000000001 0.7625 0.2234375000000001 0.7625 0.2234375000000001 0.815625 0.2640625000000001 0.815625
34 0.5250000000000001 0.7578125 0.4859375000000002 0.7578125 0.4859375000000002 0.8109375 0.5250000000000001 0.8109375
49 0.06093750000000011 0.8265625 1.0122471199202341e-16 0.8265625 1.0514740877054227e-16 0.890625 0.06093750000000011 0.890625
26 0.5890625 0.6984375 0.5515625 0.6984375 0.5515625000000001 0.7515625 0.5890625000000002 0.7515625
59 0.3187500000000001 0.646875 0.2796875000000001 0.646875 0.2796875000000001 0.7 0.3187500000000001 0.7
41 0.10156250000000008 0.6515625 0.06250000000000008 0.6515625 0.06250000000000008 0.7046875 0.10156250000000008 0.7046875
52 0.05625000000000009 0.6546875 8.017609513167828e-17 0.6546875 8.342906319191344e-17 0.7078125 0.05625000000000009 0.7078125