51 0.4109375 0.36718750000000006 0.3546875000000001 0.3671875 0.3546875000000001 0.434375 0.4109375 0.434375
9 0.6359375 0.2796875000000001 0.578125 0.2796875000000001 0.578125 0.3453125000000001 0.6359375 0.3453125000000001
36 0.6765625 0.34843750000000007 0.6140625 0.34843750000000007 0.6140625 0.41875 0.6765625 0.41875
15 0.465625 0.5171875 0.4015625 0.5171875 0.4015625 0.59375 0.465625 0.59375
7 0.50625 0.2875000000000001 0.45 0.2875000000000001 0.45 0.3515625000000001 0.50625 0.3515625000000001
52 0.08593750000000006 0.390625 0.009375000000000046 0.390625 0.009375000000000052 0.4625 0.08593750000000007 0.4625
3 0.2515625 0.3046875 0.19218750000000004 0.3046875 0.19218750000000004 0.371875 0.2515625000000001 0.371875
24 0.4296875 0.440625 0.3687500000000001 0.440625 0.3687500000000001 0.5140625 0.4296875 0.5140625
47 0.609375 0.5953125 0.2656250000000001 0.5953125 0.2656250000000001 0.6890625 0.609375 0.6890625
30 1 0.20156250000000003 2.4684287045313837e-17 0.2015625 5.788369636594912e-17 0.7437500000000001 1 0.7437500000000001
22 0.96875 0.33281250000000007 0.8734375 0.33281250000000007 0.8734375 0.47656250000000017 0.96875 0.47656250000000017
40 0.7421875 0.5015625000000001 0.6765625 0.5015625 0.6765625 0.5734375 0.7421875 0.5734375000000002
13 0.2562500000000001 0.6171875 0.1937500000000001 0.6171875 0.1937500000000001 0.696875 0.2562500000000001 0.696875
46 0.8734375 0.4906250000000002 0.8015625 0.4906250000000002 0.8015625 0.5671875000000002 0.8734375 0.5671875000000002
37 0.7671875 0.41875000000000007 0.703125 0.41875 0.703125 0.4906250000000001 0.7671875 0.4906250000000002
34 0.7984375 0.49531250000000016 0.746875 0.49531250000000016 0.746875 0.5703125000000002 0.7984375 0.5703125000000002
28 0.5640625 0.43125 0.503125 0.43125 0.503125 0.50625 0.5640625 0.50625
38 0.7421875 0.3453125000000001 0.6796875 0.3453125000000001 0.6796875 0.4125000000000001 0.7421875 0.4125000000000002
17 0.06093750000000005 0.31875 0.01718750000000004 0.31875 0.017187500000000043 0.384375 0.06093750000000005 0.384375
16 0.3265625000000001 0.528125 0.2656250000000001 0.528125 0.2656250000000001 0.6046875 0.3265625000000001 0.6046875
23 0.3609375000000001 0.446875 0.3031250000000001 0.446875 0.3031250000000001 0.51875 0.3609375000000001 0.51875
57 0.2578125000000001 0.5328125 0.19843750000000004 0.5328125 0.19843750000000007 0.6078125 0.2578125000000001 0.6078125
48 0.7625 0.27031250000000007 0.7015625 0.27031250000000007 0.7015625 0.3343750000000001 0.7625 0.3343750000000001
21 0.2796875000000001 0.375 0.2218750000000001 0.375 0.2218750000000001 0.4453125 0.2796875000000001 0.4453125
6 0.4421875 0.2906250000000001 0.3859375 0.2906250000000001 0.3859375 0.35625000000000007 0.4421875 0.35625000000000007
58 0.19218750000000007 0.540625 0.13125000000000003 0.540625 0.13125000000000006 0.6140625 0.1921875000000001 0.6140625
56 0.2156250000000001 0.38125 0.15781250000000005 0.38125 0.15781250000000005 0.45 0.2156250000000001 0.45
11 0.825 0.2656250000000001 0.7671875 0.2656250000000001 0.7671875 0.3312500000000001 0.825 0.3312500000000001
45 0.09687500000000007 0.465625 0.001562500000000057 0.465625 0.0015625000000000615 0.540625 0.09687500000000007 0.540625
29 0.63125 0.428125 0.5703125 0.428125 0.5703125 0.4984375 0.63125 0.4984375
0 0.7015625 0.2734375000000001 0.640625 0.2734375000000001 0.640625 0.3390625000000001 0.7015625 0.3390625000000001
20 0.9375 0.2609375000000001 0.8296875 0.2609375000000001 0.8296875 0.3265625000000001 0.9375 0.3265625000000001
27 0.609375 0.3546875000000001 0.55 0.3546875000000001 0.55 0.421875 0.609375 0.421875
41 0.15156250000000004 0.3859375 0.09062500000000004 0.3859375 0.09062500000000005 0.45625 0.15156250000000004 0.45625
5 0.378125 0.29687500000000006 0.3203125 0.296875 0.3203125 0.3609375 0.378125 0.3609375000000001
53 0.5421875 0.3578125000000001 0.484375 0.3578125000000001 0.484375 0.4265625 0.5421875 0.4265625
43 0.22656250000000008 0.4578125 0.16875000000000004 0.4578125 0.16875000000000004 0.528125 0.22656250000000008 0.528125
14 0.68125 0.5890625 0.615625 0.5890625 0.615625 0.6671875 0.68125 0.6671875
25 0.496875 0.4359375 0.4359375 0.4359375 0.4359375 0.509375 0.496875 0.509375
19 0.29375000000000007 0.453125 0.23437500000000008 0.453125 0.23437500000000008 0.5234375 0.29375000000000007 0.5234375
2 0.18750000000000006 0.3125 0.12968750000000004 0.3125 0.12968750000000004 0.378125 0.18750000000000006 0.378125
44 0.05468750000000007 0.5484375 6.716422289073765e-17 0.5484375 7.185232391872362e-17 0.625 0.05468750000000007 0.625
8 0.571875 0.2843750000000001 0.5140625 0.2843750000000001 0.5140625 0.3500000000000001 0.571875 0.3500000000000001
4 0.3140625 0.3 0.25625 0.3 0.25625000000000003 0.365625 0.3140625000000001 0.365625
10 0.16093750000000004 0.4609375 0.10312500000000005 0.4609375 0.10312500000000005 0.5328125 0.16093750000000004 0.5328125
39 0.8703125 0.3375000000000001 0.80625 0.3375000000000001 0.80625 0.4046875000000002 0.8703125 0.4046875000000002
54 0.80625 0.34062500000000007 0.74375 0.34062500000000007 0.74375 0.40937500000000016 0.80625 0.40937500000000016
33 0.603125 0.509375 0.540625 0.509375 0.540625 0.5859375 0.603125 0.5859375
49 0.048437500000000085 0.6328125 7.749718025854345e-17 0.6328125 8.247230788007957e-17 0.7140625 0.04843750000000009 0.7140625
35 0.534375 0.5140625 0.471875 0.5140625 0.471875 0.5875 0.534375 0.5875
31 0.6984375 0.4234375 0.6375 0.4234375 0.6375 0.49375 0.6984375 0.49375
18 0.671875 0.5046875 0.6078125 0.5046875 0.6078125 0.5796875 0.671875 0.5796875
59 0.4765625 0.3625000000000001 0.41875 0.3625000000000001 0.41875 0.4296875 0.4765625 0.4296875
50 0.8328125 0.5781250000000002 0.75625 0.5781250000000002 0.75625 0.6578125000000001 0.8328125 0.6578125000000001
32 0.12500000000000006 0.5421875 0.06093750000000007 0.5421875 0.06093750000000007 0.621875 0.12500000000000008 0.621875
12 0.83125 0.41406250000000017 0.76875 0.41406250000000017 0.76875 0.48437500000000017 0.83125 0.48437500000000017
1 0.12500000000000006 0.3140625 0.06718750000000004 0.3140625 0.06718750000000004 0.38125 0.12500000000000006 0.38125
55 0.3968750000000001 0.5234375 0.3359375000000001 0.5234375 0.3359375000000001 0.6 0.3968750000000001 0.6
42 0.3453125000000001 0.3703125 0.2875000000000001 0.3703125 0.2875000000000001 0.4390625 0.3453125000000001 0.4390625
26 0.9 0.40937500000000016 0.834375 0.40937500000000016 0.834375 0.4828125000000002 0.9 0.4828125000000002