48 0.784375 0.3281250000000001 0.725 0.3281250000000001 0.725 0.4093750000000001 0.784375 0.40937500000000016
39 0.8875 0.4187500000000002 0.828125 0.4187500000000002 0.828125 0.5000000000000002 0.8875 0.5000000000000002
25 0.5 0.5078125 0.440625 0.5078125 0.440625 0.5890625 0.5 0.5890625
49 0.06093750000000009 0.6875 8.419446744138054e-17 0.6875 8.955229718765019e-17 0.775 0.06093750000000009 0.775
9 0.653125 0.3312500000000001 0.59375 0.3312500000000001 0.59375 0.4109375 0.653125 0.4109375
41 0.14687500000000003 0.41875 0.08750000000000005 0.41875 0.08750000000000005 0.5 0.14687500000000003 0.5
6 0.4484375 0.3281250000000001 0.3890625 0.3281250000000001 0.38906250000000003 0.409375 0.4484375 0.409375
50 0.7437500000000001 0.6890625000000001 0.66875 0.6890625 0.6687500000000001 0.7765625 0.7437500000000001 0.7765625000000002
27 0.6171875 0.41875 0.5578125 0.41875 0.5578125 0.5 0.6171875 0.5
31 0.7015625 0.509375 0.6421875 0.509375 0.6421875 0.5890625 0.7015625 0.5890625
14 0.6625000000000001 0.6890625 0.5875 0.6890625 0.5875000000000001 0.7765625 0.6625000000000002 0.7765625
54 0.81875 0.4187500000000002 0.759375 0.4187500000000002 0.759375 0.5000000000000002 0.81875 0.5000000000000002
1 0.11406250000000004 0.328125 0.05468750000000004 0.328125 0.05468750000000004 0.409375 0.11406250000000004 0.409375
15 0.465625 0.596875 0.40625 0.596875 0.40625 0.678125 0.465625 0.678125
22 0.9546875 0.5078125000000002 0.8453125 0.5078125000000002 0.8453125 0.5890625000000002 0.9546875 0.5890625000000002
58 0.19687500000000008 0.5984375 0.1375000000000001 0.5984375 0.1375000000000001 0.678125 0.19687500000000008 0.678125
44 0.1312500000000001 0.596875 7.309610582410764e-17 0.596875 7.816690897682715e-17 0.6796875 0.1312500000000001 0.6796875
24 0.4328125 0.509375 0.3734375000000001 0.509375 0.3734375000000001 0.5890625 0.4328125 0.5890625
21 0.2812500000000001 0.41875 0.2218750000000001 0.41875 0.2218750000000001 0.5 0.2812500000000001 0.5
5 0.38125000000000003 0.32812500000000006 0.321875 0.328125 0.321875 0.409375 0.3812500000000001 0.409375
51 0.415625 0.4171875 0.35625000000000007 0.4171875 0.35625000000000007 0.4984375 0.415625 0.4984375
53 0.55 0.41875 0.490625 0.41875 0.490625 0.5 0.55 0.5
46 0.95625 0.5968750000000002 0.8140625 0.5968750000000002 0.8140625 0.6812500000000001 0.95625 0.6812500000000001
29 0.634375 0.5078125 0.575 0.5078125 0.575 0.5890625 0.634375 0.5890625
34 0.803125 0.5984375000000002 0.74375 0.5984375000000002 0.74375 0.6796875000000002 0.803125 0.6796875000000002
35 0.5328125 0.596875 0.4734375 0.596875 0.4734375 0.678125 0.5328125 0.678125
0 0.721875 0.3296875000000001 0.659375 0.3296875000000001 0.659375 0.4109375 0.721875 0.4109375
18 0.66875 0.596875 0.609375 0.596875 0.609375 0.678125 0.66875 0.678125
10 0.16406250000000006 0.5078125 0.10468750000000004 0.5078125 0.10468750000000007 0.5890625 0.16406250000000008 0.5890625
3 0.25000000000000006 0.3296875 0.18750000000000006 0.3296875 0.18750000000000006 0.4109375 0.2500000000000001 0.4109375
11 0.853125 0.3296875000000001 0.79375 0.3296875000000001 0.79375 0.4078125000000002 0.853125 0.4078125000000002
57 0.2640625000000001 0.5984375 0.20468750000000008 0.5984375 0.20468750000000008 0.678125 0.2640625000000001 0.678125
7 0.51875 0.3296875000000001 0.459375 0.3296875000000001 0.459375 0.4109375 0.51875 0.4109375
12 0.8359375 0.5078125000000002 0.7765625 0.5078125000000002 0.7765625 0.5890625000000002 0.8359375 0.5890625000000002
16 0.3312500000000001 0.5984375 0.2718750000000001 0.5984375 0.2718750000000001 0.678125 0.3312500000000001 0.678125
2 0.18125000000000005 0.3296875 0.12187500000000004 0.3296875 0.12187500000000004 0.4109375 0.18125000000000005 0.4109375
30 0.9859375 0.20781250000000004 2.5449691294780934e-17 0.2078125 6.31458505810354e-17 0.8234375 0.9859375 0.8234375
26 0.9546875 0.4187500000000002 0.8953125 0.4187500000000002 0.8953125 0.5000000000000002 0.9546875 0.5000000000000002
4 0.3140625 0.3296875 0.2546875 0.3296875 0.25468750000000007 0.409375 0.3140625000000001 0.409375
52 0.07968750000000005 0.41875 0.0015625000000000513 0.41875 0.0015625000000000562 0.5 0.07968750000000006 0.5
59 0.4828125 0.41875 0.4234375 0.41875 0.4234375 0.5 0.4828125 0.5
8 0.5859375 0.3312500000000001 0.5265625 0.3312500000000001 0.5265625 0.4109375 0.5859375 0.4109375
45 0.09687500000000007 0.5078125 6.218909526920153e-17 0.5078125 6.716422289073765e-17 0.5890625 0.09687500000000007 0.5890625
47 0.58125 0.6859375 0.3156250000000001 0.6859375 0.3156250000000001 0.778125 0.5812500000000002 0.778125
38 0.7515625 0.41875000000000007 0.6921875 0.41875 0.6921875 0.5000000000000001 0.7515625 0.5000000000000002
40 0.7359375 0.5984375000000001 0.6765625 0.5984375 0.6765625 0.6765625000000001 0.7359375 0.6765625000000002
43 0.2312500000000001 0.509375 0.17187500000000006 0.509375 0.17187500000000006 0.5890625 0.2312500000000001 0.5890625
13 0.3062500000000001 0.6890625 0.2312500000000001 0.6890625 0.2312500000000001 0.7765625 0.3062500000000001 0.7765625
17 0.043750000000000046 0.328125 4.0183723097022526e-17 0.328125 4.506317518737526e-17 0.4078125 0.043750000000000046 0.4078125
55 0.4 0.596875 0.34062500000000007 0.596875 0.34062500000000007 0.6765625 0.4 0.6765625
20 0.95625 0.3281250000000001 0.8625 0.3281250000000001 0.8625 0.40937500000000016 0.95625 0.40937500000000016
19 0.2968750000000001 0.5078125 0.2375000000000001 0.5078125 0.2375000000000001 0.5890625 0.2968750000000001 0.5890625
37 0.76875 0.5093750000000001 0.709375 0.509375 0.709375 0.5906250000000001 0.76875 0.5906250000000002
56 0.2140625000000001 0.4171875 0.15468750000000003 0.4171875 0.15468750000000003 0.4984375 0.2140625000000001 0.4984375
36 0.684375 0.41875 0.625 0.41875 0.625 0.5 0.684375 0.5
42 0.34843750000000007 0.4171875 0.2890625000000001 0.4171875 0.2890625000000001 0.4984375 0.34843750000000007 0.4984375
23 0.3656250000000001 0.509375 0.3062500000000001 0.509375 0.3062500000000001 0.5875 0.3656250000000001 0.5875
33 0.603125 0.5984375 0.54375 0.5984375 0.54375 0.6796875 0.603125 0.6796875
28 0.5671875 0.5078125 0.5078125 0.5078125 0.5078125 0.5890625 0.5671875 0.5890625