39 0.4328125000000001 0.7015625 0.40625 0.7015625 0.4062500000000001 0.7296875 0.43281250000000016 0.7296875
31 0.5390625000000002 0.728125 0.5046875000000002 0.728125 0.5046875000000002 0.75625 0.5390625000000002 0.75625
15 0.6812500000000001 0.7546875 0.6437500000000002 0.7546875 0.6437500000000002 0.7859375 0.6812500000000001 0.7859375
47 0.7703125000000002 0.7875000000000001 0.5812500000000002 0.7875 0.5812500000000002 0.83125 0.7703125000000002 0.83125
48 0.4890625 0.6734375 0.45625 0.6734375 0.45625 0.6984375 0.4890625 0.6984375
50 0.5046875000000002 0.7921875 0.4671875000000002 0.7921875 0.4671875000000002 0.8296875 0.5046875000000002 0.8296875
17 0.8796875 0.6640625000000002 0.8484375 0.6640625000000002 0.8484375 0.6875000000000002 0.8796875 0.6875000000000002
0 0.5265625 0.6734375 0.49375 0.6734375 0.49375 0.6984375 0.5265625 0.6984375
44 0.921875 0.7484375000000002 0.875 0.7484375000000002 0.875 0.7796875000000002 0.921875 0.7796875000000002
14 0.5796875000000001 0.790625 0.5421875000000002 0.790625 0.5421875000000002 0.8265625 0.5796875000000001 0.8265625
51 0.6953125 0.69375 0.6609375 0.69375 0.6609375 0.721875 0.6953125 0.721875
22 0.40312500000000007 0.7015625 0.3531250000000001 0.7015625 0.3531250000000001 0.759375 0.4031250000000002 0.759375
36 0.5453125000000001 0.6984375 0.5109375 0.6984375 0.5109375 0.7265625 0.5453125000000002 0.7265625
20 0.4171875 0.6765625 0.3609375000000001 0.6765625 0.3609375000000001 0.7015625 0.4171875 0.7015625
4 0.7421875 0.6671875 0.709375 0.6671875 0.709375 0.6921875000000001 0.7421875 0.6921875000000002
1 0.85 0.6640625000000002 0.8125 0.6640625000000002 0.8125 0.6890625000000001 0.85 0.6890625000000001
9 0.5625 0.671875 0.5296875 0.671875 0.5296875 0.696875 0.5625 0.696875
55 0.7203125000000001 0.7546875 0.6828125000000002 0.7546875 0.6828125000000002 0.7859375 0.7203125000000001 0.7859375
35 0.6406250000000002 0.7546875 0.6031250000000001 0.7546875 0.6031250000000001 0.7875 0.6406250000000002 0.7875
33 0.6015625000000002 0.75625 0.5640625000000001 0.75625 0.5640625000000001 0.7890625 0.6015625000000002 0.7890625
52 0.89375 0.6890625000000001 0.840625 0.6890625000000001 0.840625 0.7171875000000002 0.89375 0.7171875000000002
30 0.9453125 0.6390625000000001 0.1781250000000001 0.6390625 0.1781250000000001 0.8453125 0.9453125 0.8453125
27 0.5828125000000001 0.6984375 0.5484375 0.6984375 0.5484375000000001 0.7265625 0.5828125000000002 0.7265625
34 0.4812500000000002 0.7609375 0.44531250000000017 0.7609375 0.44531250000000017 0.790625 0.4812500000000002 0.790625
7 0.6328125 0.671875 0.6015625 0.671875 0.6015625 0.696875 0.6328125 0.696875
5 0.70625 0.66875 0.675 0.66875 0.675 0.69375 0.70625 0.69375
19 0.76875 0.7234375000000002 0.73125 0.7234375000000002 0.7312500000000001 0.7515625000000001 0.7687500000000002 0.7515625000000001
26 0.4234375000000002 0.73125 0.39531250000000007 0.73125 0.39531250000000007 0.759375 0.4234375000000002 0.759375
53 0.6203125 0.696875 0.5859375 0.696875 0.5859375 0.725 0.6203125 0.725
25 0.6531250000000001 0.725 0.61875 0.725 0.6187500000000001 0.753125 0.6531250000000002 0.753125
49 0.9375 0.7812500000000002 0.884375 0.7812500000000002 0.884375 0.815625 0.9375 0.815625
2 0.8125 0.6671875000000002 0.778125 0.6671875000000002 0.778125 0.6906250000000002 0.8125 0.6906250000000002
58 0.8375 0.7500000000000002 0.7984375000000001 0.7500000000000002 0.7984375000000001 0.7812500000000002 0.8375 0.7812500000000002
11 0.4515625 0.6765625 0.4203125 0.6765625 0.4203125 0.7015625 0.4515625 0.7015625
43 0.8078125 0.7218750000000002 0.7703125 0.7218750000000002 0.7703125000000001 0.7500000000000002 0.8078125 0.7500000000000002
38 0.5078125000000001 0.7 0.475 0.7 0.4750000000000001 0.728125 0.5078125000000002 0.728125
10 0.846875 0.7187500000000002 0.80625 0.7187500000000002 0.80625 0.7500000000000002 0.846875 0.7500000000000002
18 0.5609375000000002 0.759375 0.5250000000000001 0.759375 0.5250000000000001 0.790625 0.5609375000000002 0.790625
37 0.5015625000000001 0.7296875 0.4671875000000002 0.7296875 0.4671875000000002 0.7578125 0.5015625000000001 0.7578125
57 0.7968750000000002 0.7515625000000001 0.7593750000000001 0.7515625000000001 0.7593750000000001 0.7828125000000001 0.7968750000000002 0.7828125000000001
13 0.8125 0.7828125000000001 0.7718750000000002 0.7828125000000001 0.7718750000000002 0.81875 0.8125 0.81875
28 0.6156250000000002 0.7265625 0.5812500000000002 0.7265625 0.5812500000000002 0.7546875 0.6156250000000002 0.7546875
23 0.7312500000000001 0.7234375000000001 0.6953125 0.7234375 0.6953125000000001 0.7515625000000001 0.7312500000000002 0.7515625000000001
46 0.4421875000000002 0.7625 0.3500000000000001 0.7625 0.3500000000000001 0.7921875 0.4421875000000002 0.7921875
16 0.7578125000000002 0.753125 0.7203125000000001 0.753125 0.7203125000000001 0.784375 0.7578125000000002 0.7843750000000002
41 0.8421875 0.6906250000000002 0.803125 0.6906250000000002 0.803125 0.7203125000000001 0.8421875 0.7203125000000001
59 0.6578125 0.6953125 0.6234375 0.6953125 0.6234375 0.7234375 0.6578125 0.7234375
45 0.9046875 0.7187500000000002 0.84375 0.7187500000000002 0.84375 0.7468750000000002 0.9046875 0.7468750000000002
54 0.4718750000000001 0.7 0.4375 0.7 0.4375000000000001 0.728125 0.47187500000000016 0.728125
12 0.4625000000000002 0.73125 0.4265625000000002 0.73125 0.4265625000000002 0.759375 0.4625000000000002 0.759375
40 0.5203125000000002 0.759375 0.4859375000000002 0.759375 0.4859375000000002 0.790625 0.5203125000000002 0.790625
21 0.76875 0.6921875000000002 0.7328125 0.6921875000000002 0.7328125 0.7203125000000001 0.76875 0.7203125000000001
42 0.73125 0.6937500000000001 0.696875 0.69375 0.696875 0.721875 0.73125 0.7218750000000002
24 0.6921875000000001 0.725 0.65625 0.725 0.6562500000000001 0.753125 0.6921875000000002 0.753125
29 0.5781250000000002 0.7265625 0.5437500000000002 0.7265625 0.5437500000000002 0.75625 0.5781250000000002 0.75625
3 0.778125 0.6671875000000002 0.74375 0.6671875000000002 0.74375 0.6921875000000002 0.778125 0.6921875000000002
6 0.6703125 0.6703125 0.6375 0.6703125 0.6375 0.6953125 0.6703125 0.6953125
8 0.596875 0.671875 0.565625 0.671875 0.565625 0.696875 0.596875 0.696875
32 0.8765625 0.7500000000000002 0.8359375 0.7500000000000002 0.8359375 0.7812500000000002 0.8765625 0.7812500000000002
56 0.8046875 0.6921875000000002 0.76875 0.6921875000000002 0.76875 0.7203125000000001 0.8046875 0.7203125000000001