12 0.6 0.4296875 0.471875 0.4296875 0.471875 0.4671875 0.6 0.4671875
46 0.74375 0.30937500000000007 0.6203125 0.30937500000000007 0.6203125 0.4375000000000001 0.74375 0.43750000000000017
2 0.3140625000000001 0.925 0.19062500000000013 0.925 0.19062500000000013 0.9609375 0.3140625000000001 0.9609375
53 0.453125 0.6453125 0.3343750000000001 0.6453125 0.3343750000000001 0.68125 0.453125 0.68125
13 0.8859375 0.884375 0.7625000000000002 0.884375 0.7625000000000002 0.934375 0.8859375 0.934375
27 0.453125 0.5953125 0.3343750000000001 0.5953125 0.3343750000000001 0.63125 0.453125 0.63125
42 0.4578125000000002 0.7984375 0.3343750000000001 0.7984375 0.3343750000000001 0.834375 0.4578125000000002 0.834375
16 0.7437500000000001 0.8109375 0.6203125000000002 0.8109375 0.6203125000000002 0.846875 0.7437500000000001 0.846875
31 0.5953125 0.5328125 0.4765625 0.5328125 0.4765625 0.5671875 0.5953125 0.5671875
23 0.5953125000000001 0.784375 0.47656250000000017 0.784375 0.47656250000000017 0.8203125 0.5953125000000001 0.8203125
45 0.6000000000000002 0.9859375 0.4812500000000002 0.9859375 0.4812500000000002 1 0.6000000000000002 1
10 0.5953125000000001 0.9375 0.47656250000000017 0.9375 0.47656250000000017 0.9734375 0.5953125000000001 0.9734375
21 0.45312500000000017 0.85 0.3343750000000001 0.85 0.3343750000000001 0.8859375 0.45312500000000017 0.8859375
8 0.3140625000000001 0.6203125 0.1859375000000001 0.6203125 0.1859375000000001 0.6578125 0.3140625000000001 0.6578125
51 0.45312500000000017 0.7484375 0.3296875000000001 0.7484375 0.3296875000000001 0.784375 0.45312500000000017 0.784375
40 0.74375 0.5046875000000001 0.6203125 0.5046875 0.6203125 0.5406250000000001 0.74375 0.5406250000000001
19 0.6000000000000002 0.8359375 0.47656250000000017 0.8359375 0.47656250000000017 0.871875 0.6000000000000002 0.871875
47 0.890625 0.5656250000000002 0.7625 0.5656250000000002 0.7625000000000001 0.871875 0.890625 0.871875
48 0.30937500000000007 0.46875 0.18125000000000005 0.46875 0.18125000000000005 0.5078125 0.30937500000000007 0.5078125
30 0.9953125 6.09453133638175e-17 0 0 6.123233995736766e-17 1 0.9953125 1
7 0.3140625000000001 0.671875 0.1859375000000001 0.671875 0.1859375000000001 0.709375 0.3140625000000001 0.709375
43 0.6000000000000002 0.8859375 0.47656250000000017 0.8859375 0.47656250000000017 0.921875 0.6000000000000002 0.921875
15 0.7390625000000001 0.7078125000000001 0.6203125 0.7078125 0.6203125 0.7453125 0.7390625000000002 0.7453125000000002
3 0.3140625000000001 0.875 0.1859375000000001 0.875 0.18593750000000012 0.9125 0.3140625000000001 0.9125
38 0.453125 0.49375 0.3296875000000001 0.49375 0.3296875000000001 0.53125 0.453125 0.53125
58 0.7390625000000002 0.9125 0.6203125000000002 0.9125 0.6203125000000002 0.946875 0.7390625000000002 0.946875
24 0.5953125000000001 0.734375 0.47656250000000017 0.734375 0.47656250000000017 0.7703125 0.5953125000000001 0.7703125
37 0.5953125 0.4796875 0.4765625 0.4796875 0.4765625 0.5171875 0.5953125 0.5171875
55 0.7390625000000002 0.7593750000000001 0.6203125000000002 0.759375 0.6203125000000002 0.7953125000000001 0.7390625000000002 0.7953125000000002
6 0.30937500000000007 0.721875 0.1859375000000001 0.721875 0.1859375000000001 0.7578125 0.30937500000000007 0.7578125
18 0.74375 0.5562500000000001 0.6203125 0.55625 0.6203125 0.5921875000000001 0.74375 0.5921875000000002
41 0.4578125000000002 0.95 0.3343750000000001 0.95 0.3343750000000001 0.9875 0.4578125000000002 0.9875
59 0.4531250000000001 0.696875 0.3296875000000001 0.696875 0.3296875000000001 0.7328125 0.45312500000000017 0.7328125
54 0.4578125 0.4421875 0.3296875000000001 0.4421875 0.3296875000000001 0.4796875 0.4578125 0.4796875
0 0.3140625000000001 0.51875 0.18593750000000003 0.51875 0.18593750000000006 0.55625 0.3140625000000001 0.55625
25 0.6 0.6828125 0.4765625 0.6828125 0.4765625 0.71875 0.6 0.71875
39 0.4578125 0.39062500000000006 0.3296875000000001 0.390625 0.3296875000000001 0.428125 0.4578125 0.428125
11 0.30937500000000007 0.4171875 0.18593750000000003 0.4171875 0.18593750000000003 0.4546875 0.30937500000000007 0.4546875
4 0.3140625000000001 0.8234375 0.1859375000000001 0.8234375 0.1859375000000001 0.8609375 0.3140625000000001 0.8609375
29 0.5953125 0.58125 0.471875 0.58125 0.471875 0.61875 0.5953125 0.61875
1 0.3140625000000001 0.9765625 0.19062500000000013 0.9765625 0.19062500000000013 1 0.3140625000000001 1
22 0.6046875 0.31250000000000006 0.328125 0.3125 0.32812500000000006 0.37500000000000006 0.6046875 0.3750000000000001
33 0.74375 0.6062500000000001 0.6203125 0.60625 0.6203125 0.6421875000000001 0.74375 0.6421875000000001
34 0.74375 0.4546875000000001 0.6203125 0.4546875 0.6203125 0.4921875000000001 0.74375 0.49218750000000017
9 0.3140625000000001 0.5703125 0.1859375000000001 0.5703125 0.1859375000000001 0.6078125 0.3140625000000001 0.6078125
26 0.6 0.3765625000000001 0.4765625 0.3765625000000001 0.4765625 0.4140625 0.6 0.4140625
32 0.7437500000000001 0.9609375 0.6203125000000002 0.9609375 0.6203125000000002 0.9984375 0.7437500000000001 0.9984375
35 0.7390625 0.6578125000000001 0.6203125 0.6578125 0.6203125 0.6937500000000001 0.7390625 0.6937500000000002
28 0.5953125 0.634375 0.4765625 0.634375 0.4765625 0.66875 0.5953125 0.66875
57 0.7390625000000002 0.8609375 0.6203125000000002 0.8609375 0.6203125000000002 0.8953125 0.7390625000000002 0.8953125
14 0.8859375 0.5015625000000001 0.7625 0.5015625000000001 0.7625 0.5546875000000002 0.8859375 0.5546875000000002
5 0.3140625000000001 0.7734375 0.1859375000000001 0.7734375 0.1859375000000001 0.8109375 0.3140625000000001 0.8109375
36 0.453125 0.5421875 0.3296875000000001 0.5421875 0.3296875000000001 0.5796875 0.453125 0.5796875
20 0.3140625 0.3140625 0.18593750000000003 0.3140625 0.18593750000000003 0.4046875 0.3140625000000001 0.4046875
56 0.4578125000000002 0.9 0.3343750000000001 0.9 0.3343750000000001 0.9359375 0.4578125000000002 0.9359375
50 0.890625 0.3109375000000001 0.7671875 0.3109375000000001 0.7671875 0.36406250000000007 0.890625 0.36406250000000007