49 1 0.8046875 0.978125 0.8046875 0.978125 0.8578125 1 0.8578125
32 0.9734375 0.7500000000000002 0.9390625 0.7500000000000002 0.9390625 0.7984375000000001 0.9734375 0.7984375000000001
58 0.934375 0.7500000000000002 0.9 0.7500000000000002 0.9 0.7968750000000002 0.934375 0.7968750000000002
15 0.7828125000000001 0.7453125000000002 0.7468750000000002 0.7453125000000002 0.7468750000000002 0.7921875000000002 0.7828125000000001 0.7921875000000002
19 0.8765625 0.6968750000000001 0.8421875 0.6968750000000001 0.8421875 0.7437500000000001 0.8765625 0.7437500000000001
7 0.753125 0.5953125000000001 0.71875 0.5953125 0.71875 0.6406250000000001 0.753125 0.6406250000000002
45 1 0.7000000000000002 0.95625 0.7000000000000002 0.95625 0.7468750000000002 1 0.7468750000000002
11 0.5671875 0.5921875 0.5359375 0.5921875 0.5359375 0.6359375 0.5671875 0.6359375
16 0.8578125 0.7484375000000002 0.8234375 0.7484375000000002 0.8234375 0.7937500000000002 0.8578125 0.7937500000000002
5 0.828125 0.5968750000000002 0.79375 0.5968750000000002 0.79375 0.6421875000000001 0.828125 0.6421875000000001
33 0.7062500000000002 0.74375 0.6718750000000002 0.74375 0.6718750000000002 0.790625 0.7062500000000002 0.790625
36 0.659375 0.6421875 0.625 0.6421875 0.625 0.6875 0.659375 0.6875
53 0.734375 0.64375 0.7 0.64375 0.7 0.690625 0.734375 0.6906250000000002
44 1 0.7531250000000002 0.978125 0.7531250000000002 0.978125 0.7984375000000001 1 0.7984375000000001
31 0.6484375000000001 0.690625 0.615625 0.690625 0.6156250000000001 0.7375 0.6484375000000002 0.7375
42 0.8484375 0.6453125000000002 0.8140625 0.6453125000000002 0.8140625 0.6921875000000002 0.8484375 0.6921875000000002
12 0.5750000000000001 0.6890625 0.5421875 0.6890625 0.5421875 0.734375 0.5750000000000002 0.734375
52 1 0.6484375000000002 0.965625 0.6484375000000002 0.965625 0.6953125000000002 1 0.6953125000000002
59 0.771875 0.6453125000000002 0.7375 0.6453125000000002 0.7375 0.6906250000000002 0.771875 0.6906250000000002
18 0.6671875000000002 0.7421875 0.6343750000000001 0.7421875 0.6343750000000001 0.7890625 0.6671875000000002 0.7890625
17 1 0.6031250000000001 0.9828125 0.6031250000000001 0.9828125 0.6468750000000002 1 0.6468750000000002
10 0.953125 0.6984375000000002 0.91875 0.6984375000000002 0.91875 0.7453125000000002 0.953125 0.7453125000000002
25 0.7625000000000001 0.6953125000000002 0.728125 0.6953125000000002 0.7281250000000001 0.7406250000000002 0.7625000000000002 0.7406250000000002
14 0.6343750000000001 0.7921875 0.5937500000000002 0.7921875 0.5937500000000002 0.8421875 0.6343750000000001 0.8421875
50 0.4984375000000002 0.7890625 0.4546875000000002 0.7890625 0.4546875000000002 0.8390625 0.4984375000000002 0.8390625
54 0.584375 0.640625 0.5515625 0.640625 0.5515625 0.6875 0.584375 0.6875
21 0.8859375 0.6468750000000002 0.8515625 0.6468750000000002 0.8515625 0.6937500000000002 0.8859375 0.6937500000000002
3 0.903125 0.5984375000000002 0.86875 0.5984375000000002 0.86875 0.6437500000000002 0.903125 0.6437500000000002
56 0.9234375 0.6468750000000002 0.8890625 0.6468750000000002 0.8890625 0.6937500000000002 0.9234375 0.6937500000000002
43 0.9140625 0.6984375000000002 0.8796875 0.6984375000000002 0.8796875 0.7453125000000002 0.9140625 0.7453125000000002
30 1 0.5250000000000001 0.17187500000000006 0.525 0.17187500000000006 0.8765625 1 0.8765625
9 0.678125 0.59375 0.64375 0.59375 0.64375 0.6390625 0.678125 0.6390625
41 0.9640625 0.6484375000000002 0.9265625 0.6484375000000002 0.9265625 0.6937500000000002 0.9640625 0.6937500000000002
2 0.940625 0.6000000000000002 0.90625 0.6000000000000002 0.90625 0.6453125000000002 0.940625 0.6453125000000002
34 0.5953125000000001 0.7390625 0.5609375000000002 0.7390625 0.5609375000000002 0.784375 0.5953125000000001 0.784375
27 0.6953125 0.64375 0.6625 0.64375 0.6625 0.6875 0.6953125 0.6875
48 0.603125 0.5921875 0.5703125 0.5921875 0.5703125 0.6375 0.603125 0.6375
13 0.8828125 0.8 0.8375 0.8 0.8375 0.85 0.8828125 0.85
0 0.640625 0.5921875 0.60625 0.5921875 0.60625 0.6390625 0.640625 0.6390625
22 0.5375000000000001 0.6859375 0.459375 0.6859375 0.4593750000000001 0.734375 0.5375000000000002 0.734375
8 0.715625 0.59375 0.68125 0.59375 0.68125 0.640625 0.715625 0.640625
46 0.5546875000000002 0.7375 0.4578125000000002 0.7375 0.4578125000000002 0.7828125 0.5546875000000002 0.7828125
47 0.834375 0.7937500000000001 0.6375000000000002 0.79375 0.6375000000000002 0.846875 0.834375 0.846875
38 0.621875 0.640625 0.5890625 0.640625 0.5890625 0.6859375 0.621875 0.6859375
24 0.8 0.6953125000000002 0.765625 0.6953125000000002 0.7656250000000001 0.7421875000000002 0.8 0.7421875000000002
37 0.6125 0.690625 0.5796875 0.690625 0.5796875000000001 0.7359375 0.6125000000000002 0.7359375
57 0.896875 0.7484375000000002 0.8625 0.7484375000000002 0.8625 0.7937500000000002 0.896875 0.7937500000000002
1 0.978125 0.6015625000000002 0.94375 0.6015625000000002 0.94375 0.6468750000000002 0.978125 0.6468750000000002
4 0.865625 0.5968750000000002 0.83125 0.5968750000000002 0.83125 0.6421875000000001 0.865625 0.6421875000000001
39 0.5484375 0.640625 0.5140625 0.640625 0.5140625 0.6859375 0.5484375 0.6859375
51 0.809375 0.6453125000000002 0.775 0.6453125000000002 0.775 0.6906250000000002 0.809375 0.6906250000000002
28 0.7250000000000001 0.69375 0.690625 0.69375 0.690625 0.7390625 0.7250000000000002 0.7390625
35 0.7453125000000002 0.7453125 0.7093750000000002 0.7453125 0.7093750000000002 0.7906250000000001 0.7453125000000002 0.7906250000000001
6 0.790625 0.5968750000000002 0.75625 0.5968750000000002 0.75625 0.6421875000000001 0.790625 0.6421875000000001
23 0.8390625 0.6968750000000001 0.8046875 0.6968750000000001 0.8046875 0.7421875000000002 0.8390625 0.7421875000000002
55 0.821875 0.7468750000000002 0.7859375000000002 0.7468750000000002 0.7859375000000002 0.7937500000000002 0.821875 0.7937500000000002
40 0.6312500000000002 0.740625 0.5968750000000002 0.740625 0.5968750000000002 0.7859375 0.6312500000000002 0.7859375
20 0.5296875 0.590625 0.4609375 0.590625 0.4609375 0.6359375 0.5296875 0.6359375
26 0.5109375 0.6390625 0.459375 0.6390625 0.459375 0.684375 0.5109375 0.684375
29 0.6859375000000001 0.69375 0.653125 0.69375 0.6531250000000001 0.7375 0.6859375000000002 0.7375