28 0.575 0.4421875 0.521875 0.4421875 0.521875 0.4921875 0.575 0.4921875
32 0.5250000000000001 0.7984375 0.4656250000000002 0.7984375 0.4656250000000002 0.8421875 0.5250000000000001 0.8421875
44 0.5250000000000001 0.8390625 0.4656250000000002 0.8390625 0.4656250000000002 0.9 0.5250000000000001 0.9
15 0.51875 0.521875 0.4625 0.521875 0.4625 0.575 0.51875 0.575
24 0.5765625 0.546875 0.5234375 0.546875 0.5234375 0.596875 0.5765625 0.596875
59 0.628125 0.5171875 0.578125 0.5171875 0.578125 0.5640625 0.628125 0.5640625
11 0.6734375 0.2671875000000001 0.6265625 0.2671875000000001 0.6265625 0.3078125000000001 0.6734375 0.3078125000000001
50 0.45625 0.3031250000000001 0.3953125 0.3031250000000001 0.3953125 0.3500000000000001 0.45625 0.3500000000000001
14 0.4578125 0.4 0.3968750000000001 0.4 0.3968750000000001 0.446875 0.4578125 0.446875
39 0.625 0.2171875000000001 0.575 0.2171875000000001 0.575 0.2609375000000001 0.625 0.2609375000000001
43 0.5781250000000001 0.7078125 0.525 0.7078125 0.5250000000000001 0.7609375 0.5781250000000002 0.7609375
1 0.6812500000000001 0.73125 0.6328125000000002 0.73125 0.6328125000000002 0.771875 0.6812500000000001 0.771875
38 0.6265625 0.3109375000000001 0.5765625 0.3109375000000001 0.5765625 0.3609375000000001 0.6265625 0.3609375000000001
36 0.6265625 0.3625000000000001 0.5765625 0.3625000000000001 0.5765625 0.4125 0.6265625 0.4125
2 0.6812500000000001 0.6890625 0.63125 0.6890625 0.6312500000000001 0.7296875 0.6812500000000001 0.7296875
49 0.4625000000000002 0.8515625 0.3968750000000001 0.8515625 0.3968750000000001 0.915625 0.4625000000000002 0.915625
54 0.625 0.2609375000000001 0.575 0.2609375000000001 0.575 0.3109375000000001 0.625 0.3109375000000001
27 0.6265625 0.4140625 0.578125 0.4140625 0.578125 0.4609375 0.6265625 0.4609375
4 0.678125 0.6046875 0.6296875 0.6046875 0.6296875 0.64375 0.678125 0.64375
25 0.575 0.4953125 0.521875 0.4953125 0.521875 0.5453125 0.575 0.5453125
6 0.6765625 0.5203125 0.628125 0.5203125 0.628125 0.559375 0.6765625 0.559375
58 0.5234375000000002 0.7421875 0.46406250000000016 0.7421875 0.46406250000000016 0.7984375 0.5234375000000002 0.7984375
35 0.5203125 0.4671875 0.4609375 0.4671875 0.4609375 0.51875 0.5203125 0.51875
41 0.6343750000000001 0.7734375 0.5812500000000002 0.7734375 0.5812500000000002 0.8265625 0.6343750000000001 0.8265625
19 0.5765625 0.6546875 0.5234375 0.6546875 0.5234375 0.7078125 0.5765625 0.7078125
31 0.5734375 0.3359375000000001 0.5203125 0.3359375000000001 0.5203125 0.38750000000000007 0.5734375 0.38750000000000007
48 0.6734375 0.3109375000000001 0.6265625 0.3109375000000001 0.6265625 0.3500000000000001 0.6734375 0.3500000000000001
46 0.5171875 0.14375000000000004 0.4578125 0.14375000000000004 0.4578125 0.2734375000000001 0.5171875 0.2734375000000001
45 0.5812500000000002 0.8171875 0.5250000000000001 0.8171875 0.5250000000000001 0.8859375 0.5812500000000002 0.8859375
33 0.5171875 0.4140625 0.4609375 0.4140625 0.4609375 0.465625 0.5171875 0.465625
40 0.51875 0.3203125000000001 0.4625 0.3203125000000001 0.4625 0.36406250000000007 0.51875 0.36406250000000007
8 0.675 0.4375 0.628125 0.4375 0.628125 0.4765625 0.675 0.4765625
7 0.6765625 0.4796875 0.628125 0.4796875 0.628125 0.5171875 0.6765625 0.5171875
56 0.6328125000000001 0.7234375 0.5828125 0.7234375 0.5828125000000001 0.7734375 0.6328125000000002 0.7734375
16 0.521875 0.63125 0.4625 0.63125 0.4625 0.6859375 0.521875 0.6859375
51 0.628125 0.5671875 0.578125 0.5671875 0.578125 0.6140625 0.628125 0.6140625
5 0.6765625 0.5609375 0.6296875 0.5609375 0.6296875 0.6 0.6765625 0.6
26 0.625 0.1687500000000001 0.575 0.1687500000000001 0.575 0.2156250000000001 0.625 0.2156250000000001
10 0.5796875000000001 0.7625 0.5265625000000002 0.7625 0.5265625000000002 0.815625 0.5796875000000001 0.815625
18 0.51875 0.3671875000000001 0.4625 0.3671875000000001 0.4625 0.4109375 0.51875 0.4109375
42 0.6296875 0.6171875 0.5796875 0.6171875 0.5796875 0.6671875 0.6296875 0.6671875
47 0.4609375 0.4484375 0.3968750000000001 0.4484375 0.3968750000000001 0.6953125 0.4609375 0.6953125
12 0.571875 0.2453125000000001 0.521875 0.2453125000000001 0.521875 0.2921875000000001 0.571875 0.2921875000000001
0 0.6734375 0.3531250000000001 0.6265625 0.3531250000000001 0.6265625 0.3937500000000001 0.6734375 0.3937500000000001
23 0.5765625 0.6 0.5234375 0.6 0.5234375 0.6515625 0.5765625 0.6515625
34 0.5171875 0.27031250000000007 0.4578125 0.27031250000000007 0.4578125 0.3203125000000001 0.5171875 0.3203125000000001
3 0.6796875 0.646875 0.63125 0.646875 0.63125 0.6859375 0.6796875 0.6859375
55 0.521875 0.5765625 0.4625 0.5765625 0.4625 0.6296875 0.521875 0.6296875
30 0.690625 0.12031250000000007 0.365625 0.12031250000000004 0.36562500000000003 0.9234375 0.6906250000000002 0.9234375
9 0.6765625 0.39531250000000007 0.628125 0.39531250000000007 0.628125 0.434375 0.6765625 0.434375
17 0.6828125000000002 0.775 0.6343750000000001 0.775 0.6343750000000001 0.8171875 0.6828125000000002 0.8171875
20 0.675 0.17968750000000008 0.625 0.17968750000000008 0.625 0.22656250000000008 0.675 0.22656250000000008
53 0.628125 0.465625 0.578125 0.465625 0.578125 0.5125 0.628125 0.5125
29 0.5734375 0.3890625000000001 0.5234375 0.3890625000000001 0.5234375 0.4390625 0.5734375 0.4390625
57 0.5234375000000001 0.6875 0.4640625 0.6875 0.4640625000000001 0.7421875 0.5234375000000002 0.7421875
13 0.4609375000000001 0.696875 0.3968750000000001 0.696875 0.3968750000000001 0.7546875 0.46093750000000017 0.7546875
52 0.6343750000000001 0.828125 0.5843750000000002 0.828125 0.5843750000000002 0.871875 0.6343750000000001 0.871875
37 0.5734375 0.2921875000000001 0.5203125 0.2921875000000001 0.5203125 0.3359375000000001 0.5734375 0.3359375000000001
21 0.63125 0.6703125 0.58125 0.6703125 0.58125 0.7203125 0.63125 0.7203125
22 0.5734375 0.15625000000000006 0.5203125 0.15625000000000006 0.5203125 0.24375000000000008 0.5734375 0.24375000000000008