45 0.3515625 0.11718750000000004 0.2734375 0.11718750000000004 0.2734375 0.2015625 0.3515625 0.2015625
47 0.525 0.3281250000000001 0.4390625 0.3281250000000001 0.4390625 0.5796875 0.525 0.5796875
31 0.3531250000000001 0.6078125 0.27812500000000007 0.6078125 0.27812500000000007 0.653125 0.3531250000000001 0.653125
8 0.19687500000000008 0.5203125 0.12812500000000004 0.5203125 0.12812500000000007 0.5640625 0.19687500000000008 0.5640625
29 0.3531250000000001 0.5578125 0.27812500000000007 0.5578125 0.27812500000000007 0.6046875 0.3531250000000001 0.6046875
10 0.353125 0.2046875 0.2765625 0.2046875 0.2765625 0.2515625 0.353125 0.2515625
4 0.19375000000000003 0.3234375 0.12500000000000006 0.3234375 0.12500000000000006 0.36875 0.19375000000000003 0.36875
3 0.19531250000000006 0.2734375 0.12343750000000005 0.2734375 0.12343750000000005 0.3203125 0.19531250000000006 0.3203125
15 0.434375 0.43125 0.35625000000000007 0.43125 0.35625000000000007 0.4796875 0.434375 0.4796875
36 0.2734375000000001 0.59375 0.2015625000000001 0.59375 0.2015625000000001 0.6375 0.2734375000000001 0.6375
16 0.4375 0.3296875 0.35625 0.3296875 0.35625000000000007 0.3765625 0.4375 0.3765625000000001
48 0.19687500000000008 0.665625 0.1296875000000001 0.665625 0.1296875000000001 0.709375 0.19687500000000008 0.709375
35 0.4375 0.4828125 0.35625000000000007 0.4828125 0.35625000000000007 0.53125 0.4375 0.53125
9 0.1984375000000001 0.56875 0.1296875000000001 0.56875 0.1296875000000001 0.6125 0.1984375000000001 0.6125
53 0.2750000000000001 0.4953125 0.2000000000000001 0.4953125 0.2000000000000001 0.540625 0.2750000000000001 0.540625
32 0.4359375 0.17500000000000004 0.3546875 0.17500000000000004 0.3546875 0.22343750000000004 0.4359375 0.2234375000000001
23 0.353125 0.3578125 0.2765625 0.3578125 0.27656250000000004 0.403125 0.3531250000000001 0.403125
39 0.2765625000000001 0.7375 0.20468750000000008 0.7375 0.20468750000000008 0.7703125 0.2765625000000001 0.7703125
6 0.19687500000000005 0.4234375 0.12812500000000004 0.4234375 0.12812500000000004 0.4671875 0.19687500000000005 0.4671875
22 0.3546875000000001 0.775 0.2015625000000001 0.775 0.2015625000000001 0.8359375 0.3546875000000001 0.8359375
0 0.1984375000000001 0.6171875 0.1296875000000001 0.6171875 0.1296875000000001 0.6609375 0.1984375000000001 0.6609375
44 0.434375 0.11250000000000004 0.353125 0.11250000000000004 0.353125 0.17187500000000006 0.434375 0.17187500000000006
56 0.2734375 0.2453125 0.19843750000000004 0.2453125 0.19843750000000004 0.2921875 0.2734375 0.2921875
40 0.4328125 0.6359375 0.3578125000000001 0.6359375 0.3578125000000001 0.6828125 0.4328125 0.6828125
28 0.3531250000000001 0.509375 0.27812500000000007 0.509375 0.27812500000000007 0.553125 0.3531250000000001 0.553125
21 0.2734375 0.2953125 0.19843750000000004 0.2953125 0.19843750000000004 0.3421875 0.2734375 0.3421875
41 0.2734375 0.19375000000000003 0.19843750000000004 0.19375000000000003 0.19843750000000004 0.2421875 0.2734375 0.2421875
57 0.434375 0.27812500000000007 0.35625 0.278125 0.35625 0.32500000000000007 0.434375 0.32500000000000007
17 0.1953125 0.1296875 0.1234375 0.1296875 0.1234375 0.17343750000000002 0.1953125 0.17343750000000005
5 0.19687500000000005 0.3734375 0.12500000000000006 0.3734375 0.12500000000000006 0.41875 0.19687500000000005 0.41875
34 0.43437500000000007 0.6859375 0.3578125000000001 0.6859375 0.3578125000000001 0.7328125 0.4343750000000002 0.7328125
11 0.1984375000000001 0.7140625 0.1296875000000001 0.7140625 0.1296875000000001 0.7578125 0.1984375000000001 0.7578125
2 0.19531250000000006 0.225 0.12343750000000005 0.225 0.12343750000000005 0.271875 0.19531250000000006 0.271875
20 0.2000000000000001 0.7609375 0.1281250000000001 0.7609375 0.1281250000000001 0.828125 0.2000000000000001 0.828125
59 0.2718750000000001 0.4453125 0.2000000000000001 0.4453125 0.2000000000000001 0.490625 0.2718750000000001 0.490625
13 0.5203125 0.26250000000000007 0.4390625 0.26250000000000007 0.4390625 0.3234375000000001 0.5203125 0.3234375000000001
52 0.2734375 0.12343750000000005 0.196875 0.12343750000000005 0.19687500000000002 0.19218750000000004 0.2734375 0.19218750000000004
27 0.2734375000000001 0.5453125 0.2015625000000001 0.5453125 0.2015625000000001 0.5890625 0.2734375000000001 0.5890625
54 0.2750000000000001 0.690625 0.20312500000000008 0.690625 0.20312500000000008 0.734375 0.2750000000000001 0.734375
7 0.19687500000000005 0.471875 0.12812500000000004 0.471875 0.12812500000000004 0.515625 0.19687500000000005 0.515625
43 0.353125 0.2546875 0.278125 0.2546875 0.278125 0.3015625 0.353125 0.3015625
55 0.434375 0.38125000000000003 0.35625000000000007 0.38125 0.35625000000000007 0.428125 0.434375 0.428125
26 0.3546875000000001 0.75625 0.2828125000000001 0.75625 0.2828125000000001 0.7890625 0.3546875000000001 0.7890625
37 0.3546875000000001 0.6578125 0.2796875000000001 0.6578125 0.2796875000000001 0.7046875 0.3546875000000001 0.7046875
38 0.2718750000000001 0.64375 0.20312500000000008 0.64375 0.20312500000000008 0.6875 0.2718750000000001 0.6875
49 0.51875 0.10625000000000004 0.4375 0.10625000000000004 0.4375 0.15625000000000006 0.51875 0.15625000000000006
24 0.3531250000000001 0.4078125 0.27812500000000007 0.4078125 0.27812500000000007 0.453125 0.3531250000000001 0.453125
14 0.521875 0.5859375 0.440625 0.5859375 0.440625 0.6453125 0.521875 0.6453125
58 0.434375 0.22656250000000006 0.35625 0.2265625 0.35625 0.27343750000000006 0.434375 0.2734375000000001
1 0.19531250000000003 0.17812500000000003 0.1234375 0.178125 0.12343750000000002 0.2234375 0.19531250000000006 0.2234375
33 0.4375 0.5328125 0.35625000000000007 0.5328125 0.35625000000000007 0.58125 0.4375 0.58125
46 0.4390625000000002 0.734375 0.3578125000000001 0.734375 0.3578125000000001 0.79375 0.4390625000000002 0.79375
19 0.353125 0.30625 0.2765625 0.30625 0.2765625 0.3515625 0.353125 0.3515625
18 0.434375 0.584375 0.3578125000000001 0.584375 0.3578125000000001 0.63125 0.434375 0.63125
25 0.3546875000000001 0.4578125 0.2765625000000001 0.4578125 0.2765625000000001 0.5046875 0.3546875000000001 0.5046875
51 0.2718750000000001 0.396875 0.2000000000000001 0.396875 0.2000000000000001 0.440625 0.2718750000000001 0.440625
42 0.27187500000000003 0.3453125 0.2 0.3453125 0.20000000000000004 0.390625 0.2718750000000001 0.390625
50 0.5203125000000001 0.7 0.4421875 0.7 0.44218750000000007 0.7484375 0.5203125000000002 0.7484375
12 0.3546875000000001 0.70625 0.2796875000000001 0.70625 0.2796875000000001 0.753125 0.3546875000000001 0.753125
30 0.5453125000000001 0.10156250000000004 0.06406250000000002 0.1015625 0.06406250000000006 0.9109375 0.5453125000000002 0.9109375