37 0.4296875 0.3343750000000001 0.3890625 0.3343750000000001 0.38906250000000003 0.3843750000000001 0.4296875 0.3843750000000001
54 0.4 0.27656250000000004 0.359375 0.2765625 0.359375 0.32656250000000003 0.4 0.3265625000000001
3 0.765625 0.2296875000000001 0.7265625 0.2296875000000001 0.7265625 0.2765625000000001 0.765625 0.2765625000000001
57 0.765625 0.3859375000000001 0.725 0.3859375000000001 0.725 0.4359375000000001 0.765625 0.4359375000000002
7 0.5953125 0.2250000000000001 0.5578125 0.2250000000000001 0.5578125 0.2718750000000001 0.5953125 0.2718750000000001
39 0.3578125 0.2765625 0.3265625 0.2765625 0.3265625 0.3265625 0.3578125 0.3265625
13 0.78125 0.44062500000000016 0.728125 0.44062500000000016 0.728125 0.49531250000000016 0.78125 0.49531250000000016
33 0.5421875 0.3859375000000001 0.5015625 0.3859375000000001 0.5015625 0.4390625 0.5421875 0.4390625
36 0.4875 0.2765625000000001 0.446875 0.2765625000000001 0.446875 0.3265625000000001 0.4875 0.3265625000000001
25 0.609375 0.3296875000000001 0.56875 0.3296875000000001 0.56875 0.37968750000000007 0.609375 0.37968750000000007
2 0.8078125 0.22656250000000008 0.76875 0.22656250000000008 0.76875 0.2734375000000001 0.8078125 0.2734375000000001
23 0.696875 0.3296875000000001 0.6578125 0.3296875000000001 0.6578125 0.37968750000000007 0.696875 0.37968750000000007
34 0.40625 0.3890625000000001 0.3656250000000001 0.3890625000000001 0.3656250000000001 0.440625 0.40625 0.440625
14 0.4984375 0.4421875 0.4421875 0.4421875 0.4421875 0.4984375 0.4984375 0.4984375
56 0.790625 0.2765625000000001 0.75 0.2765625000000001 0.75 0.3265625000000001 0.790625 0.3265625000000001
20 0.3390625 0.225 0.278125 0.225 0.278125 0.275 0.3390625 0.275
51 0.6609375 0.2765625000000001 0.621875 0.2765625000000001 0.621875 0.3265625000000001 0.6609375 0.3265625000000001
10 0.8265625 0.3312500000000001 0.7875 0.3312500000000001 0.7875 0.3812500000000001 0.8265625 0.3812500000000001
35 0.5875 0.3859375000000001 0.546875 0.3859375000000001 0.546875 0.4390625 0.5875 0.4390625
6 0.6375 0.22656250000000008 0.6 0.22656250000000008 0.6 0.2734375000000001 0.6375 0.2734375000000001
0 0.4671875 0.2250000000000001 0.428125 0.2250000000000001 0.428125 0.2718750000000001 0.4671875 0.2718750000000001
8 0.553125 0.2250000000000001 0.515625 0.2250000000000001 0.515625 0.2718750000000001 0.553125 0.2718750000000001
42 0.7046875 0.2765625000000001 0.665625 0.2765625000000001 0.665625 0.3265625000000001 0.7046875 0.3265625000000001
21 0.746875 0.2765625000000001 0.7078125 0.2765625000000001 0.7078125 0.3265625000000001 0.746875 0.3265625000000001
50 0.39531250000000007 0.44375 0.3515625000000001 0.44375 0.3515625000000001 0.4984375 0.39531250000000007 0.4984375
5 0.68125 0.2250000000000001 0.6421875 0.2250000000000001 0.6421875 0.2718750000000001 0.68125 0.2718750000000001
26 0.34375000000000006 0.33125 0.3125 0.33125 0.31250000000000006 0.38125 0.3437500000000001 0.38125
32 0.853125 0.3859375000000001 0.8125 0.3859375000000001 0.8125 0.4359375000000002 0.853125 0.4359375000000002
9 0.5109375 0.2250000000000001 0.4703125 0.2250000000000001 0.4703125 0.2718750000000001 0.5109375 0.2718750000000001
48 0.4234375 0.2250000000000001 0.384375 0.2250000000000001 0.384375 0.2718750000000001 0.4234375 0.2718750000000001
28 0.565625 0.3296875000000001 0.525 0.3296875000000001 0.525 0.3812500000000001 0.565625 0.3812500000000001
59 0.6171875 0.2765625000000001 0.578125 0.2765625000000001 0.578125 0.32500000000000007 0.6171875 0.32500000000000007
31 0.4765625 0.3312500000000001 0.4359375 0.3312500000000001 0.4359375 0.3812500000000001 0.4765625 0.3812500000000001
58 0.809375 0.3859375000000001 0.76875 0.3859375000000001 0.76875 0.4359375000000002 0.809375 0.4359375000000002
43 0.784375 0.3312500000000001 0.74375 0.3312500000000001 0.74375 0.3812500000000001 0.784375 0.3812500000000001
49 0.9109375 0.44062500000000016 0.8703125 0.44062500000000016 0.8703125 0.4937500000000002 0.9109375 0.4937500000000002
11 0.38125 0.22656250000000006 0.34375 0.2265625 0.34375 0.27343750000000006 0.38125 0.2734375000000001
30 0.921875 0.17656250000000007 0.07968750000000002 0.1765625 0.07968750000000005 0.5109375 0.921875 0.5109375000000002
45 0.9015625 0.3312500000000001 0.828125 0.3312500000000001 0.828125 0.3828125000000001 0.9015625 0.3828125000000001
17 0.890625 0.22812500000000008 0.853125 0.22812500000000008 0.853125 0.2750000000000001 0.890625 0.2750000000000001
19 0.740625 0.3312500000000001 0.7 0.3312500000000001 0.7 0.3812500000000001 0.740625 0.3812500000000001
1 0.85 0.22812500000000008 0.8109375 0.22812500000000008 0.8109375 0.2750000000000001 0.85 0.2750000000000001
52 0.896875 0.27812500000000007 0.834375 0.27812500000000007 0.834375 0.3281250000000001 0.896875 0.3281250000000001
4 0.7234375 0.2250000000000001 0.6859375 0.2250000000000001 0.6859375 0.2718750000000001 0.7234375 0.2718750000000001
22 0.321875 0.275 0.271875 0.275 0.27187500000000003 0.38125 0.3218750000000001 0.38125
44 0.9078125 0.3843750000000001 0.8546875 0.3843750000000001 0.8546875 0.43750000000000017 0.9078125 0.43750000000000017
27 0.528125 0.2796875000000001 0.4890625 0.2796875000000001 0.4890625 0.3296875000000001 0.528125 0.3296875000000001
24 0.653125 0.3296875000000001 0.6125 0.3296875000000001 0.6125 0.37968750000000007 0.653125 0.37968750000000007
55 0.678125 0.3859375000000001 0.6375 0.3859375000000001 0.6375 0.4375 0.678125 0.4375
16 0.721875 0.3859375000000001 0.68125 0.3859375000000001 0.68125 0.4375 0.721875 0.4375
53 0.5734375 0.2765625000000001 0.534375 0.2765625000000001 0.534375 0.3265625000000001 0.5734375 0.3265625000000001
40 0.4515625 0.38750000000000007 0.4109375 0.38750000000000007 0.4109375 0.4375 0.4515625 0.4375
38 0.4421875 0.2765625000000001 0.403125 0.2765625000000001 0.403125 0.32500000000000007 0.4421875 0.32500000000000007
15 0.6328125 0.3859375000000001 0.5921875 0.3859375000000001 0.5921875 0.4375 0.6328125 0.4375
18 0.496875 0.3859375000000001 0.45625 0.3859375000000001 0.45625 0.4390625 0.496875 0.4390625
46 0.3609375000000001 0.390625 0.3078125000000001 0.390625 0.3078125000000001 0.4421875 0.3609375000000001 0.4421875
41 0.8328125 0.27812500000000007 0.7921875 0.27812500000000007 0.7921875 0.3281250000000001 0.8328125 0.3281250000000001
47 0.7234375 0.440625 0.5015625 0.440625 0.5015625 0.496875 0.7234375 0.496875
12 0.38593750000000004 0.33437500000000003 0.3453125 0.334375 0.3453125 0.38593750000000004 0.3859375000000001 0.3859375000000001
29 0.5203125 0.3312500000000001 0.4796875 0.3312500000000001 0.4796875 0.3812500000000001 0.5203125 0.3812500000000001