59 0.759375 0.4984375000000001 0.6796875 0.4984375 0.6796875 0.5515625000000001 0.759375 0.5515625000000002
56 0.7609375000000002 0.7390625000000001 0.6796875000000002 0.7390625 0.6796875000000002 0.7937500000000001 0.7609375000000002 0.7937500000000002
12 0.6703125 0.1859375000000001 0.5921875 0.1859375000000001 0.5921875 0.2390625000000001 0.6703125 0.2390625000000001
23 0.671875 0.6046875 0.59375 0.6046875 0.59375 0.6578125 0.671875 0.6578125
2 0.8453125 0.7671875000000001 0.7671875000000001 0.7671875000000001 0.7671875000000001 0.821875 0.8453125 0.821875
24 0.671875 0.54375 0.5921875 0.54375 0.5921875 0.596875 0.671875 0.596875
35 0.5828125 0.4546875 0.5046875 0.4546875 0.5046875 0.5078125 0.5828125 0.5078125
25 0.6703125 0.484375 0.5921875 0.484375 0.5921875 0.5375 0.6703125 0.5375
45 0.6765625000000002 0.8453125 0.5937500000000002 0.8453125 0.5937500000000002 0.9453125 0.6765625000000002 0.9453125
31 0.66875 0.3031250000000001 0.5921875 0.3031250000000001 0.5921875 0.35625000000000007 0.66875 0.35625000000000007
3 0.846875 0.7078125000000002 0.7671875 0.7078125000000002 0.7671875000000001 0.7625000000000002 0.846875 0.7625000000000002
28 0.66875 0.4234375 0.5921875 0.4234375 0.5921875 0.4765625 0.66875 0.4765625
1 0.846875 0.8296875 0.7671875000000001 0.8296875 0.7671875000000001 0.8828125 0.846875 0.8828125
17 0.846875 0.890625 0.7687500000000002 0.890625 0.7687500000000002 0.94375 0.846875 0.94375
48 0.8421875 0.2296875000000001 0.765625 0.2296875000000001 0.765625 0.2828125000000001 0.8421875 0.2828125000000001
33 0.5828125 0.3921875000000001 0.503125 0.3921875000000001 0.503125 0.446875 0.5828125 0.446875
21 0.7593750000000001 0.6781250000000001 0.678125 0.678125 0.6781250000000001 0.7328125000000001 0.7593750000000001 0.7328125000000002
10 0.6734375000000001 0.784375 0.5937500000000002 0.784375 0.5937500000000002 0.8390625 0.6734375000000001 0.8390625
4 0.846875 0.6500000000000001 0.7671875 0.6500000000000001 0.7671875 0.7031250000000002 0.846875 0.7031250000000002
54 0.75625 0.2000000000000001 0.678125 0.2000000000000001 0.678125 0.2531250000000001 0.75625 0.2531250000000001
44 0.5859375000000002 0.8765625 0.5046875000000002 0.8765625 0.5046875000000002 0.9453125 0.5859375000000002 0.9453125
30 0.9296875 0.05937500000000008 0.378125 0.059375000000000046 0.37812500000000004 0.9625 0.9296875 0.9625
26 0.671875 0.1437500000000001 0.5921875 0.1437500000000001 0.5921875 0.17968750000000008 0.671875 0.17968750000000008
58 0.5828125000000002 0.753125 0.5031250000000002 0.753125 0.5031250000000002 0.8078125 0.5828125000000002 0.8078125
0 0.8421875 0.2890625000000001 0.7640625 0.2890625000000001 0.7640625 0.3421875000000001 0.8421875 0.3421875000000001
41 0.7593750000000001 0.7984375000000001 0.6796875000000002 0.7984375 0.6796875000000002 0.853125 0.7593750000000001 0.853125
46 0.584375 0.07968750000000006 0.503125 0.07968750000000006 0.503125 0.2078125000000001 0.584375 0.2078125000000001
16 0.584375 0.634375 0.503125 0.634375 0.503125 0.6875 0.584375 0.6875
15 0.5828125 0.5125 0.503125 0.5125 0.503125 0.56875 0.5828125 0.56875
19 0.671875 0.6640625 0.5921875 0.6640625 0.5921875 0.7171875 0.671875 0.7171875
32 0.5859375000000002 0.8140625 0.5046875000000002 0.8140625 0.5046875000000002 0.86875 0.5859375000000002 0.86875
47 0.4984375 0.4 0.4015625 0.4 0.4015625 0.6875 0.4984375 0.6875
37 0.66875 0.2453125000000001 0.5921875 0.2453125000000001 0.5921875 0.2968750000000001 0.66875 0.2968750000000001
14 0.4953125 0.32500000000000007 0.4046875 0.32500000000000007 0.4046875 0.39531250000000007 0.4953125 0.39531250000000007
9 0.84375 0.34843750000000007 0.7640625 0.34843750000000007 0.7640625 0.40156250000000016 0.84375 0.40156250000000016
51 0.7578125 0.5578125 0.6796875 0.5578125 0.6796875 0.6109375000000001 0.7578125 0.6109375000000001
36 0.7578125 0.3187500000000001 0.678125 0.3187500000000001 0.678125 0.37187500000000007 0.7578125 0.37187500000000007
7 0.8453125 0.46875000000000017 0.765625 0.46875000000000017 0.765625 0.5218750000000002 0.8453125 0.5218750000000002
42 0.759375 0.6187500000000001 0.6796875 0.61875 0.6796875 0.6734375000000001 0.759375 0.6734375000000001
53 0.7578125 0.4375000000000001 0.678125 0.4375 0.678125 0.4921875000000001 0.7578125 0.49218750000000017
55 0.5828125 0.5734375 0.503125 0.5734375 0.503125 0.628125 0.5828125 0.628125
34 0.5828125 0.2156250000000001 0.5046875 0.2156250000000001 0.5046875 0.2687500000000001 0.5828125 0.2687500000000001
13 0.49687500000000007 0.6921875 0.403125 0.6921875 0.40312500000000007 0.7640625 0.4968750000000002 0.7640625
38 0.7578125 0.2593750000000001 0.678125 0.2593750000000001 0.678125 0.3125000000000001 0.7578125 0.3125000000000001
18 0.5828125 0.33281250000000007 0.5015625 0.33281250000000007 0.5015625 0.3859375000000001 0.5828125 0.3859375000000001
40 0.5828125 0.2750000000000001 0.5046875 0.2750000000000001 0.5046875 0.3281250000000001 0.5828125 0.3281250000000001
43 0.6718750000000001 0.7234375 0.5921875 0.7234375 0.5921875000000001 0.7765625 0.6718750000000002 0.7765625
27 0.75625 0.3781250000000001 0.6796875 0.3781250000000001 0.6796875 0.4312500000000001 0.75625 0.4312500000000002
20 0.8453125 0.0812500000000001 0.765625 0.08125000000000009 0.765625 0.16562500000000008 0.8453125 0.16562500000000008
29 0.66875 0.3625000000000001 0.5921875 0.3625000000000001 0.5921875 0.415625 0.66875 0.415625
39 0.7578125 0.1593750000000001 0.6796875 0.1593750000000001 0.6796875 0.19531250000000008 0.7578125 0.19531250000000008
49 0.4984375000000002 0.8890625 0.4046875000000002 0.8890625 0.4046875000000002 0.9453125 0.4984375000000002 0.9453125
11 0.84375 0.17187500000000008 0.765625 0.17187500000000008 0.765625 0.2250000000000001 0.84375 0.2250000000000001
22 0.7578125 0.08125000000000007 0.5890625 0.08125000000000007 0.5890625 0.15000000000000008 0.7578125 0.15000000000000008
5 0.8453125 0.5890625000000002 0.7671875 0.5890625000000002 0.7671875 0.6421875000000001 0.8453125 0.6421875000000001
52 0.7625000000000002 0.8609375 0.6812500000000001 0.8609375 0.6812500000000001 0.9453125 0.7625000000000002 0.9453125
57 0.5828125000000001 0.6953125 0.503125 0.6953125 0.503125 0.7484375 0.5828125000000002 0.7484375
6 0.8453125 0.5296875000000002 0.7671875 0.5296875000000002 0.7671875 0.5828125000000002 0.8453125 0.5828125000000002
8 0.84375 0.40937500000000016 0.765625 0.40937500000000016 0.765625 0.4625000000000002 0.84375 0.4625000000000002