19 0.4359375 0.646875 0.3734375000000001 0.646875 0.3734375000000001 0.696875 0.4359375 0.696875
40 0.5046875 0.2875000000000001 0.4421875 0.2875000000000001 0.4421875 0.3375000000000001 0.5046875 0.3375000000000001
28 0.4375 0.4265625 0.3750000000000001 0.4265625 0.3750000000000001 0.4734375 0.4375 0.4734375
46 0.503125 0.11406250000000004 0.4375 0.11406250000000004 0.4375 0.22656250000000008 0.503125 0.22656250000000008
43 0.4359375000000001 0.7015625 0.3734375000000001 0.7015625 0.3734375000000001 0.7515625 0.4359375000000002 0.7515625
39 0.365625 0.19062500000000004 0.30625 0.19062500000000004 0.30625 0.22343750000000004 0.365625 0.2234375000000001
6 0.30156250000000007 0.51875 0.24218750000000008 0.51875 0.24218750000000008 0.5671875 0.30156250000000007 0.5671875
42 0.3687500000000001 0.609375 0.3062500000000001 0.609375 0.3062500000000001 0.6578125 0.3687500000000001 0.6578125
32 0.5046875000000002 0.7859375 0.4390625000000002 0.7859375 0.4390625000000002 0.8359375 0.5046875000000002 0.8359375
55 0.5046875 0.5640625 0.440625 0.5640625 0.440625 0.6140625 0.5046875 0.6140625
58 0.5031250000000002 0.7296875 0.44062500000000016 0.7296875 0.44062500000000016 0.7796875 0.5031250000000002 0.7796875
47 0.5921875 0.4421875 0.5078125 0.4421875 0.5078125 0.6640625 0.5921875 0.6640625
27 0.3687500000000001 0.3921875 0.30937500000000007 0.3921875 0.30937500000000007 0.4390625 0.3687500000000001 0.4390625
30 0.6125 0.09531250000000005 0.1765625 0.09531250000000002 0.17656250000000007 0.9171875 0.6125000000000002 0.9171875
51 0.3671875000000001 0.55625 0.3078125000000001 0.55625 0.3078125000000001 0.603125 0.3671875000000001 0.603125
25 0.4375 0.48125 0.3750000000000001 0.48125 0.3750000000000001 0.53125 0.4375 0.53125
59 0.3687500000000001 0.5 0.3062500000000001 0.5 0.3062500000000001 0.5484375 0.3687500000000001 0.5484375
38 0.36875 0.2828125 0.30625 0.2828125 0.30625 0.33281250000000007 0.36875 0.33281250000000007
49 0.5890625000000002 0.8484375 0.5078125000000002 0.8484375 0.5078125000000002 0.90625 0.5890625000000002 0.90625
33 0.5046875 0.3968750000000001 0.4421875 0.3968750000000001 0.4421875 0.446875 0.5046875 0.446875
3 0.3000000000000001 0.6796875 0.2406250000000001 0.6796875 0.2406250000000001 0.7296875 0.3000000000000001 0.7296875
0 0.3015625 0.3015625 0.2421875 0.3015625 0.2421875 0.3484375 0.3015625 0.3484375
57 0.503125 0.675 0.440625 0.675 0.440625 0.7234375 0.503125 0.7234375
21 0.3671875000000001 0.6640625 0.3078125000000001 0.6640625 0.3078125000000001 0.7140625 0.3671875000000001 0.7140625
2 0.3000000000000001 0.734375 0.2406250000000001 0.734375 0.2406250000000001 0.7828125 0.3000000000000001 0.7828125
20 0.3015625 0.12187500000000004 0.2421875 0.12187500000000004 0.2421875 0.18750000000000006 0.3015625 0.18750000000000006
5 0.3000000000000001 0.5734375 0.2406250000000001 0.5734375 0.2406250000000001 0.621875 0.3000000000000001 0.621875
31 0.4375 0.31718750000000007 0.375 0.31718750000000007 0.37500000000000006 0.3656250000000001 0.4375 0.3656250000000001
18 0.5046875 0.3421875000000001 0.4421875 0.3421875000000001 0.4421875 0.3921875000000001 0.5046875 0.3921875000000001
16 0.5046875 0.61875 0.4421875 0.61875 0.4421875 0.66875 0.5046875 0.66875
35 0.50625 0.453125 0.4421875 0.453125 0.4421875 0.503125 0.50625 0.503125
41 0.3687500000000001 0.771875 0.3062500000000001 0.771875 0.3062500000000001 0.8234375 0.3687500000000001 0.8234375
10 0.4343750000000002 0.75625 0.37187500000000007 0.75625 0.37187500000000007 0.80625 0.4343750000000002 0.80625
15 0.5046875 0.5078125 0.4421875 0.5078125 0.4421875 0.5578125 0.5046875 0.5578125
56 0.3671875000000001 0.7203125 0.3046875000000001 0.7203125 0.3046875000000001 0.7671875 0.3671875000000001 0.7671875
12 0.4359375 0.2078125000000001 0.3734375 0.2078125000000001 0.3734375 0.2562500000000001 0.4359375 0.2562500000000001
52 0.3671875000000001 0.8296875 0.3046875000000001 0.8296875 0.3046875000000001 0.8953125 0.3671875000000001 0.8953125
45 0.4343750000000002 0.8125 0.37187500000000007 0.8125 0.37187500000000007 0.8984375 0.4343750000000002 0.8984375
44 0.5031250000000002 0.8421875 0.4390625000000002 0.8421875 0.4390625000000002 0.9 0.5031250000000002 0.9
53 0.3703125000000001 0.4453125 0.3078125000000001 0.4453125 0.3078125000000001 0.49375 0.3703125000000001 0.49375
29 0.4375 0.3703125000000001 0.3750000000000001 0.3703125000000001 0.3750000000000001 0.4203125 0.4375 0.4203125
13 0.5890625 0.671875 0.5078125 0.671875 0.5078125000000001 0.728125 0.5890625000000002 0.728125
26 0.434375 0.16875000000000004 0.371875 0.16875000000000004 0.371875 0.2015625000000001 0.434375 0.2015625000000001
23 0.4359375 0.590625 0.3734375000000001 0.590625 0.3734375000000001 0.640625 0.4359375 0.640625
4 0.3000000000000001 0.628125 0.2406250000000001 0.628125 0.2406250000000001 0.675 0.3000000000000001 0.675
50 0.5890625 0.2687500000000001 0.5078125 0.2687500000000001 0.5078125 0.32500000000000007 0.5890625 0.32500000000000007
37 0.4359375 0.2609375000000001 0.3734375 0.2609375000000001 0.3734375 0.3109375000000001 0.4359375 0.3109375000000001
14 0.590625 0.38750000000000007 0.509375 0.38750000000000007 0.509375 0.4421875 0.590625 0.4421875
34 0.503125 0.2328125000000001 0.440625 0.2328125000000001 0.440625 0.2828125000000001 0.503125 0.2828125000000001
54 0.36875 0.22968750000000004 0.30625 0.2296875 0.30625 0.27812500000000007 0.36875 0.27812500000000007
48 0.3015625 0.246875 0.2421875 0.246875 0.2421875 0.2953125 0.3015625 0.2953125
17 0.2984375000000001 0.84375 0.2390625000000001 0.84375 0.2390625000000001 0.890625 0.2984375000000001 0.890625
22 0.4359375 0.11718750000000004 0.30625 0.11718750000000004 0.30625 0.18281250000000004 0.4359375 0.18281250000000004
24 0.4359375 0.5359375 0.3734375000000001 0.5359375 0.3734375000000001 0.5859375 0.4359375 0.5859375
7 0.30156250000000007 0.4625 0.24218750000000008 0.4625 0.24218750000000008 0.5109375 0.30156250000000007 0.5109375
36 0.36875 0.33593750000000006 0.309375 0.3359375 0.30937500000000007 0.38593750000000004 0.3687500000000001 0.3859375000000001
9 0.30312500000000003 0.3546875 0.24375 0.3546875 0.24375000000000005 0.4015625 0.3031250000000001 0.4015625
1 0.3000000000000001 0.7890625 0.2406250000000001 0.7890625 0.2406250000000001 0.8375 0.3000000000000001 0.8375
11 0.3015625 0.19375000000000003 0.2421875 0.19375000000000003 0.2421875 0.240625 0.3015625 0.240625
8 0.30156250000000007 0.409375 0.24218750000000008 0.409375 0.24218750000000008 0.45625 0.30156250000000007 0.45625