4 0.8609375 0.6734375000000001 0.7984375 0.6734375000000001 0.7984375 0.7109375000000002 0.8609375 0.7109375000000002
55 0.6484375 0.6203125 0.5796875 0.6203125 0.5796875 0.6625 0.6484375 0.6625
7 0.8609375 0.5437500000000002 0.7984375 0.5437500000000002 0.7984375 0.5812500000000002 0.8609375 0.5812500000000002
57 0.6484375000000001 0.7125 0.5796875 0.7125 0.5796875000000001 0.7546875 0.6484375000000002 0.7546875
15 0.6484375 0.575 0.5828125 0.575 0.5828125 0.6171875 0.6484375 0.6171875
22 0.8046875 0.2296875000000001 0.6640625 0.2296875000000001 0.6640625 0.3046875000000001 0.8046875 0.3046875000000001
45 0.7203125000000001 0.821875 0.6515625000000002 0.821875 0.6515625000000002 0.9015625 0.7203125000000001 0.9015625
16 0.6484375 0.6671875 0.5796875 0.6671875 0.5796875 0.709375 0.6484375 0.709375
36 0.7953125 0.4343750000000002 0.7328125 0.4343750000000002 0.7328125 0.4750000000000002 0.7953125 0.4750000000000002
19 0.7234375000000001 0.6875 0.6546875 0.6875 0.6546875000000001 0.7296875 0.7234375000000002 0.7296875
31 0.7265625 0.4203125000000001 0.6609375 0.4203125 0.6609375 0.4609375000000001 0.7265625 0.46093750000000017
18 0.6546875 0.440625 0.5859375 0.440625 0.5859375 0.48125 0.6546875 0.48125
28 0.7234375 0.509375 0.6578125 0.509375 0.6578125 0.546875 0.7234375 0.546875
11 0.8671875 0.3312500000000001 0.8046875 0.3312500000000001 0.8046875 0.3687500000000001 0.8671875 0.3687500000000001
35 0.6515625 0.5296875 0.5828125 0.5296875 0.5828125 0.571875 0.6515625 0.571875
38 0.7953125 0.3937500000000001 0.7328125 0.3937500000000001 0.7328125 0.4312500000000002 0.7953125 0.4312500000000002
0 0.8640625 0.41718750000000016 0.8015625 0.41718750000000016 0.8015625 0.4546875000000002 0.8640625 0.4546875000000002
43 0.7203125000000001 0.7328125 0.6546875000000002 0.7328125 0.6546875000000002 0.775 0.7203125000000001 0.775
32 0.6468750000000002 0.80625 0.5750000000000002 0.80625 0.5750000000000002 0.8484375 0.6468750000000002 0.8484375
40 0.6546875 0.39531250000000007 0.5890625 0.39531250000000007 0.5890625 0.4375 0.6546875 0.4375
59 0.7953125 0.5656250000000002 0.7296875 0.5656250000000002 0.7296875 0.6031250000000001 0.7953125 0.6031250000000001
30 0.9453125 0.03125000000000008 0.4703125 0.031250000000000056 0.4703125000000001 0.93125 0.9453125 0.93125
51 0.7921875 0.6078125000000002 0.7296875 0.6078125000000002 0.7296875 0.6484375000000002 0.7921875 0.6484375000000002
29 0.7265625 0.4640625000000001 0.6609375 0.4640625 0.6609375 0.5046875000000001 0.7265625 0.5046875000000002
13 0.5718750000000001 0.71875 0.496875 0.71875 0.49687500000000007 0.7625 0.5718750000000001 0.7625
24 0.7234375 0.596875 0.6578125 0.596875 0.6578125 0.6375 0.7234375 0.6375
20 0.8734375 0.24375000000000008 0.8078125 0.24375000000000008 0.8078125 0.3281250000000001 0.8734375 0.3281250000000001
46 0.6578125 0.2734375000000001 0.5890625 0.2734375000000001 0.5890625 0.34843750000000007 0.6578125 0.34843750000000007
41 0.7921875000000002 0.7859375000000002 0.7265625000000002 0.7859375000000002 0.7265625000000002 0.8296875 0.7921875000000002 0.8296875
37 0.7265625 0.3765625000000001 0.6640625 0.3765625000000001 0.6640625 0.4171875000000001 0.7265625 0.41718750000000016
14 0.5796875 0.434375 0.5109375 0.434375 0.5109375 0.4765625 0.5796875 0.4765625
10 0.7203125000000001 0.778125 0.6546875000000002 0.778125 0.6546875000000002 0.8203125 0.7203125000000001 0.8203125
3 0.8609375 0.7171875000000002 0.7984375 0.7171875000000002 0.7984375000000001 0.7578125000000002 0.8609375 0.7578125000000002
39 0.8015625 0.3062500000000001 0.7359375 0.3062500000000001 0.7359375 0.3468750000000001 0.8015625 0.3468750000000001
52 0.7890625000000002 0.83125 0.7234375000000002 0.83125 0.7234375000000002 0.89375 0.7890625000000002 0.89375
27 0.7921875 0.47968750000000016 0.7296875 0.47968750000000016 0.7296875 0.5171875000000001 0.7921875 0.5171875000000001
23 0.7234375 0.6421875 0.6546875 0.6421875 0.6546875 0.6828125 0.7234375 0.6828125
17 0.85625 0.8453125 0.7937500000000002 0.8453125 0.7937500000000002 0.8875 0.85625 0.8875
33 0.6546875 0.4859375 0.5859375 0.4859375 0.5859375 0.528125 0.6546875 0.528125
2 0.85625 0.7578125000000002 0.7937500000000002 0.7578125000000002 0.7937500000000002 0.7984375000000001 0.85625 0.7984375000000001
49 0.5687500000000002 0.859375 0.4968750000000002 0.859375 0.4968750000000002 0.921875 0.5687500000000002 0.921875
58 0.6468750000000002 0.7578125 0.5750000000000002 0.7578125 0.5750000000000002 0.8015625 0.6468750000000002 0.8015625
54 0.7984375 0.3500000000000001 0.7328125 0.3500000000000001 0.7328125 0.38750000000000007 0.7984375 0.38750000000000007
8 0.8609375 0.5000000000000002 0.7984375 0.5000000000000002 0.7984375 0.5375000000000002 0.8609375 0.5375000000000002
42 0.7921875 0.6531250000000002 0.7265625 0.6531250000000002 0.7265625 0.6937500000000002 0.7921875 0.6937500000000002
47 0.575 0.4828125 0.503125 0.4828125 0.503125 0.715625 0.575 0.715625
25 0.7234375 0.553125 0.6578125 0.553125 0.6578125 0.590625 0.7234375 0.590625
44 0.6468750000000002 0.8515625 0.5750000000000002 0.8515625 0.5750000000000002 0.9140625 0.6468750000000002 0.9140625
48 0.8640625 0.3734375000000001 0.8046875 0.3734375000000001 0.8046875 0.4109375000000002 0.8640625 0.4109375000000002
1 0.85625 0.8015625 0.7937500000000002 0.8015625 0.7937500000000002 0.8421875 0.85625 0.8421875
12 0.7296875 0.3312500000000001 0.6640625 0.3312500000000001 0.6640625 0.3734375000000001 0.7296875 0.3734375000000001
26 0.7296875 0.2875000000000001 0.6640625 0.2875000000000001 0.6640625 0.3296875000000001 0.7296875 0.3296875000000001
9 0.8609375 0.4593750000000002 0.8015625 0.4593750000000002 0.8015625 0.4968750000000002 0.8609375 0.4968750000000002
6 0.8609375 0.5859375000000002 0.7984375 0.5859375000000002 0.7984375 0.6234375000000002 0.8609375 0.6234375000000002
56 0.7953125000000002 0.7421875000000002 0.7265625000000002 0.7421875000000002 0.7265625000000002 0.7843750000000002 0.7953125000000002 0.7843750000000002
21 0.7921875 0.6968750000000001 0.7265625 0.6968750000000001 0.7265625000000001 0.7390625000000002 0.7921875000000002 0.7390625000000002
53 0.7921875 0.5218750000000002 0.7296875 0.5218750000000002 0.7296875 0.5593750000000002 0.7921875 0.5593750000000002
50 0.5828125 0.30937500000000007 0.5109375 0.30937500000000007 0.5109375 0.38750000000000007 0.5828125 0.38750000000000007
34 0.6546875 0.3500000000000001 0.5890625 0.3500000000000001 0.5890625 0.3921875000000001 0.6546875 0.3921875000000001
5 0.8609375 0.6296875000000002 0.7984375 0.6296875000000002 0.7984375 0.6671875000000002 0.8609375 0.6671875000000002