33 0.571875 0.4375 0.503125 0.4375 0.503125 0.48125 0.571875 0.48125
58 0.571875 0.13906250000000006 0.503125 0.13906250000000003 0.503125 0.18281250000000007 0.571875 0.1828125000000001
47 0.65 0.2375000000000001 0.5796875 0.2375000000000001 0.5796875 0.484375 0.65 0.484375
19 0.4953125 0.21250000000000008 0.4265625 0.21250000000000008 0.4265625 0.2562500000000001 0.4953125 0.2562500000000001
59 0.4203125 0.34687500000000004 0.3515625 0.346875 0.35156250000000006 0.39062500000000006 0.4203125 0.3906250000000001
37 0.4953125 0.5640625 0.4265625 0.5640625 0.4265625 0.6078125 0.4953125 0.6078125
11 0.34062500000000007 0.625 0.2718750000000001 0.625 0.2718750000000001 0.66875 0.34062500000000007 0.66875
15 0.571875 0.3359375000000001 0.503125 0.3359375000000001 0.503125 0.3812500000000001 0.571875 0.3812500000000001
51 0.4203125 0.29687500000000006 0.3515625 0.296875 0.3515625 0.34062500000000007 0.4203125 0.34062500000000007
21 0.4203125 0.19687500000000005 0.3515625 0.19687500000000005 0.3515625 0.24062500000000003 0.4203125 0.2406250000000001
18 0.571875 0.4875 0.50625 0.4875 0.50625 0.53125 0.571875 0.53125
49 0.646875 0.018750000000000076 0.578125 0.018750000000000072 0.578125 0.08125000000000007 0.646875 0.08125000000000009
35 0.571875 0.38750000000000007 0.503125 0.38750000000000007 0.503125 0.4328125 0.571875 0.4328125
32 0.571875 0.08750000000000006 0.503125 0.08750000000000006 0.503125 0.13125000000000006 0.571875 0.1312500000000001
36 0.4203125 0.496875 0.3515625000000001 0.496875 0.3515625000000001 0.5421875 0.4203125 0.5421875
29 0.4953125 0.4625 0.4265625 0.4625 0.4265625 0.50625 0.4953125 0.50625
8 0.3437500000000001 0.421875 0.2750000000000001 0.421875 0.2750000000000001 0.465625 0.3437500000000001 0.465625
57 0.571875 0.18750000000000006 0.503125 0.18750000000000006 0.503125 0.2312500000000001 0.571875 0.2312500000000001
53 0.4203125 0.39687500000000003 0.3515625000000001 0.396875 0.3515625000000001 0.440625 0.4203125 0.440625
54 0.4203125 0.5984375 0.3515625000000001 0.5984375 0.3515625000000001 0.64375 0.4203125 0.64375
45 0.4953125 0.018750000000000055 0.425 0.01875000000000005 0.425 0.10468750000000004 0.4953125 0.10468750000000004
14 0.646875 0.4921875 0.58125 0.4921875 0.58125 0.5375 0.646875 0.5375
3 0.34375 0.17031250000000003 0.2734375 0.17031250000000003 0.2734375 0.215625 0.34375 0.215625
46 0.5734375 0.6390625 0.503125 0.6390625 0.503125 0.7203125 0.5734375 0.7203125
43 0.4953125 0.16093750000000004 0.4265625 0.16093750000000004 0.4265625 0.20468750000000008 0.4953125 0.20468750000000008
27 0.4203125 0.4484375 0.3515625000000001 0.4484375 0.3515625000000001 0.4921875 0.4203125 0.4921875
40 0.571875 0.5390625 0.50625 0.5390625 0.50625 0.5828125 0.571875 0.5828125
39 0.4203125 0.6484375 0.3515625000000001 0.6484375 0.3515625000000001 0.6921875 0.4203125 0.6921875
5 0.340625 0.2703125 0.275 0.2703125 0.275 0.315625 0.340625 0.315625
12 0.4953125 0.6140625 0.4265625 0.6140625 0.4265625 0.6578125 0.4953125 0.6578125
7 0.3437500000000001 0.3734375 0.2750000000000001 0.3734375 0.2750000000000001 0.4171875 0.3437500000000001 0.4171875
23 0.4953125 0.26250000000000007 0.4265625 0.26250000000000007 0.4265625 0.3062500000000001 0.4953125 0.3062500000000001
42 0.4203125 0.24687500000000004 0.3515625 0.246875 0.3515625 0.290625 0.4203125 0.2906250000000001
9 0.3437500000000001 0.471875 0.2750000000000001 0.471875 0.2750000000000001 0.5171875 0.3437500000000001 0.5171875
41 0.4203125 0.09531250000000005 0.3515625 0.09531250000000005 0.3515625 0.14062500000000006 0.4203125 0.14062500000000006
26 0.4953125 0.6640625 0.4265625 0.6640625 0.4265625 0.7078125 0.4953125 0.7078125
25 0.4953125 0.3625000000000001 0.4265625 0.3625000000000001 0.4265625 0.40625 0.4953125 0.40625
13 0.65 0.18750000000000008 0.58125 0.18750000000000008 0.58125 0.2328125000000001 0.65 0.2328125000000001
24 0.4921875 0.3109375000000001 0.4265625 0.3109375000000001 0.4265625 0.3546875000000001 0.4921875 0.3546875000000001
0 0.3437500000000001 0.5234375 0.2750000000000001 0.5234375 0.2750000000000001 0.56875 0.3437500000000001 0.56875
56 0.41875 0.14531250000000004 0.3484375 0.14531250000000004 0.3484375 0.18906250000000005 0.41875 0.18906250000000005
22 0.4953125000000001 0.7 0.34843750000000007 0.7 0.34843750000000007 0.7703125 0.49531250000000016 0.7703125
4 0.340625 0.2203125 0.271875 0.2203125 0.271875 0.2640625 0.340625 0.2640625
6 0.34062500000000007 0.321875 0.275 0.321875 0.275 0.365625 0.34062500000000007 0.365625
50 0.65 0.5890625 0.58125 0.5890625 0.58125 0.6734375 0.65 0.6734375
31 0.4953125 0.5125 0.4265625 0.5125 0.4265625 0.55625 0.4953125 0.55625
1 0.34375 0.07031250000000004 0.275 0.07031250000000004 0.275 0.11406250000000004 0.34375 0.11406250000000004
30 0.6781250000000001 0.006250000000000052 0.18125 0.006250000000000022 0.18125000000000008 0.98125 0.6781250000000002 0.98125
10 0.4921875 0.11093750000000005 0.4265625 0.11093750000000005 0.4265625 0.15468750000000003 0.4921875 0.15468750000000003
38 0.4203125 0.5484375 0.3515625000000001 0.5484375 0.3515625000000001 0.59375 0.4203125 0.59375
2 0.34375 0.11875000000000005 0.275 0.11875000000000005 0.275 0.16406250000000006 0.34375 0.16406250000000006
20 0.3437500000000001 0.675 0.2734375000000001 0.675 0.2734375000000001 0.771875 0.3437500000000001 0.771875
34 0.571875 0.5875 0.50625 0.5875 0.50625 0.6328125 0.571875 0.6328125
44 0.5734375 0.018750000000000065 0.5 0.018750000000000062 0.5 0.08125000000000007 0.5734375 0.08125000000000007
48 0.3437500000000001 0.5734375 0.2750000000000001 0.5734375 0.2750000000000001 0.61875 0.3437500000000001 0.61875
17 0.340625 0.01718750000000004 0.271875 0.017187500000000033 0.271875 0.06093750000000003 0.340625 0.06093750000000005
16 0.571875 0.2375000000000001 0.503125 0.2375000000000001 0.503125 0.2812500000000001 0.571875 0.2812500000000001
55 0.571875 0.2875000000000001 0.503125 0.2875000000000001 0.503125 0.33281250000000007 0.571875 0.33281250000000007
28 0.4953125 0.4125 0.4265625 0.4125 0.4265625 0.4546875 0.4953125 0.4546875
52 0.41875 0.017187500000000046 0.3484375 0.017187500000000043 0.3484375 0.08750000000000005 0.41875 0.08750000000000005