55 0.3921875000000001 0.584375 0.3375000000000001 0.584375 0.3375000000000001 0.715625 0.3921875000000001 0.715625
45 0.09531250000000005 0.4515625 0.012500000000000056 0.4515625 0.012500000000000063 0.578125 0.09531250000000006 0.578125
38 0.746875 0.3109375000000001 0.6859375 0.3109375000000001 0.6859375 0.4406250000000001 0.746875 0.44062500000000016
20 0.978125 0.17031250000000012 0.8484375 0.1703125000000001 0.8484375 0.30156250000000007 0.978125 0.30156250000000007
35 0.528125 0.584375 0.46875 0.584375 0.46875 0.715625 0.528125 0.715625
21 0.27968750000000003 0.3140625 0.2265625 0.3140625 0.22656250000000006 0.4375 0.2796875000000001 0.4375
26 0.8984375 0.4437500000000002 0.8359375 0.4437500000000002 0.8359375 0.5781250000000002 0.8984375 0.5781250000000002
46 0.9875 0.5781250000000002 0.803125 0.5781250000000002 0.803125 0.7171875000000002 0.9875 0.7171875000000002
57 0.2609375000000001 0.584375 0.2062500000000001 0.584375 0.2062500000000001 0.7125 0.2609375000000001 0.7125
1 0.11562500000000005 0.184375 0.06406250000000002 0.184375 0.06406250000000004 0.3015625 0.11562500000000005 0.3015625
42 0.34375000000000006 0.3125 0.2890625 0.3125 0.28906250000000006 0.4375 0.3437500000000001 0.4375
43 0.22812500000000008 0.4484375 0.17500000000000004 0.4484375 0.17500000000000007 0.575 0.22812500000000008 0.575
6 0.4453125 0.17656250000000004 0.3890625 0.17656250000000004 0.3890625 0.30156250000000007 0.4453125 0.30156250000000007
50 0.7859375000000001 0.721875 0.71875 0.721875 0.7187500000000001 0.8609375 0.7859375000000002 0.8609375
37 0.7671875 0.4453125000000001 0.70625 0.4453125 0.70625 0.5750000000000001 0.7671875 0.5750000000000002
22 0.9828125 0.30937500000000007 0.8828125 0.30937500000000007 0.8828125 0.5796875000000001 0.9828125 0.5796875000000001
16 0.3265625000000001 0.584375 0.2718750000000001 0.584375 0.2718750000000001 0.7109375 0.3265625000000001 0.7109375
12 0.8296875 0.4437500000000002 0.76875 0.4437500000000002 0.76875 0.5718750000000001 0.8296875 0.5718750000000001
39 0.878125 0.3078125000000001 0.815625 0.3078125000000001 0.815625 0.44062500000000016 0.878125 0.44062500000000016
10 0.16093750000000007 0.446875 0.10625000000000004 0.446875 0.10625000000000007 0.578125 0.1609375000000001 0.578125
0 0.7109375 0.1750000000000001 0.653125 0.1750000000000001 0.653125 0.3046875000000001 0.7109375 0.3046875000000001
56 0.21406250000000004 0.3140625 0.15937500000000004 0.3140625 0.15937500000000004 0.4375 0.2140625000000001 0.4375
5 0.3765625 0.17812500000000003 0.325 0.17812500000000003 0.325 0.30000000000000004 0.3765625 0.3000000000000001
14 0.6468750000000001 0.721875 0.5875 0.721875 0.5875000000000001 0.85625 0.6468750000000002 0.85625
4 0.3109375 0.17812500000000003 0.2609375 0.17812500000000003 0.2609375 0.296875 0.3109375 0.296875
48 0.7765625 0.17187500000000008 0.7171875 0.17187500000000008 0.7171875 0.3031250000000001 0.7765625 0.3031250000000001
31 0.696875 0.446875 0.6390625 0.446875 0.6390625 0.571875 0.696875 0.571875
40 0.7328125 0.5843750000000001 0.6734375 0.584375 0.6734375 0.7093750000000001 0.7328125 0.7093750000000002
23 0.3609375000000001 0.4484375 0.3078125000000001 0.4484375 0.3078125000000001 0.571875 0.3609375000000001 0.571875
59 0.4765625 0.3125000000000001 0.421875 0.3125000000000001 0.421875 0.4375 0.4765625 0.4375
58 0.1937500000000001 0.584375 0.1390625000000001 0.584375 0.1390625000000001 0.7140625 0.1937500000000001 0.7140625
29 0.6296875 0.4453125 0.571875 0.4453125 0.571875 0.575 0.6296875 0.575
36 0.68125 0.30937500000000007 0.61875 0.30937500000000007 0.61875 0.440625 0.68125 0.440625
24 0.4265625 0.446875 0.37187500000000007 0.446875 0.37187500000000007 0.571875 0.4265625 0.571875
2 0.18125000000000002 0.1796875 0.1296875 0.1796875 0.1296875 0.3 0.18125000000000005 0.3
13 0.2578125000000001 0.725 0.20312500000000008 0.725 0.20312500000000008 0.85625 0.2578125000000001 0.85625
19 0.29375000000000007 0.446875 0.2390625000000001 0.446875 0.2390625000000001 0.5734375 0.29375000000000007 0.5734375
53 0.5453125 0.3109375000000001 0.4859375 0.3109375000000001 0.4859375 0.446875 0.5453125 0.446875
3 0.246875 0.17968750000000006 0.1953125 0.17968750000000006 0.19531250000000003 0.2984375 0.246875 0.2984375
30 0.9921875 0.06718750000000005 0.006250000000000008 0.0671875 0.006250000000000061 0.93125 0.9921875 0.93125
52 0.07968750000000005 0.315625 0.015625000000000038 0.315625 0.01562500000000005 0.4359375 0.07968750000000005 0.4359375
32 0.12656250000000008 0.584375 0.07343750000000007 0.584375 0.07343750000000007 0.7140625 0.12656250000000008 0.7140625
9 0.6453125 0.1750000000000001 0.5875 0.1750000000000001 0.5875 0.3046875000000001 0.6453125 0.3046875000000001
44 0.06562500000000007 0.5875 0.006250000000000072 0.5875 0.00625000000000008 0.7140625 0.06562500000000009 0.7140625
51 0.4109375 0.3140625 0.3578125 0.3140625 0.35781250000000003 0.4375 0.4109375 0.4375
7 0.5125 0.17812500000000003 0.45625 0.17812500000000003 0.45625 0.3031250000000001 0.5125 0.3031250000000001
18 0.6625 0.5828125 0.6046875 0.5828125 0.6046875 0.7078125 0.6625 0.7078125
47 0.58125 0.7234375 0.2718750000000001 0.7234375 0.2718750000000001 0.859375 0.5812500000000002 0.859375
41 0.14687500000000003 0.315625 0.09375000000000004 0.315625 0.09375000000000004 0.440625 0.14687500000000003 0.440625
25 0.49375 0.45 0.4359375 0.45 0.4359375 0.5765625 0.49375 0.5765625
28 0.5625 0.4453125 0.5046875 0.4453125 0.5046875 0.58125 0.5625 0.58125
15 0.4609375 0.584375 0.4015625 0.584375 0.4015625 0.715625 0.4609375 0.715625
49 0.0609375000000001 0.725 0.004687500000000089 0.725 0.004687500000000097 0.859375 0.06093750000000011 0.859375
33 0.5984375 0.584375 0.5375 0.584375 0.5375 0.721875 0.5984375 0.721875
17 0.056250000000000036 0.184375 0.012500000000000022 0.184375 0.01250000000000003 0.3046875 0.05625000000000004 0.3046875
11 0.8421875 0.17187500000000008 0.78125 0.17187500000000008 0.78125 0.3031250000000001 0.8421875 0.3031250000000001
27 0.6140625 0.3109375000000001 0.55625 0.3109375000000001 0.55625 0.434375 0.6140625 0.434375
34 0.8 0.5812500000000002 0.7390625 0.5812500000000002 0.7390625 0.7125000000000001 0.8 0.7125000000000001
54 0.8109375 0.3062500000000001 0.7484375 0.3062500000000001 0.7484375 0.4437500000000002 0.8109375 0.4437500000000002
8 0.5765625 0.17812500000000006 0.525 0.17812500000000003 0.525 0.3031250000000001 0.5765625 0.3031250000000001