9 0.46875 0.3781250000000001 0.4203125 0.3781250000000001 0.4203125 0.421875 0.46875 0.421875
47 0.3921875000000001 0.5890625 0.10156250000000008 0.5890625 0.10156250000000008 0.6640625 0.3921875000000001 0.6640625
52 0.03437500000000006 0.415625 5.089938258956187e-17 0.415625 5.405667511861364e-17 0.4671875 0.03437500000000006 0.4671875
49 0.03437500000000007 0.584375 7.156529732517345e-17 0.584375 7.577502069724247e-17 0.653125 0.03437500000000008 0.653125
28 0.3906250000000001 0.475 0.34062500000000007 0.475 0.34062500000000007 0.5265625 0.3906250000000001 0.5265625
53 0.3765625000000001 0.425 0.3265625000000001 0.425 0.3265625000000001 0.471875 0.3765625000000001 0.471875
3 0.15156250000000004 0.375 0.10156250000000004 0.375 0.10156250000000004 0.4203125 0.15156250000000004 0.4203125
30 0.98125 0.32812500000000006 4.0183723097022526e-17 0.328125 6.247612186275169e-17 0.6921875000000001 0.98125 0.6921875000000002
36 0.4859375 0.4265625 0.4359375 0.4265625 0.4359375 0.4734375 0.4859375 0.4734375
17 0.02500000000000005 0.371875 4.55415528432922e-17 0.371875 4.812479218524365e-17 0.4140625 0.025000000000000057 0.4140625
50 0.575 0.5953125 0.5203125 0.5953125 0.5203125 0.6703125 0.575 0.6703125
38 0.5421875 0.4265625 0.49375 0.4265625 0.49375 0.4734375 0.5421875 0.4734375
39 0.6546875 0.4296875 0.6046875 0.4296875 0.6046875 0.4765625 0.6546875 0.4765625
10 0.057812500000000065 0.4734375 0.0062500000000000585 0.4734375 0.006250000000000061 0.5234375 0.057812500000000065 0.5234375
6 0.30937500000000007 0.378125 0.2609375000000001 0.378125 0.2609375000000001 0.4203125 0.30937500000000007 0.4203125
16 0.18437500000000007 0.528125 0.12812500000000004 0.528125 0.12812500000000007 0.58125 0.1843750000000001 0.58125
37 0.5625 0.4796875 0.5125 0.4796875 0.5125 0.5296875 0.5625 0.5296875
12 0.6203125 0.48125 0.5703125 0.48125 0.5703125 0.5328125 0.6203125 0.5328125
4 0.20468750000000008 0.3765625 0.15468750000000003 0.3765625 0.15468750000000003 0.41875 0.20468750000000008 0.41875
8 0.415625 0.3765625000000001 0.3671875000000001 0.3765625000000001 0.3671875000000001 0.421875 0.415625 0.421875
42 0.2156250000000001 0.425 0.16250000000000003 0.425 0.16250000000000003 0.4703125 0.2156250000000001 0.4703125
57 0.12656250000000008 0.5265625 0.07187500000000006 0.5265625 0.07187500000000006 0.58125 0.12656250000000008 0.58125
43 0.11250000000000004 0.4765625 0.05937500000000007 0.4765625 0.05937500000000007 0.5234375 0.11250000000000004 0.5234375
25 0.3343750000000001 0.4765625 0.2828125000000001 0.4765625 0.2828125000000001 0.5265625 0.3343750000000001 0.5265625
18 0.471875 0.5328125 0.421875 0.5328125 0.421875 0.5859375 0.471875 0.5859375
2 0.10156250000000004 0.375 0.050000000000000044 0.375 0.050000000000000044 0.4203125 0.10156250000000004 0.4203125
54 0.5984375 0.428125 0.55 0.428125 0.55 0.4734375 0.5984375 0.4734375
41 0.054687500000000056 0.421875 5.166478683902896e-17 0.421875 5.463072830571396e-17 0.4703125 0.05468750000000007 0.4703125
27 0.4296875 0.425 0.3828125000000001 0.425 0.3828125000000001 0.471875 0.4296875 0.471875
22 0.7390625 0.42656250000000007 0.6625 0.4265625 0.6625 0.5328125000000001 0.7390625 0.5328125000000001
20 0.7296875 0.3781250000000001 0.6390625 0.3781250000000001 0.6390625 0.4234375000000001 0.7296875 0.4234375000000002
14 0.453125 0.59375 0.3984375000000001 0.59375 0.3984375000000001 0.665625 0.453125 0.665625
51 0.2671875000000001 0.425 0.2171875000000001 0.425 0.2171875000000001 0.4703125 0.2671875000000001 0.4703125
34 0.5921875 0.5359375 0.540625 0.5359375 0.540625 0.5890625 0.5921875 0.5890625
44 0.034375000000000065 0.5203125 6.371990376813572e-17 0.5203125 6.725989842192105e-17 0.578125 0.034375000000000065 0.578125
5 0.2562500000000001 0.3765625 0.2062500000000001 0.3765625 0.2062500000000001 0.4203125 0.2562500000000001 0.4203125
26 0.68125 0.48125 0.628125 0.48125 0.628125 0.5328125 0.68125 0.5328125
58 0.07031250000000007 0.528125 0.015625000000000066 0.528125 0.01562500000000007 0.5796875 0.07031250000000007 0.5796875
7 0.3625000000000001 0.3765625 0.3140625000000001 0.3765625 0.3140625000000001 0.4203125 0.3625000000000001 0.4203125
40 0.5328125 0.534375 0.48125 0.534375 0.48125 0.584375 0.5328125 0.584375
59 0.3218750000000001 0.4234375 0.2718750000000001 0.4234375 0.2718750000000001 0.471875 0.3218750000000001 0.471875
46 0.74375 0.5390625000000001 0.5984375 0.5390625 0.5984375 0.5906250000000001 0.74375 0.5906250000000002
1 0.04843750000000005 0.375 4.592425496802575e-17 0.375 4.8507494309977197e-17 0.4171875 0.04843750000000006 0.4171875
19 0.16875000000000004 0.475 0.11406250000000004 0.475 0.11406250000000004 0.525 0.16875000000000004 0.525
15 0.3000000000000001 0.53125 0.2453125000000001 0.53125 0.2453125000000001 0.5828125 0.3000000000000001 0.5828125
11 0.6328125 0.37968750000000007 0.584375 0.37968750000000007 0.584375 0.4234375 0.6328125 0.4234375
33 0.4140625 0.53125 0.3609375000000001 0.53125 0.3609375000000001 0.584375 0.4140625 0.584375
13 0.09843750000000008 0.5828125 0.03906250000000007 0.5828125 0.03906250000000007 0.6546875 0.0984375000000001 0.6546875
56 0.10781250000000005 0.4234375 0.05468750000000004 0.4234375 0.054687500000000056 0.4703125 0.10781250000000005 0.4703125
45 0.04687500000000006 0.465625 5.702261658529863e-17 0.465625 6.056261123908394e-17 0.5234375 0.04687500000000007 0.5234375
29 0.446875 0.4765625 0.3968750000000001 0.4765625 0.3968750000000001 0.528125 0.446875 0.528125
55 0.24218750000000008 0.528125 0.18750000000000006 0.528125 0.18750000000000006 0.5828125 0.24218750000000008 0.5828125
23 0.2218750000000001 0.475 0.17187500000000006 0.475 0.17187500000000006 0.525 0.2218750000000001 0.525
21 0.16093750000000004 0.4234375 0.10781250000000005 0.4234375 0.10781250000000005 0.4703125 0.16093750000000004 0.4703125
48 0.5765625 0.37968750000000007 0.528125 0.37968750000000007 0.528125 0.421875 0.5765625 0.421875
0 0.521875 0.3781250000000001 0.4734375 0.3781250000000001 0.4734375 0.421875 0.521875 0.421875
32 0.028125000000000067 0.5265625 6.448530801760282e-17 0.5265625 6.783395160902136e-17 0.58125 0.028125000000000067 0.58125
31 0.5046875 0.478125 0.4546875 0.478125 0.4546875 0.528125 0.5046875 0.528125
24 0.27812500000000007 0.4765625 0.22656250000000008 0.4765625 0.22656250000000008 0.5265625 0.27812500000000007 0.5265625
35 0.3546875000000001 0.53125 0.3031250000000001 0.53125 0.3031250000000001 0.5828125 0.3546875000000001 0.5828125