25 0.3625 0.18750000000000006 0.321875 0.18750000000000006 0.321875 0.246875 0.3625 0.246875
38 0.53125 0.12031250000000004 0.490625 0.12031250000000004 0.490625 0.17968750000000006 0.53125 0.17968750000000006
36 0.4859375 0.12031250000000004 0.4453125 0.12031250000000004 0.4453125 0.17968750000000006 0.4859375 0.17968750000000006
51 0.30625 0.12031250000000004 0.265625 0.12031250000000004 0.265625 0.17968750000000006 0.30625 0.17968750000000006
24 0.3171875 0.18750000000000006 0.2765625 0.18750000000000006 0.2765625 0.246875 0.3171875 0.246875
22 0.690625 0.18750000000000008 0.59375 0.18750000000000008 0.59375 0.2468750000000001 0.690625 0.2468750000000001
2 0.1484375 0.05625000000000002 0.1078125 0.05625000000000002 0.1078125 0.115625 0.1484375 0.115625
57 0.2046875 0.253125 0.16406250000000006 0.253125 0.16406250000000006 0.3125 0.2046875 0.3125
48 0.553125 0.05468750000000007 0.5125 0.05468750000000007 0.5125 0.11406250000000007 0.553125 0.1140625000000001
42 0.2609375 0.12187500000000004 0.2203125 0.12187500000000004 0.2203125 0.18125000000000005 0.2609375 0.18125000000000005
30 1 6.123233995736766e-17 0 0 2.4875638107680617e-17 0.4062500000000001 1 0.40625000000000017
0 0.509375 0.05468750000000007 0.46875 0.05468750000000007 0.46875 0.11406250000000004 0.509375 0.11406250000000004
17 0.05781250000000001 0.05625 0.018750000000000006 0.05625 0.01875000000000001 0.115625 0.057812500000000024 0.115625
12 0.5890625 0.18750000000000008 0.5484375 0.18750000000000008 0.5484375 0.2468750000000001 0.5890625 0.2468750000000001
27 0.440625 0.12031250000000004 0.4 0.12031250000000004 0.4 0.17968750000000006 0.440625 0.17968750000000006
47 0.4703125 0.31718750000000007 0.2375 0.3171875 0.23750000000000004 0.38593750000000004 0.4703125 0.3859375000000001
20 0.6890625 0.05625000000000008 0.6046875 0.056250000000000064 0.6046875 0.11562500000000009 0.6890625 0.11562500000000009
54 0.5765625 0.12187500000000007 0.5359375 0.12187500000000004 0.5359375 0.18125000000000008 0.5765625 0.18125000000000008
7 0.3734375 0.05468750000000004 0.3328125 0.05468750000000004 0.3328125 0.11406250000000004 0.3734375 0.11406250000000004
53 0.3953125 0.12187500000000004 0.3546875 0.12187500000000004 0.3546875 0.18125000000000005 0.3953125 0.18125000000000005
15 0.340625 0.2515625 0.3 0.2515625 0.3 0.3109375 0.340625 0.3109375
4 0.2375 0.05468750000000002 0.1984375 0.05468750000000002 0.1984375 0.11406250000000004 0.2375 0.11406250000000004
33 0.4296875 0.2531250000000001 0.3890625 0.2531250000000001 0.3890625 0.3125000000000001 0.4296875 0.3125000000000001
28 0.4078125 0.18593750000000003 0.36875 0.18593750000000003 0.36875 0.2453125000000001 0.4078125 0.2453125000000001
13 0.23125000000000004 0.31875 0.18125000000000005 0.31875 0.18125000000000005 0.384375 0.2312500000000001 0.384375
5 0.2828125 0.056250000000000036 0.2421875 0.05625000000000002 0.2421875 0.11562500000000005 0.2828125 0.11562500000000005
34 0.565625 0.2515625000000001 0.525 0.2515625000000001 0.525 0.3109375000000001 0.565625 0.3109375000000001
1 0.103125 0.05625000000000001 0.0625 0.05625 0.06250000000000001 0.115625 0.103125 0.115625
50 0.690625 0.3187500000000001 0.6390625 0.3187500000000001 0.6390625 0.3843750000000001 0.690625 0.3843750000000001
11 0.6 0.05468750000000007 0.559375 0.05468750000000007 0.559375 0.1140625000000001 0.6 0.1140625000000001
52 0.07812500000000003 0.121875 0.015625000000000017 0.121875 0.01562500000000002 0.18125 0.07812500000000003 0.18125
31 0.4984375 0.18750000000000006 0.4578125 0.18750000000000006 0.4578125 0.2468750000000001 0.4984375 0.2468750000000001
19 0.228125 0.18750000000000006 0.18750000000000006 0.18750000000000006 0.18750000000000006 0.246875 0.228125 0.246875
43 0.18281250000000004 0.18750000000000003 0.14218750000000005 0.1875 0.14218750000000005 0.246875 0.18281250000000004 0.246875
16 0.25 0.253125 0.209375 0.253125 0.209375 0.3125 0.25 0.3125
8 0.41875 0.05625000000000004 0.378125 0.05625000000000004 0.378125 0.11562500000000005 0.41875 0.11562500000000005
14 0.5265625 0.3187500000000001 0.4765625 0.3187500000000001 0.4765625 0.3843750000000001 0.5265625 0.3843750000000001
3 0.1921875 0.05468750000000002 0.1515625 0.05468750000000002 0.1515625 0.11562500000000002 0.1921875 0.11562500000000005
59 0.3515625 0.12187500000000004 0.3109375 0.12187500000000004 0.3109375 0.18125000000000005 0.3515625 0.18125000000000005
49 0.06875000000000005 0.31875 0.015625000000000038 0.31875 0.01562500000000004 0.3828125 0.06875000000000005 0.3828125
18 0.475 0.2515625000000001 0.434375 0.2515625000000001 0.434375 0.3109375000000001 0.475 0.3109375000000001
26 0.690625 0.1218750000000001 0.628125 0.1218750000000001 0.628125 0.18125000000000008 0.690625 0.18125000000000008
6 0.3296875 0.05625000000000004 0.2890625 0.05625000000000004 0.2890625 0.11562500000000005 0.3296875 0.11562500000000005
40 0.5203125 0.2515625000000001 0.4796875 0.2515625000000001 0.4796875 0.3109375000000001 0.5203125 0.3109375000000001
23 0.271875 0.18593750000000003 0.23125 0.18593750000000003 0.23125 0.2453125 0.271875 0.2453125
41 0.1265625 0.121875 0.08593750000000003 0.121875 0.08593750000000003 0.18125 0.1265625 0.18125
10 0.13750000000000004 0.1875 0.09687500000000002 0.1875 0.09687500000000002 0.246875 0.13750000000000004 0.246875
32 0.11406250000000004 0.2515625 0.07343750000000002 0.2515625 0.07343750000000003 0.3125 0.11406250000000004 0.3125
37 0.54375 0.18750000000000006 0.503125 0.18750000000000006 0.503125 0.2468750000000001 0.54375 0.2468750000000001
44 0.06875000000000003 0.253125 0.015625000000000035 0.253125 0.015625000000000035 0.3125 0.06875000000000005 0.3125
58 0.15781250000000005 0.2515625 0.11718750000000004 0.2515625 0.11718750000000004 0.3109375 0.15781250000000005 0.3109375
21 0.215625 0.12187500000000002 0.175 0.121875 0.175 0.18125000000000002 0.215625 0.18125000000000005
55 0.2953125 0.253125 0.2546875 0.253125 0.2546875 0.3125 0.2953125 0.3125
35 0.384375 0.25312500000000004 0.34375 0.253125 0.34375 0.31250000000000006 0.384375 0.3125000000000001
45 0.09062500000000002 0.1875 0.017187500000000022 0.1875 0.017187500000000026 0.246875 0.09062500000000002 0.246875
56 0.171875 0.1203125 0.13125 0.1203125 0.13125 0.18125 0.171875 0.18125
39 0.621875 0.12031250000000009 0.58125 0.12031250000000009 0.58125 0.17968750000000008 0.621875 0.17968750000000008
29 0.453125 0.18593750000000003 0.4125 0.18593750000000003 0.4125 0.2453125000000001 0.453125 0.2453125000000001
9 0.4625 0.05625000000000006 0.421875 0.05625000000000004 0.421875 0.11562500000000005 0.4625 0.11562500000000005
46 0.6890625 0.2531250000000001 0.5703125 0.2531250000000001 0.5703125 0.3125000000000001 0.6890625 0.3125000000000001