35 0.3984375 0.14531250000000004 0.3234375 0.14531250000000004 0.3234375 0.21875000000000006 0.3984375 0.21875000000000008
36 0.2203125 0.004687500000000022 0.15 0.004687500000000018 0.15 0.07031250000000003 0.2203125 0.07031250000000003
56 0.7359375 0.0015625000000000857 0.6640625 0.0015625000000000812 0.6640625 0.07031250000000008 0.7359375 0.07031250000000008
14 0.2625 0.221875 0.18437500000000004 0.221875 0.18437500000000004 0.3 0.2625 0.3
44 0.93125 0.1406250000000001 0.8484375 0.14062500000000008 0.8484375 0.21250000000000008 0.93125 0.21250000000000008
25 0.43125 0.07187500000000005 0.359375 0.07187500000000005 0.359375 0.14218750000000005 0.43125 0.14218750000000005
33 0.3203125 0.14531250000000004 0.2453125 0.14531250000000004 0.2453125 0.21875 0.3203125 0.21875
23 0.58125 0.07187500000000006 0.509375 0.07187500000000006 0.509375 0.14218750000000008 0.58125 0.14218750000000008
15 0.475 0.14531250000000004 0.4 0.14531250000000004 0.4 0.2171875000000001 0.475 0.2171875000000001
55 0.5515625 0.14531250000000007 0.4765625 0.14531250000000004 0.4765625 0.2171875000000001 0.5515625 0.2171875000000001
45 0.9109375 0.0703125000000001 0.8015625 0.07031250000000008 0.8015625 0.13906250000000012 0.9109375 0.13906250000000014
16 0.6296875 0.1437500000000001 0.5515625 0.1437500000000001 0.5515625 0.2156250000000001 0.6296875 0.2156250000000001
37 0.1234375 0.07500000000000001 0.05 0.075 0.05000000000000001 0.1453125 0.1234375 0.1453125
10 0.803125 0.07187500000000009 0.728125 0.07187500000000009 0.728125 0.14062500000000008 0.803125 0.14062500000000008
50 0.10156250000000004 0.2234375 0.02031250000000003 0.2234375 0.020312500000000032 0.303125 0.10156250000000004 0.303125
42 0.590625 0.004687500000000068 0.5203125 0.004687500000000064 0.5203125 0.07031250000000007 0.590625 0.07031250000000007
54 0.0703125 0.003125000000000004 3.827021247335479e-19 0.003125 4.688101027985961e-18 0.0734375 0.0703125 0.0734375
41 0.8078125 0.004687500000000094 0.734375 0.00468750000000009 0.734375 0.07031250000000008 0.8078125 0.07031250000000008
30 0.9671875 5.922315380251653e-17 0 0 2.1814021109812232e-17 0.35625000000000007 0.9671875 0.35625000000000007
52 0.896875 0.0031250000000001043 0.80625 0.0031250000000000986 0.80625 0.0687500000000001 0.896875 0.06875000000000012
19 0.65625 0.07343750000000007 0.5828125 0.07343750000000007 0.5828125 0.14218750000000008 0.65625 0.14218750000000008
51 0.51875 0.00468750000000006 0.4484375 0.004687500000000055 0.4484375 0.07031250000000006 0.51875 0.07031250000000007
59 0.4421875 0.00468750000000005 0.3734375 0.004687500000000046 0.3734375 0.07031250000000004 0.4421875 0.07031250000000004
40 0.16250000000000003 0.1484375 0.08593750000000003 0.1484375 0.08593750000000003 0.21875 0.16250000000000003 0.21875
24 0.50625 0.07343750000000006 0.434375 0.07343750000000004 0.434375 0.14218750000000005 0.50625 0.14218750000000005
38 0.1453125 0.0015625000000000135 0.0734375 0.001562500000000009 0.0734375 0.07031250000000001 0.1453125 0.07031250000000003
29 0.278125 0.07343750000000003 0.2078125 0.07343750000000002 0.2078125 0.14218750000000005 0.278125 0.14218750000000005
49 0.9484375 0.2140625000000001 0.8640625 0.2140625000000001 0.8640625 0.2906250000000001 0.9484375 0.2906250000000001
53 0.3703125 0.004687500000000041 0.3 0.004687500000000036 0.3 0.07031250000000004 0.3703125 0.07031250000000004
28 0.3546875 0.07343750000000004 0.2859375 0.07343750000000004 0.2859375 0.14218750000000005 0.3546875 0.14218750000000005
34 0.08281250000000002 0.1484375 0.007812500000000019 0.1484375 0.007812500000000024 0.2203125 0.08281250000000002 0.2203125
58 0.778125 0.1437500000000001 0.703125 0.1437500000000001 0.703125 0.2140625000000001 0.778125 0.2140625000000001
57 0.703125 0.1437500000000001 0.6296875 0.1437500000000001 0.6296875 0.2156250000000001 0.703125 0.2156250000000001
13 0.7171875 0.2171875000000001 0.6375 0.2171875000000001 0.6375 0.2953125000000001 0.7171875 0.2953125000000001
12 0.046875000000000014 0.075 9.184850993605149e-18 0.075 1.3490249896857564e-17 0.1453125 0.04687500000000002 0.1453125
32 0.853125 0.14062500000000008 0.775 0.14062500000000008 0.775 0.2140625000000001 0.853125 0.2140625000000001
27 0.29375 0.003125000000000032 0.2265625 0.003125000000000028 0.2265625 0.06875000000000003 0.29375 0.06875000000000005
43 0.7296875 0.07187500000000009 0.65625 0.07187500000000009 0.65625 0.14062500000000008 0.7296875 0.14062500000000008
47 0.6375 0.22031250000000005 0.2640625 0.2203125 0.2640625 0.2984375 0.6375 0.2984375000000001
31 0.2 0.07343750000000002 0.128125 0.07343750000000002 0.128125 0.14375000000000002 0.2 0.14375000000000004
18 0.240625 0.14687500000000003 0.16875 0.146875 0.16875 0.21875 0.240625 0.21875
21 0.6625 0.0015625000000000766 0.590625 0.001562500000000072 0.590625 0.07031250000000008 0.6625 0.07031250000000008