41 0.5562500000000001 0.875 0.4625000000000002 0.875 0.4625000000000002 0.9234375 0.5562500000000001 0.9234375
25 0.659375 0.5890625 0.565625 0.5890625 0.565625 0.6375 0.659375 0.6375
6 0.453125 0.625 0.3625000000000001 0.625 0.3625000000000001 0.671875 0.453125 0.671875
27 0.5546875 0.4984375 0.465625 0.4984375 0.465625 0.5453125 0.5546875 0.5453125
1 0.4546875000000002 0.8953125 0.3609375000000001 0.8953125 0.3609375000000001 0.94375 0.4546875000000002 0.94375
19 0.6593750000000002 0.75 0.5656250000000002 0.75 0.5656250000000002 0.7984375 0.6593750000000002 0.7984375
51 0.5546875 0.659375 0.4640625 0.659375 0.4640625 0.70625 0.5546875 0.70625
38 0.55625 0.3921875000000001 0.4640625 0.3921875000000001 0.4640625 0.4390625 0.55625 0.4390625
54 0.55625 0.3375000000000001 0.4625 0.3375000000000001 0.4625 0.3859375000000001 0.55625 0.3859375000000001
30 0.95 0.0031250000000000583 3.827021247335479e-19 0.003125 6.142369101973443e-17 1 0.95 1
21 0.5546875000000002 0.7671875 0.46406250000000016 0.7671875 0.46406250000000016 0.815625 0.5546875000000002 0.815625
59 0.55625 0.60625 0.4640625 0.60625 0.4640625 0.653125 0.55625 0.653125
12 0.659375 0.3187500000000001 0.565625 0.3187500000000001 0.565625 0.3671875000000001 0.659375 0.3671875000000001
16 0.7609375 0.721875 0.66875 0.721875 0.6687500000000001 0.7703125000000001 0.7609375000000002 0.7703125000000002
9 0.453125 0.465625 0.36406250000000007 0.465625 0.36406250000000007 0.5125 0.453125 0.5125
2 0.4546875000000002 0.840625 0.3609375000000001 0.840625 0.3609375000000001 0.8890625 0.4546875000000002 0.8890625
37 0.6578125 0.3734375000000001 0.565625 0.3734375000000001 0.565625 0.421875 0.6578125 0.421875
57 0.7593750000000001 0.7765625 0.6671875000000002 0.7765625 0.6671875000000002 0.825 0.7593750000000001 0.825
52 0.5562500000000001 0.9296875 0.4625000000000002 0.9296875 0.4625000000000002 0.9828125 0.5562500000000001 0.9828125
11 0.453125 0.30312500000000003 0.3625 0.303125 0.3625 0.35000000000000003 0.453125 0.3500000000000001
29 0.659375 0.48125 0.565625 0.48125 0.565625 0.5296875 0.659375 0.5296875
32 0.8921875 0.40156250000000016 0.7703125 0.40156250000000016 0.7703125 0.44843750000000016 0.8921875 0.44843750000000016
47 0.890625 0.5078125000000002 0.76875 0.5078125000000002 0.76875 0.7671875000000001 0.890625 0.7671875000000001
24 0.659375 0.6421875 0.565625 0.6421875 0.565625 0.6890625 0.659375 0.6890625
28 0.6578125 0.5359375 0.5640625 0.5359375 0.5640625 0.5828125 0.6578125 0.5828125
44 0.7625000000000002 0.8859375 0.6687500000000002 0.8859375 0.6687500000000002 0.9828125 0.7625000000000002 0.9828125
0 0.4515625 0.4125 0.3625000000000001 0.4125 0.3625000000000001 0.459375 0.4515625 0.459375
40 0.7578125 0.4000000000000001 0.6671875 0.4 0.6671875 0.4484375000000001 0.7578125 0.44843750000000016
36 0.55625 0.4453125 0.465625 0.4453125 0.465625 0.49375 0.55625 0.49375
49 0.8921875 0.9328125 0.7718750000000002 0.9328125 0.7718750000000002 0.98125 0.8921875 0.98125
4 0.45312500000000017 0.734375 0.3625000000000001 0.734375 0.3625000000000001 0.78125 0.45312500000000017 0.78125
45 0.6578125000000001 0.9140625 0.5671875000000002 0.9140625 0.5671875000000002 0.9828125 0.6578125000000001 0.9828125
23 0.6578125000000001 0.696875 0.565625 0.696875 0.565625 0.74375 0.6578125000000001 0.74375
10 0.6578125000000001 0.8578125 0.5671875000000002 0.8578125 0.5671875000000002 0.90625 0.6578125000000001 0.90625
42 0.5562500000000001 0.7125 0.465625 0.7125 0.46562500000000007 0.7609375 0.5562500000000001 0.7609375
22 0.665625 0.24218750000000008 0.571875 0.24218750000000008 0.571875 0.3109375000000001 0.665625 0.3109375000000001
20 0.453125 0.24375000000000005 0.3625 0.24375 0.3625 0.29687500000000006 0.453125 0.2968750000000001
35 0.759375 0.5609375000000001 0.6671875 0.5609375 0.6671875 0.6078125000000001 0.759375 0.6078125000000002
15 0.759375 0.6140625000000001 0.6671875 0.6140625 0.6671875 0.6625000000000001 0.759375 0.6625000000000002
7 0.4546875 0.571875 0.3609375000000001 0.571875 0.3609375000000001 0.61875 0.4546875 0.61875
5 0.4531250000000001 0.6796875 0.3609375000000001 0.6796875 0.3609375000000001 0.7265625 0.45312500000000017 0.7265625
8 0.453125 0.51875 0.36406250000000007 0.51875 0.36406250000000007 0.565625 0.453125 0.565625
46 0.765625 0.24375000000000008 0.66875 0.24375000000000008 0.66875 0.3390625000000001 0.765625 0.3390625000000001
55 0.759375 0.6687500000000001 0.66875 0.66875 0.66875 0.7156250000000001 0.759375 0.7156250000000002
33 0.7609375 0.5078125000000001 0.6671875 0.5078125 0.6671875 0.5562500000000001 0.7609375 0.5562500000000001
13 0.890625 0.8265625 0.7703125000000002 0.8265625 0.7703125000000002 0.875 0.890625 0.875
58 0.7609375000000002 0.8296875 0.6671875000000002 0.8296875 0.6671875000000002 0.878125 0.7609375000000002 0.878125
48 0.453125 0.35781250000000003 0.3625 0.3578125 0.36250000000000004 0.40625 0.453125 0.40625
39 0.55625 0.2828125000000001 0.4640625 0.2828125000000001 0.4640625 0.3312500000000001 0.55625 0.3312500000000001
26 0.5578125 0.24375000000000008 0.4671875 0.24375000000000008 0.4671875 0.2750000000000001 0.5578125 0.2750000000000001
56 0.5546875000000002 0.821875 0.46093750000000017 0.821875 0.46093750000000017 0.86875 0.5546875000000002 0.86875
3 0.4546875000000002 0.7875 0.3609375000000001 0.7875 0.3609375000000001 0.8359375 0.4546875000000002 0.8359375
34 0.7609375 0.3453125000000001 0.6703125 0.3453125000000001 0.6703125 0.3937500000000001 0.7609375 0.3937500000000001
53 0.55625 0.5515625 0.4640625 0.5515625 0.4640625 0.6 0.55625 0.6
14 0.8953125 0.4515625000000002 0.7734375 0.4515625000000002 0.7734375 0.4984375000000002 0.8953125 0.4984375000000002
18 0.759375 0.4546875000000001 0.665625 0.4546875 0.665625 0.503125 0.759375 0.5031250000000002
43 0.6578125000000001 0.803125 0.5656250000000002 0.803125 0.5656250000000002 0.8515625 0.6578125000000001 0.8515625
31 0.659375 0.428125 0.565625 0.428125 0.565625 0.475 0.659375 0.475
17 0.4515625000000002 0.95 0.3625000000000001 0.95 0.3625000000000001 0.9828125 0.4515625000000002 0.9828125