32 0.6437500000000002 0.896875 0.5375000000000002 0.896875 0.5375000000000002 0.9296875 0.6437500000000002 0.9296875
14 0.76875 0.5750000000000001 0.6546875 0.575 0.6546875 0.6140625000000001 0.76875 0.6140625000000002
22 0.5296875 0.4453125 0.4234375 0.4453125 0.4234375 0.521875 0.5296875 0.521875
58 0.6421875000000001 0.8625 0.5390625000000002 0.8625 0.5390625000000002 0.89375 0.6421875000000001 0.89375
54 0.4140625 0.534375 0.3109375000000001 0.534375 0.3109375000000001 0.565625 0.4140625 0.565625
29 0.528125 0.63125 0.425 0.63125 0.425 0.6625 0.528125 0.6625
56 0.4125000000000002 0.853125 0.3062500000000001 0.853125 0.3062500000000001 0.884375 0.4125000000000002 0.884375
34 0.64375 0.54375 0.540625 0.54375 0.540625 0.575 0.64375 0.575
28 0.528125 0.6671875 0.425 0.6671875 0.425 0.6984375 0.528125 0.6984375
27 0.4125 0.640625 0.30937500000000007 0.640625 0.30937500000000007 0.671875 0.4125 0.671875
17 0.2953125000000001 0.9421875 0.19218750000000012 0.9421875 0.19218750000000012 0.9734375 0.2953125000000001 0.9734375
49 0.7671875000000001 0.9328125 0.6531250000000002 0.9328125 0.6531250000000002 0.9734375 0.7671875000000001 0.9734375
5 0.2953125000000001 0.765625 0.1921875000000001 0.765625 0.1921875000000001 0.796875 0.2953125000000001 0.796875
1 0.2968750000000001 0.90625 0.1937500000000001 0.90625 0.19375000000000012 0.9375 0.2968750000000001 0.9375
37 0.5265625 0.5609375 0.4234375 0.5609375 0.4234375 0.5921875 0.5265625 0.5921875
42 0.41406250000000017 0.7828125 0.3109375000000001 0.7828125 0.3109375000000001 0.8140625 0.41406250000000017 0.8140625
38 0.4125 0.5703125 0.30937500000000007 0.5703125 0.30937500000000007 0.6015625 0.4125 0.6015625
45 0.5250000000000001 0.9140625 0.42187500000000017 0.9140625 0.42187500000000017 0.9734375 0.5250000000000001 0.9734375
33 0.64375 0.65 0.540625 0.65 0.540625 0.68125 0.64375 0.68125
6 0.2984375000000001 0.728125 0.1921875000000001 0.728125 0.1921875000000001 0.759375 0.2984375000000001 0.759375
3 0.2968750000000001 0.8359375 0.1906250000000001 0.8359375 0.1906250000000001 0.86875 0.2968750000000001 0.86875
23 0.5250000000000001 0.7734375 0.42500000000000016 0.7734375 0.42500000000000016 0.8046875 0.5250000000000001 0.8046875
52 0.4109375000000002 0.925 0.3046875000000001 0.925 0.3046875000000001 0.975 0.4109375000000002 0.975
39 0.4140625 0.5 0.3078125000000001 0.5 0.3078125000000001 0.53125 0.4140625 0.53125
50 0.76875 0.4453125000000001 0.6546875 0.4453125 0.6546875 0.4859375000000001 0.76875 0.4859375000000002
44 0.6406250000000002 0.9328125 0.5375000000000002 0.9328125 0.5375000000000002 0.9734375 0.6406250000000002 0.9734375
4 0.2968750000000001 0.8 0.1906250000000001 0.8 0.1906250000000001 0.83125 0.2968750000000001 0.83125
43 0.5265625000000002 0.84375 0.4234375000000002 0.84375 0.4234375000000002 0.875 0.5265625000000002 0.875
25 0.5281250000000001 0.7015625 0.425 0.7015625 0.4250000000000001 0.7328125 0.5281250000000002 0.7328125
19 0.5281250000000002 0.8078125 0.42500000000000016 0.8078125 0.42500000000000016 0.8390625 0.5281250000000002 0.8390625
21 0.4125000000000002 0.8171875 0.3062500000000001 0.8171875 0.3062500000000001 0.8484375 0.4125000000000002 0.8484375
8 0.2968750000000001 0.659375 0.1937500000000001 0.659375 0.1937500000000001 0.690625 0.2968750000000001 0.690625
12 0.528125 0.5265625 0.425 0.5265625 0.425 0.5578125 0.528125 0.5578125
2 0.2953125000000001 0.8703125 0.1921875000000001 0.8703125 0.1921875000000001 0.9015625 0.2953125000000001 0.9015625
41 0.4125000000000002 0.8875 0.3062500000000001 0.8875 0.3062500000000001 0.9203125 0.4125000000000002 0.9203125
20 0.2984375000000001 0.446875 0.19218750000000004 0.446875 0.19218750000000004 0.5125 0.2984375000000001 0.5125
15 0.6421875000000001 0.7203125 0.5390625 0.7203125 0.5390625000000001 0.753125 0.6421875000000001 0.753125
53 0.4140625 0.6765625 0.3078125000000001 0.6765625 0.3078125000000001 0.7078125 0.4140625 0.7078125
36 0.4140625 0.60625 0.3078125000000001 0.60625 0.3078125000000001 0.6375 0.4140625 0.6375
16 0.6437500000000002 0.790625 0.5406250000000001 0.790625 0.5406250000000001 0.821875 0.6437500000000002 0.821875
9 0.2984375000000001 0.6234375 0.19531250000000008 0.6234375 0.19531250000000008 0.6546875 0.2984375000000001 0.6546875
40 0.6421875 0.5796875 0.5390625 0.5796875 0.5390625 0.6109375 0.6421875 0.6109375
10 0.5265625000000002 0.8796875 0.4234375000000002 0.8796875 0.4234375000000002 0.9109375 0.5265625000000002 0.9109375
18 0.6421875 0.615625 0.5390625 0.615625 0.5390625 0.646875 0.6421875 0.646875
0 0.2968750000000001 0.5890625 0.1937500000000001 0.5890625 0.1937500000000001 0.6203125 0.2968750000000001 0.6203125
31 0.5265625 0.596875 0.4234375 0.596875 0.4234375 0.628125 0.5265625 0.628125
26 0.4140625 0.4453125 0.3078125000000001 0.4453125 0.3078125000000001 0.4953125 0.4140625 0.4953125
11 0.3000000000000001 0.5171875 0.19375000000000003 0.5171875 0.19375000000000006 0.5484375 0.3000000000000001 0.5484375
46 0.64375 0.44375 0.5375 0.44375 0.5375 0.540625 0.64375 0.540625
55 0.6421875000000001 0.75625 0.5390625000000002 0.75625 0.5390625000000002 0.7875 0.6421875000000001 0.7875
48 0.2984375000000001 0.553125 0.19531250000000008 0.553125 0.19531250000000008 0.584375 0.2984375000000001 0.584375
13 0.7687500000000002 0.803125 0.6546875000000002 0.803125 0.6546875000000002 0.84375 0.7687500000000002 0.84375
24 0.5265625000000002 0.7375 0.4234375000000002 0.7375 0.4234375000000002 0.76875 0.5265625000000002 0.76875
30 0.8015625 0.16093750000000004 0.06250000000000003 0.1609375 0.06250000000000007 0.996875 0.8015625 0.996875
51 0.41406250000000017 0.746875 0.3078125000000001 0.746875 0.3078125000000001 0.778125 0.41406250000000017 0.778125
47 0.7718750000000001 0.6171875000000001 0.6546875 0.6171875 0.6546875000000001 0.8015625 0.7718750000000002 0.8015625
7 0.2984375000000001 0.69375 0.19531250000000008 0.69375 0.19531250000000008 0.725 0.2984375000000001 0.725
59 0.4140625000000001 0.7109375 0.3078125000000001 0.7109375 0.3078125000000001 0.7421875 0.41406250000000017 0.7421875
57 0.6437500000000002 0.8265625 0.5406250000000001 0.8265625 0.5406250000000001 0.8578125 0.6437500000000002 0.8578125
35 0.64375 0.6859375 0.540625 0.6859375 0.540625 0.7171875 0.64375 0.7171875