3 0.2093750000000001 0.4109375 0.11875000000000005 0.4109375 0.11875000000000005 0.4953125 0.2093750000000001 0.4953125
17 0.2328125000000001 0.684375 0.1468750000000001 0.684375 0.1468750000000001 0.7328125 0.2328125000000001 0.7328125
10 0.4359375 0.5140625 0.3375000000000001 0.5140625 0.3375000000000001 0.5984375 0.4359375 0.5984375
49 0.7296875 0.5906250000000001 0.5796875 0.590625 0.5796875000000001 0.7359375000000001 0.7296875000000002 0.7359375000000001
21 0.31093750000000003 0.35625 0.2171875 0.35625 0.21718750000000003 0.440625 0.3109375000000001 0.440625
23 0.4078125 0.23125000000000004 0.3109375 0.23125 0.3109375 0.31875000000000003 0.4078125 0.3187500000000001
32 0.5625 0.55625 0.45625 0.55625 0.45625 0.64375 0.5625 0.64375
45 0.45000000000000007 0.6125 0.3468750000000001 0.6125 0.3468750000000001 0.734375 0.4500000000000002 0.734375
57 0.5375 0.3609375000000001 0.4359375 0.3609375000000001 0.4359375 0.4515625 0.5375 0.4515625
1 0.22656250000000008 0.5921875 0.1359375000000001 0.5921875 0.1359375000000001 0.6703125 0.22656250000000008 0.6703125
59 0.28125 0.08125000000000003 0.1875 0.08125000000000002 0.1875 0.16875000000000004 0.28125 0.16875000000000004
7 0.1703125 0.054687500000000014 0.084375 0.0546875 0.084375 0.1390625 0.1703125 0.1390625
5 0.19062500000000004 0.2328125 0.10468750000000004 0.2328125 0.10468750000000004 0.3171875 0.19062500000000004 0.3171875
24 0.3984375 0.13593750000000004 0.3 0.13593750000000004 0.3 0.22656250000000006 0.3984375 0.22656250000000008
43 0.428125 0.41875 0.3312500000000001 0.41875 0.3312500000000001 0.50625 0.428125 0.50625
56 0.31718750000000007 0.4484375 0.2234375000000001 0.4484375 0.2234375000000001 0.5328125 0.31718750000000007 0.5328125
6 0.18125000000000002 0.14375 0.09375000000000003 0.14375 0.09375000000000003 0.228125 0.18125000000000005 0.228125
55 0.5171875 0.16718750000000004 0.415625 0.16718750000000004 0.415625 0.2609375000000001 0.5171875 0.2609375000000001
4 0.19687500000000005 0.3234375 0.11093750000000005 0.3234375 0.11093750000000005 0.4046875 0.19687500000000005 0.4046875
53 0.2734375 0.0015625000000000278 0.1796875 0.0015625000000000222 0.1796875 0.07968750000000004 0.2734375 0.07968750000000005
2 0.2171875000000001 0.5015625 0.12968750000000004 0.5015625 0.12968750000000007 0.5828125 0.2171875000000001 0.5828125
16 0.5296875 0.2640625000000001 0.4265625 0.2640625000000001 0.4265625 0.3546875000000001 0.5296875 0.3546875000000001
35 0.496875 5.472640383689735e-17 0.396875 4.860316984116058e-17 0.396875 0.07187500000000005 0.496875 0.07187500000000006
58 0.5484375 0.459375 0.446875 0.459375 0.446875 0.546875 0.5484375 0.546875
42 0.2984375 0.2640625 0.2078125 0.2640625 0.2078125 0.3484375 0.2984375 0.3484375
15 0.5078125 0.07031250000000006 0.40625 0.07031250000000004 0.40625 0.16562500000000005 0.5078125 0.16562500000000005
44 0.5703125000000001 0.65625 0.4640625 0.65625 0.4640625000000001 0.734375 0.5703125000000002 0.734375
13 0.6875 0.2875000000000001 0.546875 0.2875000000000001 0.546875 0.3843750000000001 0.6875 0.3843750000000001
19 0.41875 0.32500000000000007 0.3203125 0.325 0.32031250000000006 0.4125 0.41875 0.4125
8 0.1625 1.4542680739874818e-17 0.075 9.184850993605149e-18 0.075 0.05156250000000001 0.1625 0.051562500000000025
25 0.3890625 0.04375000000000004 0.2921875 0.04375000000000003 0.2921875 0.13281250000000006 0.3890625 0.13281250000000006
28 0.3796875 4.047074969057269e-17 0.28125 3.444319122601931e-17 0.28125 0.040625000000000036 0.3796875 0.04062500000000004
51 0.2890625 0.17343750000000005 0.1984375 0.17343750000000005 0.19843750000000002 0.2578125 0.2890625 0.2578125
30 0.7593750000000001 4.649830815512607e-17 0 0 4.63069570927593e-17 0.7562500000000001 0.7593750000000001 0.7562500000000002
47 0.675 7.156529732517345e-17 0.49375 6.046693570790056e-17 0.49375 0.2890625000000001 0.675 0.2890625000000001
52 0.3375000000000001 0.6359375 0.24375000000000008 0.6359375 0.24375000000000008 0.7359375 0.3375000000000001 0.7359375
41 0.3312500000000001 0.540625 0.2328125000000001 0.540625 0.2328125000000001 0.625 0.3312500000000001 0.625