50 0.7015625 0.4625 0.653125 0.4625 0.653125 0.525 0.7015625 0.525
53 0.534375 0.27031250000000007 0.4890625 0.27031250000000007 0.4890625 0.3265625000000001 0.534375 0.3265625000000001
42 0.38125 0.27031250000000007 0.3359375 0.2703125 0.3359375 0.32656250000000003 0.38125 0.3265625000000001
45 0.18593750000000003 0.334375 0.11093750000000005 0.334375 0.11093750000000005 0.390625 0.18593750000000003 0.390625
21 0.33125 0.2703125 0.2859375 0.2703125 0.2859375 0.3265625 0.33125 0.3265625
15 0.4671875 0.3968750000000001 0.4203125 0.3968750000000001 0.4203125 0.45625 0.4671875 0.45625
16 0.36406250000000007 0.39687500000000003 0.31718750000000007 0.396875 0.31718750000000007 0.45625 0.36406250000000007 0.45625
20 0.8421875 0.2093750000000001 0.765625 0.2093750000000001 0.765625 0.2640625000000001 0.8421875 0.2640625000000001
10 0.23750000000000004 0.334375 0.19218750000000004 0.334375 0.19218750000000004 0.390625 0.2375000000000001 0.390625
8 0.559375 0.21093750000000008 0.515625 0.21093750000000008 0.515625 0.2640625000000001 0.559375 0.2640625000000001
5 0.4078125 0.21093750000000008 0.3640625 0.21093750000000008 0.3640625 0.2640625000000001 0.4078125 0.2640625000000001
30 1 0.15156250000000007 0.08750000000000002 0.1515625 0.08750000000000005 0.5468750000000001 1 0.5468750000000002
25 0.49375 0.33281250000000007 0.4484375 0.33281250000000007 0.4484375 0.3890625000000001 0.49375 0.3890625000000001
52 0.17968750000000006 0.2703125 0.11406250000000004 0.2703125 0.11406250000000004 0.3265625 0.17968750000000006 0.3265625
41 0.23125 0.2703125 0.18437500000000004 0.2703125 0.18437500000000004 0.3265625 0.23125 0.3265625
13 0.3046875000000001 0.4640625 0.2578125000000001 0.4640625 0.2578125000000001 0.5265625 0.3046875000000001 0.5265625
33 0.571875 0.3968750000000001 0.525 0.3968750000000001 0.525 0.45625 0.571875 0.45625
38 0.6875 0.27031250000000007 0.64375 0.27031250000000007 0.64375 0.3265625000000001 0.6875 0.3265625000000001
12 0.753125 0.33281250000000007 0.70625 0.33281250000000007 0.70625 0.3890625000000001 0.753125 0.3890625000000001
19 0.33906250000000004 0.334375 0.29375 0.334375 0.29375000000000007 0.390625 0.3390625000000001 0.390625
4 0.3578125 0.2109375 0.3140625 0.2109375 0.3140625 0.2640625 0.3578125 0.2640625
51 0.4328125 0.27031250000000007 0.3875 0.27031250000000007 0.3875 0.3265625000000001 0.4328125 0.3265625000000001
55 0.415625 0.3968750000000001 0.3687500000000001 0.3968750000000001 0.3687500000000001 0.45625 0.415625 0.45625
7 0.509375 0.21093750000000008 0.465625 0.21093750000000008 0.465625 0.2640625000000001 0.509375 0.2640625000000001
9 0.609375 0.21093750000000008 0.565625 0.21093750000000008 0.565625 0.2640625000000001 0.609375 0.2640625000000001
47 0.55 0.4640625 0.3109375000000001 0.4640625 0.3109375000000001 0.5265625 0.55 0.5265625
59 0.4828125 0.27031250000000007 0.4390625 0.27031250000000007 0.4390625 0.3265625000000001 0.4828125 0.3265625000000001
1 0.209375 0.2109375 0.16562500000000005 0.2109375 0.16562500000000005 0.265625 0.209375 0.265625
29 0.5984375 0.33281250000000007 0.5515625 0.33281250000000007 0.5515625 0.3890625000000001 0.5984375 0.3890625000000001
18 0.625 0.3968750000000001 0.578125 0.3968750000000001 0.578125 0.45625 0.625 0.45625
2 0.259375 0.2125 0.215625 0.2125 0.215625 0.265625 0.259375 0.265625
58 0.2609375000000001 0.396875 0.2140625000000001 0.396875 0.2140625000000001 0.453125 0.2609375000000001 0.453125
39 0.7796875 0.27031250000000007 0.7453125 0.27031250000000007 0.7453125 0.3265625000000001 0.7796875 0.3265625000000001
49 0.15625000000000006 0.4625 0.09687500000000007 0.4625 0.09687500000000007 0.525 0.15625000000000006 0.525
44 0.15781250000000005 0.396875 0.10312500000000005 0.396875 0.10312500000000005 0.45625 0.15781250000000005 0.45625
54 0.7390625 0.27031250000000007 0.69375 0.27031250000000007 0.69375 0.3265625000000001 0.7390625 0.3265625000000001
40 0.6765625 0.3984375000000001 0.6296875 0.3984375000000001 0.6296875 0.4546875 0.6765625 0.4546875
35 0.5203125 0.3968750000000001 0.4734375 0.3968750000000001 0.4734375 0.45625 0.5203125 0.45625
46 0.853125 0.3968750000000001 0.734375 0.3968750000000001 0.734375 0.45312500000000017 0.853125 0.45312500000000017
56 0.28125 0.2703125 0.234375 0.2703125 0.234375 0.3265625 0.28125 0.3265625
6 0.4578125 0.21093750000000008 0.4140625 0.21093750000000008 0.4140625 0.2640625000000001 0.4578125 0.2640625000000001
23 0.39062500000000006 0.33281250000000007 0.346875 0.3328125 0.34687500000000004 0.38906250000000003 0.3906250000000001 0.3890625000000001
31 0.65 0.33281250000000007 0.603125 0.33281250000000007 0.603125 0.3890625000000001 0.65 0.3890625000000001
17 0.15937500000000004 0.2125 0.12187500000000004 0.2125 0.12187500000000004 0.265625 0.15937500000000004 0.265625
26 0.7953125 0.33281250000000007 0.7578125 0.33281250000000007 0.7578125 0.3890625000000001 0.7953125 0.3890625000000001
22 0.8484375 0.2671875000000001 0.7859375 0.2671875000000001 0.7859375 0.3890625000000001 0.8484375 0.3890625000000001
27 0.584375 0.27031250000000007 0.540625 0.27031250000000007 0.540625 0.3265625000000001 0.584375 0.3265625000000001
37 0.7015625 0.33281250000000007 0.6546875 0.33281250000000007 0.6546875 0.3890625000000001 0.7015625 0.3890625000000001
11 0.7609375 0.21093750000000008 0.7171875 0.21093750000000008 0.7171875 0.2640625000000001 0.7609375 0.2640625000000001
48 0.7109375 0.21093750000000008 0.665625 0.21093750000000008 0.665625 0.2640625000000001 0.7109375 0.2640625000000001
28 0.54375 0.33281250000000007 0.5 0.33281250000000007 0.5 0.3890625000000001 0.54375 0.3890625000000001
0 0.6609375 0.21093750000000008 0.6140625 0.21093750000000008 0.6140625 0.2640625000000001 0.6609375 0.2640625000000001
14 0.603125 0.4625 0.55625 0.4625 0.55625 0.525 0.603125 0.525
34 0.728125 0.3968750000000001 0.68125 0.3968750000000001 0.68125 0.4531250000000001 0.728125 0.45312500000000017
36 0.6359375 0.27031250000000007 0.590625 0.27031250000000007 0.590625 0.3265625000000001 0.6359375 0.3265625000000001
57 0.3109375000000001 0.396875 0.2640625000000001 0.396875 0.2640625000000001 0.45625 0.3109375000000001 0.45625
43 0.28906250000000006 0.334375 0.24375 0.334375 0.24375000000000005 0.390625 0.2890625000000001 0.390625
3 0.309375 0.2109375 0.2640625 0.2109375 0.2640625 0.265625 0.309375 0.265625
32 0.2093750000000001 0.396875 0.16250000000000003 0.396875 0.16250000000000003 0.45625 0.2093750000000001 0.45625
24 0.4421875 0.3343750000000001 0.396875 0.3343750000000001 0.39687500000000003 0.3906250000000001 0.4421875 0.3906250000000001