39 0.603125 0.675 0.5765625 0.675 0.5765625 0.703125 0.603125 0.703125
31 0.5062500000000001 0.7015625 0.4703125 0.7015625 0.4703125000000001 0.7296875 0.5062500000000002 0.7296875
15 0.3671875000000001 0.7265625 0.3312500000000001 0.7265625 0.3312500000000001 0.759375 0.3671875000000001 0.759375
47 0.4281250000000002 0.7609375 0.2406250000000001 0.7609375 0.2406250000000001 0.803125 0.4281250000000002 0.803125
48 0.5546875 0.6484375 0.521875 0.6484375 0.521875 0.6734375 0.5546875 0.6734375
50 0.5437500000000002 0.765625 0.5062500000000002 0.765625 0.5062500000000002 0.8015625 0.5437500000000002 0.8015625
17 0.1625000000000001 0.6375 0.1312500000000001 0.6375 0.1312500000000001 0.6609375 0.1625000000000001 0.6609375
0 0.5171875 0.646875 0.484375 0.646875 0.484375 0.671875 0.5171875 0.671875
44 0.1375000000000001 0.7203125 0.0906250000000001 0.7203125 0.0906250000000001 0.753125 0.1375000000000001 0.753125
14 0.46875000000000017 0.7640625 0.42968750000000017 0.7640625 0.42968750000000017 0.8 0.46875000000000017 0.8
51 0.3500000000000001 0.6671875 0.31718750000000007 0.6671875 0.31718750000000007 0.6953125 0.3500000000000001 0.6953125
22 0.6562500000000001 0.675 0.6078125 0.675 0.6078125000000001 0.7328125 0.6562500000000002 0.7328125
36 0.4984375 0.6734375 0.465625 0.6734375 0.465625 0.7015625 0.4984375 0.7015625
20 0.65 0.65 0.59375 0.65 0.59375 0.675 0.65 0.675
4 0.3031250000000001 0.640625 0.27031250000000007 0.640625 0.27031250000000007 0.665625 0.3031250000000001 0.665625
1 0.1984375000000001 0.6375 0.1609375000000001 0.6375 0.1609375000000001 0.6625 0.1984375000000001 0.6625
9 0.48125 0.6453125 0.4484375 0.6453125 0.4484375 0.6703125 0.48125 0.6703125
55 0.3296875000000001 0.728125 0.2921875000000001 0.728125 0.2921875000000001 0.7578125 0.3296875000000001 0.7578125
35 0.40625000000000017 0.728125 0.3703125000000001 0.728125 0.3703125000000001 0.7609375 0.40625000000000017 0.7609375
33 0.4468750000000002 0.7296875 0.40937500000000016 0.7296875 0.40937500000000016 0.7625 0.4468750000000002 0.7625
52 0.17187500000000008 0.6625 0.11718750000000008 0.6625 0.11718750000000008 0.690625 0.17187500000000008 0.690625
30 0.83125 0.6125 0.06562500000000007 0.6125 0.06562500000000009 0.81875 0.83125 0.81875
27 0.4609375 0.671875 0.428125 0.671875 0.428125 0.6984375 0.4609375 0.6984375
34 0.5656250000000002 0.734375 0.5296875000000002 0.734375 0.5296875000000002 0.7640625 0.5656250000000002 0.7640625
7 0.409375 0.6453125 0.3765625000000001 0.6453125 0.3765625000000001 0.6703125 0.409375 0.6703125
5 0.3375000000000001 0.6421875 0.3046875000000001 0.6421875 0.3046875000000001 0.6671875 0.3375000000000001 0.6671875
19 0.2796875000000001 0.6953125 0.24218750000000008 0.6953125 0.24218750000000008 0.725 0.2796875000000001 0.725
26 0.6156250000000001 0.7046875 0.5875 0.7046875 0.5875000000000001 0.7328125 0.6156250000000002 0.7328125
53 0.425 0.6703125 0.3906250000000001 0.6703125 0.3906250000000001 0.6984375 0.425 0.6984375
25 0.3906250000000001 0.6984375 0.3578125000000001 0.6984375 0.3578125000000001 0.728125 0.3906250000000001 0.728125
49 0.1281250000000001 0.7546875 0.0750000000000001 0.7546875 0.0750000000000001 0.7890625 0.1281250000000001 0.7890625
2 0.2328125000000001 0.640625 0.1984375000000001 0.640625 0.1984375000000001 0.6640625 0.2328125000000001 0.6640625
58 0.2140625000000001 0.7234375 0.1750000000000001 0.7234375 0.1750000000000001 0.7546875 0.2140625000000001 0.7546875
11 0.5890625 0.65 0.5578125 0.65 0.5578125 0.675 0.5890625 0.675
43 0.24218750000000008 0.6953125 0.20468750000000008 0.6953125 0.20468750000000008 0.7234375 0.24218750000000008 0.7234375
38 0.5359375 0.6734375 0.503125 0.6734375 0.503125 0.7 0.5359375 0.7
10 0.2062500000000001 0.6921875 0.16562500000000008 0.6921875 0.16562500000000008 0.721875 0.2062500000000001 0.721875
18 0.4859375000000002 0.7328125 0.4500000000000002 0.7328125 0.4500000000000002 0.7625 0.4859375000000002 0.7625
37 0.5437500000000001 0.7015625 0.509375 0.7015625 0.5093750000000001 0.73125 0.5437500000000002 0.73125
57 0.2515625000000001 0.725 0.2140625000000001 0.725 0.2140625000000001 0.75625 0.2515625000000001 0.75625
13 0.2390625000000001 0.75625 0.1984375000000001 0.75625 0.1984375000000001 0.7921875 0.2390625000000001 0.7921875
28 0.4281250000000001 0.7 0.39531250000000007 0.7 0.39531250000000007 0.728125 0.4281250000000002 0.728125
23 0.31718750000000007 0.6953125 0.2812500000000001 0.6953125 0.2812500000000001 0.725 0.31718750000000007 0.725
46 0.6609375000000002 0.7359375 0.5687500000000002 0.7359375 0.5687500000000002 0.765625 0.6609375000000002 0.765625
16 0.2906250000000001 0.725 0.2515625000000001 0.725 0.2515625000000001 0.7578125 0.2906250000000001 0.7578125
41 0.2078125000000001 0.6640625 0.1687500000000001 0.6640625 0.1687500000000001 0.69375 0.2078125000000001 0.69375
59 0.3890625000000001 0.6671875 0.3546875000000001 0.6671875 0.3546875000000001 0.696875 0.3890625000000001 0.696875
45 0.1687500000000001 0.6921875 0.10781250000000009 0.6921875 0.10781250000000009 0.7203125 0.1687500000000001 0.7203125
54 0.5734375 0.6734375 0.5390625 0.6734375 0.5390625 0.7015625 0.5734375 0.7015625
12 0.5843750000000001 0.703125 0.5484375 0.703125 0.5484375000000001 0.7328125 0.5843750000000002 0.7328125
40 0.5250000000000001 0.7328125 0.4890625000000002 0.7328125 0.4890625000000002 0.7625 0.5250000000000001 0.7625
21 0.27812500000000007 0.665625 0.24218750000000008 0.665625 0.24218750000000008 0.6953125 0.27812500000000007 0.6953125
42 0.3140625000000001 0.6671875 0.2796875000000001 0.6671875 0.2796875000000001 0.6953125 0.3140625000000001 0.6953125
24 0.3546875000000001 0.696875 0.3187500000000001 0.696875 0.3187500000000001 0.7265625 0.3546875000000001 0.7265625
29 0.4687500000000001 0.7015625 0.4328125 0.7015625 0.4328125000000001 0.73125 0.46875000000000017 0.73125
3 0.2687500000000001 0.640625 0.23437500000000008 0.640625 0.23437500000000008 0.665625 0.2687500000000001 0.665625
6 0.3734375000000001 0.64375 0.34062500000000007 0.64375 0.34062500000000007 0.6671875 0.3734375000000001 0.6671875
8 0.4453125 0.6453125 0.4125 0.6453125 0.4125 0.6703125 0.4453125 0.6703125
32 0.1765625000000001 0.7234375 0.1359375000000001 0.7234375 0.1359375000000001 0.753125 0.1765625000000001 0.753125
56 0.24375000000000008 0.665625 0.2078125000000001 0.665625 0.2078125000000001 0.69375 0.24375000000000008 0.69375