47 0.665625 0.34843750000000007 0.3703125 0.34843750000000007 0.37031250000000004 0.4171875 0.665625 0.4171875
32 0.2515625 0.28125 0.19687500000000005 0.28125 0.19687500000000005 0.3453125 0.2515625 0.3453125
31 0.7515625 0.21093750000000008 0.6984375 0.21093750000000008 0.6984375 0.2734375000000001 0.7515625 0.2734375000000001
21 0.3875 0.14687500000000003 0.334375 0.14687500000000003 0.334375 0.20781250000000004 0.3875 0.2078125000000001
36 0.734375 0.1453125000000001 0.68125 0.1453125000000001 0.68125 0.20468750000000008 0.734375 0.20468750000000008
59 0.5609375 0.14531250000000007 0.509375 0.14531250000000004 0.509375 0.2062500000000001 0.5609375 0.2062500000000001
4 0.4203125 0.08281250000000004 0.36875 0.08281250000000004 0.36875 0.14062500000000006 0.4203125 0.14062500000000006
22 0.96875 0.1421875000000001 0.8984375 0.14218750000000008 0.8984375 0.2718750000000001 0.96875 0.2718750000000001
11 0.875 0.0796875000000001 0.825 0.0796875000000001 0.825 0.1390625000000001 0.875 0.1390625000000001
0 0.7609375 0.07968750000000009 0.709375 0.07968750000000009 0.709375 0.1390625000000001 0.7609375 0.1390625000000001
57 0.36875 0.28125000000000006 0.315625 0.28125 0.315625 0.3453125 0.36875 0.3453125000000001
43 0.340625 0.2140625 0.2890625 0.2140625 0.2890625 0.275 0.340625 0.275
40 0.784375 0.27812500000000007 0.7296875 0.27812500000000007 0.7296875 0.34062500000000007 0.784375 0.34062500000000007
41 0.2734375 0.15156250000000004 0.2203125 0.15156250000000004 0.2203125 0.2109375 0.2734375 0.2109375
55 0.4875 0.2796875000000001 0.4328125 0.2796875000000001 0.4328125 0.3421875000000001 0.4875 0.3421875000000001
38 0.7921875 0.1437500000000001 0.7390625 0.1437500000000001 0.7390625 0.20312500000000008 0.7921875 0.20312500000000008
26 0.9125 0.2093750000000001 0.875 0.2093750000000001 0.875 0.2718750000000001 0.9125 0.2718750000000001
49 0.17500000000000004 0.3515625 0.11875000000000005 0.3515625 0.11875000000000005 0.4171875 0.17500000000000004 0.4171875
37 0.8109375 0.2093750000000001 0.7578125 0.2093750000000001 0.7578125 0.2718750000000001 0.8109375 0.2718750000000001
9 0.7046875 0.07968750000000009 0.653125 0.07968750000000009 0.653125 0.1390625000000001 0.7046875 0.1390625000000001
25 0.575 0.2093750000000001 0.5234375 0.2093750000000001 0.5234375 0.2734375000000001 0.575 0.2734375000000001
44 0.19375000000000003 0.28125 0.12500000000000006 0.28125 0.12500000000000006 0.346875 0.19375000000000003 0.346875
56 0.3296875 0.14687500000000003 0.278125 0.14687500000000003 0.278125 0.2078125 0.3296875 0.2078125
39 0.8921875 0.1453125000000001 0.8546875 0.1453125000000001 0.8546875 0.20468750000000008 0.8921875 0.20468750000000008
33 0.665625 0.27812500000000007 0.609375 0.27812500000000007 0.609375 0.3421875000000001 0.665625 0.3421875000000001
1 0.253125 0.08593750000000003 0.2015625 0.08593750000000003 0.2015625 0.14531250000000004 0.253125 0.14531250000000004
46 0.91875 0.27812500000000007 0.8484375 0.27812500000000007 0.8484375 0.3421875000000001 0.91875 0.3421875000000001
20 0.9609375 0.08125000000000011 0.8796875 0.08125000000000011 0.8796875 0.13906250000000012 0.9609375 0.13906250000000014
14 0.7421875 0.3468750000000001 0.671875 0.3468750000000001 0.671875 0.4140625000000001 0.7421875 0.41406250000000017
6 0.534375 0.08281250000000007 0.4828125 0.08281250000000007 0.4828125 0.14062500000000006 0.534375 0.14062500000000006
18 0.725 0.2765625000000001 0.6703125 0.2765625000000001 0.6703125 0.34062500000000007 0.725 0.34062500000000007
3 0.3625 0.08281250000000004 0.3109375 0.08281250000000004 0.3109375 0.14218750000000005 0.3625 0.14218750000000005
7 0.590625 0.08125000000000007 0.5390625 0.08125000000000007 0.5390625 0.13906250000000006 0.590625 0.1390625000000001
28 0.634375 0.2093750000000001 0.5828125 0.2093750000000001 0.5828125 0.2734375000000001 0.634375 0.2734375000000001
30 1 0.012500000000000067 0.1046875 0.012500000000000011 0.10468750000000002 0.4359375000000001 1 0.4359375000000002
17 0.196875 0.08906250000000002 0.1453125 0.08906250000000002 0.1453125 0.14687500000000003 0.196875 0.14687500000000003
27 0.6765625 0.1437500000000001 0.625 0.1437500000000001 0.625 0.20312500000000008 0.6765625 0.20312500000000008
42 0.4453125 0.14531250000000004 0.3921875 0.14531250000000004 0.3921875 0.2078125000000001 0.4453125 0.2078125000000001
53 0.61875 0.1453125000000001 0.565625 0.1453125000000001 0.565625 0.2062500000000001 0.61875 0.2062500000000001
50 0.8640625 0.3468750000000001 0.80625 0.3468750000000001 0.80625 0.41406250000000017 0.8640625 0.41406250000000017
23 0.4578125 0.21093750000000008 0.40625 0.21093750000000008 0.40625 0.2734375000000001 0.4578125 0.2734375000000001
52 0.21875 0.15000000000000002 0.1375 0.15 0.1375 0.2125 0.21875 0.2125
8 0.646875 0.08125000000000007 0.596875 0.08125000000000007 0.596875 0.14062500000000008 0.646875 0.14062500000000008
29 0.69375 0.21093750000000008 0.640625 0.21093750000000008 0.640625 0.2734375000000001 0.69375 0.2734375000000001
10 0.284375 0.2140625 0.23125 0.2140625 0.23125 0.2765625 0.284375 0.2765625
12 0.8703125 0.2093750000000001 0.8171875 0.2093750000000001 0.8171875 0.2718750000000001 0.8703125 0.2718750000000001
5 0.478125 0.08281250000000005 0.4265625 0.08281250000000004 0.4265625 0.14062500000000006 0.478125 0.14062500000000006
35 0.6046875 0.27812500000000007 0.5515625 0.27812500000000007 0.5515625 0.3421875000000001 0.6046875 0.3421875000000001
19 0.3984375 0.21250000000000005 0.346875 0.2125 0.346875 0.275 0.3984375 0.2750000000000001
58 0.309375 0.28125 0.25625 0.28125 0.25625 0.34375 0.309375 0.34375
48 0.81875 0.0796875000000001 0.7671875 0.07968750000000009 0.7671875 0.1390625000000001 0.81875 0.1390625000000001
51 0.503125 0.14375000000000004 0.4515625 0.14375000000000004 0.4515625 0.2062500000000001 0.503125 0.2062500000000001
45 0.228125 0.2140625 0.13125000000000003 0.2140625 0.13125000000000003 0.278125 0.228125 0.278125
24 0.5171875 0.21093750000000008 0.4640625 0.21093750000000008 0.4640625 0.2734375000000001 0.5171875 0.2734375000000001
16 0.4265625 0.2796875000000001 0.371875 0.2796875000000001 0.371875 0.3437500000000001 0.4265625 0.3437500000000001
15 0.546875 0.27812500000000007 0.4921875 0.27812500000000007 0.4921875 0.3421875000000001 0.546875 0.3421875000000001
2 0.3078125 0.08593750000000003 0.25625 0.08593750000000003 0.25625 0.14531250000000004 0.3078125 0.14531250000000004
13 0.36562500000000003 0.35000000000000003 0.2953125 0.35 0.29531250000000003 0.4171875 0.3656250000000001 0.4171875
34 0.84375 0.2765625000000001 0.790625 0.2765625000000001 0.790625 0.3390625000000001 0.84375 0.3390625000000001
54 0.85 0.1437500000000001 0.796875 0.1437500000000001 0.796875 0.20312500000000008 0.85 0.20312500000000008