32 0.4515625000000002 0.9109375 0.3390625000000001 0.9109375 0.3390625000000001 0.946875 0.4515625000000002 0.946875
14 0.3265625000000001 0.56875 0.20468750000000008 0.56875 0.20468750000000008 0.609375 0.3265625000000001 0.609375
22 0.571875 0.43125 0.459375 0.43125 0.459375 0.5125 0.571875 0.5125
58 0.44843750000000016 0.875 0.3375000000000001 0.875 0.3375000000000001 0.909375 0.44843750000000016 0.909375
54 0.69375 0.5265625 0.5828125 0.5265625 0.5828125 0.5609375 0.69375 0.5609375
29 0.5703125 0.6296875 0.459375 0.6296875 0.459375 0.6640625 0.5703125 0.6640625
56 0.6968750000000001 0.865625 0.5843750000000002 0.865625 0.5843750000000002 0.9 0.6968750000000001 0.9
34 0.446875 0.5359375 0.3375000000000001 0.5359375 0.3375000000000001 0.5703125 0.446875 0.5703125
28 0.5703125 0.6671875 0.459375 0.6671875 0.459375 0.7 0.5703125 0.7
27 0.6953125 0.6390625 0.584375 0.6390625 0.584375 0.671875 0.6953125 0.671875
17 0.8171875 0.9609375 0.7078125000000002 0.9609375 0.7078125000000002 0.9953125 0.8171875 0.9953125
49 0.3281250000000001 0.95 0.2062500000000001 0.95 0.2062500000000001 0.99375 0.3281250000000001 0.99375
5 0.8171875 0.7718750000000001 0.7078125000000002 0.771875 0.7078125000000002 0.80625 0.8171875 0.80625
1 0.8171875 0.921875 0.7062500000000002 0.921875 0.7062500000000002 0.95625 0.8171875 0.95625
37 0.571875 0.5546875 0.4625 0.5546875 0.4625 0.5875 0.571875 0.5875
42 0.6937500000000002 0.7890625 0.5828125000000002 0.7890625 0.5828125000000002 0.8234375 0.6937500000000002 0.8234375
38 0.6953125 0.5640625 0.584375 0.5640625 0.584375 0.596875 0.6953125 0.596875
45 0.5734375000000002 0.93125 0.4625000000000002 0.93125 0.4625000000000002 0.99375 0.5734375000000002 0.99375
33 0.446875 0.6484375 0.3359375000000001 0.6484375 0.3359375000000001 0.6828125 0.446875 0.6828125
6 0.8171875 0.7328125000000001 0.7046875000000001 0.7328125 0.7046875000000001 0.7656250000000001 0.8171875 0.7656250000000002
3 0.81875 0.846875 0.7062500000000002 0.846875 0.7062500000000002 0.88125 0.81875 0.88125
23 0.5703125000000002 0.78125 0.4625000000000002 0.78125 0.4625000000000002 0.8140625 0.5703125000000002 0.8140625
52 0.6984375000000002 0.9421875 0.5859375000000002 0.9421875 0.5859375000000002 0.9953125 0.6984375000000002 0.9953125
39 0.6953125 0.4890625 0.5828125 0.4890625 0.5828125 0.5234375 0.6953125 0.5234375
50 0.3265625000000001 0.43125 0.20468750000000008 0.43125 0.20468750000000008 0.475 0.3265625000000001 0.475
44 0.4515625000000002 0.9515625 0.34062500000000007 0.9515625 0.34062500000000007 0.9953125 0.4515625000000002 0.9953125
4 0.81875 0.809375 0.7062500000000002 0.809375 0.7062500000000002 0.8421875 0.81875 0.8421875
43 0.5718750000000001 0.85625 0.4625000000000002 0.85625 0.4625000000000002 0.890625 0.5718750000000001 0.890625
25 0.5703125000000001 0.7046875 0.459375 0.7046875 0.4593750000000001 0.7375 0.5703125000000002 0.7375
19 0.5703125000000002 0.81875 0.4593750000000002 0.81875 0.4593750000000002 0.8515625 0.5703125000000002 0.8515625
21 0.6968750000000001 0.828125 0.5843750000000002 0.828125 0.5843750000000002 0.8625 0.6968750000000001 0.8625
8 0.815625 0.659375 0.70625 0.659375 0.70625 0.6921875000000001 0.815625 0.6921875000000002
12 0.5703125 0.515625 0.459375 0.515625 0.459375 0.55 0.5703125 0.55
2 0.8171875 0.884375 0.7078125000000002 0.884375 0.7078125000000002 0.91875 0.8171875 0.91875
41 0.6968750000000001 0.9015625 0.5843750000000002 0.9015625 0.5843750000000002 0.9375 0.6968750000000001 0.9375
20 0.8171875 0.4312500000000001 0.7046875 0.43125 0.7046875 0.503125 0.8171875 0.5031250000000002
15 0.4484375000000001 0.725 0.3375000000000001 0.725 0.3375000000000001 0.759375 0.44843750000000016 0.759375
53 0.6953125 0.6765625 0.5828125 0.6765625 0.5828125 0.709375 0.6953125 0.709375
36 0.6953125 0.6015625 0.5828125 0.6015625 0.5828125 0.6359375 0.6953125 0.6359375
16 0.4468750000000002 0.8 0.3359375000000001 0.8 0.3359375000000001 0.834375 0.4468750000000002 0.834375
9 0.815625 0.6203125 0.7046875 0.6203125 0.7046875 0.6546875000000001 0.815625 0.6546875000000002
40 0.45 0.5734375 0.34062500000000007 0.5734375 0.34062500000000007 0.6078125 0.45 0.6078125
10 0.5718750000000001 0.89375 0.4625000000000002 0.89375 0.4625000000000002 0.928125 0.5718750000000001 0.928125
18 0.4484375 0.6109375 0.3375000000000001 0.6109375 0.3375000000000001 0.6453125 0.4484375 0.6453125
0 0.815625 0.5828125000000001 0.70625 0.5828125 0.70625 0.6171875000000001 0.815625 0.6171875000000002
31 0.571875 0.5921875 0.4625 0.5921875 0.4625 0.625 0.571875 0.625
26 0.6953125 0.43125 0.5828125 0.43125 0.5828125 0.484375 0.6953125 0.484375
11 0.815625 0.5078125000000001 0.703125 0.5078125 0.703125 0.5406250000000001 0.815625 0.5406250000000001
46 0.4515625 0.4296875 0.3390625000000001 0.4296875 0.3390625000000001 0.5328125 0.4515625 0.5328125
55 0.44843750000000016 0.7625 0.3375000000000001 0.7625 0.3375000000000001 0.7953125 0.44843750000000016 0.7953125
48 0.815625 0.5453125000000001 0.7046875 0.5453125 0.7046875 0.5781250000000001 0.815625 0.5781250000000002
13 0.3265625000000001 0.8125 0.20468750000000008 0.8125 0.20468750000000008 0.85625 0.3265625000000001 0.85625
24 0.5718750000000001 0.74375 0.4625000000000002 0.74375 0.4625000000000002 0.7765625 0.5718750000000001 0.7765625
30 0.95625 0.12656250000000008 0.1703125 0.1265625 0.17031250000000006 1 0.95625 1
51 0.6953125000000002 0.753125 0.5828125000000002 0.753125 0.5828125000000002 0.7859375 0.6953125000000002 0.7859375
47 0.3265625000000001 0.6125 0.2015625000000001 0.6125 0.2015625000000001 0.809375 0.3265625000000001 0.809375
7 0.8140625 0.6953125000000001 0.7046875 0.6953125 0.7046875000000001 0.7281250000000001 0.8140625 0.7281250000000001
59 0.6953125000000001 0.715625 0.5828125 0.715625 0.5828125000000001 0.7484375 0.6953125000000002 0.7484375
57 0.4468750000000002 0.8375 0.3375000000000001 0.8375 0.3375000000000001 0.871875 0.4468750000000002 0.871875
35 0.446875 0.6859375 0.3375000000000001 0.6859375 0.3375000000000001 0.7203125 0.446875 0.7203125