6 0.4109375 0.16718750000000004 0.3734375 0.16718750000000004 0.3734375 0.23437500000000008 0.4109375 0.23437500000000008
21 0.3078125 0.24375 0.2703125 0.24375 0.2703125 0.3140625 0.3078125 0.3140625
51 0.390625 0.24062500000000003 0.3546875 0.240625 0.3546875 0.31250000000000006 0.390625 0.3125000000000001
49 0.17500000000000007 0.4796875 0.12812500000000004 0.4796875 0.12812500000000007 0.5546875 0.1750000000000001 0.5546875
42 0.35 0.2421875 0.3125 0.2421875 0.3125 0.3140625 0.35 0.3140625
23 0.35937500000000006 0.321875 0.321875 0.321875 0.321875 0.390625 0.3593750000000001 0.390625
11 0.6609375 0.16406250000000008 0.625 0.16406250000000008 0.625 0.2328125000000001 0.6609375 0.2328125000000001
20 0.7265625 0.16406250000000008 0.665625 0.16406250000000008 0.665625 0.2328125000000001 0.7265625 0.2328125000000001
45 0.19218750000000004 0.325 0.12812500000000004 0.325 0.12812500000000004 0.39375 0.19218750000000004 0.39375
59 0.434375 0.2406250000000001 0.396875 0.2406250000000001 0.396875 0.3125000000000001 0.434375 0.3125000000000001
35 0.4640625 0.3984375000000001 0.425 0.3984375000000001 0.425 0.46875 0.4640625 0.46875
40 0.5875 0.3984375000000001 0.5515625 0.3984375000000001 0.5515625 0.465625 0.5875 0.465625
28 0.484375 0.3187500000000001 0.4484375 0.3187500000000001 0.4484375 0.3906250000000001 0.484375 0.3906250000000001
25 0.4421875 0.3203125000000001 0.4046875 0.3203125000000001 0.4046875 0.3906250000000001 0.4421875 0.3906250000000001
32 0.21250000000000008 0.4 0.17500000000000004 0.4 0.17500000000000004 0.471875 0.21250000000000008 0.471875
46 0.7265625 0.3968750000000001 0.634375 0.3968750000000001 0.634375 0.4671875000000001 0.7265625 0.4671875000000002
44 0.17031250000000003 0.4015625 0.12968750000000004 0.4015625 0.12968750000000004 0.4734375 0.17031250000000003 0.4734375
55 0.37968750000000007 0.4 0.3421875000000001 0.4 0.3421875000000001 0.46875 0.37968750000000007 0.46875
0 0.578125 0.16406250000000006 0.540625 0.16406250000000006 0.540625 0.2328125000000001 0.578125 0.2328125000000001
10 0.23281250000000003 0.3234375 0.19687500000000005 0.3234375 0.19687500000000005 0.3921875 0.2328125000000001 0.3921875
30 0.884375 0.09687500000000007 0.1203125 0.09687500000000002 0.12031250000000004 0.5703125000000001 0.884375 0.5703125000000002
43 0.275 0.3234375 0.2375 0.3234375 0.23750000000000004 0.3921875 0.2750000000000001 0.3921875
7 0.453125 0.16562500000000005 0.4171875 0.16562500000000005 0.4171875 0.2328125000000001 0.453125 0.2328125000000001
38 0.5984375 0.24218750000000008 0.5625 0.24218750000000008 0.5625 0.3109375000000001 0.5984375 0.3109375000000001
29 0.5265625 0.3187500000000001 0.4890625 0.3187500000000001 0.4890625 0.3906250000000001 0.5265625 0.3906250000000001
4 0.328125 0.16718750000000004 0.290625 0.16718750000000004 0.290625 0.234375 0.328125 0.234375
34 0.6296875 0.3984375000000001 0.5921875 0.3984375000000001 0.5921875 0.465625 0.6296875 0.465625
48 0.61875 0.16562500000000008 0.5828125 0.16562500000000008 0.5828125 0.2328125000000001 0.61875 0.2328125000000001
36 0.5578125 0.24218750000000008 0.5203125 0.24218750000000008 0.5203125 0.3109375000000001 0.5578125 0.3109375000000001
47 0.4875 0.4765625 0.2984375000000001 0.4765625 0.2984375000000001 0.553125 0.4875 0.553125
3 0.2875 0.16718750000000004 0.25 0.16718750000000004 0.25 0.2375 0.2875 0.2375
56 0.265625 0.2421875 0.228125 0.2421875 0.228125 0.315625 0.265625 0.315625
14 0.53125 0.4765625 0.4921875 0.4765625 0.4921875 0.55 0.53125 0.55
57 0.2968750000000001 0.3984375 0.2593750000000001 0.3984375 0.2593750000000001 0.4703125 0.2968750000000001 0.4703125
58 0.25468750000000007 0.4 0.2171875000000001 0.4 0.2171875000000001 0.4703125 0.25468750000000007 0.4703125
27 0.515625 0.24218750000000008 0.4796875 0.24218750000000008 0.4796875 0.3109375000000001 0.515625 0.3109375000000001
5 0.36875 0.16562500000000005 0.3328125 0.16562500000000005 0.3328125 0.23281250000000003 0.36875 0.2328125000000001
15 0.421875 0.4 0.3828125000000001 0.4 0.3828125000000001 0.46875 0.421875 0.46875
13 0.29375000000000007 0.478125 0.25468750000000007 0.478125 0.25468750000000007 0.553125 0.29375000000000007 0.553125
1 0.203125 0.17187500000000003 0.1671875 0.171875 0.16718750000000002 0.2390625 0.203125 0.2390625
22 0.7265625 0.2390625000000001 0.6796875 0.2390625000000001 0.6796875 0.3890625000000001 0.7265625 0.3890625000000001
18 0.546875 0.3984375000000001 0.509375 0.3984375000000001 0.509375 0.4671875 0.546875 0.4671875
12 0.65 0.3187500000000001 0.6140625 0.3187500000000001 0.6140625 0.3890625000000001 0.65 0.3890625000000001
16 0.3375000000000001 0.3984375 0.3000000000000001 0.3984375 0.3000000000000001 0.4703125 0.3375000000000001 0.4703125
41 0.225 0.2453125 0.18750000000000006 0.2453125 0.18750000000000006 0.3171875 0.225 0.3171875
53 0.475 0.2406250000000001 0.4375 0.2406250000000001 0.4375 0.3125000000000001 0.475 0.3125000000000001
39 0.6734375 0.24218750000000008 0.6453125 0.24218750000000008 0.6453125 0.3109375000000001 0.6734375 0.3109375000000001
17 0.16250000000000003 0.171875 0.1296875 0.171875 0.1296875 0.2390625 0.16250000000000003 0.2390625
19 0.31718750000000007 0.321875 0.2796875 0.321875 0.27968750000000003 0.3921875 0.31718750000000007 0.3921875
2 0.2453125 0.17031250000000003 0.2078125 0.17031250000000003 0.2078125 0.2375 0.2453125 0.2375
54 0.640625 0.2406250000000001 0.603125 0.2406250000000001 0.603125 0.3125000000000001 0.640625 0.3125000000000001
37 0.6078125 0.3187500000000001 0.571875 0.3187500000000001 0.571875 0.3906250000000001 0.6078125 0.3906250000000001
50 0.60625 0.475 0.5671875 0.475 0.5671875 0.5515625 0.60625 0.5515625
26 0.6828125 0.3187500000000001 0.6546875 0.3187500000000001 0.6546875 0.3890625000000001 0.6828125 0.3890625000000001
52 0.18125000000000005 0.246875 0.12968750000000004 0.246875 0.12968750000000004 0.3171875 0.18125000000000005 0.3171875
33 0.5046875 0.3984375000000001 0.4671875 0.3984375000000001 0.4671875 0.46875 0.5046875 0.46875
9 0.5359375 0.16562500000000005 0.5 0.16562500000000005 0.5 0.2328125000000001 0.5359375 0.2328125000000001
31 0.5671875 0.3187500000000001 0.5296875 0.3187500000000001 0.5296875 0.3906250000000001 0.5671875 0.3906250000000001
24 0.4015625 0.3203125000000001 0.3640625 0.3203125000000001 0.36406250000000007 0.3906250000000001 0.4015625 0.3906250000000001
8 0.4953125 0.16562500000000005 0.459375 0.16562500000000005 0.459375 0.23437500000000008 0.4953125 0.23437500000000008