41 0.4328125 0.6453125 0.4078125 0.6453125 0.4078125 0.671875 0.4328125 0.671875
27 0.428125 0.453125 0.403125 0.453125 0.403125 0.478125 0.428125 0.478125
1 0.4609375 0.6546875 0.4359375 0.6546875 0.4359375 0.6796875 0.4609375 0.6796875
34 0.3671875000000001 0.37031250000000004 0.3390625000000001 0.3703125 0.3390625000000001 0.39687500000000003 0.3671875000000001 0.3968750000000001
10 0.403125 0.6421875 0.3781250000000001 0.6421875 0.3781250000000001 0.6671875 0.403125 0.6671875
55 0.37187500000000007 0.54375 0.3437500000000001 0.54375 0.3437500000000001 0.56875 0.37187500000000007 0.56875
18 0.3687500000000001 0.428125 0.34062500000000007 0.428125 0.34062500000000007 0.4546875 0.3687500000000001 0.4546875
8 0.4546875 0.4421875 0.4296875 0.4421875 0.4296875 0.465625 0.4546875 0.465625
32 0.3750000000000001 0.6578125 0.3437500000000001 0.6578125 0.3437500000000001 0.6859375 0.3750000000000001 0.6859375
39 0.425 0.3453125000000001 0.4 0.3453125000000001 0.4 0.3703125000000001 0.425 0.3703125000000001
9 0.45625 0.46875 0.43125 0.46875 0.43125 0.4921875 0.45625 0.4921875
57 0.3734375000000001 0.6015625 0.3453125000000001 0.6015625 0.3453125000000001 0.6265625 0.3734375000000001 0.6265625
26 0.396875 0.3312500000000001 0.36875 0.3312500000000001 0.36875 0.3578125000000001 0.396875 0.3578125000000001
5 0.4578125 0.5484375 0.4328125 0.5484375 0.4328125 0.571875 0.4578125 0.571875
12 0.39843750000000006 0.3593750000000001 0.3703125 0.3593750000000001 0.37031250000000004 0.3859375000000001 0.3984375000000001 0.3859375000000001
2 0.459375 0.628125 0.434375 0.628125 0.434375 0.653125 0.459375 0.653125
24 0.403125 0.528125 0.3750000000000001 0.528125 0.3750000000000001 0.553125 0.403125 0.553125
50 0.33437500000000003 0.34375 0.303125 0.34375 0.30312500000000003 0.3921875 0.3343750000000001 0.3921875
53 0.4296875 0.4796875 0.4046875 0.4796875 0.4046875 0.5046875 0.4296875 0.5046875
48 0.453125 0.38750000000000007 0.428125 0.38750000000000007 0.428125 0.4125 0.453125 0.4125
45 0.4046875 0.66875 0.37968750000000007 0.66875 0.37968750000000007 0.71875 0.4046875 0.71875
42 0.43125 0.5625 0.40625 0.5625 0.40625 0.5875 0.43125 0.5875
59 0.4296875 0.5078125 0.4046875 0.5078125 0.4046875 0.5328125 0.4296875 0.5328125
31 0.4 0.415625 0.37187500000000007 0.415625 0.37187500000000007 0.440625 0.4 0.440625
7 0.45625 0.4953125 0.43125 0.4953125 0.43125 0.51875 0.45625 0.51875
11 0.45 0.3609375000000001 0.428125 0.3609375000000001 0.428125 0.3859375000000001 0.45 0.3859375000000001
19 0.4046875 0.584375 0.3765625000000001 0.584375 0.3765625000000001 0.609375 0.4046875 0.609375
56 0.4328125 0.61875 0.4078125 0.61875 0.4078125 0.64375 0.4328125 0.64375
0 0.4546875 0.415625 0.4296875 0.415625 0.4296875 0.440625 0.4546875 0.440625
58 0.3734375000000001 0.6296875 0.3453125000000001 0.6296875 0.3453125000000001 0.65625 0.3734375000000001 0.65625
23 0.403125 0.55625 0.3750000000000001 0.55625 0.3750000000000001 0.58125 0.403125 0.58125
25 0.4 0.5 0.3750000000000001 0.5 0.3750000000000001 0.525 0.4 0.525
16 0.37187500000000007 0.571875 0.3437500000000001 0.571875 0.3437500000000001 0.596875 0.37187500000000007 0.596875
15 0.3703125000000001 0.5140625 0.3421875000000001 0.5140625 0.3421875000000001 0.5390625 0.3703125000000001 0.5390625
54 0.4265625 0.37187500000000007 0.4015625 0.37187500000000007 0.4015625 0.3984375000000001 0.4265625 0.3984375000000001
20 0.45 0.3078125000000001 0.428125 0.3078125000000001 0.428125 0.3609375000000001 0.45 0.3609375000000001
51 0.43125 0.534375 0.40625 0.534375 0.40625 0.559375 0.43125 0.559375
46 0.36718750000000006 0.32031250000000006 0.3390625 0.3203125 0.33906250000000004 0.36718750000000006 0.3671875000000001 0.3671875000000001
36 0.428125 0.4265625 0.403125 0.4265625 0.403125 0.4515625 0.428125 0.4515625
35 0.3703125000000001 0.4859375 0.3421875000000001 0.4859375 0.3421875000000001 0.5109375 0.3703125000000001 0.5109375
30 0.4859375000000001 0.17031250000000003 0.2890625 0.17031250000000003 0.28906250000000006 0.7359375 0.4859375000000002 0.7359375
13 0.34062500000000007 0.603125 0.30937500000000007 0.603125 0.30937500000000007 0.6296875 0.34062500000000007 0.6296875
52 0.434375 0.6734375 0.409375 0.6734375 0.409375 0.7140625 0.434375 0.7140625
4 0.45625 0.575 0.434375 0.575 0.434375 0.6 0.45625 0.6
40 0.3687500000000001 0.39687500000000003 0.34062500000000007 0.396875 0.34062500000000007 0.425 0.3687500000000001 0.425
21 0.43125 0.590625 0.40625 0.590625 0.40625 0.615625 0.43125 0.615625
22 0.4265625 0.2984375000000001 0.3703125 0.2984375000000001 0.3703125 0.3453125000000001 0.4265625 0.3453125000000001
47 0.3390625000000001 0.4515625 0.3078125000000001 0.4515625 0.3078125000000001 0.5984375 0.3390625000000001 0.5984375
44 0.3765625000000001 0.6875 0.3453125000000001 0.6875 0.3453125000000001 0.725 0.3765625000000001 0.725
37 0.4 0.3890625000000001 0.37187500000000007 0.3890625000000001 0.37187500000000007 0.415625 0.4 0.415625
49 0.3437500000000001 0.6921875 0.3125000000000001 0.6921875 0.3125000000000001 0.7328125 0.3437500000000001 0.7328125
17 0.4625 0.684375 0.4375 0.684375 0.4375 0.709375 0.4625 0.709375
43 0.4046875 0.6125 0.3765625000000001 0.6125 0.3765625000000001 0.6390625 0.4046875 0.6390625
38 0.4265625 0.4 0.4015625 0.4 0.4015625 0.425 0.4265625 0.425
29 0.3984375000000001 0.44375 0.3734375000000001 0.44375 0.3734375000000001 0.46875 0.3984375000000001 0.46875
33 0.3687500000000001 0.45625 0.34062500000000007 0.45625 0.34062500000000007 0.48125 0.3687500000000001 0.48125
6 0.4578125 0.521875 0.4328125 0.521875 0.4328125 0.546875 0.4578125 0.546875
14 0.3375000000000001 0.4234375 0.3062500000000001 0.4234375 0.3062500000000001 0.45 0.3375000000000001 0.45
3 0.4578125 0.6015625 0.4328125 0.6015625 0.4328125 0.6265625 0.4578125 0.6265625
28 0.4015625 0.471875 0.3734375000000001 0.471875 0.3734375000000001 0.496875 0.4015625 0.496875