41 0.5546875 0.08125000000000007 0.4546875 0.08125000000000007 0.4546875 0.13281250000000006 0.5546875 0.13281250000000008
25 0.6640625 0.38750000000000007 0.5640625 0.38750000000000007 0.5640625 0.4390625 0.6640625 0.4390625
6 0.4453125 0.34843750000000007 0.3484375 0.3484375 0.34843750000000007 0.39843750000000006 0.4453125 0.3984375000000001
27 0.553125 0.4859375 0.4578125 0.4859375 0.4578125 0.5359375 0.553125 0.5359375
1 0.446875 0.059375000000000046 0.346875 0.059375000000000046 0.346875 0.10937500000000004 0.446875 0.10937500000000004
19 0.6640625 0.2156250000000001 0.5640625 0.2156250000000001 0.5640625 0.2671875000000001 0.6640625 0.2671875000000001
51 0.553125 0.3140625000000001 0.45625 0.3140625000000001 0.45625 0.36406250000000007 0.553125 0.36406250000000007
38 0.5546875 0.5984375 0.45625 0.5984375 0.45625 0.6484375 0.5546875 0.6484375
54 0.5546875 0.65625 0.4546875 0.65625 0.4546875 0.7078125 0.5546875 0.7078125
30 0.975 5.970153145843348e-17 0 0 6.123233995736766e-17 1 0.975 1
21 0.553125 0.19687500000000008 0.45625 0.19687500000000005 0.45625 0.2484375000000001 0.553125 0.2484375000000001
59 0.5546875 0.3703125000000001 0.45625 0.3703125000000001 0.45625 0.4203125 0.5546875 0.4203125
12 0.6656250000000001 0.675 0.565625 0.675 0.565625 0.728125 0.6656250000000001 0.728125
16 0.7734375 0.24375000000000008 0.675 0.24375000000000008 0.675 0.2953125000000001 0.7734375 0.2953125000000001
9 0.4453125 0.5203125 0.3500000000000001 0.5203125 0.3500000000000001 0.5703125 0.4453125 0.5703125
2 0.4453125 0.11718750000000004 0.3453125 0.11718750000000004 0.3453125 0.16875000000000004 0.4453125 0.16875000000000004
37 0.6640625 0.6171875 0.565625 0.6171875 0.565625 0.66875 0.6640625 0.66875
57 0.771875 0.18750000000000008 0.6734375 0.18750000000000008 0.6734375 0.2390625000000001 0.771875 0.2390625000000001
52 0.5546875 0.01718750000000006 0.4546875 0.017187500000000057 0.4546875 0.07343750000000007 0.5546875 0.07343750000000007
11 0.4437500000000001 0.6921875 0.3468750000000001 0.6921875 0.3468750000000001 0.7421875 0.4437500000000002 0.7421875
29 0.6640625 0.503125 0.5640625 0.503125 0.5640625 0.5546875 0.6640625 0.5546875
32 0.915625 0.5890625000000002 0.784375 0.5890625000000002 0.784375 0.6390625000000002 0.915625 0.6390625000000002
47 0.9125 0.2484375000000001 0.78125 0.2484375000000001 0.78125 0.5265625000000002 0.9125 0.5265625000000002
24 0.6640625 0.3312500000000001 0.5640625 0.3312500000000001 0.5640625 0.3812500000000001 0.6640625 0.3812500000000001
28 0.6625 0.4453125 0.5625 0.4453125 0.5625 0.4953125 0.6625 0.4953125
44 0.775 0.01875000000000009 0.675 0.018750000000000083 0.675 0.1218750000000001 0.775 0.1218750000000001
0 0.44375 0.578125 0.34843750000000007 0.578125 0.34843750000000007 0.628125 0.44375 0.628125
40 0.7703125 0.5875000000000001 0.6734375 0.5875 0.6734375 0.6406250000000001 0.7703125 0.6406250000000002
36 0.5546875 0.540625 0.4578125 0.540625 0.4578125 0.5921875 0.5546875 0.5921875
49 0.9125 0.0203125000000001 0.784375 0.020312500000000094 0.784375 0.0718750000000001 0.9125 0.0718750000000001
4 0.44375 0.23437500000000006 0.346875 0.234375 0.346875 0.28437500000000004 0.44375 0.2843750000000001
45 0.6640625 0.01875000000000008 0.5671875 0.018750000000000072 0.5671875 0.09218750000000007 0.6640625 0.09218750000000009
23 0.6625 0.2734375000000001 0.5640625 0.2734375000000001 0.5640625 0.3234375000000001 0.6625 0.3234375000000001
10 0.6640625 0.10000000000000009 0.5671875 0.10000000000000009 0.5671875 0.1515625000000001 0.6640625 0.1515625000000001
42 0.5546875 0.25468750000000007 0.4578125 0.25468750000000007 0.4578125 0.3062500000000001 0.5546875 0.3062500000000001
22 0.6703125000000002 0.734375 0.5703125000000002 0.734375 0.5703125000000002 0.809375 0.6703125000000002 0.809375
20 0.4437500000000002 0.7515625 0.3468750000000001 0.7515625 0.3468750000000001 0.8078125 0.4437500000000002 0.8078125
35 0.771875 0.4171875000000001 0.6734375 0.4171875 0.6734375 0.4671875000000001 0.771875 0.4671875000000002
15 0.771875 0.3593750000000001 0.6734375 0.3593750000000001 0.6734375 0.4125000000000001 0.771875 0.4125000000000002
7 0.446875 0.40625 0.3468750000000001 0.40625 0.3468750000000001 0.45625 0.446875 0.45625
5 0.4453125 0.290625 0.346875 0.290625 0.346875 0.34062500000000007 0.4453125 0.34062500000000007
8 0.4453125 0.4640625 0.3500000000000001 0.4640625 0.3500000000000001 0.5140625 0.4453125 0.5140625
46 0.7781250000000001 0.7046875000000001 0.675 0.7046875 0.675 0.8078125 0.7781250000000002 0.8078125
55 0.771875 0.3031250000000001 0.675 0.3031250000000001 0.675 0.3531250000000001 0.771875 0.3531250000000001
33 0.7734375 0.47343750000000007 0.6734375 0.4734375 0.6734375 0.5250000000000001 0.7734375 0.5250000000000001
13 0.9109375 0.1328125000000001 0.7828125 0.13281250000000008 0.7828125 0.18437500000000012 0.9109375 0.18437500000000012
58 0.7734375 0.1296875000000001 0.6734375 0.1296875000000001 0.6734375 0.17968750000000008 0.7734375 0.17968750000000008
48 0.4453125 0.6328125 0.34843750000000007 0.6328125 0.34843750000000007 0.684375 0.4453125 0.684375
39 0.5546875000000001 0.7140625 0.45625 0.7140625 0.4562500000000001 0.765625 0.5546875000000002 0.765625
26 0.5562500000000001 0.7734375 0.4593750000000002 0.7734375 0.4593750000000002 0.8078125 0.5562500000000001 0.8078125
56 0.553125 0.13906250000000006 0.453125 0.13906250000000003 0.453125 0.18906250000000008 0.553125 0.18906250000000008
3 0.446875 0.17500000000000004 0.346875 0.17500000000000004 0.346875 0.22812500000000005 0.446875 0.22812500000000008
34 0.7734375 0.6453125000000001 0.6765625 0.6453125 0.6765625 0.6984375 0.7734375 0.6984375000000002
53 0.5546875 0.4265625 0.45625 0.4265625 0.45625 0.478125 0.5546875 0.478125
14 0.9171875 0.5343750000000002 0.7859375 0.5343750000000002 0.7859375 0.5843750000000002 0.9171875 0.5843750000000002
18 0.771875 0.5312500000000001 0.671875 0.53125 0.671875 0.5828125000000001 0.771875 0.5828125000000002
43 0.6640625 0.15781250000000008 0.565625 0.15781250000000008 0.565625 0.2093750000000001 0.6640625 0.2093750000000001
31 0.6640625 0.5609375 0.5640625 0.5609375 0.5640625 0.6109375 0.6640625 0.6109375
17 0.44375 0.01875000000000005 0.3484375 0.018750000000000044 0.3484375 0.05312500000000005 0.44375 0.05312500000000005