51 0.39531250000000007 0.403125 0.34062500000000007 0.403125 0.34062500000000007 0.46875 0.39531250000000007 0.46875
9 0.6140625 0.31718750000000007 0.5578125 0.31718750000000007 0.5578125 0.3812500000000001 0.6140625 0.3812500000000001
36 0.6515625 0.3859375000000001 0.5921875 0.3859375000000001 0.5921875 0.453125 0.6515625 0.453125
15 0.4484375 0.5484375 0.38750000000000007 0.5484375 0.38750000000000007 0.621875 0.4484375 0.621875
7 0.4890625 0.3265625000000001 0.434375 0.3265625000000001 0.434375 0.3890625000000001 0.4890625 0.3890625000000001
52 0.08125000000000006 0.4265625 0.007812500000000052 0.4265625 0.007812500000000057 0.496875 0.08125000000000007 0.496875
3 0.24062500000000003 0.3421875 0.18437500000000004 0.3421875 0.18437500000000004 0.4078125 0.2406250000000001 0.4078125
24 0.4125 0.475 0.3546875000000001 0.475 0.3546875000000001 0.5453125 0.4125 0.5453125
47 0.5890625 0.6234375 0.25468750000000007 0.6234375 0.25468750000000007 0.7140625 0.5890625 0.7140625
30 0.9734375 0.24218750000000006 2.9659414666849956e-17 0.2421875 6.17107176132846e-17 0.7656250000000001 0.9734375 0.7656250000000002
22 0.934375 0.3703125000000001 0.8421875 0.3703125000000001 0.8421875 0.5093750000000001 0.934375 0.5093750000000001
40 0.715625 0.5328125 0.653125 0.5328125 0.653125 0.603125 0.715625 0.603125
13 0.2468750000000001 0.6453125 0.1859375000000001 0.6453125 0.1859375000000001 0.721875 0.2468750000000001 0.721875
46 0.8421875 0.5234375000000002 0.7734375 0.5234375000000002 0.7734375 0.5968750000000002 0.8421875 0.5968750000000002
37 0.740625 0.4531250000000001 0.6796875 0.453125 0.6796875 0.5234375000000001 0.740625 0.5234375000000002
34 0.7703125 0.5281250000000001 0.7203125 0.528125 0.7203125 0.6000000000000001 0.7703125 0.6000000000000002
28 0.54375 0.465625 0.4859375 0.465625 0.4859375 0.5375 0.54375 0.5375
38 0.715625 0.3828125000000001 0.6546875 0.3828125000000001 0.6546875 0.446875 0.715625 0.446875
17 0.057812500000000044 0.35625 0.015625000000000045 0.35625 0.01562500000000005 0.4203125 0.057812500000000044 0.4203125
16 0.3140625000000001 0.559375 0.25468750000000007 0.559375 0.25468750000000007 0.6328125 0.3140625000000001 0.6328125
23 0.3468750000000001 0.4796875 0.2906250000000001 0.4796875 0.2906250000000001 0.55 0.3468750000000001 0.55
57 0.2468750000000001 0.5625 0.1906250000000001 0.5625 0.1906250000000001 0.6359375 0.2468750000000001 0.6359375
48 0.7359375 0.30937500000000007 0.678125 0.30937500000000007 0.678125 0.37187500000000007 0.7359375 0.37187500000000007
21 0.2687500000000001 0.4109375 0.21250000000000008 0.4109375 0.21250000000000008 0.478125 0.2687500000000001 0.478125
6 0.4265625 0.3296875000000001 0.371875 0.3296875000000001 0.37187500000000007 0.3921875000000001 0.4265625 0.3921875000000001
58 0.1828125000000001 0.5703125 0.12343750000000009 0.5703125 0.12343750000000009 0.6421875 0.1828125000000001 0.6421875
56 0.2062500000000001 0.4171875 0.15000000000000005 0.4171875 0.15000000000000005 0.4828125 0.2062500000000001 0.4828125
11 0.796875 0.3046875000000001 0.7390625 0.3046875000000001 0.7390625 0.3687500000000001 0.796875 0.3687500000000001
45 0.09062500000000007 0.4984375 6.104098889500089e-17 0.4984375 6.544206332943669e-17 0.5703125 0.09062500000000007 0.5703125
29 0.609375 0.4609375 0.5515625 0.4609375 0.5515625 0.5296875 0.609375 0.5296875
0 0.6765625 0.3125000000000001 0.6171875 0.3125000000000001 0.6171875 0.3765625000000001 0.6765625 0.3765625000000001
20 0.90625 0.3000000000000001 0.8015625 0.3000000000000001 0.8015625 0.36406250000000007 0.90625 0.36406250000000007
27 0.5875 0.3906250000000001 0.5296875 0.3906250000000001 0.5296875 0.45625 0.5875 0.45625
41 0.14375000000000004 0.421875 0.08593750000000004 0.421875 0.08593750000000006 0.490625 0.14375000000000004 0.490625
5 0.36406250000000007 0.33593750000000006 0.3078125 0.3359375 0.30781250000000004 0.39687500000000003 0.36406250000000007 0.3968750000000001
53 0.5234375 0.3937500000000001 0.4671875 0.3937500000000001 0.4671875 0.4609375 0.5234375 0.4609375
43 0.2171875000000001 0.490625 0.16093750000000004 0.490625 0.16093750000000007 0.559375 0.2171875000000001 0.559375
14 0.65625 0.6171875 0.59375 0.6171875 0.59375 0.69375 0.65625 0.69375
25 0.478125 0.4703125 0.4203125 0.4703125 0.4203125 0.540625 0.478125 0.540625
19 0.2828125000000001 0.4859375 0.2250000000000001 0.4859375 0.2250000000000001 0.5546875 0.2828125000000001 0.5546875
2 0.17968750000000006 0.35 0.12343750000000005 0.35 0.12343750000000005 0.4125 0.17968750000000006 0.4125
44 0.05000000000000008 0.578125 7.079989307570636e-17 0.578125 7.529664304132553e-17 0.6515625 0.050000000000000086 0.6515625
8 0.5515625 0.3218750000000001 0.4953125 0.3218750000000001 0.4953125 0.3859375000000001 0.5515625 0.3859375000000001
4 0.30156250000000007 0.3375 0.246875 0.3375 0.24687500000000004 0.4015625 0.30156250000000007 0.4015625
10 0.15312500000000007 0.4953125 0.09687500000000007 0.4953125 0.09687500000000007 0.5640625 0.1531250000000001 0.5640625
39 0.840625 0.3750000000000001 0.7796875 0.3750000000000001 0.7796875 0.44062500000000016 0.840625 0.44062500000000016
54 0.778125 0.3781250000000001 0.7171875 0.3781250000000001 0.7171875 0.4437500000000001 0.778125 0.4437500000000002
33 0.58125 0.540625 0.5203125 0.540625 0.5203125 0.6140625 0.58125 0.6140625
49 0.04531250000000008 0.6609375 8.094149938114538e-17 0.6609375 8.572527594031472e-17 0.7390625 0.04531250000000009 0.7390625
35 0.5140625 0.5453125 0.453125 0.5453125 0.453125 0.6171875 0.5140625 0.6171875
31 0.6734375 0.4578125 0.6140625 0.4578125 0.6140625 0.5265625 0.6734375 0.5265625
18 0.6484375 0.5359375 0.5859375 0.5359375 0.5859375 0.609375 0.6484375 0.609375
59 0.459375 0.3984375000000001 0.403125 0.3984375000000001 0.403125 0.4640625 0.459375 0.4640625
50 0.803125 0.6078125000000002 0.7296875 0.6078125000000002 0.7296875 0.6828125000000002 0.803125 0.6828125000000002
32 0.12031250000000009 0.5734375 0.057812500000000065 0.5734375 0.05781250000000008 0.6484375 0.12031250000000009 0.6484375
12 0.8015625 0.44843750000000016 0.7421875 0.44843750000000016 0.7421875 0.5171875000000001 0.8015625 0.5171875000000001
1 0.11875000000000005 0.3515625 0.06250000000000004 0.3515625 0.06250000000000004 0.4171875 0.11875000000000005 0.4171875
55 0.3828125000000001 0.5546875 0.3234375000000001 0.5546875 0.3234375000000001 0.628125 0.3828125000000001 0.628125
42 0.33281250000000007 0.4078125 0.2765625000000001 0.4078125 0.2765625000000001 0.4734375 0.33281250000000007 0.4734375
26 0.8671875 0.4437500000000002 0.8046875 0.4437500000000002 0.8046875 0.5140625000000002 0.8671875 0.5140625000000002