33 0.4734375 0.5125 0.4296875 0.5125 0.4296875 0.58125 0.4734375 0.58125
58 0.17343750000000008 0.5125 0.12968750000000004 0.5125 0.12968750000000007 0.58125 0.17343750000000008 0.58125
47 0.478125 0.5890625 0.2296875000000001 0.5890625 0.2296875000000001 0.659375 0.478125 0.659375
19 0.2468750000000001 0.4375 0.20312500000000008 0.4375 0.20312500000000008 0.50625 0.2468750000000001 0.50625
59 0.38281250000000006 0.3609375 0.3390625 0.3609375 0.33906250000000004 0.4296875 0.3828125000000001 0.4296875
37 0.6 0.4375 0.55625 0.4375 0.55625 0.50625 0.6 0.50625
11 0.6625 0.2828125000000001 0.61875 0.2828125000000001 0.61875 0.3515625000000001 0.6625 0.3515625000000001
15 0.3734375000000001 0.5125 0.3265625000000001 0.5125 0.3265625000000001 0.58125 0.3734375000000001 0.58125
51 0.33281250000000007 0.3609375 0.2890625 0.3609375 0.28906250000000006 0.4296875 0.33281250000000007 0.4296875
21 0.23125000000000004 0.3609375 0.18750000000000006 0.3609375 0.18750000000000006 0.4296875 0.2312500000000001 0.4296875
18 0.525 0.515625 0.48125 0.515625 0.48125 0.58125 0.525 0.58125
49 0.07031250000000008 0.5890625 0.007812500000000073 0.5890625 0.007812500000000076 0.6578125 0.07031250000000008 0.6578125
35 0.425 0.5125 0.3781250000000001 0.5125 0.3781250000000001 0.58125 0.425 0.58125
32 0.12187500000000007 0.5125 0.07812500000000007 0.5125 0.07812500000000007 0.58125 0.1218750000000001 0.58125
36 0.5359375 0.3609375000000001 0.4890625 0.3609375000000001 0.4890625 0.4296875 0.5359375 0.4296875
29 0.4984375 0.4375 0.4546875 0.4375 0.4546875 0.50625 0.4984375 0.50625
8 0.4578125 0.28593750000000007 0.4140625 0.28593750000000007 0.4140625 0.3546875000000001 0.4578125 0.3546875000000001
57 0.2218750000000001 0.5125 0.17812500000000003 0.5125 0.17812500000000006 0.58125 0.2218750000000001 0.58125
53 0.4328125 0.3609375000000001 0.3890625 0.3609375000000001 0.38906250000000003 0.4296875 0.4328125 0.4296875
54 0.6375 0.3609375000000001 0.590625 0.3609375000000001 0.590625 0.4296875 0.6375 0.4296875
45 0.09531250000000005 0.434375 0.009375000000000053 0.434375 0.009375000000000057 0.5046875 0.09531250000000006 0.5046875
14 0.53125 0.5921875 0.484375 0.5921875 0.484375 0.6578125 0.53125 0.6578125
3 0.20625 0.2828125 0.15937500000000004 0.2828125 0.15937500000000004 0.353125 0.20625 0.353125
46 0.715625 0.5140625 0.6328125 0.5140625 0.6328125 0.584375 0.715625 0.584375
43 0.19531250000000006 0.4375 0.15156250000000004 0.4375 0.15156250000000004 0.50625 0.19531250000000006 0.50625
27 0.484375 0.3609375000000001 0.440625 0.3609375000000001 0.440625 0.4296875 0.484375 0.4296875
40 0.5765625 0.515625 0.5328125 0.515625 0.5328125 0.58125 0.5765625 0.58125
39 0.6875 0.3609375000000001 0.64375 0.3609375000000001 0.64375 0.4296875 0.6875 0.4296875
5 0.3078125 0.2859375 0.2609375 0.2859375 0.2609375 0.3515625 0.3078125 0.3515625
12 0.6515625 0.4375 0.6078125 0.4375 0.6078125 0.50625 0.6515625 0.50625
7 0.409375 0.28593750000000007 0.365625 0.28593750000000007 0.365625 0.3546875000000001 0.409375 0.3546875000000001
23 0.2984375000000001 0.4375 0.25468750000000007 0.4375 0.25468750000000007 0.50625 0.2984375000000001 0.50625
42 0.28125000000000006 0.3609375 0.2375 0.3609375 0.23750000000000004 0.4296875 0.2812500000000001 0.4296875
9 0.5109375 0.28593750000000007 0.4640625 0.28593750000000007 0.4640625 0.3546875000000001 0.5109375 0.3546875000000001
41 0.13125000000000003 0.3609375 0.08437500000000005 0.3609375 0.08437500000000005 0.4296875 0.13125000000000003 0.4296875
26 0.703125 0.4375 0.659375 0.4375 0.659375 0.50625 0.703125 0.50625
25 0.3984375000000001 0.4375 0.3546875000000001 0.4375 0.3546875000000001 0.50625 0.3984375000000001 0.50625
13 0.2250000000000001 0.5921875 0.1781250000000001 0.5921875 0.1781250000000001 0.6609375 0.2250000000000001 0.6609375
24 0.3468750000000001 0.4375 0.3031250000000001 0.4375 0.3031250000000001 0.503125 0.3468750000000001 0.503125
0 0.5625 0.28593750000000007 0.515625 0.28593750000000007 0.515625 0.3546875000000001 0.5625 0.3546875000000001
56 0.17968750000000006 0.359375 0.13593750000000004 0.359375 0.13593750000000004 0.4296875 0.17968750000000006 0.4296875
22 0.7640625 0.3593750000000001 0.69375 0.3593750000000001 0.69375 0.5062500000000001 0.7640625 0.5062500000000002
4 0.25625 0.2828125 0.2125 0.2828125 0.2125 0.3515625 0.25625 0.3515625
6 0.3578125 0.2859375 0.3140625 0.2859375 0.3140625 0.3515625 0.3578125 0.3515625
50 0.6671875 0.5921875 0.5828125 0.5921875 0.5828125 0.6609375 0.6671875 0.6609375
31 0.55 0.4375 0.50625 0.4375 0.50625 0.50625 0.55 0.50625
1 0.10468750000000004 0.2859375 0.06093750000000005 0.2859375 0.06093750000000005 0.3546875 0.10468750000000004 0.3546875
30 0.9765625 0.19062500000000007 2.3344829608746423e-17 0.190625 5.376964852506348e-17 0.6875000000000001 0.9765625 0.6875000000000002
10 0.14531250000000004 0.4375 0.10156250000000004 0.4375 0.10156250000000004 0.503125 0.14531250000000004 0.503125
38 0.5875 0.3609375000000001 0.540625 0.3609375000000001 0.540625 0.4296875 0.5875 0.4296875
2 0.15625000000000006 0.2859375 0.10937500000000004 0.2859375 0.10937500000000004 0.3546875 0.15625000000000006 0.3546875
20 0.765625 0.2828125000000001 0.66875 0.2828125000000001 0.66875 0.3531250000000001 0.765625 0.3531250000000001
34 0.628125 0.515625 0.58125 0.515625 0.58125 0.58125 0.628125 0.58125
44 0.07031250000000007 0.5109375 0.007812500000000064 0.5109375 0.007812500000000068 0.584375 0.07031250000000007 0.584375
48 0.6140625 0.28593750000000007 0.5671875 0.28593750000000007 0.5671875 0.3546875000000001 0.6140625 0.3546875000000001
17 0.051562500000000046 0.2828125 0.007812500000000033 0.2828125 0.007812500000000038 0.3515625 0.051562500000000046 0.3515625
16 0.2734375000000001 0.5125 0.2296875000000001 0.5125 0.2296875000000001 0.58125 0.2734375000000001 0.58125
55 0.32500000000000007 0.5125 0.27812500000000007 0.5125 0.27812500000000007 0.58125 0.32500000000000007 0.58125
28 0.446875 0.4375 0.4046875 0.4375 0.4046875 0.50625 0.446875 0.50625
52 0.07812500000000004 0.359375 0.007812500000000045 0.359375 0.007812500000000049 0.4296875 0.07812500000000004 0.4296875