23 0.6546875000000001 0.6859375 0.5546875 0.6859375 0.5546875000000001 0.75625 0.6546875000000002 0.75625
30 0.934375 0.05937500000000008 0.3140625 0.059375000000000046 0.3140625 1 0.934375 1
27 0.759375 0.41875000000000007 0.665625 0.41875 0.665625 0.4843750000000001 0.759375 0.48437500000000017
14 0.4703125 0.34062500000000007 0.371875 0.34062500000000007 0.37187500000000007 0.409375 0.4703125 0.409375
40 0.56875 0.2968750000000001 0.475 0.2968750000000001 0.475 0.3625000000000001 0.56875 0.3625000000000001
36 0.7625 0.3500000000000001 0.665625 0.3500000000000001 0.665625 0.4156250000000001 0.7625 0.4156250000000002
55 0.55625 0.6453125 0.4578125 0.6453125 0.4578125 0.7171875 0.55625 0.7171875
29 0.6640625 0.403125 0.5671875 0.403125 0.5671875 0.46875 0.6640625 0.46875
13 0.4500000000000002 0.8109375 0.3500000000000001 0.8109375 0.3500000000000001 0.8828125 0.4500000000000002 0.8828125
46 0.5765625 0.07343750000000007 0.4796875 0.07343750000000007 0.4796875 0.2234375000000001 0.5765625 0.2234375000000001
19 0.6531250000000002 0.7578125 0.5546875000000002 0.7578125 0.5546875000000002 0.8296875 0.6531250000000002 0.8296875
59 0.75625 0.5578125 0.6578125 0.5578125 0.6578125 0.6265625000000001 0.75625 0.6265625000000001
43 0.6500000000000001 0.83125 0.5500000000000002 0.83125 0.5500000000000002 0.903125 0.6500000000000001 0.903125
5 0.853125 0.6546875000000002 0.7546875 0.6546875000000002 0.7546875 0.7234375000000002 0.853125 0.7234375000000002
16 0.5562500000000001 0.7171875 0.45625 0.7171875 0.4562500000000001 0.7890625 0.5562500000000001 0.7890625
37 0.6671875 0.2640625000000001 0.56875 0.2640625000000001 0.56875 0.3296875000000001 0.6671875 0.3296875000000001
24 0.6578125 0.6140625 0.559375 0.6140625 0.559375 0.6828125 0.6578125 0.6828125
11 0.8609375 0.1937500000000001 0.7640625 0.1937500000000001 0.7640625 0.2500000000000001 0.8609375 0.2500000000000001
35 0.5640625 0.503125 0.4640625 0.503125 0.4640625 0.571875 0.5640625 0.571875
51 0.7546875 0.6296875000000001 0.6578125 0.6296875 0.6578125 0.6984375 0.7546875 0.6984375000000002
54 0.7640625 0.21250000000000008 0.6671875 0.21250000000000008 0.6671875 0.27812500000000007 0.7640625 0.27812500000000007
25 0.659375 0.5421875 0.559375 0.5421875 0.559375 0.6109375 0.659375 0.6109375
32 0.5500000000000002 0.9359375 0.4468750000000002 0.9359375 0.4468750000000002 0.996875 0.5500000000000002 0.996875
21 0.7546875000000002 0.7734375000000001 0.6515625000000002 0.7734375 0.6515625000000002 0.8453125 0.7546875000000002 0.8453125
4 0.85 0.7265625000000002 0.7531250000000002 0.7265625000000002 0.7531250000000002 0.7921875000000002 0.85 0.7921875000000002
7 0.853125 0.5156250000000002 0.75625 0.5156250000000002 0.75625 0.5812500000000002 0.853125 0.5812500000000002
10 0.6484375000000002 0.9046875 0.5500000000000002 0.9046875 0.5500000000000002 0.975 0.6484375000000002 0.975
42 0.753125 0.7015625000000001 0.653125 0.7015625 0.6531250000000001 0.7718750000000001 0.7531250000000002 0.7718750000000002
31 0.665625 0.3343750000000001 0.56875 0.3343750000000001 0.56875 0.4 0.665625 0.4
33 0.5671875 0.4359375 0.46875 0.4359375 0.46875 0.5015625 0.5671875 0.5015625
49 0.4468750000000002 0.9578125 0.3375000000000001 0.9578125 0.3375000000000001 1 0.4468750000000002 1
20 0.8609375 0.0796875000000001 0.7640625 0.07968750000000009 0.7640625 0.18906250000000008 0.8609375 0.18906250000000008
26 0.6625 0.12343750000000009 0.56875 0.12343750000000009 0.56875 0.1859375000000001 0.6625 0.1859375000000001
34 0.571875 0.2234375000000001 0.4734375 0.2234375000000001 0.4734375 0.2921875000000001 0.571875 0.2921875000000001
45 0.6453125000000002 0.9796875 0.5468750000000002 0.9796875 0.5468750000000002 1 0.6453125000000002 1
38 0.7640625 0.2812500000000001 0.6671875 0.2812500000000001 0.6671875 0.3468750000000001 0.7640625 0.3468750000000001
22 0.7671875 0.07656250000000007 0.5765625 0.07656250000000006 0.5765625 0.14218750000000008 0.7671875 0.14218750000000008
15 0.5625 0.5734375 0.4640625 0.5734375 0.4640625 0.64375 0.5625 0.64375
47 0.46562500000000007 0.4109375 0.3421875000000001 0.4109375 0.3421875000000001 0.809375 0.4656250000000002 0.809375
56 0.7515625000000001 0.8484375 0.6515625000000002 0.8484375 0.6515625000000002 0.91875 0.7515625000000001 0.91875
41 0.7484375000000002 0.9203125 0.6484375000000002 0.9203125 0.6484375000000002 0.99375 0.7484375000000002 0.99375
0 0.8578125 0.3156250000000001 0.7609375 0.3156250000000001 0.7609375 0.3781250000000001 0.8578125 0.3781250000000001
18 0.56875 0.3656250000000001 0.4703125 0.3656250000000001 0.4703125 0.43125 0.56875 0.43125
28 0.6625 0.4734375 0.5640625 0.4734375 0.5640625 0.5390625 0.6625 0.5390625
12 0.6703125 0.19687500000000008 0.5734375 0.19687500000000008 0.5734375 0.26250000000000007 0.6703125 0.26250000000000007
48 0.8578125 0.2562500000000001 0.7609375 0.2562500000000001 0.7609375 0.3125000000000001 0.8578125 0.3125000000000001
2 0.846875 0.8640625 0.7484375000000002 0.8640625 0.7484375000000002 0.9359375 0.846875 0.9359375
58 0.5515625000000002 0.8640625 0.4515625000000002 0.8640625 0.4515625000000002 0.9359375 0.5515625000000002 0.9359375
57 0.5546875000000002 0.7921875 0.4546875000000002 0.7921875 0.4546875000000002 0.8625 0.5546875000000002 0.8625
6 0.853125 0.5843750000000002 0.7546875 0.5843750000000002 0.7546875 0.6500000000000001 0.853125 0.6500000000000001
9 0.85625 0.3812500000000001 0.759375 0.3812500000000001 0.759375 0.4437500000000002 0.85625 0.4437500000000002
1 0.846875 0.9390625 0.7484375000000002 0.9390625 0.7484375000000002 1 0.846875 1
3 0.85 0.7953125000000002 0.7515625000000001 0.7953125000000002 0.7515625000000001 0.8640625 0.85 0.8640625
39 0.7671875 0.1453125000000001 0.6703125 0.1453125000000001 0.6703125 0.21093750000000008 0.7671875 0.21093750000000008
53 0.759375 0.4875000000000001 0.6609375 0.4875 0.6609375 0.5562500000000001 0.759375 0.5562500000000001
8 0.8546875 0.4500000000000002 0.75625 0.4500000000000002 0.75625 0.5125000000000002 0.8546875 0.5125000000000002