32 0.5515625000000002 0.8640625 0.46875000000000017 0.8640625 0.46875000000000017 0.9296875 0.5515625000000002 0.9296875
36 0.728125 0.3062500000000001 0.6453125 0.3062500000000001 0.6453125 0.3703125000000001 0.728125 0.3703125000000001
43 0.6406250000000002 0.759375 0.5578125000000002 0.759375 0.5578125000000002 0.8234375 0.6406250000000002 0.8234375
58 0.5515625000000002 0.79375 0.46875000000000017 0.79375 0.46875000000000017 0.859375 0.5515625000000002 0.859375
6 0.8171875 0.5375000000000002 0.7359375 0.5375000000000002 0.7359375 0.6015625000000002 0.8171875 0.6015625000000002
27 0.728125 0.3750000000000001 0.646875 0.3750000000000001 0.646875 0.4390625000000001 0.728125 0.4390625000000002
54 0.728125 0.16562500000000008 0.6453125 0.16562500000000008 0.6453125 0.2312500000000001 0.728125 0.2312500000000001
23 0.640625 0.6203125 0.559375 0.6203125 0.559375 0.684375 0.640625 0.684375
10 0.6406250000000002 0.828125 0.5578125000000002 0.828125 0.5578125000000002 0.89375 0.6406250000000002 0.89375
56 0.7281250000000001 0.7953125000000001 0.6468750000000002 0.7953125 0.6468750000000002 0.8578125 0.7281250000000001 0.8578125
9 0.8171875 0.3265625000000001 0.734375 0.3265625000000001 0.734375 0.3921875000000001 0.8171875 0.3921875000000001
13 0.4625000000000001 0.7234375 0.37968750000000007 0.7234375 0.37968750000000007 0.7890625 0.4625000000000002 0.7890625
52 0.7296875000000002 0.934375 0.6453125000000002 0.934375 0.6453125000000002 1 0.7296875000000002 1
57 0.5515625000000001 0.725 0.4703125 0.725 0.4703125000000001 0.7890625 0.5515625000000002 0.7890625
47 0.4640625 0.3000000000000001 0.3796875 0.3000000000000001 0.37968750000000007 0.721875 0.4640625 0.721875
45 0.6421875000000001 0.896875 0.5578125000000002 0.896875 0.5578125000000002 1 0.6421875000000001 1
42 0.7265625 0.6546875000000001 0.6453125 0.6546875 0.6453125 0.7187500000000001 0.7265625 0.7187500000000002
0 0.815625 0.2562500000000001 0.734375 0.2562500000000001 0.734375 0.3203125000000001 0.815625 0.3203125000000001
41 0.7265625000000002 0.8640625 0.6453125000000002 0.8640625 0.6453125000000002 0.9296875 0.7265625000000002 0.9296875
37 0.640625 0.2000000000000001 0.5578125 0.2000000000000001 0.5578125 0.2656250000000001 0.640625 0.2656250000000001
22 0.728125 0.015625000000000076 0.55625 0.015625000000000066 0.55625 0.08750000000000008 0.728125 0.08750000000000009
59 0.728125 0.5140625000000001 0.6453125 0.5140625 0.6453125 0.5781250000000001 0.728125 0.5781250000000002
38 0.728125 0.23593750000000008 0.646875 0.23593750000000008 0.646875 0.30156250000000007 0.728125 0.30156250000000007
46 0.553125 0.015625000000000062 0.4703125 0.015625000000000056 0.4703125 0.15937500000000007 0.553125 0.1593750000000001
31 0.640625 0.27031250000000007 0.559375 0.27031250000000007 0.559375 0.33281250000000007 0.640625 0.33281250000000007
21 0.7281250000000001 0.7234375000000001 0.6453125 0.7234375 0.6453125000000001 0.7890625000000001 0.7281250000000001 0.7890625000000002
11 0.8171875 0.11718750000000008 0.7359375 0.11718750000000008 0.7359375 0.18125000000000008 0.8171875 0.18125000000000008
34 0.5515625 0.16406250000000006 0.4703125 0.16406250000000006 0.4703125 0.2296875000000001 0.5515625 0.2296875000000001
33 0.5515625 0.3750000000000001 0.46875 0.3750000000000001 0.46875 0.440625 0.5515625 0.440625
49 0.4625000000000002 0.934375 0.37968750000000007 0.934375 0.37968750000000007 1 0.4625000000000002 1
3 0.8171875 0.7468750000000002 0.7359375000000001 0.7468750000000002 0.7359375000000001 0.8125 0.8171875 0.8125
39 0.728125 0.09531250000000009 0.646875 0.09531250000000009 0.646875 0.1593750000000001 0.728125 0.1593750000000001
25 0.640625 0.4796875 0.5578125 0.4796875 0.5578125 0.54375 0.640625 0.54375
14 0.4625 0.23437500000000008 0.3796875 0.23437500000000008 0.3796875 0.3000000000000001 0.4625 0.3000000000000001
17 0.815625 0.95625 0.7343750000000002 0.95625 0.7343750000000002 1 0.815625 1
48 0.815625 0.18750000000000008 0.734375 0.18750000000000008 0.734375 0.2531250000000001 0.815625 0.2531250000000001
30 0.8890625 0.0031250000000000765 0.3578125 0.0031250000000000444 0.35781250000000003 1 0.8890625 1
12 0.640625 0.1296875000000001 0.5578125 0.1296875000000001 0.5578125 0.19531250000000008 0.640625 0.19531250000000008
55 0.5515625 0.584375 0.46875 0.584375 0.46875 0.6484375 0.5515625 0.6484375
24 0.640625 0.5484375 0.559375 0.5484375 0.559375 0.6140625 0.640625 0.6140625
29 0.640625 0.3390625000000001 0.559375 0.3390625000000001 0.559375 0.4046875 0.640625 0.4046875
28 0.640625 0.4109375 0.559375 0.4109375 0.559375 0.4734375 0.640625 0.4734375
19 0.6406250000000001 0.6890625 0.5578125 0.6890625 0.5578125 0.7546875 0.6406250000000002 0.7546875
4 0.8171875 0.6765625000000002 0.7359375 0.6765625000000002 0.7359375000000001 0.7406250000000002 0.8171875 0.7406250000000002
40 0.5515625 0.23437500000000008 0.4703125 0.23437500000000008 0.4703125 0.3000000000000001 0.5515625 0.3000000000000001
44 0.5500000000000002 0.934375 0.46875000000000017 0.934375 0.46875000000000017 1 0.5500000000000002 1
5 0.8171875 0.6062500000000002 0.7359375 0.6062500000000002 0.7359375 0.6718750000000002 0.8171875 0.6718750000000002
20 0.8171875 0.015625000000000094 0.734375 0.01562500000000009 0.734375 0.10937500000000008 0.8171875 0.10937500000000008
1 0.815625 0.8875 0.7343750000000002 0.8875 0.7343750000000002 0.95 0.815625 0.95
15 0.5515625 0.5140625 0.46875 0.5140625 0.46875 0.5796875 0.5515625 0.5796875
8 0.815625 0.3968750000000001 0.734375 0.3968750000000001 0.734375 0.46093750000000017 0.815625 0.46093750000000017
18 0.5515625 0.3062500000000001 0.46875 0.3062500000000001 0.46875 0.3687500000000001 0.5515625 0.3687500000000001
16 0.5515625 0.6546875 0.46875 0.6546875 0.46875 0.7203125 0.5515625 0.7203125
26 0.640625 0.07500000000000008 0.5578125 0.07500000000000007 0.5578125 0.12343750000000009 0.640625 0.12343750000000009
35 0.5515625 0.44375 0.46875 0.44375 0.46875 0.509375 0.5515625 0.509375
2 0.8171875 0.815625 0.7359375000000001 0.815625 0.7359375000000001 0.88125 0.8171875 0.88125
51 0.728125 0.5859375000000001 0.646875 0.5859375 0.646875 0.6484375000000001 0.728125 0.6484375000000002
53 0.728125 0.4453125000000001 0.6453125 0.4453125 0.6453125 0.5078125000000001 0.728125 0.5078125000000002
7 0.815625 0.4656250000000002 0.734375 0.4656250000000002 0.734375 0.5296875000000002 0.815625 0.5296875000000002