23 0.65625 0.3750000000000001 0.5921875 0.3750000000000001 0.5921875 0.4671875 0.65625 0.4671875
30 0.95625 0.12031250000000007 0.021875000000000016 0.1203125 0.02187500000000005 0.6875000000000001 0.95625 0.6875000000000002
27 0.409375 0.27968750000000003 0.3484375 0.2796875 0.34843750000000007 0.36562500000000003 0.409375 0.3656250000000001
14 0.34062500000000007 0.5421875 0.27812500000000007 0.5421875 0.27812500000000007 0.6328125 0.34062500000000007 0.6328125
40 0.2968750000000001 0.453125 0.23593750000000008 0.453125 0.23593750000000008 0.5390625 0.2968750000000001 0.5390625
36 0.34687500000000004 0.278125 0.2859375 0.278125 0.28593750000000007 0.365625 0.3468750000000001 0.365625
55 0.621875 0.4640625 0.55625 0.4640625 0.55625 0.5546875 0.621875 0.5546875
29 0.39531250000000007 0.36718750000000006 0.3343750000000001 0.3671875 0.3343750000000001 0.4546875 0.39531250000000007 0.4546875
13 0.7734375 0.5609375000000001 0.7078125 0.5609375 0.7078125 0.6531250000000001 0.7734375 0.6531250000000002
46 0.17187500000000006 0.446875 0.03437500000000006 0.446875 0.03437500000000006 0.534375 0.17187500000000006 0.534375
19 0.7234375 0.3765625000000001 0.6578125 0.3765625000000001 0.6578125 0.4671875 0.7234375 0.4671875
59 0.5390625 0.2812500000000001 0.4765625 0.2812500000000001 0.4765625 0.37187500000000007 0.5390625 0.37187500000000007
43 0.790625 0.3781250000000001 0.725 0.3781250000000001 0.725 0.4703125000000001 0.790625 0.4703125000000002
5 0.6265625 0.1937500000000001 0.5640625 0.1937500000000001 0.5640625 0.2843750000000001 0.6265625 0.2843750000000001
16 0.6875 0.4640625 0.621875 0.4640625 0.621875 0.55625 0.6875 0.55625
37 0.26875000000000004 0.3625 0.2078125 0.3625 0.20781250000000004 0.453125 0.2687500000000001 0.453125
24 0.590625 0.37187500000000007 0.528125 0.37187500000000007 0.528125 0.4625 0.590625 0.4625
11 0.19531250000000006 0.18750000000000003 0.14531250000000004 0.1875 0.14531250000000004 0.275 0.19531250000000006 0.275
35 0.4890625 0.4578125 0.4265625 0.4578125 0.4265625 0.55 0.4890625 0.55
51 0.6046875 0.2843750000000001 0.5421875 0.2843750000000001 0.5421875 0.37187500000000007 0.6046875 0.37187500000000007
54 0.2203125 0.275 0.16093750000000004 0.275 0.16093750000000004 0.3625 0.2203125 0.3625
25 0.525 0.3703125000000001 0.4625 0.3703125000000001 0.4625 0.4625 0.525 0.4625
32 0.878125 0.47187500000000016 0.821875 0.47187500000000016 0.821875 0.5656250000000002 0.878125 0.5656250000000002
52 0.9390625 0.2890625000000001 0.875 0.2890625000000001 0.875 0.3828125000000001 0.9390625 0.3828125000000001
21 0.7390625 0.2843750000000001 0.6734375 0.2843750000000001 0.6734375 0.3781250000000001 0.7390625 0.3781250000000001
4 0.690625 0.19687500000000008 0.6296875 0.19687500000000008 0.6296875 0.2843750000000001 0.690625 0.2843750000000001
7 0.496875 0.19375000000000003 0.4375 0.19375000000000003 0.4375 0.2812500000000001 0.496875 0.2812500000000001
10 0.85625 0.3812500000000001 0.7921875 0.3812500000000001 0.7921875 0.47187500000000016 0.85625 0.47187500000000016
42 0.671875 0.2843750000000001 0.6078125 0.2843750000000001 0.6078125 0.3765625000000001 0.671875 0.3765625000000001
17 0.9390625 0.2000000000000001 0.8921875 0.2000000000000001 0.8921875 0.2906250000000001 0.9390625 0.2906250000000001
31 0.3312500000000001 0.365625 0.2718750000000001 0.365625 0.2718750000000001 0.453125 0.3312500000000001 0.453125
33 0.4234375 0.4546875 0.36406250000000007 0.4546875 0.36406250000000007 0.5453125 0.4234375 0.5453125
49 0.9390625 0.5656250000000002 0.8421875 0.5656250000000002 0.8421875 0.6656250000000001 0.9390625 0.6656250000000001
20 0.13906250000000003 0.1875 0.03906250000000002 0.1875 0.03906250000000003 0.275 0.13906250000000003 0.275
26 0.13593750000000004 0.3671875 0.07812500000000004 0.3671875 0.07812500000000004 0.453125 0.13593750000000004 0.453125
34 0.23437500000000008 0.45 0.17187500000000006 0.45 0.17187500000000006 0.540625 0.23437500000000008 0.540625
45 0.93125 0.3828125000000001 0.8609375 0.3828125000000001 0.8609375 0.4734375000000002 0.93125 0.4734375000000002
38 0.2828125 0.275 0.221875 0.275 0.221875 0.3625 0.2828125 0.3625
22 0.09687500000000004 0.2734375 0.03593750000000003 0.2734375 0.035937500000000046 0.446875 0.09687500000000004 0.446875
44 0.9359375 0.4734375000000002 0.88125 0.4734375000000002 0.88125 0.5671875000000002 0.9359375 0.5671875000000002
15 0.5546875 0.459375 0.490625 0.459375 0.490625 0.55 0.5546875 0.55
47 0.70625 0.5484375 0.3421875000000001 0.5484375 0.3421875000000001 0.6609375 0.70625 0.6609375
56 0.80625 0.28593750000000007 0.7421875 0.28593750000000007 0.7421875 0.3781250000000001 0.80625 0.3781250000000001
41 0.875 0.2890625000000001 0.8078125 0.2890625000000001 0.8078125 0.3812500000000001 0.875 0.3812500000000001
0 0.3125 0.18906250000000005 0.2546875 0.18906250000000005 0.2546875 0.2765625 0.3125 0.2765625
18 0.3593750000000001 0.453125 0.3000000000000001 0.453125 0.3000000000000001 0.54375 0.3593750000000001 0.54375
28 0.459375 0.3671875000000001 0.3984375000000001 0.3671875000000001 0.3984375000000001 0.4578125 0.459375 0.4578125
12 0.20625000000000004 0.3609375 0.14687500000000003 0.3609375 0.14687500000000003 0.4484375 0.2062500000000001 0.4484375
48 0.25 0.18906250000000005 0.2 0.18906250000000005 0.2 0.2765625 0.25 0.2765625
2 0.821875 0.1984375000000001 0.75625 0.1984375000000001 0.75625 0.2890625000000001 0.821875 0.2890625000000001
58 0.821875 0.46875000000000017 0.75625 0.46875000000000017 0.75625 0.5609375000000002 0.821875 0.5609375000000002
57 0.7546875 0.4671875000000001 0.690625 0.4671875 0.690625 0.5593750000000001 0.7546875 0.5593750000000002
6 0.5609375 0.19375000000000006 0.5 0.19375000000000003 0.5 0.2843750000000001 0.5609375 0.2843750000000001
9 0.3734375 0.19218750000000004 0.315625 0.19218750000000004 0.315625 0.27968750000000003 0.3734375 0.2796875000000001
1 0.8875 0.1984375000000001 0.825 0.1984375000000001 0.825 0.2890625000000001 0.8875 0.2890625000000001
3 0.75625 0.19531250000000008 0.69375 0.19531250000000008 0.69375 0.28593750000000007 0.75625 0.28593750000000007
39 0.15937500000000004 0.2734375 0.10000000000000005 0.2734375 0.10000000000000005 0.3609375 0.15937500000000004 0.3609375
53 0.475 0.2796875000000001 0.4125 0.2796875000000001 0.4125 0.3703125000000001 0.475 0.3703125000000001
8 0.434375 0.19218750000000004 0.3765625 0.19218750000000004 0.3765625 0.2828125000000001 0.434375 0.2828125000000001