13 0.3828125 0.24531250000000004 0.2953125 0.2453125 0.2953125 0.3140625 0.3828125 0.3140625000000001
8 0.7421875 0.5953125000000001 0.6609375 0.5953125 0.6609375 0.659375 0.7421875 0.6593750000000002
52 0.66875 0.01875000000000008 0.584375 0.018750000000000072 0.584375 0.10312500000000009 0.66875 0.10312500000000009
27 0.653125 0.6140625 0.56875 0.6140625 0.56875 0.6796875 0.653125 0.6796875
15 0.4734375 0.446875 0.3890625000000001 0.446875 0.3890625000000001 0.5140625 0.4734375 0.5140625
56 0.6640625 0.18125000000000008 0.5796875 0.18125000000000008 0.5796875 0.2484375000000001 0.6640625 0.2484375000000001
11 0.7390625000000002 0.8796875 0.6546875000000002 0.8796875 0.6546875000000002 0.9453125 0.7390625000000002 0.9453125
19 0.571875 0.2656250000000001 0.484375 0.2656250000000001 0.484375 0.3343750000000001 0.571875 0.3343750000000001
4 0.7515625 0.3109375000000001 0.6703125 0.3109375000000001 0.6703125 0.3765625000000001 0.7515625 0.3765625000000001
7 0.7453125 0.5250000000000001 0.6609375 0.525 0.6609375 0.5890625 0.7453125 0.5890625000000002
44 0.484375 0.007812500000000054 0.396875 0.00781250000000005 0.396875 0.07343750000000006 0.484375 0.07343750000000007
43 0.571875 0.19218750000000007 0.4875 0.19218750000000004 0.4875 0.2609375000000001 0.571875 0.2609375000000001
49 0.3890625 4.228858478305704e-17 0.3015625 3.693075503678737e-17 0.3015625 0.09218750000000005 0.3890625 0.09218750000000005
35 0.471875 0.51875 0.38750000000000007 0.51875 0.38750000000000007 0.584375 0.471875 0.584375
3 0.7546875 0.2375000000000001 0.6703125 0.2375000000000001 0.6703125 0.3062500000000001 0.7546875 0.3062500000000001
6 0.7484375 0.4531250000000001 0.6640625 0.453125 0.6640625 0.5171875000000001 0.7484375 0.5171875000000001
37 0.5578125000000002 0.771875 0.4734375000000002 0.771875 0.4734375000000002 0.8375 0.5578125000000002 0.8375
38 0.6515625000000002 0.75625 0.5671875000000002 0.75625 0.5671875000000002 0.8234375 0.6515625000000002 0.8234375
40 0.4671875000000002 0.7359375 0.3828125000000001 0.7359375 0.3828125000000001 0.8046875 0.4671875000000002 0.8046875
30 0.8265625 6.639881864127056e-17 0.2578125 3.15729252905177e-17 0.25781250000000006 1 0.8265625 1
21 0.6625 0.25468750000000007 0.578125 0.25468750000000007 0.578125 0.3218750000000001 0.6625 0.3218750000000001
34 0.4656250000000002 0.8078125 0.3812500000000001 0.8078125 0.3812500000000001 0.8765625 0.4656250000000002 0.8765625
5 0.7484375 0.3812500000000001 0.665625 0.3812500000000001 0.665625 0.4468750000000001 0.7484375 0.4468750000000002
55 0.475 0.3750000000000001 0.3906250000000001 0.3750000000000001 0.3906250000000001 0.440625 0.475 0.440625
31 0.5593750000000001 0.7 0.475 0.7 0.4750000000000001 0.765625 0.5593750000000002 0.765625
29 0.5609375 0.628125 0.4765625 0.628125 0.4765625 0.69375 0.5609375 0.69375
20 0.7359375000000001 0.95 0.6515625000000002 0.95 0.6515625000000002 1 0.7359375000000001 1
57 0.478125 0.22656250000000008 0.390625 0.22656250000000008 0.390625 0.2953125000000001 0.478125 0.2953125000000001
18 0.4671875000000001 0.6640625 0.3828125000000001 0.6640625 0.3828125000000001 0.7296875 0.4671875000000002 0.7296875
45 0.5765625 0.010937500000000065 0.4921875 0.010937500000000062 0.4921875 0.11406250000000007 0.5765625 0.1140625000000001
48 0.7390625000000002 0.8078125 0.6562500000000002 0.8078125 0.6562500000000002 0.8734375 0.7390625000000002 0.8734375
33 0.471875 0.590625 0.3843750000000001 0.590625 0.3843750000000001 0.65625 0.471875 0.65625
16 0.478125 0.3000000000000001 0.390625 0.3000000000000001 0.39062500000000006 0.3687500000000001 0.478125 0.3687500000000001
17 0.7578125 0.02343750000000009 0.6765625 0.023437500000000083 0.6765625 0.08906250000000009 0.7578125 0.08906250000000009
46 0.4625000000000002 0.88125 0.3750000000000001 0.88125 0.3750000000000001 1 0.4625000000000002 1
0 0.7421875000000002 0.7375 0.6578125000000001 0.7375 0.6578125000000001 0.803125 0.7421875000000002 0.803125
9 0.7421875000000001 0.6656250000000001 0.659375 0.665625 0.659375 0.7312500000000001 0.7421875000000002 0.7312500000000002
12 0.5578125000000002 0.84375 0.4734375000000002 0.84375 0.4734375000000002 0.9109375 0.5578125000000002 0.9109375
22 0.6468750000000002 0.971875 0.4671875000000002 0.971875 0.4671875000000002 1 0.6468750000000002 1
39 0.6468750000000002 0.9 0.5640625000000001 0.9 0.5640625000000001 0.9671875 0.6468750000000002 0.9671875
23 0.5671875 0.34062500000000007 0.4828125 0.34062500000000007 0.4828125 0.4078125 0.5671875 0.4078125
26 0.5546875000000002 0.9171875 0.4703125000000002 0.9171875 0.4703125000000002 0.98125 0.5546875000000002 0.98125
28 0.5625 0.55625 0.478125 0.55625 0.478125 0.621875 0.5625 0.621875
53 0.6546875 0.5421875 0.5703125 0.5421875 0.5703125 0.6078125 0.6546875 0.6078125
51 0.659375 0.4 0.575 0.4 0.575 0.465625 0.659375 0.465625
14 0.3734375000000001 0.7125 0.28593750000000007 0.7125 0.28593750000000007 0.78125 0.3734375000000001 0.78125
54 0.6484375000000002 0.8296875 0.5640625000000001 0.8296875 0.5640625000000001 0.8953125 0.6484375000000002 0.8953125
42 0.659375 0.3281250000000001 0.575 0.3281250000000001 0.575 0.3937500000000001 0.659375 0.3937500000000001
32 0.4828125 0.07656250000000006 0.3953125 0.07656250000000005 0.3953125 0.14687500000000003 0.4828125 0.14687500000000003
10 0.5734375 0.11875000000000006 0.4890625 0.11875000000000005 0.4890625 0.18750000000000006 0.5734375 0.18750000000000008
41 0.665625 0.1062500000000001 0.58125 0.1062500000000001 0.58125 0.1781250000000001 0.665625 0.1781250000000001
58 0.48125 0.15312500000000004 0.39375 0.15312500000000004 0.39375 0.2218750000000001 0.48125 0.2218750000000001
25 0.5640625 0.484375 0.4796875 0.484375 0.4796875 0.55 0.5640625 0.55
2 0.75625 0.16406250000000008 0.671875 0.16406250000000008 0.671875 0.2328125000000001 0.75625 0.2328125000000001
59 0.6546875 0.4734375 0.5703125 0.4734375 0.5703125 0.5375 0.6546875 0.5375
1 0.7578125 0.09375000000000008 0.6734375 0.09375000000000008 0.6734375 0.1625000000000001 0.7578125 0.1625000000000001
36 0.6515625 0.684375 0.5671875 0.684375 0.5671875000000001 0.7515625 0.6515625000000002 0.7515625
47 0.37968750000000007 0.31875000000000003 0.2890625 0.31875 0.28906250000000006 0.70625 0.37968750000000007 0.70625
24 0.5671875 0.4125 0.4828125 0.4125 0.4828125 0.478125 0.5671875 0.478125