22 0.034375000000000114 0.921875 1.1289712679639661e-16 0.921875 1.1768090335556595e-16 1 0.03437500000000012 1
2 0.625 6.926908457677216e-17 0.50625 6.199774420683476e-17 0.50625 0.13281250000000006 0.625 0.13281250000000008
25 0.4296875 0.528125 0.3203125000000001 0.528125 0.3203125000000001 0.684375 0.4296875 0.684375
30 1 6.123233995736766e-17 0 0 6.123233995736766e-17 1 1 1
57 0.7484375 0.3187500000000001 0.6140625 0.3187500000000001 0.6140625 0.4937500000000001 0.7484375 0.4937500000000002
3 0.5546875 0.06562500000000006 0.4390625 0.06562500000000004 0.4390625 0.21875000000000008 0.5546875 0.21875000000000008
16 0.671875 0.4109375 0.54375 0.4109375 0.54375 0.5796875 0.671875 0.5796875
48 0.07031250000000008 0.6859375 8.400311637901375e-17 0.6859375 9.156148334250133e-17 0.809375 0.07031250000000008 0.809375
54 0.0890625000000001 0.79375 0.0015625000000000972 0.79375 0.0015625000000001055 0.928125 0.08906250000000011 0.928125
38 0.1437500000000001 0.7265625 0.050000000000000086 0.7265625 0.0500000000000001 0.8625 0.1437500000000001 0.8625
15 0.5234375000000001 0.578125 0.4046875 0.578125 0.4046875000000001 0.7375 0.5234375000000002 0.7375
34 0.19843750000000013 0.946875 0.10156250000000014 0.946875 0.10156250000000014 1 0.19843750000000013 1
52 0.83125 9.376202055971922e-17 0.7 8.572527594031472e-17 0.7 0.0625000000000001 0.83125 0.06250000000000011
49 1 0.1718750000000001 0.8609375 0.17187500000000008 0.8609375 0.38750000000000007 1 0.38750000000000007
11 0.0250000000000001 0.7375 9.031770143711729e-17 0.7375 9.854579711888858e-17 0.871875 0.025000000000000112 0.871875
31 0.2406250000000001 0.753125 0.14062500000000008 0.753125 0.14062500000000008 0.9 0.2406250000000001 0.9
12 0.12343750000000012 0.890625 0.03125000000000011 0.890625 0.03125000000000012 1 0.12343750000000013 1
28 0.36406250000000007 0.6078125 0.2578125000000001 0.6078125 0.2578125000000001 0.7578125 0.36406250000000007 0.7578125
6 0.35625000000000007 0.3140625 0.2515625 0.3140625 0.2515625 0.459375 0.35625000000000007 0.459375
24 0.5 0.4484375 0.3859375000000001 0.4484375 0.3859375000000001 0.6046875 0.5 0.6046875
40 0.2578125000000001 0.88125 0.15781250000000008 0.88125 0.1578125000000001 1 0.2578125000000001 1
0 0.12343750000000009 0.6125 0.02968750000000008 0.6125 0.029687500000000082 0.746875 0.12343750000000009 0.746875
29 0.30156250000000007 0.68125 0.1984375000000001 0.68125 0.1984375000000001 0.83125 0.30156250000000007 0.83125
43 0.71875 0.1906250000000001 0.5953125 0.1906250000000001 0.5953125 0.3531250000000001 0.71875 0.3531250000000001
19 0.6453125 0.2765625000000001 0.521875 0.2765625000000001 0.521875 0.4390625 0.6453125 0.4390625
36 0.2015625000000001 0.65 0.10468750000000009 0.65 0.10468750000000009 0.7984375 0.2015625000000001 0.7984375
23 0.5734375 0.36406250000000007 0.4515625 0.36406250000000007 0.4515625 0.5265625 0.5734375 0.5265625
55 0.596875 0.4953125 0.471875 0.4953125 0.471875 0.6609375 0.596875 0.6609375
39 0.04062500000000011 0.859375 1.0524308430172568e-16 0.859375 1.1375820657704711e-16 0.9984375 0.04062500000000012 0.9984375
53 0.3218750000000001 0.5046875 0.21875000000000008 0.5046875 0.21875000000000008 0.65 0.3218750000000001 0.65
42 0.521875 0.2578125000000001 0.409375 0.2578125000000001 0.409375 0.4140625 0.521875 0.4140625
51 0.453125 0.34218750000000003 0.340625 0.3421875 0.34062500000000007 0.4953125 0.453125 0.4953125
4 0.4875 0.15156250000000004 0.3734375 0.15156250000000004 0.3734375 0.2984375000000001 0.4875 0.2984375000000001
13 0.840625 0.3921875000000001 0.7015625 0.3921875000000001 0.7015625 0.5703125000000001 0.840625 0.5703125000000002
27 0.2609375000000001 0.58125 0.16406250000000008 0.58125 0.16406250000000008 0.728125 0.2609375000000001 0.728125
21 0.596875 0.17031250000000006 0.475 0.17031250000000003 0.475 0.3296875000000001 0.596875 0.3296875000000001
33 0.3843750000000001 0.7359375 0.27812500000000007 0.7359375 0.27812500000000007 0.890625 0.3843750000000001 0.890625
18 0.3187500000000001 0.8125 0.2171875000000001 0.8125 0.2171875000000001 0.95625 0.3187500000000001 0.95625
26 0.07187500000000012 0.959375 1.174895522931992e-16 0.959375 1.1997711610396726e-16 1 0.07187500000000013 1
7 0.2921875000000001 0.3921875 0.19218750000000004 0.3921875 0.19218750000000004 0.5359375 0.2921875000000001 0.5359375
32 0.9 0.1546875000000001 0.76875 0.1546875000000001 0.76875 0.31718750000000007 0.9 0.31718750000000007
8 0.23593750000000008 0.46875 0.13593750000000004 0.46875 0.13593750000000007 0.6109375 0.23593750000000008 0.6109375
20 0.020312500000000105 0.7921875 0.0015625000000000972 0.7921875 0.0015625000000001083 0.9734375 0.020312500000000115 0.9734375
56 0.66875 0.07812500000000008 0.5484375 0.07812500000000007 0.5484375 0.24218750000000008 0.66875 0.24218750000000008
10 0.8015625 0.09375000000000008 0.6671875 0.09375000000000008 0.6671875 0.2656250000000001 0.8015625 0.2656250000000001
14 0.3593750000000001 0.91875 0.2531250000000001 0.91875 0.2531250000000001 1 0.3593750000000001 1
35 0.4515625000000001 0.665625 0.3453125000000001 0.665625 0.3453125000000001 0.81875 0.4515625000000002 0.81875
5 0.4265625 0.23437500000000006 0.3140625 0.234375 0.3140625 0.38906250000000003 0.4265625 0.3890625000000001
41 0.75 8.381176531664698e-17 0.61875 7.577502069724248e-17 0.61875 0.1546875000000001 0.75 0.1546875000000001
9 0.17968750000000006 0.5421875 0.07968750000000006 0.5421875 0.07968750000000008 0.684375 0.17968750000000008 0.684375
59 0.38750000000000007 0.4234375 0.27812500000000007 0.4234375 0.27812500000000007 0.5765625 0.38750000000000007 0.5765625
37 0.1812500000000001 0.821875 0.0875000000000001 0.821875 0.0875000000000001 0.965625 0.18125000000000013 0.965625
45 0.903125 1.0084200986728988e-16 0.74375 9.10831056865844e-17 0.74375 0.1750000000000001 0.903125 0.1750000000000001
58 0.828125 0.2328125000000001 0.6875 0.2328125000000001 0.6875 0.4078125000000001 0.828125 0.4078125000000002
47 0.7609375 0.48125000000000007 0.3125000000000001 0.48125 0.3125000000000001 1 0.7609375000000002 1
44 0.9734375 0.07031250000000011 0.8421875 0.07031250000000011 0.8421875 0.2328125000000001 0.9734375 0.2328125000000001