13 0.22031250000000008 0.496875 0.17656250000000004 0.496875 0.17656250000000004 0.5421875 0.22031250000000008 0.5421875
0 0.50625 0.2921875000000001 0.4765625 0.2921875000000001 0.4765625 0.3375000000000001 0.50625 0.3375000000000001
53 0.40625 0.3421875000000001 0.3765625 0.3421875000000001 0.3765625 0.3843750000000001 0.40625 0.3843750000000001
1 0.13750000000000004 0.2765625 0.10625000000000004 0.2765625 0.10625000000000004 0.321875 0.13750000000000004 0.321875
38 0.5265625 0.3453125000000001 0.496875 0.3453125000000001 0.496875 0.3859375000000001 0.5265625 0.3859375000000001
18 0.4765625 0.4484375 0.446875 0.4484375 0.446875 0.490625 0.4765625 0.490625
10 0.16718750000000004 0.3859375 0.13750000000000004 0.3859375 0.13750000000000004 0.43125 0.16718750000000004 0.43125
58 0.18750000000000006 0.440625 0.15625000000000006 0.440625 0.15625000000000006 0.4859375 0.18750000000000006 0.4859375
2 0.18125000000000005 0.278125 0.14843750000000006 0.278125 0.14843750000000006 0.3234375 0.18125000000000005 0.3234375
55 0.3140625000000001 0.4421875 0.2843750000000001 0.4421875 0.2843750000000001 0.4859375 0.3140625000000001 0.4859375
31 0.4953125 0.39531250000000007 0.465625 0.39531250000000007 0.465625 0.4375 0.4953125 0.4375
25 0.3765625000000001 0.3921875 0.3468750000000001 0.3921875 0.3468750000000001 0.434375 0.3765625000000001 0.434375
40 0.515625 0.446875 0.4859375 0.446875 0.4859375 0.4890625 0.515625 0.4890625
27 0.446875 0.3421875000000001 0.4171875 0.3421875000000001 0.4171875 0.3859375000000001 0.446875 0.3859375000000001
9 0.4671875 0.2906250000000001 0.4375 0.2906250000000001 0.4375 0.3343750000000001 0.4671875 0.3343750000000001
22 0.6609375 0.3500000000000001 0.6140625 0.3500000000000001 0.6140625 0.4421875 0.6609375 0.4421875
17 0.09531250000000005 0.2734375 0.06406250000000005 0.2734375 0.06406250000000005 0.3203125 0.09531250000000005 0.3203125
57 0.2296875000000001 0.440625 0.19843750000000004 0.440625 0.19843750000000004 0.4828125 0.2296875000000001 0.4828125
30 0.971875 0.15468750000000006 0.023437500000000017 0.1546875 0.023437500000000045 0.6031250000000001 0.971875 0.6031250000000001
43 0.2093750000000001 0.3859375 0.17812500000000003 0.3859375 0.17812500000000003 0.4296875 0.2093750000000001 0.4296875
54 0.5625 0.3468750000000001 0.5359375 0.3468750000000001 0.5359375 0.3890625000000001 0.5625 0.3890625000000001
29 0.4546875 0.39531250000000007 0.428125 0.39531250000000007 0.428125 0.4375 0.4546875 0.4375
21 0.24218750000000006 0.334375 0.2125 0.334375 0.21250000000000005 0.3765625 0.24218750000000008 0.3765625
11 0.584375 0.2953125000000001 0.55625 0.2953125000000001 0.55625 0.3375000000000001 0.584375 0.3375000000000001
32 0.14375000000000004 0.4390625 0.11250000000000004 0.4390625 0.11250000000000004 0.484375 0.14375000000000004 0.484375
20 0.6609375 0.2953125000000001 0.59375 0.2953125000000001 0.59375 0.34062500000000007 0.6609375 0.34062500000000007
35 0.39531250000000007 0.4453125 0.3656250000000001 0.4453125 0.3656250000000001 0.4875 0.39531250000000007 0.4875
56 0.20000000000000004 0.33125 0.16875000000000004 0.33125 0.16875000000000004 0.3765625 0.2000000000000001 0.3765625
4 0.2640625 0.28125 0.234375 0.28125 0.234375 0.325 0.2640625 0.325
47 0.45625 0.4953125 0.2296875000000001 0.4953125 0.2296875000000001 0.5484375 0.45625 0.5484375
49 0.10937500000000007 0.4953125 0.05468750000000007 0.4953125 0.05468750000000007 0.5453125 0.10937500000000008 0.5453125
59 0.36562500000000003 0.34062500000000007 0.3375 0.340625 0.3375 0.38281250000000006 0.3656250000000001 0.3828125000000001
3 0.221875 0.2796875 0.19062500000000004 0.2796875 0.19062500000000004 0.3234375 0.221875 0.3234375
6 0.346875 0.284375 0.3171875 0.284375 0.3171875 0.328125 0.346875 0.328125
50 0.6625 0.5015625 0.6125 0.5015625 0.6125 0.54375 0.6625 0.54375
28 0.415625 0.39531250000000007 0.38750000000000007 0.39531250000000007 0.38750000000000007 0.4375 0.415625 0.4375
39 0.603125 0.34843750000000007 0.5734375 0.34843750000000007 0.5734375 0.3906250000000001 0.603125 0.3906250000000001
26 0.6109375 0.3984375000000001 0.58125 0.3984375000000001 0.58125 0.4421875 0.6109375 0.4421875
36 0.4859375 0.3437500000000001 0.45625 0.3437500000000001 0.45625 0.3843750000000001 0.4859375 0.3843750000000001
44 0.10156250000000004 0.440625 0.059375000000000046 0.440625 0.05937500000000005 0.4859375 0.10156250000000004 0.4859375
41 0.15781250000000005 0.3296875 0.12656250000000005 0.3296875 0.12656250000000005 0.375 0.15781250000000005 0.375
8 0.428125 0.2875000000000001 0.3984375 0.2875000000000001 0.3984375 0.33281250000000007 0.428125 0.33281250000000007
14 0.50625 0.5 0.4671875 0.5 0.4671875 0.5421875 0.50625 0.5421875
52 0.11406250000000004 0.328125 0.06250000000000004 0.328125 0.06250000000000004 0.375 0.11406250000000004 0.375
7 0.3875 0.28593750000000007 0.3578125 0.2859375 0.3578125 0.33125000000000004 0.3875 0.3312500000000001
48 0.5453125 0.29375000000000007 0.515625 0.29375000000000007 0.515625 0.3359375000000001 0.5453125 0.3359375000000001
24 0.3359375000000001 0.390625 0.3062500000000001 0.390625 0.3062500000000001 0.4328125 0.3359375000000001 0.4328125
12 0.5734375 0.39531250000000007 0.5453125 0.39531250000000007 0.5453125 0.440625 0.5734375 0.440625
15 0.3546875000000001 0.4453125 0.32500000000000007 0.4453125 0.32500000000000007 0.4875 0.3546875000000001 0.4875
42 0.28437500000000004 0.3359375 0.2546875 0.3359375 0.25468750000000007 0.378125 0.2843750000000001 0.378125
51 0.32500000000000007 0.3359375 0.296875 0.3359375 0.29687500000000006 0.378125 0.32500000000000007 0.378125
5 0.30625 0.284375 0.275 0.284375 0.275 0.3265625 0.30625 0.3265625
33 0.4359375 0.4453125 0.40625 0.4453125 0.40625 0.4890625 0.4359375 0.4890625
34 0.553125 0.4484375 0.5234375 0.4484375 0.5234375 0.490625 0.553125 0.490625
45 0.11250000000000004 0.384375 0.06093750000000005 0.384375 0.06093750000000005 0.4296875 0.11250000000000004 0.4296875
37 0.5328125 0.39531250000000007 0.5046875 0.39531250000000007 0.5046875 0.440625 0.5328125 0.440625
46 0.659375 0.45 0.5640625 0.45 0.5640625 0.4921875 0.659375 0.4921875
16 0.2734375000000001 0.4421875 0.24218750000000008 0.4421875 0.24218750000000008 0.4859375 0.2734375000000001 0.4859375
19 0.2515625000000001 0.3890625 0.2218750000000001 0.3890625 0.2218750000000001 0.43125 0.2515625000000001 0.43125
23 0.29375000000000007 0.3890625 0.2640625000000001 0.3890625 0.2640625000000001 0.4328125 0.29375000000000007 0.4328125