46 0.8140625 0.7203125000000001 0.6828125 0.7203125 0.6828125 0.7812500000000001 0.8140625 0.7812500000000002
37 0.65 0.65625 0.60625 0.65625 0.60625 0.7125 0.65 0.7125
10 0.2078125000000001 0.6390625 0.16562500000000008 0.6390625 0.16562500000000008 0.6953125 0.2078125000000001 0.6953125
6 0.43125 0.5234375 0.38750000000000007 0.5234375 0.38750000000000007 0.5796875 0.43125 0.5796875
48 0.6796875 0.5296875 0.634375 0.5296875 0.634375 0.5859375 0.6796875 0.5859375
52 0.1515625000000001 0.575 0.09531250000000006 0.575 0.09531250000000006 0.63125 0.1515625000000001 0.63125
28 0.5 0.65 0.4578125 0.65 0.4578125 0.70625 0.5 0.70625
35 0.4750000000000001 0.7109375 0.43125 0.7109375 0.4312500000000001 0.76875 0.4750000000000002 0.76875
38 0.640625 0.5921875 0.596875 0.5921875 0.596875 0.6484375 0.640625 0.6484375
27 0.5421875 0.5890625 0.4984375 0.5890625 0.4984375 0.6453125 0.5421875 0.6453125
21 0.2984375000000001 0.58125 0.25468750000000007 0.58125 0.25468750000000007 0.6375 0.2984375000000001 0.6375
14 0.6093750000000002 0.778125 0.5625000000000002 0.778125 0.5625000000000002 0.8421875 0.6093750000000002 0.8421875
25 0.4515625 0.6484375 0.4078125 0.6484375 0.4078125 0.7046875 0.4515625 0.7046875
34 0.6734375000000001 0.71875 0.6296875 0.71875 0.6296875000000001 0.7765625 0.6734375000000001 0.7765625
36 0.5953125 0.596875 0.55 0.596875 0.55 0.653125 0.5953125 0.653125
57 0.27812500000000007 0.7046875 0.23593750000000008 0.7046875 0.23593750000000008 0.7609375 0.27812500000000007 0.7609375
30 0.8296875 0.4640625000000001 0.07968750000000006 0.4640625 0.07968750000000009 0.8609375 0.8296875 0.8609375
58 0.2312500000000001 0.7015625 0.18750000000000008 0.7015625 0.18750000000000008 0.7578125 0.2312500000000001 0.7578125
56 0.2484375000000001 0.578125 0.2062500000000001 0.578125 0.2062500000000001 0.6359375 0.2484375000000001 0.6359375
32 0.1828125000000001 0.7 0.1390625000000001 0.7 0.1390625000000001 0.75625 0.1828125000000001 0.75625
1 0.19062500000000007 0.515625 0.14687500000000003 0.515625 0.14687500000000006 0.571875 0.1906250000000001 0.571875
59 0.446875 0.5921875 0.4046875 0.5921875 0.4046875 0.6484375 0.446875 0.6484375
9 0.578125 0.528125 0.534375 0.528125 0.534375 0.584375 0.578125 0.584375
13 0.2921875000000001 0.7671875 0.2484375000000001 0.7671875 0.2484375000000001 0.825 0.2921875000000001 0.825
55 0.3765625000000001 0.7078125 0.33281250000000007 0.7078125 0.33281250000000007 0.7640625 0.3765625000000001 0.7640625
43 0.2562500000000001 0.640625 0.2140625000000001 0.640625 0.2140625000000001 0.696875 0.2562500000000001 0.696875
33 0.5234375000000001 0.7140625 0.4796875 0.7140625 0.4796875000000001 0.7703125 0.5234375000000002 0.7703125
26 0.753125 0.6578125000000001 0.7078125 0.6578125 0.7078125 0.7156250000000001 0.753125 0.7156250000000002
22 0.815625 0.5937500000000002 0.7515625 0.5937500000000002 0.7515625 0.7171875000000002 0.815625 0.7171875000000002
7 0.4796875 0.525 0.4375 0.525 0.4375 0.58125 0.4796875 0.58125
19 0.3062500000000001 0.64375 0.26250000000000007 0.64375 0.26250000000000007 0.7 0.3062500000000001 0.7
12 0.7 0.6578125 0.65625 0.6578125 0.65625 0.7140625 0.7 0.7140625
41 0.2000000000000001 0.578125 0.15625000000000008 0.578125 0.15625000000000008 0.634375 0.2000000000000001 0.634375
29 0.5484375 0.6515625 0.5046875 0.6515625 0.5046875 0.7078125 0.5484375 0.7078125
0 0.6296875 0.5296875 0.584375 0.5296875 0.584375 0.5859375 0.6296875 0.5859375
45 0.1609375000000001 0.6375 0.09218750000000009 0.6375 0.09218750000000009 0.69375 0.1609375000000001 0.69375
2 0.2390625000000001 0.51875 0.19531250000000006 0.51875 0.19531250000000006 0.575 0.2390625000000001 0.575
39 0.74375 0.5953125000000001 0.696875 0.5953125 0.696875 0.6515625 0.74375 0.6515625000000002
3 0.28593750000000007 0.51875 0.24218750000000008 0.51875 0.24218750000000008 0.575 0.28593750000000007 0.575
15 0.4250000000000001 0.709375 0.3812500000000001 0.709375 0.3812500000000001 0.765625 0.42500000000000016 0.765625
24 0.4015625 0.646875 0.3609375000000001 0.646875 0.3609375000000001 0.703125 0.4015625 0.703125
47 0.5578125000000002 0.7703125 0.2984375000000001 0.7703125 0.2984375000000001 0.834375 0.5578125000000002 0.834375
31 0.6 0.653125 0.55625 0.653125 0.55625 0.709375 0.6 0.709375
5 0.3812500000000001 0.525 0.3390625000000001 0.525 0.3390625000000001 0.578125 0.3812500000000001 0.578125
8 0.5296875 0.528125 0.4859375 0.528125 0.4859375 0.584375 0.5296875 0.584375
11 0.7296875 0.5312500000000001 0.6859375 0.53125 0.6859375 0.5875000000000001 0.7296875 0.5875000000000001
4 0.3343750000000001 0.5203125 0.2921875000000001 0.5203125 0.2921875000000001 0.5765625 0.3343750000000001 0.5765625
20 0.81875 0.5312500000000002 0.7375 0.5312500000000002 0.7375 0.5906250000000002 0.81875 0.5906250000000002
23 0.3531250000000001 0.6453125 0.3109375000000001 0.6453125 0.3109375000000001 0.7015625 0.3531250000000001 0.7015625
44 0.1375000000000001 0.7 0.0906250000000001 0.7 0.0906250000000001 0.75625 0.1375000000000001 0.75625
51 0.3937500000000001 0.584375 0.3515625000000001 0.584375 0.3515625000000001 0.640625 0.3937500000000001 0.640625
40 0.6250000000000001 0.7171875 0.5796875 0.7171875 0.5796875000000001 0.7734375 0.6250000000000002 0.7734375
16 0.3281250000000001 0.70625 0.2843750000000001 0.70625 0.2843750000000001 0.7625 0.3281250000000001 0.7625
54 0.690625 0.59375 0.6453125 0.59375 0.6453125 0.65 0.690625 0.65
49 0.1468750000000001 0.759375 0.08593750000000008 0.759375 0.0859375000000001 0.8171875 0.1468750000000001 0.8171875
53 0.4953125 0.5921875 0.4515625 0.5921875 0.4515625 0.6484375 0.4953125 0.6484375
17 0.14062500000000006 0.5140625 0.09687500000000007 0.5140625 0.09687500000000007 0.5671875 0.14062500000000008 0.5671875
42 0.3453125000000001 0.5828125 0.3031250000000001 0.5828125 0.3031250000000001 0.6390625 0.3453125000000001 0.6390625
18 0.5734375 0.715625 0.5296875 0.715625 0.5296875000000001 0.771875 0.5734375000000002 0.771875