18 0.4859375 0.49375 0.4546875 0.49375 0.4546875 0.540625 0.4859375 0.540625
7 0.403125 0.3375000000000001 0.371875 0.3375000000000001 0.37187500000000007 0.3843750000000001 0.403125 0.3843750000000001
26 0.6234375 0.4390625 0.5890625 0.4390625 0.5890625 0.4875 0.6234375 0.4875
16 0.29375000000000007 0.5 0.2593750000000001 0.5 0.2593750000000001 0.5453125 0.29375000000000007 0.5453125
42 0.3046875000000001 0.39375 0.2718750000000001 0.39375 0.2718750000000001 0.4390625 0.3046875000000001 0.4390625
19 0.2734375000000001 0.4484375 0.2406250000000001 0.4484375 0.2406250000000001 0.4953125 0.2734375000000001 0.4953125
50 0.6796875 0.5453125 0.6171875 0.5453125 0.6171875 0.609375 0.6796875 0.609375
45 0.15781250000000005 0.4515625 0.10000000000000005 0.4515625 0.10000000000000005 0.49375 0.15781250000000005 0.49375
56 0.22656250000000008 0.39375 0.19375000000000003 0.39375 0.19375000000000003 0.440625 0.22656250000000008 0.440625
17 0.13125000000000003 0.34375 0.09687500000000004 0.34375 0.09687500000000004 0.3890625 0.13125000000000003 0.3890625
2 0.20781250000000004 0.3421875 0.17656250000000004 0.3421875 0.17656250000000004 0.3875 0.2078125000000001 0.3875
51 0.3437500000000001 0.3921875 0.3109375000000001 0.3921875 0.3109375000000001 0.4390625 0.3437500000000001 0.4390625
28 0.4296875 0.44375 0.3968750000000001 0.44375 0.3968750000000001 0.490625 0.4296875 0.490625
21 0.2656250000000001 0.39375 0.2312500000000001 0.39375 0.2312500000000001 0.440625 0.2656250000000001 0.440625
40 0.525 0.49375 0.49375 0.49375 0.49375 0.540625 0.525 0.540625
41 0.18750000000000006 0.3953125 0.15312500000000004 0.3953125 0.15312500000000004 0.4421875 0.18750000000000006 0.4421875
0 0.5203125 0.3343750000000001 0.4859375 0.3343750000000001 0.4859375 0.3828125000000001 0.5203125 0.3828125000000001
37 0.5453125 0.440625 0.5125 0.440625 0.5125 0.4890625 0.5453125 0.4890625
27 0.4609375 0.3890625000000001 0.428125 0.3890625000000001 0.428125 0.4359375 0.4609375 0.4359375
3 0.24687500000000004 0.340625 0.2125 0.340625 0.21250000000000005 0.3875 0.2468750000000001 0.3875
47 0.459375 0.5515625 0.2500000000000001 0.5515625 0.2500000000000001 0.6171875 0.459375 0.6171875
10 0.19531250000000006 0.4484375 0.16250000000000003 0.4484375 0.16250000000000003 0.496875 0.19531250000000006 0.496875
32 0.17656250000000007 0.5015625 0.14218750000000005 0.5015625 0.14218750000000008 0.55 0.1765625000000001 0.55
14 0.50625 0.55 0.4640625 0.55 0.4640625 0.6109375 0.50625 0.6109375
35 0.409375 0.496875 0.3765625000000001 0.496875 0.3765625000000001 0.5421875 0.409375 0.5421875
33 0.4484375 0.496875 0.415625 0.496875 0.415625 0.5421875 0.4484375 0.5421875
15 0.37187500000000007 0.4984375 0.3375000000000001 0.4984375 0.3375000000000001 0.5421875 0.37187500000000007 0.5421875
48 0.559375 0.3343750000000001 0.525 0.3343750000000001 0.525 0.3812500000000001 0.559375 0.3812500000000001
13 0.2453125000000001 0.5546875 0.2015625000000001 0.5546875 0.2015625000000001 0.6109375 0.2453125000000001 0.6109375
4 0.28750000000000003 0.3375 0.253125 0.3375 0.25312500000000004 0.384375 0.2875000000000001 0.384375
55 0.33281250000000007 0.4984375 0.2984375000000001 0.4984375 0.2984375000000001 0.54375 0.33281250000000007 0.54375
59 0.3843750000000001 0.3921875 0.3500000000000001 0.3921875 0.3500000000000001 0.4375 0.3843750000000001 0.4375
53 0.421875 0.3921875000000001 0.3890625000000001 0.3921875000000001 0.3890625000000001 0.4375 0.421875 0.4375
38 0.5375 0.38750000000000007 0.503125 0.38750000000000007 0.503125 0.434375 0.5375 0.434375
29 0.46875 0.4421875 0.4359375 0.4421875 0.4359375 0.4890625 0.46875 0.4890625
54 0.575 0.3859375000000001 0.5421875 0.3859375000000001 0.5421875 0.4359375 0.575 0.4359375
39 0.6140625 0.3843750000000001 0.58125 0.3843750000000001 0.58125 0.43125 0.6140625 0.43125
6 0.36562500000000003 0.34062500000000007 0.33125 0.340625 0.33125000000000004 0.384375 0.3656250000000001 0.3843750000000001
57 0.2531250000000001 0.503125 0.22031250000000008 0.503125 0.22031250000000008 0.546875 0.2531250000000001 0.546875
23 0.3125000000000001 0.446875 0.2796875000000001 0.446875 0.2796875000000001 0.4921875 0.3125000000000001 0.4921875
31 0.50625 0.4421875 0.4734375 0.4421875 0.4734375 0.4890625 0.50625 0.4890625
30 0.9953125 0.21875000000000006 0.07031250000000003 0.21875 0.07031250000000006 0.6625000000000001 0.9953125 0.6625000000000002
49 0.1515625000000001 0.5578125 0.09843750000000007 0.5578125 0.09843750000000007 0.6203125 0.1515625000000001 0.6203125
34 0.5640625 0.4953125 0.53125 0.4953125 0.53125 0.5390625 0.5640625 0.5390625
11 0.5953125 0.33281250000000007 0.5640625 0.33281250000000007 0.5640625 0.3781250000000001 0.5953125 0.3781250000000001
43 0.23437500000000008 0.4484375 0.2015625000000001 0.4484375 0.2015625000000001 0.496875 0.23437500000000008 0.496875
25 0.3921875000000001 0.4453125 0.3578125000000001 0.4453125 0.3578125000000001 0.490625 0.3921875000000001 0.490625
20 0.6734375 0.3296875000000001 0.603125 0.3296875000000001 0.603125 0.37968750000000007 0.6734375 0.37968750000000007
5 0.32500000000000007 0.3375 0.2921875 0.3375 0.29218750000000004 0.384375 0.32500000000000007 0.384375
58 0.2140625000000001 0.5015625 0.18125000000000005 0.5015625 0.18125000000000008 0.5484375 0.2140625000000001 0.5484375
9 0.4796875 0.3375000000000001 0.45 0.3375000000000001 0.45 0.3812500000000001 0.4796875 0.3812500000000001
36 0.4984375 0.3890625000000001 0.465625 0.3890625000000001 0.465625 0.4359375 0.4984375 0.4359375
52 0.15000000000000005 0.396875 0.10000000000000005 0.396875 0.10000000000000005 0.4453125 0.15000000000000005 0.4453125
8 0.4421875 0.3390625000000001 0.409375 0.3390625000000001 0.409375 0.3828125000000001 0.4421875 0.3828125000000001
22 0.6734375 0.3843750000000001 0.621875 0.3843750000000001 0.621875 0.484375 0.6734375 0.484375
24 0.3515625000000001 0.4453125 0.3187500000000001 0.4453125 0.3187500000000001 0.490625 0.3515625000000001 0.490625
1 0.17031250000000003 0.3421875 0.13750000000000004 0.3421875 0.13750000000000004 0.3890625 0.17031250000000003 0.3890625
44 0.13750000000000007 0.503125 0.10000000000000005 0.503125 0.10000000000000006 0.5515625 0.1375000000000001 0.5515625
46 0.6734375 0.4921875 0.571875 0.4921875 0.571875 0.5390625 0.6734375 0.5390625
12 0.584375 0.4390625 0.55 0.4390625 0.55 0.4875 0.584375 0.4875