40 0.5375 0.515625 0.5 0.515625 0.5 0.565625 0.5375 0.565625
56 0.2015625000000001 0.4046875 0.16406250000000006 0.4046875 0.16406250000000006 0.4546875 0.2015625000000001 0.4546875
5 0.31875000000000003 0.35 0.28125 0.35 0.28125000000000006 0.3984375 0.3187500000000001 0.3984375
9 0.4875 0.3500000000000001 0.4515625 0.3500000000000001 0.4515625 0.3984375000000001 0.4875 0.3984375000000001
4 0.275 0.35 0.2390625 0.35 0.23906250000000004 0.3984375 0.2750000000000001 0.3984375
47 0.4953125 0.5734375 0.2390625000000001 0.5734375 0.2390625000000001 0.6296875 0.4953125 0.6296875
8 0.4453125 0.3500000000000001 0.409375 0.3500000000000001 0.409375 0.3984375000000001 0.4453125 0.3984375000000001
57 0.23437500000000008 0.5171875 0.19531250000000006 0.5171875 0.19531250000000006 0.56875 0.23437500000000008 0.56875
25 0.38750000000000007 0.4609375 0.3500000000000001 0.4609375 0.3500000000000001 0.5109375 0.38750000000000007 0.5109375
21 0.2453125000000001 0.4046875 0.2062500000000001 0.4046875 0.2062500000000001 0.4546875 0.2453125000000001 0.4546875
39 0.6265625 0.4046875 0.590625 0.4046875 0.590625 0.4546875 0.6265625 0.4546875
44 0.10312500000000006 0.5171875 0.04531250000000007 0.5171875 0.04531250000000007 0.56875 0.10312500000000009 0.56875
41 0.15781250000000005 0.4046875 0.11875000000000005 0.4046875 0.11875000000000005 0.4546875 0.15781250000000005 0.4546875
15 0.3656250000000001 0.515625 0.3265625000000001 0.515625 0.3265625000000001 0.56875 0.3656250000000001 0.56875
17 0.10468750000000004 0.35 0.05625000000000004 0.35 0.05625000000000004 0.3984375 0.10468750000000004 0.3984375
38 0.5421875 0.4046875 0.50625 0.4046875 0.50625 0.4546875 0.5421875 0.4546875
11 0.6125 0.3500000000000001 0.5765625 0.3500000000000001 0.5765625 0.3984375000000001 0.6125 0.3984375000000001
7 0.403125 0.3500000000000001 0.3671875 0.3500000000000001 0.36718750000000006 0.3984375000000001 0.403125 0.3984375000000001
22 0.68125 0.4015625 0.6328125 0.4015625 0.6328125 0.509375 0.68125 0.509375
33 0.453125 0.515625 0.4140625 0.515625 0.4140625 0.56875 0.453125 0.56875
45 0.12812500000000004 0.459375 0.050000000000000065 0.459375 0.050000000000000065 0.5125 0.12812500000000004 0.5125
43 0.21250000000000008 0.459375 0.17500000000000004 0.459375 0.17500000000000004 0.5109375 0.21250000000000008 0.5109375
13 0.2328125000000001 0.5765625 0.1937500000000001 0.5765625 0.1937500000000001 0.6296875 0.2328125000000001 0.6296875
53 0.415625 0.4046875 0.37968750000000007 0.4046875 0.37968750000000007 0.4546875 0.415625 0.4546875
31 0.515625 0.459375 0.478125 0.459375 0.478125 0.509375 0.515625 0.509375
27 0.4578125 0.4046875 0.421875 0.4046875 0.421875 0.4546875 0.4578125 0.4546875
58 0.18906250000000008 0.5171875 0.15156250000000004 0.5171875 0.15156250000000007 0.56875 0.18906250000000008 0.56875
20 0.68125 0.3500000000000001 0.6203125 0.3500000000000001 0.6203125 0.3984375000000001 0.68125 0.3984375000000001
52 0.11406250000000004 0.4046875 0.05312500000000005 0.4046875 0.053125000000000054 0.4546875 0.11406250000000004 0.4546875
50 0.6890625 0.571875 0.63125 0.571875 0.63125 0.625 0.6890625 0.625
28 0.4296875 0.459375 0.3937500000000001 0.459375 0.3937500000000001 0.5109375 0.4296875 0.5109375
37 0.5578125 0.459375 0.5203125 0.459375 0.5203125 0.509375 0.5578125 0.509375
0 0.5296875 0.3500000000000001 0.49375 0.3500000000000001 0.49375 0.3984375000000001 0.5296875 0.3984375000000001
48 0.5703125 0.3500000000000001 0.534375 0.3500000000000001 0.534375 0.3984375000000001 0.5703125 0.3984375000000001
59 0.3734375000000001 0.4046875 0.3359375000000001 0.4046875 0.3359375000000001 0.4546875 0.3734375000000001 0.4546875
6 0.3609375 0.35 0.325 0.35 0.32500000000000007 0.3984375 0.3609375000000001 0.3984375
23 0.30156250000000007 0.459375 0.2640625000000001 0.459375 0.2640625000000001 0.5109375 0.30156250000000007 0.5109375
42 0.2890625000000001 0.4046875 0.2515625000000001 0.4046875 0.2515625000000001 0.4546875 0.2890625000000001 0.4546875
3 0.23281250000000003 0.3484375 0.19531250000000006 0.3484375 0.19531250000000006 0.3984375 0.2328125000000001 0.3984375
36 0.5 0.4046875 0.4625 0.4046875 0.4625 0.4546875 0.5 0.4546875
14 0.5390625 0.5734375 0.5 0.5734375 0.5 0.625 0.5390625 0.625
12 0.6 0.459375 0.5640625 0.459375 0.5640625 0.509375 0.6 0.509375
29 0.4734375 0.459375 0.4359375 0.459375 0.4359375 0.509375 0.4734375 0.509375
19 0.2578125000000001 0.459375 0.21875000000000008 0.459375 0.21875000000000008 0.5109375 0.2578125000000001 0.5109375
35 0.409375 0.515625 0.37187500000000007 0.515625 0.37187500000000007 0.5671875 0.409375 0.5671875
34 0.5796875 0.515625 0.5421875 0.515625 0.5421875 0.565625 0.5796875 0.565625
2 0.19062500000000004 0.35 0.15156250000000004 0.35 0.15156250000000004 0.3984375 0.19062500000000004 0.3984375
1 0.14843750000000006 0.35 0.10937500000000004 0.35 0.10937500000000004 0.3984375 0.14843750000000006 0.3984375
30 1 0.29531250000000003 0.029687500000000033 0.2953125 0.029687500000000054 0.6468750000000001 1 0.6468750000000002
54 0.584375 0.4046875 0.5484375 0.4046875 0.5484375 0.4546875 0.584375 0.4546875
32 0.14687500000000006 0.515625 0.10625000000000004 0.515625 0.10625000000000007 0.56875 0.1468750000000001 0.56875
46 0.684375 0.5140625 0.5859375 0.5140625 0.5859375 0.5671875 0.684375 0.5671875
51 0.3312500000000001 0.4046875 0.29375000000000007 0.4046875 0.29375000000000007 0.4546875 0.3312500000000001 0.4546875
18 0.4953125 0.515625 0.4578125 0.515625 0.4578125 0.5671875 0.4953125 0.5671875
10 0.17031250000000003 0.459375 0.13125000000000003 0.459375 0.13125000000000003 0.5109375 0.17031250000000003 0.5109375
55 0.3218750000000001 0.515625 0.2843750000000001 0.515625 0.2843750000000001 0.56875 0.3218750000000001 0.56875
49 0.10156250000000008 0.575 0.03593750000000007 0.575 0.035937500000000074 0.6296875 0.10156250000000008 0.6296875
16 0.27812500000000007 0.515625 0.2390625000000001 0.515625 0.2390625000000001 0.56875 0.27812500000000007 0.56875
24 0.3453125000000001 0.4609375 0.3078125000000001 0.4609375 0.3078125000000001 0.5109375 0.3453125000000001 0.5109375
26 0.6421875 0.459375 0.60625 0.459375 0.60625 0.509375 0.6421875 0.509375