4 0.7984375000000001 0.6640625000000001 0.696875 0.6640625 0.6968750000000001 0.7328125000000001 0.7984375000000001 0.7328125000000002
56 0.6953125000000002 0.790625 0.5937500000000002 0.790625 0.5937500000000002 0.8609375 0.6953125000000002 0.8609375
22 0.69375 0.001562500000000072 0.4875 0.0015625000000000597 0.4875 0.054687500000000076 0.69375 0.05468750000000009
8 0.796875 0.3781250000000001 0.6953125 0.3781250000000001 0.6953125 0.4468750000000001 0.796875 0.4468750000000002
47 0.38750000000000007 0.34375000000000006 0.28125 0.34375 0.28125000000000006 0.759375 0.38750000000000007 0.759375
7 0.796875 0.4468750000000001 0.69375 0.446875 0.69375 0.5171875000000001 0.796875 0.5171875000000001
10 0.5921875000000002 0.8484375 0.4906250000000002 0.8484375 0.4906250000000002 0.9203125 0.5921875000000002 0.9203125
19 0.5921875000000001 0.7 0.490625 0.7 0.4906250000000001 0.7734375 0.5921875000000002 0.7734375
13 0.3859375000000001 0.7578125 0.2812500000000001 0.7578125 0.2812500000000001 0.8296875 0.3859375000000001 0.8296875
46 0.49375 5.405667511861364e-17 0.3890625 4.7646414529326714e-17 0.3890625 0.14531250000000004 0.49375 0.14531250000000004
32 0.4890625000000002 0.8828125 0.3859375000000001 0.8828125 0.3859375000000001 0.9453125 0.4890625000000002 0.9453125
52 0.6968750000000001 0.9375 0.5937500000000002 0.9375 0.5937500000000002 1 0.6968750000000001 1
16 0.48906250000000007 0.6609375 0.38750000000000007 0.6609375 0.38750000000000007 0.734375 0.4890625000000002 0.734375
40 0.4921875 0.21875000000000008 0.390625 0.21875000000000008 0.390625 0.2921875000000001 0.4921875 0.2921875000000001
20 0.7953125 9.117878121776779e-17 0.69375 8.495987169084762e-17 0.69375 0.10312500000000009 0.7953125 0.10312500000000009
11 0.796875 0.1062500000000001 0.6953125 0.1062500000000001 0.6953125 0.1687500000000001 0.796875 0.1687500000000001
15 0.4890625 0.5125 0.38750000000000007 0.5125 0.38750000000000007 0.5875 0.4890625 0.5875
21 0.6953125000000001 0.7140625 0.59375 0.7140625 0.5937500000000001 0.7875 0.6953125000000002 0.7875
14 0.3875 0.27343750000000006 0.284375 0.2734375 0.284375 0.34687500000000004 0.3875 0.3468750000000001
0 0.796875 0.23593750000000008 0.69375 0.23593750000000008 0.69375 0.3062500000000001 0.796875 0.3062500000000001
23 0.59375 0.6265625 0.490625 0.6265625 0.490625 0.6984375 0.59375 0.6984375
6 0.796875 0.51875 0.69375 0.51875 0.69375 0.5890625 0.796875 0.5890625000000002
31 0.5921875 0.2578125000000001 0.490625 0.2578125000000001 0.490625 0.3296875000000001 0.5921875 0.3296875000000001
18 0.4921875 0.29375000000000007 0.3890625 0.29375000000000007 0.38906250000000003 0.3656250000000001 0.4921875 0.3656250000000001
41 0.6953125000000002 0.8640625 0.5937500000000002 0.8640625 0.5937500000000002 0.9375 0.6953125000000002 0.9375
28 0.59375 0.4046875 0.490625 0.4046875 0.490625 0.4765625 0.59375 0.4765625
24 0.5921875 0.5515625 0.490625 0.5515625 0.490625 0.6234375 0.5921875 0.6234375
3 0.7984375000000001 0.7343750000000001 0.6953125000000002 0.734375 0.6953125000000002 0.80625 0.7984375000000001 0.80625
44 0.48750000000000016 0.9453125 0.3843750000000001 0.9453125 0.3843750000000001 1 0.48750000000000016 1
45 0.5921875000000002 0.921875 0.48750000000000016 0.921875 0.48750000000000016 1 0.5921875000000002 1
51 0.69375 0.5671875 0.59375 0.5671875 0.59375 0.6390625 0.69375 0.6390625
53 0.6953125 0.4203125 0.5921875 0.4203125 0.5921875 0.4921875 0.6953125 0.4921875
12 0.59375 0.11250000000000007 0.4890625 0.11250000000000004 0.4890625 0.18593750000000006 0.59375 0.1859375000000001
33 0.4921875 0.3671875000000001 0.38750000000000007 0.3671875000000001 0.38750000000000007 0.4390625 0.4921875 0.4390625
5 0.796875 0.5906250000000001 0.6953125 0.590625 0.6953125 0.6625000000000001 0.796875 0.6625000000000002
54 0.6953125 0.1281250000000001 0.5921875 0.1281250000000001 0.5921875 0.2000000000000001 0.6953125 0.2000000000000001
35 0.4890625 0.440625 0.38750000000000007 0.440625 0.38750000000000007 0.5125 0.4890625 0.5125
34 0.4921875 0.14687500000000003 0.390625 0.14687500000000003 0.390625 0.22031250000000008 0.4921875 0.22031250000000008
58 0.48750000000000016 0.809375 0.3859375000000001 0.809375 0.3859375000000001 0.88125 0.48750000000000016 0.88125
9 0.796875 0.3062500000000001 0.69375 0.3062500000000001 0.69375 0.3765625000000001 0.796875 0.3765625000000001
37 0.5890625 0.18125000000000008 0.484375 0.18125000000000005 0.484375 0.25468750000000007 0.5890625 0.25468750000000007
1 0.7984375000000001 0.8796875 0.6953125000000002 0.8796875 0.6953125000000002 0.9484375 0.7984375000000001 0.9484375
2 0.7968750000000002 0.80625 0.6937500000000002 0.80625 0.6937500000000002 0.8765625 0.7968750000000002 0.8765625
29 0.5921875 0.3312500000000001 0.490625 0.3312500000000001 0.490625 0.403125 0.5921875 0.403125
55 0.4875 0.5875 0.38750000000000007 0.5875 0.38750000000000007 0.659375 0.4875 0.659375
57 0.48750000000000016 0.734375 0.38750000000000007 0.734375 0.38750000000000007 0.80625 0.48750000000000016 0.80625
30 0.9046875 7.079989307570636e-17 0.2515625 3.080752104105061e-17 0.2515625 1 0.9046875 1
25 0.5921875 0.4796875 0.490625 0.4796875 0.490625 0.5515625 0.5921875 0.5515625
42 0.69375 0.640625 0.59375 0.640625 0.59375 0.7140625 0.69375 0.7140625
38 0.6953125 0.2015625000000001 0.59375 0.2015625000000001 0.59375 0.2750000000000001 0.6953125 0.2750000000000001
59 0.6953125 0.4921875 0.5921875 0.4921875 0.5921875 0.565625 0.6953125 0.565625
27 0.6953125 0.3468750000000001 0.5953125 0.3468750000000001 0.5953125 0.41875 0.6953125 0.41875
49 0.3859375000000001 0.90625 0.2796875000000001 0.90625 0.2796875000000001 1 0.3859375000000001 1
43 0.5906250000000002 0.7734375 0.4906250000000002 0.7734375 0.4906250000000002 0.8453125 0.5906250000000002 0.8453125
36 0.6953125 0.2734375000000001 0.59375 0.2734375000000001 0.59375 0.3468750000000001 0.6953125 0.3468750000000001