40 0.53125 0.5234375 0.49375 0.5234375 0.49375 0.571875 0.53125 0.571875
56 0.2000000000000001 0.4140625 0.16406250000000006 0.4140625 0.16406250000000006 0.4640625 0.2000000000000001 0.4640625
5 0.31562500000000004 0.3609375 0.2796875 0.3609375 0.27968750000000003 0.4078125 0.3156250000000001 0.4078125
9 0.48125 0.3609375000000001 0.446875 0.3609375000000001 0.446875 0.409375 0.48125 0.409375
4 0.275 0.3609375 0.2390625 0.3609375 0.23906250000000004 0.4078125 0.2750000000000001 0.4078125
47 0.4890625 0.5796875 0.2375000000000001 0.5796875 0.2375000000000001 0.634375 0.4890625 0.634375
8 0.440625 0.3609375000000001 0.4046875 0.3609375000000001 0.4046875 0.409375 0.440625 0.409375
57 0.23437500000000008 0.525 0.19531250000000006 0.525 0.19531250000000006 0.575 0.23437500000000008 0.575
25 0.3843750000000001 0.46875 0.34843750000000007 0.46875 0.34843750000000007 0.51875 0.3843750000000001 0.51875
21 0.24375000000000008 0.4140625 0.2062500000000001 0.4140625 0.2062500000000001 0.4640625 0.24375000000000008 0.4640625
39 0.61875 0.415625 0.5828125 0.415625 0.5828125 0.4640625 0.61875 0.4640625
44 0.10468750000000007 0.525 0.04687500000000007 0.525 0.04687500000000007 0.5765625 0.10468750000000009 0.5765625
41 0.15937500000000004 0.4140625 0.12031250000000004 0.4140625 0.12031250000000004 0.4640625 0.15937500000000004 0.4640625
15 0.3625000000000001 0.5234375 0.32500000000000007 0.5234375 0.32500000000000007 0.575 0.3625000000000001 0.575
17 0.10781250000000005 0.3609375 0.059375000000000046 0.3609375 0.059375000000000046 0.409375 0.10781250000000005 0.409375
38 0.5359375 0.415625 0.5 0.415625 0.5 0.4640625 0.5359375 0.4640625
11 0.603125 0.3609375000000001 0.56875 0.3609375000000001 0.56875 0.409375 0.603125 0.409375
7 0.4 0.3609375000000001 0.3640625 0.3609375000000001 0.36406250000000007 0.409375 0.4 0.409375
22 0.671875 0.4125 0.6234375 0.4125 0.6234375 0.5171875 0.671875 0.5171875
33 0.446875 0.5234375 0.409375 0.5234375 0.409375 0.575 0.446875 0.575
45 0.12968750000000004 0.46875 0.05312500000000007 0.46875 0.05312500000000007 0.5203125 0.12968750000000004 0.5203125
43 0.2140625000000001 0.4703125 0.17656250000000004 0.4703125 0.17656250000000004 0.5203125 0.2140625000000001 0.5203125
13 0.2328125000000001 0.5828125 0.1937500000000001 0.5828125 0.1937500000000001 0.634375 0.2328125000000001 0.634375
53 0.4125 0.415625 0.3765625000000001 0.415625 0.3765625000000001 0.4640625 0.4125 0.4640625
31 0.509375 0.46875 0.4734375 0.46875 0.4734375 0.5171875 0.509375 0.5171875
27 0.4515625 0.4140625 0.4171875 0.4140625 0.4171875 0.4640625 0.4515625 0.4640625
58 0.19062500000000007 0.525 0.15312500000000004 0.525 0.15312500000000007 0.5765625 0.1906250000000001 0.5765625
20 0.6703125 0.3609375000000001 0.6109375 0.3609375000000001 0.6109375 0.409375 0.6703125 0.409375
52 0.11718750000000004 0.4140625 0.05625000000000004 0.4140625 0.05625000000000006 0.4640625 0.11718750000000004 0.4640625
50 0.678125 0.5796875 0.621875 0.5796875 0.621875 0.63125 0.678125 0.63125
28 0.425 0.4703125 0.3906250000000001 0.4703125 0.3906250000000001 0.5203125 0.425 0.5203125
37 0.55 0.46875 0.5140625 0.46875 0.5140625 0.51875 0.55 0.51875
0 0.521875 0.3625000000000001 0.4875 0.3625000000000001 0.4875 0.409375 0.521875 0.409375
48 0.5640625 0.3609375000000001 0.528125 0.3609375000000001 0.528125 0.409375 0.5640625 0.409375
59 0.3703125000000001 0.4140625 0.3343750000000001 0.4140625 0.3343750000000001 0.4640625 0.3703125000000001 0.4640625
6 0.35781250000000003 0.3625 0.321875 0.3625 0.321875 0.409375 0.3578125000000001 0.409375
23 0.3000000000000001 0.4703125 0.2640625000000001 0.4703125 0.2640625000000001 0.5203125 0.3000000000000001 0.5203125
42 0.28593750000000007 0.415625 0.2500000000000001 0.415625 0.2500000000000001 0.4640625 0.28593750000000007 0.4640625
3 0.23281250000000003 0.3609375 0.19531250000000006 0.3609375 0.19531250000000006 0.409375 0.2328125000000001 0.409375
36 0.49375 0.415625 0.4578125 0.415625 0.4578125 0.4640625 0.49375 0.4640625
14 0.5328125 0.5796875 0.4953125 0.5796875 0.4953125 0.63125 0.5328125 0.63125
12 0.5921875 0.46875 0.55625 0.46875 0.55625 0.51875 0.5921875 0.51875
29 0.4671875 0.46875 0.43125 0.46875 0.43125 0.51875 0.4671875 0.51875
19 0.2562500000000001 0.4703125 0.21875000000000008 0.4703125 0.21875000000000008 0.5203125 0.2562500000000001 0.5203125
35 0.4046875 0.525 0.3671875000000001 0.525 0.3671875000000001 0.575 0.4046875 0.575
34 0.571875 0.525 0.534375 0.525 0.534375 0.5734375 0.571875 0.5734375
2 0.19062500000000004 0.3609375 0.15312500000000004 0.3609375 0.15312500000000004 0.4078125 0.19062500000000004 0.4078125
1 0.15000000000000005 0.3609375 0.11250000000000004 0.3609375 0.11250000000000004 0.409375 0.15000000000000005 0.409375
30 0.9828125 0.30781250000000004 0.032812500000000036 0.3078125 0.03281250000000006 0.6531250000000001 0.9828125 0.6531250000000002
54 0.5765625 0.415625 0.540625 0.415625 0.540625 0.4640625 0.5765625 0.4640625
32 0.14843750000000006 0.5234375 0.10781250000000005 0.5234375 0.10781250000000006 0.575 0.14843750000000008 0.575
46 0.6734375 0.521875 0.578125 0.521875 0.578125 0.5734375 0.6734375 0.5734375
51 0.3281250000000001 0.415625 0.2921875000000001 0.415625 0.2921875000000001 0.4640625 0.3281250000000001 0.4640625
18 0.4875 0.5234375 0.4515625 0.5234375 0.4515625 0.5734375 0.4875 0.5734375
10 0.17187500000000006 0.4703125 0.13281250000000006 0.4703125 0.13281250000000006 0.5203125 0.17187500000000006 0.5203125
55 0.3203125000000001 0.5234375 0.2828125000000001 0.5234375 0.2828125000000001 0.575 0.3203125000000001 0.575
49 0.10312500000000009 0.5828125 0.040625000000000064 0.5828125 0.04062500000000007 0.6359375 0.10312500000000009 0.6359375
16 0.2765625000000001 0.5234375 0.2390625000000001 0.5234375 0.2390625000000001 0.575 0.2765625000000001 0.575
24 0.3421875000000001 0.46875 0.3046875000000001 0.46875 0.3046875000000001 0.51875 0.3421875000000001 0.51875
26 0.634375 0.46875 0.5984375 0.46875 0.5984375 0.5171875 0.634375 0.5171875