49 0.5531250000000002 0.95 0.46875000000000017 0.95 0.46875000000000017 1 0.5531250000000002 1
47 0.5531250000000001 0.3812500000000001 0.46875 0.3812500000000001 0.4687500000000001 0.728125 0.5531250000000002 0.728125
39 0.278125 0.10625000000000004 0.1953125 0.10625000000000004 0.1953125 0.17031250000000003 0.278125 0.17031250000000003
24 0.3687500000000001 0.5796875 0.2875000000000001 0.5796875 0.2875000000000001 0.64375 0.3687500000000001 0.64375
2 0.1859375000000001 0.8375 0.10312500000000009 0.8375 0.10312500000000009 0.903125 0.1859375000000001 0.903125
5 0.18750000000000008 0.6265625 0.10312500000000009 0.6265625 0.10312500000000009 0.690625 0.18750000000000008 0.690625
14 0.5546875 0.3078125000000001 0.4703125 0.3078125000000001 0.4703125 0.3750000000000001 0.5546875 0.3750000000000001
53 0.2796875000000001 0.4640625 0.19531250000000006 0.4640625 0.19531250000000006 0.5296875 0.2796875000000001 0.5296875
1 0.18593750000000014 0.909375 0.10312500000000013 0.909375 0.10312500000000013 0.975 0.18593750000000014 0.975
32 0.4593750000000002 0.896875 0.3750000000000001 0.896875 0.3750000000000001 0.9625 0.4593750000000002 0.9625
27 0.27812500000000007 0.39375 0.19531250000000006 0.39375 0.19531250000000006 0.4578125 0.27812500000000007 0.4578125
12 0.3703125 0.15000000000000005 0.2875 0.15000000000000005 0.2875 0.21562500000000004 0.3703125 0.2156250000000001
46 0.4609375 0.02031250000000005 0.3765625 0.020312500000000046 0.3765625 0.17500000000000004 0.4609375 0.17500000000000004
55 0.459375 0.6109375 0.3781250000000001 0.6109375 0.3781250000000001 0.675 0.459375 0.675
13 0.5531250000000002 0.7328125 0.46875000000000017 0.7328125 0.46875000000000017 0.7984375 0.5531250000000002 0.7984375
48 0.18593750000000003 0.19687500000000002 0.10156250000000004 0.196875 0.10156250000000004 0.2625 0.18593750000000003 0.2625
10 0.3671875000000001 0.8640625 0.28593750000000007 0.8640625 0.28593750000000007 0.9296875 0.3671875000000001 0.9296875
40 0.459375 0.25468750000000007 0.378125 0.25468750000000007 0.378125 0.3203125000000001 0.459375 0.3203125000000001
51 0.27812500000000007 0.60625 0.19531250000000008 0.60625 0.19531250000000008 0.66875 0.27812500000000007 0.66875
11 0.184375 0.12500000000000003 0.103125 0.125 0.10312500000000002 0.18906250000000002 0.18437500000000004 0.18906250000000005
44 0.4578125000000002 0.96875 0.3765625000000001 0.96875 0.3765625000000001 1 0.4578125000000002 1
18 0.4609375 0.3265625000000001 0.3765625 0.3265625000000001 0.3765625 0.3921875000000001 0.4609375 0.3921875000000001
28 0.3703125000000001 0.4390625 0.2875000000000001 0.4390625 0.2875000000000001 0.5015625 0.3703125000000001 0.5015625
17 0.18437500000000012 0.98125 0.10312500000000013 0.98125 0.10312500000000013 1 0.18437500000000012 1
15 0.459375 0.540625 0.3781250000000001 0.540625 0.3781250000000001 0.60625 0.459375 0.60625
21 0.27812500000000007 0.7484375 0.1937500000000001 0.7484375 0.1937500000000001 0.8140625 0.27812500000000007 0.8140625
41 0.27812500000000007 0.890625 0.19531250000000008 0.890625 0.1953125000000001 0.95625 0.27812500000000007 0.95625
38 0.278125 0.25 0.19531250000000006 0.25 0.19531250000000006 0.315625 0.278125 0.315625
8 0.18750000000000006 0.4125 0.10312500000000005 0.4125 0.10312500000000005 0.4765625 0.18750000000000006 0.4765625
45 0.3687500000000001 0.9359375 0.2843750000000001 0.9359375 0.2843750000000001 1 0.3687500000000001 1
4 0.1859375000000001 0.6984375 0.10312500000000009 0.6984375 0.10312500000000009 0.7609375 0.1859375000000001 0.7609375
30 0.5828125000000001 3.693075503678737e-17 0.0203125 2.487563810768061e-18 0.02031250000000006 1 0.5828125000000002 1
33 0.4625 0.3984375000000001 0.3781250000000001 0.3984375000000001 0.3781250000000001 0.4640625 0.4625 0.4640625
42 0.27812500000000007 0.678125 0.19531250000000008 0.678125 0.19531250000000008 0.740625 0.27812500000000007 0.740625
58 0.4593750000000002 0.825 0.3781250000000001 0.825 0.3781250000000001 0.890625 0.4593750000000002 0.890625
6 0.18750000000000008 0.5546875 0.10312500000000009 0.5546875 0.10312500000000009 0.61875 0.18750000000000008 0.61875
29 0.3687500000000001 0.36562500000000003 0.2875000000000001 0.365625 0.2875000000000001 0.4296875 0.3687500000000001 0.4296875
23 0.3687500000000001 0.65 0.2875000000000001 0.65 0.2875000000000001 0.7140625 0.3687500000000001 0.7140625
7 0.18750000000000006 0.4828125 0.10312500000000005 0.4828125 0.10312500000000006 0.546875 0.18750000000000008 0.546875
22 0.3703125 0.020312500000000032 0.1921875 0.02031250000000002 0.1921875 0.09843750000000004 0.3703125 0.09843750000000004
25 0.3703125000000001 0.509375 0.2875000000000001 0.509375 0.2875000000000001 0.571875 0.3703125000000001 0.571875
37 0.3703125 0.22187500000000004 0.2859375 0.221875 0.2859375 0.28750000000000003 0.3703125 0.2875000000000001
9 0.18593750000000003 0.340625 0.10156250000000004 0.340625 0.10156250000000004 0.40625 0.18593750000000003 0.40625
19 0.3703125000000001 0.7203125 0.2875000000000001 0.7203125 0.2875000000000001 0.7859375 0.3703125000000001 0.7859375
31 0.36875 0.29531250000000003 0.2859375 0.2953125 0.2859375 0.35781250000000003 0.36875 0.3578125000000001
3 0.1859375000000001 0.7671875 0.10156250000000008 0.7671875 0.10156250000000008 0.834375 0.1859375000000001 0.834375
59 0.2796875000000001 0.534375 0.19531250000000006 0.534375 0.19531250000000006 0.5984375 0.2796875000000001 0.5984375
20 0.1859375 0.020312500000000018 0.1015625 0.02031250000000001 0.1015625 0.11718750000000003 0.1859375 0.11718750000000004
52 0.2765625000000001 0.9625 0.19218750000000012 0.9625 0.19218750000000012 1 0.2765625000000001 1
16 0.4609375000000001 0.68125 0.3781250000000001 0.68125 0.3781250000000001 0.746875 0.46093750000000017 0.746875
35 0.4609375 0.4703125 0.3781250000000001 0.4703125 0.3781250000000001 0.534375 0.4609375 0.534375
0 0.18750000000000006 0.26875 0.10312500000000005 0.26875 0.10312500000000005 0.334375 0.18750000000000006 0.334375
36 0.27812500000000007 0.3203125 0.19375000000000003 0.3203125 0.19375000000000003 0.3859375 0.27812500000000007 0.3859375
54 0.2796875 0.17812500000000003 0.1953125 0.17812500000000003 0.19531250000000003 0.24375 0.2796875 0.24375
57 0.4593750000000002 0.753125 0.3781250000000001 0.753125 0.3781250000000001 0.81875 0.4593750000000002 0.81875
34 0.459375 0.18437500000000004 0.378125 0.18437500000000004 0.378125 0.2484375000000001 0.459375 0.2484375000000001
43 0.3703125000000001 0.7921875 0.2875000000000001 0.7921875 0.2875000000000001 0.859375 0.3703125000000001 0.859375
56 0.2765625000000001 0.8203125 0.1921875000000001 0.8203125 0.1921875000000001 0.8859375 0.2765625000000001 0.8859375
26 0.3703125 0.08125000000000004 0.2875 0.08125000000000004 0.2875 0.14375000000000004 0.3703125 0.14375000000000004