4 0.8640625 0.6421875000000001 0.7515625 0.6421875000000001 0.7515625 0.7187500000000002 0.8640625 0.7187500000000002
56 0.7500000000000002 0.7828125000000001 0.6375000000000002 0.7828125 0.6375000000000002 0.8609375 0.7500000000000002 0.8609375
8 0.8625 0.3265625000000001 0.75 0.3265625000000001 0.75 0.4031250000000002 0.8625 0.4031250000000002
47 0.4093750000000001 0.28906250000000006 0.290625 0.2890625 0.290625 0.7484375 0.40937500000000016 0.7484375
7 0.8625 0.4031250000000002 0.746875 0.4031250000000002 0.746875 0.4812500000000002 0.8625 0.4812500000000002
10 0.6343750000000001 0.846875 0.5218750000000002 0.846875 0.5218750000000002 0.9265625 0.6343750000000001 0.9265625
19 0.6343750000000001 0.6828125 0.521875 0.6828125 0.5218750000000001 0.7640625 0.6343750000000001 0.7640625
13 0.4078125000000002 0.746875 0.2921875000000001 0.746875 0.2921875000000001 0.8265625 0.4078125000000002 0.8265625
46 0.528125 5.750099424121557e-17 0.4109375 5.032532940246154e-17 0.4109375 0.07031250000000006 0.528125 0.07031250000000007
32 0.5234375000000002 0.884375 0.4078125000000002 0.884375 0.4078125000000002 0.953125 0.5234375000000002 0.953125
52 0.7515625000000001 0.9453125 0.6375000000000002 0.9453125 0.6375000000000002 1 0.7515625000000001 1
16 0.521875 0.6390625 0.409375 0.6390625 0.409375 0.7203125 0.521875 0.7203125
40 0.525 0.15000000000000005 0.4125 0.15000000000000005 0.4125 0.2312500000000001 0.525 0.2312500000000001
20 0.8609375 9.85457971188886e-17 0.7484375 9.165715887368473e-17 0.7484375 0.0234375000000001 0.8609375 0.023437500000000104
11 0.8625 0.0250000000000001 0.75 0.025000000000000088 0.75 0.0937500000000001 0.8625 0.09375000000000011
15 0.521875 0.475 0.409375 0.475 0.409375 0.55625 0.521875 0.55625
21 0.7500000000000001 0.6984375 0.6375 0.6984375 0.6375000000000001 0.7796875000000001 0.7500000000000002 0.7796875000000002
14 0.409375 0.21093750000000006 0.29375 0.2109375 0.29375 0.29218750000000004 0.409375 0.2921875000000001
0 0.8625 0.1687500000000001 0.746875 0.1687500000000001 0.746875 0.2468750000000001 0.8625 0.2468750000000001
23 0.6375 0.6 0.521875 0.6 0.521875 0.6796875 0.6375 0.6796875
6 0.8625 0.4828125000000002 0.746875 0.4828125000000002 0.746875 0.5609375000000002 0.8625 0.5609375000000002
31 0.6359375 0.19375000000000006 0.5234375 0.19375000000000003 0.5234375 0.2718750000000001 0.6359375 0.2718750000000001
18 0.5265625 0.2328125000000001 0.4109375 0.2328125000000001 0.4109375 0.3125000000000001 0.5265625 0.3125000000000001
41 0.7500000000000002 0.8625 0.6375000000000002 0.8625 0.6375000000000002 0.94375 0.7500000000000002 0.94375
28 0.6375 0.35625000000000007 0.521875 0.35625000000000007 0.521875 0.434375 0.6375 0.434375
24 0.634375 0.51875 0.521875 0.51875 0.521875 0.5984375 0.634375 0.5984375
3 0.8640625 0.7203125000000001 0.7484375 0.7203125000000001 0.7484375000000001 0.8 0.8640625 0.8
44 0.5218750000000002 0.9546875 0.40625000000000017 0.9546875 0.40625000000000017 1 0.5218750000000002 1
45 0.6343750000000001 0.928125 0.5187500000000002 0.928125 0.5187500000000002 1 0.6343750000000001 1
51 0.7484375 0.5359375000000001 0.6375 0.5359375 0.6375 0.6140625000000001 0.7484375 0.6140625000000002
53 0.75 0.3734375000000001 0.634375 0.3734375000000001 0.634375 0.4531250000000001 0.75 0.45312500000000017
12 0.6375 0.03125000000000007 0.521875 0.03125000000000007 0.521875 0.11250000000000007 0.6375 0.11250000000000009
33 0.525 0.3156250000000001 0.409375 0.3156250000000001 0.409375 0.39531250000000007 0.525 0.39531250000000007
5 0.8625 0.5625000000000002 0.75 0.5625000000000002 0.75 0.6406250000000002 0.8625 0.6406250000000002
54 0.75 0.05000000000000008 0.634375 0.050000000000000065 0.634375 0.1296875000000001 0.75 0.1296875000000001
35 0.521875 0.39531250000000007 0.409375 0.39531250000000007 0.409375 0.475 0.521875 0.475
34 0.525 0.07031250000000006 0.4125 0.07031250000000004 0.4125 0.15156250000000004 0.525 0.15156250000000004
58 0.5203125000000002 0.803125 0.4078125000000002 0.803125 0.4078125000000002 0.8828125 0.5203125000000002 0.8828125
9 0.8625 0.2468750000000001 0.746875 0.2468750000000001 0.746875 0.32500000000000007 0.8625 0.32500000000000007
37 0.63125 0.10781250000000006 0.515625 0.10781250000000005 0.515625 0.18906250000000008 0.63125 0.18906250000000008
1 0.8640625 0.88125 0.7484375000000002 0.88125 0.7484375000000002 0.9578125 0.8640625 0.9578125
2 0.8625 0.8 0.7468750000000002 0.8 0.7468750000000002 0.878125 0.8625 0.878125
29 0.6359375 0.2750000000000001 0.5234375 0.2750000000000001 0.5234375 0.3546875000000001 0.6359375 0.3546875000000001
55 0.5203125 0.5578125 0.409375 0.5578125 0.409375 0.6375 0.5203125 0.6375
57 0.5203125000000001 0.721875 0.409375 0.721875 0.4093750000000001 0.8015625 0.5203125000000002 0.8015625
30 0.9828125 7.596637175960925e-17 0.2578125 3.15729252905177e-17 0.25781250000000006 1 0.9828125 1
25 0.634375 0.4375 0.521875 0.4375 0.521875 0.5171875 0.634375 0.5171875
42 0.7484375 0.6171875000000001 0.6375 0.6171875 0.6375 0.6984375 0.7484375 0.6984375000000002
38 0.75 0.1312500000000001 0.6375 0.1312500000000001 0.6375 0.21250000000000008 0.75 0.21250000000000008
59 0.75 0.4531250000000001 0.634375 0.453125 0.634375 0.534375 0.75 0.5343750000000002
27 0.75 0.2921875000000001 0.6390625 0.2921875000000001 0.6390625 0.3703125000000001 0.75 0.3703125000000001
49 0.4078125000000002 0.909375 0.2890625000000001 0.909375 0.2890625000000001 1 0.4078125000000002 1
43 0.6328125000000002 0.7640625 0.5218750000000002 0.7640625 0.5218750000000002 0.8421875 0.6328125000000002 0.8421875
36 0.75 0.21093750000000008 0.6375 0.21093750000000008 0.6375 0.2921875000000001 0.75 0.2921875000000001