53 0.559375 0.2328125000000001 0.5 0.2328125000000001 0.5 0.3453125000000001 0.559375 0.3453125000000001
22 0.9765625 0.23437500000000008 0.8921875 0.23437500000000008 0.8921875 0.47187500000000016 0.9765625 0.47187500000000016
45 0.11718750000000004 0.3546875 0.023437500000000045 0.3546875 0.02343750000000005 0.46875 0.11718750000000004 0.46875
3 0.28125 0.11093750000000005 0.221875 0.11093750000000005 0.221875 0.225 0.28125 0.225
38 0.753125 0.2312500000000001 0.69375 0.2312500000000001 0.69375 0.3453125000000001 0.753125 0.3453125000000001
31 0.7015625 0.3515625000000001 0.64375 0.3515625000000001 0.64375 0.4640625 0.7015625 0.4640625
33 0.6046875 0.4734375 0.5453125 0.4734375 0.5453125 0.5875 0.6046875 0.5875
34 0.8 0.4734375000000002 0.7390625 0.4734375000000002 0.7390625 0.5859375000000002 0.8 0.5859375000000002
46 0.975 0.4734375000000002 0.80625 0.4734375000000002 0.80625 0.5875000000000001 0.975 0.5875000000000001
2 0.215625 0.11250000000000002 0.15625 0.1125 0.15625000000000003 0.225 0.215625 0.225
0 0.7375 0.11093750000000009 0.678125 0.11093750000000009 0.678125 0.22656250000000008 0.7375 0.22656250000000008
1 0.15000000000000002 0.1125 0.09218750000000002 0.1125 0.09218750000000002 0.225 0.15000000000000005 0.225
16 0.3453125000000001 0.4734375 0.28593750000000007 0.4734375 0.28593750000000007 0.5875 0.3453125000000001 0.5875
19 0.31093750000000003 0.3546875 0.2515625 0.3546875 0.2515625 0.4671875 0.3109375000000001 0.4671875
6 0.4765625 0.11093750000000005 0.4171875 0.11093750000000005 0.4171875 0.2234375000000001 0.4765625 0.2234375000000001
29 0.6375 0.3515625000000001 0.578125 0.3515625000000001 0.578125 0.4640625 0.6375 0.4640625
41 0.16875000000000004 0.2328125 0.10781250000000005 0.2328125 0.10781250000000005 0.3453125 0.16875000000000004 0.3453125
4 0.346875 0.11093750000000005 0.2875 0.11093750000000005 0.2875 0.2234375 0.346875 0.2234375
42 0.3640625 0.23281250000000003 0.3046875 0.2328125 0.3046875 0.3453125 0.3640625 0.3453125000000001
17 0.08437500000000002 0.1109375 0.02656250000000001 0.1109375 0.026562500000000017 0.2234375 0.08437500000000002 0.2234375
20 0.9734375 0.1109375000000001 0.8734375 0.11093750000000009 0.8734375 0.2250000000000001 0.9734375 0.2250000000000001
52 0.10468750000000004 0.23125 0.026562500000000034 0.23125 0.026562500000000037 0.3453125 0.10468750000000004 0.3453125
58 0.2140625000000001 0.4734375 0.15468750000000003 0.4734375 0.15468750000000006 0.5859375 0.2140625000000001 0.5859375
47 0.65 0.59375 0.3046875000000001 0.59375 0.3046875000000001 0.7109375 0.65 0.7109375
59 0.49375 0.2312500000000001 0.4359375 0.2312500000000001 0.4359375 0.3453125000000001 0.49375 0.3453125000000001
14 0.715625 0.5953125 0.653125 0.5953125 0.653125 0.7078125 0.715625 0.7078125
15 0.475 0.4734375 0.4140625 0.4734375 0.4140625 0.5859375 0.475 0.5859375
40 0.734375 0.47343750000000007 0.675 0.4734375 0.675 0.5828125000000001 0.734375 0.5828125000000002
26 0.8953125 0.3531250000000001 0.8375 0.3531250000000001 0.8375 0.4671875000000002 0.8953125 0.4671875000000002
37 0.7671875 0.3546875000000001 0.7078125 0.3546875000000001 0.7078125 0.4671875000000001 0.7671875 0.4671875000000002
21 0.3 0.23125 0.2390625 0.23125 0.2390625 0.3453125 0.3 0.3453125
57 0.2796875000000001 0.4734375 0.22031250000000008 0.4734375 0.22031250000000008 0.5859375 0.2796875000000001 0.5859375
10 0.18125000000000005 0.353125 0.12187500000000004 0.353125 0.12187500000000004 0.4671875 0.18125000000000005 0.4671875
48 0.8015625 0.11093750000000009 0.7421875 0.11093750000000009 0.7421875 0.2250000000000001 0.8015625 0.2250000000000001
24 0.440625 0.3546875000000001 0.3828125 0.3546875000000001 0.38281250000000006 0.4640625 0.440625 0.4640625
39 0.884375 0.2312500000000001 0.825 0.2312500000000001 0.825 0.3453125000000001 0.884375 0.3453125000000001
25 0.50625 0.3546875000000001 0.4484375 0.3546875000000001 0.4484375 0.4671875 0.50625 0.4671875
55 0.409375 0.4734375 0.3500000000000001 0.4734375 0.3500000000000001 0.5859375 0.409375 0.5859375
43 0.24687500000000004 0.3546875 0.18750000000000006 0.3546875 0.18750000000000006 0.4671875 0.2468750000000001 0.4671875
30 0.9890625 0.01718750000000006 0.0140625 0.0171875 0.014062500000000044 0.7390625000000001 0.9890625 0.7390625000000002
23 0.3765625 0.35468750000000004 0.3171875 0.3546875 0.31718750000000007 0.4640625 0.3765625000000001 0.4640625
11 0.865625 0.11093750000000009 0.8078125 0.11093750000000009 0.8078125 0.2234375000000001 0.865625 0.2234375000000001
51 0.428125 0.23437500000000008 0.3703125 0.23437500000000008 0.3703125 0.3437500000000001 0.428125 0.3437500000000001
7 0.5421875 0.11250000000000004 0.4828125 0.11250000000000004 0.4828125 0.2250000000000001 0.5421875 0.2250000000000001
49 0.10468750000000009 0.59375 0.023437500000000073 0.59375 0.02343750000000008 0.709375 0.10468750000000009 0.709375
54 0.81875 0.2328125000000001 0.759375 0.2328125000000001 0.759375 0.3453125000000001 0.81875 0.3453125000000001
18 0.6703125 0.4734375 0.6109375 0.4734375 0.6109375 0.5859375 0.6703125 0.5859375
9 0.671875 0.11093750000000009 0.6109375 0.11093750000000009 0.6109375 0.22656250000000008 0.671875 0.22656250000000008
56 0.2328125 0.23125 0.17343750000000005 0.23125 0.17343750000000005 0.3453125 0.2328125 0.3453125
35 0.5390625 0.4734375 0.4796875 0.4734375 0.4796875 0.5875 0.5390625 0.5875
5 0.4109375 0.11250000000000004 0.3515625 0.11250000000000004 0.3515625 0.22500000000000003 0.4109375 0.2250000000000001
27 0.6234375 0.2312500000000001 0.5640625 0.2312500000000001 0.5640625 0.3437500000000001 0.6234375 0.3437500000000001
8 0.60625 0.11250000000000009 0.546875 0.11250000000000009 0.546875 0.2250000000000001 0.60625 0.2250000000000001
28 0.5703125 0.3531250000000001 0.5125 0.3531250000000001 0.5125 0.4671875 0.5703125 0.4671875
12 0.83125 0.3546875000000001 0.771875 0.3546875000000001 0.771875 0.4671875000000002 0.83125 0.4671875000000002
44 0.08593750000000007 0.4734375 0.026562500000000055 0.4734375 0.026562500000000062 0.5875 0.08593750000000007 0.5875
13 0.30156250000000007 0.59375 0.2390625000000001 0.59375 0.2390625000000001 0.7078125 0.30156250000000007 0.7078125
32 0.15000000000000008 0.4734375 0.09062500000000007 0.4734375 0.09062500000000007 0.5875 0.15000000000000008 0.5875
36 0.6890625 0.2312500000000001 0.6296875 0.2312500000000001 0.6296875 0.3453125000000001 0.6890625 0.3453125000000001