23 0.578125 0.19687500000000008 0.534375 0.19687500000000005 0.534375 0.2406250000000001 0.578125 0.2406250000000001
7 0.48125 0.30937500000000007 0.4375 0.30937500000000007 0.4375 0.3531250000000001 0.48125 0.3531250000000001
31 0.578125 0.4453125 0.534375 0.4453125 0.534375 0.4890625 0.578125 0.4890625
33 0.625 0.3703125000000001 0.58125 0.3703125000000001 0.58125 0.415625 0.625 0.415625
43 0.578125 0.09843750000000007 0.534375 0.09843750000000007 0.534375 0.14218750000000008 0.578125 0.14218750000000008
52 0.528125 6.199774420683475e-17 0.484375 5.931882933369991e-17 0.484375 0.03125000000000006 0.528125 0.03125000000000007
58 0.625 0.07343750000000007 0.5828125 0.07343750000000007 0.5828125 0.11875000000000009 0.625 0.11875000000000009
6 0.48125 0.2593750000000001 0.4375 0.2593750000000001 0.4375 0.3031250000000001 0.48125 0.3031250000000001
19 0.578125 0.14843750000000006 0.534375 0.14843750000000006 0.534375 0.19218750000000007 0.578125 0.1921875000000001
29 0.578125 0.39531250000000007 0.534375 0.39531250000000007 0.534375 0.4390625 0.578125 0.4390625
56 0.528125 0.08593750000000007 0.484375 0.08593750000000007 0.484375 0.12968750000000004 0.528125 0.12968750000000004
24 0.578125 0.2468750000000001 0.534375 0.2468750000000001 0.534375 0.2906250000000001 0.578125 0.2906250000000001
28 0.578125 0.3453125000000001 0.534375 0.3453125000000001 0.534375 0.3890625000000001 0.578125 0.3890625000000001
2 0.48125 0.060937500000000054 0.4375 0.06093750000000005 0.4375 0.10468750000000004 0.48125 0.10468750000000004
13 0.6734375 0.03593750000000008 0.6296875 0.03593750000000008 0.6296875 0.09531250000000008 0.6734375 0.09531250000000009
26 0.578125 0.59375 0.534375 0.59375 0.534375 0.6390625 0.578125 0.6390625
4 0.48125 0.16093750000000004 0.4375 0.16093750000000004 0.4375 0.20468750000000008 0.48125 0.20468750000000008
57 0.625 0.12343750000000009 0.58125 0.12343750000000009 0.58125 0.1687500000000001 0.625 0.1687500000000001
14 0.675 0.5421875 0.6296875 0.5421875 0.6296875 0.6015625 0.675 0.6015625
25 0.578125 0.2953125000000001 0.534375 0.2953125000000001 0.534375 0.34062500000000007 0.578125 0.34062500000000007
50 0.6765625 0.60625 0.63125 0.60625 0.63125 0.678125 0.6765625 0.678125
46 0.625 0.56875 0.58125 0.56875 0.58125 0.675 0.625 0.675
10 0.5765625 0.050000000000000065 0.5328125 0.050000000000000065 0.5328125 0.09375000000000007 0.5765625 0.09375000000000007
51 0.528125 0.23437500000000008 0.484375 0.23437500000000008 0.484375 0.27812500000000007 0.528125 0.27812500000000007
20 0.48125 0.6046875 0.4375 0.6046875 0.4375 0.6765625 0.48125 0.6765625
41 0.528125 0.03593750000000006 0.484375 0.03593750000000005 0.484375 0.08125000000000007 0.528125 0.08125000000000007
18 0.625 0.4203125 0.58125 0.4203125 0.58125 0.465625 0.625 0.465625
21 0.528125 0.13593750000000004 0.484375 0.13593750000000004 0.484375 0.17968750000000006 0.528125 0.17968750000000006
5 0.48125 0.2093750000000001 0.4375 0.2093750000000001 0.4375 0.25468750000000007 0.48125 0.25468750000000007
53 0.5296875 0.33281250000000007 0.484375 0.33281250000000007 0.484375 0.3781250000000001 0.5296875 0.3781250000000001
48 0.48125 0.5078125 0.4375 0.5078125 0.4375 0.553125 0.48125 0.553125
47 0.675 0.17187500000000008 0.628125 0.17187500000000008 0.628125 0.465625 0.675 0.465625
16 0.625 0.17187500000000008 0.58125 0.17187500000000008 0.58125 0.2171875000000001 0.625 0.2171875000000001
40 0.625 0.46875 0.58125 0.46875 0.58125 0.5140625 0.625 0.5140625
36 0.5296875 0.43125 0.4859375 0.43125 0.4859375 0.4765625 0.5296875 0.4765625
32 0.625 0.023437500000000076 0.58125 0.023437500000000073 0.58125 0.06875000000000006 0.625 0.06875000000000006
49 0.675 7.988906853812813e-17 0.6296875 7.711447813380989e-17 0.6296875 0.03281250000000008 0.675 0.03281250000000008
44 0.625 7.386151007357473e-17 0.58125 7.11825952004399e-17 0.58125 0.018750000000000076 0.625 0.01875000000000008
15 0.625 0.2718750000000001 0.58125 0.2718750000000001 0.58125 0.31718750000000007 0.625 0.31718750000000007
11 0.48125 0.55625 0.4375 0.55625 0.4375 0.6015625 0.48125 0.6015625
55 0.625 0.2218750000000001 0.58125 0.2218750000000001 0.58125 0.2687500000000001 0.625 0.2687500000000001
35 0.625 0.3203125000000001 0.58125 0.3203125000000001 0.58125 0.3656250000000001 0.625 0.3656250000000001
37 0.578125 0.4953125 0.534375 0.4953125 0.534375 0.5390625 0.578125 0.5390625
30 0.6875000000000001 6.544206332943669e-17 0.38125 4.6689659217492845e-17 0.38125000000000003 1 0.6875000000000002 1
0 0.48125 0.4578125 0.4375 0.4578125 0.4375 0.503125 0.48125 0.503125
42 0.528125 0.18593750000000003 0.484375 0.18593750000000003 0.484375 0.2296875000000001 0.528125 0.2296875000000001
34 0.625 0.51875 0.5828125 0.51875 0.5828125 0.5625 0.625 0.5625
27 0.528125 0.3828125000000001 0.484375 0.3828125000000001 0.484375 0.4265625 0.528125 0.4265625
38 0.528125 0.4828125 0.484375 0.4828125 0.484375 0.5265625 0.528125 0.5265625
8 0.48125 0.3593750000000001 0.4375 0.3593750000000001 0.4375 0.403125 0.48125 0.403125
45 0.5765625 6.783395160902136e-17 0.53125 6.505936120470313e-17 0.53125 0.04375000000000007 0.5765625 0.04375000000000007
1 0.48125 0.010937500000000055 0.4375 0.010937500000000053 0.4375 0.054687500000000056 0.48125 0.05468750000000007
12 0.578125 0.54375 0.534375 0.54375 0.534375 0.5890625 0.578125 0.5890625
54 0.5296875 0.53125 0.4859375 0.53125 0.4859375 0.5765625 0.5296875 0.5765625
22 0.5796875 0.6328125 0.4859375 0.6328125 0.4859375 0.6796875 0.5796875 0.6796875
59 0.528125 0.2843750000000001 0.484375 0.2843750000000001 0.484375 0.3296875000000001 0.528125 0.3296875000000001
39 0.5296875 0.58125 0.4859375 0.58125 0.4859375 0.6265625 0.5296875 0.6265625
3 0.48125 0.10937500000000004 0.4375 0.10937500000000004 0.4375 0.15468750000000003 0.48125 0.15468750000000003
9 0.48125 0.4078125 0.4375 0.4078125 0.4375 0.453125 0.48125 0.453125