23 0.07656250000000007 0.571875 0.020312500000000074 0.571875 0.020312500000000074 0.646875 0.07656250000000009 0.646875
26 0.515625 0.4421875 0.4640625 0.4421875 0.4640625 0.5 0.515625 0.5
6 0.14843750000000006 0.428125 0.09687500000000004 0.428125 0.09687500000000006 0.4875 0.14843750000000006 0.4875
22 0.5890625 0.37187500000000007 0.4890625 0.37187500000000007 0.4890625 0.4828125 0.5890625 0.4828125
12 0.4671875 0.45625 0.415625 0.45625 0.415625 0.515625 0.4671875 0.515625
29 0.3109375000000001 0.503125 0.2562500000000001 0.503125 0.2562500000000001 0.5671875 0.3109375000000001 0.5671875
35 0.2328125000000001 0.5921875 0.1765625000000001 0.5921875 0.1765625000000001 0.665625 0.2328125000000001 0.665625
48 0.409375 0.36250000000000004 0.3609375 0.3625 0.3609375 0.4140625 0.409375 0.4140625
34 0.45625 0.521875 0.403125 0.521875 0.403125 0.584375 0.45625 0.584375
31 0.3656250000000001 0.4875 0.3125000000000001 0.4875 0.3125000000000001 0.55 0.3656250000000001 0.55
16 0.04687500000000008 0.6515625 7.979339300694473e-17 0.6515625 8.448149403493069e-17 0.728125 0.04687500000000009 0.728125
47 0.3500000000000001 0.6171875 0.006250000000000075 0.6171875 0.006250000000000087 0.8125 0.3500000000000001 0.8125
8 0.2562500000000001 0.4 0.2062500000000001 0.4 0.2062500000000001 0.45625 0.2562500000000001 0.45625
27 0.2890625000000001 0.4484375 0.2390625000000001 0.4484375 0.2390625000000001 0.5078125 0.2890625000000001 0.5078125
53 0.23437500000000008 0.4640625 0.18281250000000004 0.4640625 0.18281250000000004 0.528125 0.23437500000000008 0.528125
39 0.490625 0.3937500000000001 0.440625 0.3937500000000001 0.440625 0.446875 0.490625 0.446875
46 0.5609375 0.4875 0.453125 0.4875 0.453125 0.565625 0.5609375 0.565625
59 0.17812500000000006 0.4796875 0.12656250000000005 0.4796875 0.12656250000000008 0.5453125 0.1781250000000001 0.5453125
20 0.5546875 0.3234375000000001 0.4515625 0.3234375000000001 0.4515625 0.3890625000000001 0.5546875 0.3890625000000001
4 0.03437500000000006 0.459375 5.625721233583154e-17 0.459375 5.979720698961685e-17 0.5171875 0.034375000000000065 0.5171875
25 0.19687500000000008 0.5359375 0.14218750000000005 0.5359375 0.14218750000000008 0.60625 0.19687500000000008 0.60625
11 0.45625 0.3500000000000001 0.4078125 0.3500000000000001 0.4078125 0.4015625 0.45625 0.4015625
50 0.5328125 0.5640625 0.453125 0.5640625 0.453125 0.640625 0.5328125 0.640625
28 0.25468750000000007 0.51875 0.2015625000000001 0.51875 0.2015625000000001 0.5890625 0.25468750000000007 0.5890625
7 0.20312500000000008 0.4140625 0.15312500000000004 0.4140625 0.15312500000000004 0.471875 0.20312500000000008 0.471875
38 0.3937500000000001 0.4203125 0.3437500000000001 0.4203125 0.3437500000000001 0.4765625 0.3937500000000001 0.4765625
55 0.11093750000000009 0.63125 0.05156250000000007 0.63125 0.05156250000000008 0.70625 0.11093750000000009 0.70625
33 0.2921875000000001 0.575 0.23593750000000008 0.575 0.23593750000000008 0.646875 0.2921875000000001 0.646875
37 0.4171875 0.471875 0.36406250000000007 0.471875 0.36406250000000007 0.5328125 0.4171875 0.5328125
42 0.06250000000000007 0.5109375 0.007812500000000064 0.5109375 0.007812500000000068 0.58125 0.06250000000000007 0.58125
14 0.403125 0.609375 0.3453125000000001 0.609375 0.3453125000000001 0.68125 0.403125 0.68125
54 0.44375 0.4078125 0.3921875000000001 0.4078125 0.3921875000000001 0.4625 0.44375 0.4625
40 0.40625 0.5390625 0.3515625000000001 0.5390625 0.3515625000000001 0.603125 0.40625 0.603125
51 0.12031250000000007 0.4953125 0.06875000000000006 0.4953125 0.06875000000000006 0.5609375 0.12031250000000009 0.5609375
30 0.8578125 0.23750000000000004 2.9085361479749636e-17 0.2375 6.572908992298684e-17 0.8359375 0.8578125 0.8359375
0 0.3609375000000001 0.375 0.3109375000000001 0.375 0.3109375000000001 0.428125 0.3609375000000001 0.428125
9 0.30937500000000007 0.3875 0.2593750000000001 0.3875 0.2593750000000001 0.4421875 0.30937500000000007 0.4421875
18 0.3500000000000001 0.55625 0.29375000000000007 0.55625 0.29375000000000007 0.621875 0.3500000000000001 0.621875
36 0.3437500000000001 0.434375 0.2921875000000001 0.434375 0.2921875000000001 0.49375 0.3437500000000001 0.49375
15 0.1750000000000001 0.6125 0.11718750000000008 0.6125 0.11718750000000008 0.6875 0.1750000000000001 0.6875
24 0.1359375000000001 0.5546875 0.08125000000000007 0.5546875 0.08125000000000007 0.625 0.1359375000000001 0.625
5 0.09218750000000006 0.44375 0.037500000000000054 0.44375 0.03750000000000006 0.5046875 0.09218750000000006 0.5046875