26 0.4265625 0.6375 0.3453125000000001 0.6375 0.3453125000000001 0.68125 0.4265625 0.68125
25 0.4328125 0.33593750000000006 0.35 0.3359375 0.35000000000000003 0.37968750000000007 0.4328125 0.37968750000000007
9 0.6078125 0.4609375 0.5265625 0.4609375 0.5265625 0.5046875 0.6078125 0.5046875
58 0.34375 0.09843750000000004 0.259375 0.09843750000000002 0.259375 0.14531250000000004 0.34375 0.14531250000000004
13 0.2515625 0.1296875 0.1484375 0.1296875 0.1484375 0.1765625 0.2515625 0.17656250000000004
54 0.515625 0.571875 0.434375 0.571875 0.434375 0.615625 0.515625 0.615625
35 0.34218750000000003 0.359375 0.2578125 0.359375 0.25781250000000006 0.40625 0.3421875000000001 0.40625
14 0.2500000000000001 0.4765625 0.14687500000000003 0.4765625 0.14687500000000003 0.5234375 0.2500000000000001 0.5234375
40 0.34062500000000007 0.5109375 0.2593750000000001 0.5109375 0.2593750000000001 0.5578125 0.34062500000000007 0.5578125
19 0.4328125 0.17812500000000003 0.35 0.17812500000000003 0.35 0.22500000000000003 0.4328125 0.2250000000000001
10 0.434375 0.07343750000000004 0.3515625 0.07343750000000004 0.3515625 0.12031250000000004 0.434375 0.12031250000000004
29 0.43125 0.4375 0.3500000000000001 0.4375 0.3500000000000001 0.48125 0.43125 0.48125
30 0.784375 5.357829746269671e-17 0.090625 1.1098361617272889e-17 0.09062500000000005 0.9875 0.7843750000000002 0.9875
55 0.3421875 0.2546875 0.259375 0.2546875 0.259375 0.3015625 0.3421875 0.3015625
48 0.6046875 0.559375 0.5265625 0.559375 0.5265625 0.603125 0.6046875 0.603125
34 0.3390625000000001 0.5609375 0.2578125000000001 0.5609375 0.2578125000000001 0.6078125 0.3390625000000001 0.6078125
36 0.5203125 0.471875 0.4375 0.471875 0.4375 0.515625 0.5203125 0.515625
11 0.6046875 0.60625 0.5234375 0.60625 0.5234375 0.65 0.6046875 0.65
6 0.609375 0.30937500000000007 0.53125 0.30937500000000007 0.53125 0.35625000000000007 0.609375 0.35625000000000007
42 0.5234375 0.2156250000000001 0.440625 0.2156250000000001 0.440625 0.26250000000000007 0.5234375 0.26250000000000007
17 0.61875 0.003125000000000071 0.5375 0.0031250000000000652 0.5375 0.043750000000000074 0.61875 0.04375000000000008
47 0.2515625 0.18281250000000002 0.14531250000000004 0.1828125 0.14531250000000004 0.4734375 0.2515625000000001 0.4734375
4 0.6140625 0.2062500000000001 0.5328125 0.2062500000000001 0.5328125 0.2531250000000001 0.6140625 0.2531250000000001
18 0.34062500000000007 0.4609375 0.2578125000000001 0.4609375 0.2578125000000001 0.5078125 0.34062500000000007 0.5078125
24 0.4328125 0.2828125 0.3515625 0.2828125 0.3515625 0.3296875 0.4328125 0.3296875000000001
51 0.5234375 0.2687500000000001 0.4421875 0.2687500000000001 0.4421875 0.3156250000000001 0.5234375 0.3156250000000001
7 0.6078125 0.3609375000000001 0.5296875 0.3609375000000001 0.5296875 0.4046875 0.6078125 0.4046875
20 0.6046875 0.65625 0.521875 0.65625 0.521875 0.725 0.6046875 0.725
41 0.525 0.05937500000000005 0.44375 0.059375000000000046 0.44375 0.10625000000000004 0.525 0.10625000000000004
45 0.4375 4.831614324761042e-17 0.3515625 4.305398903252414e-17 0.3515625 0.06875000000000005 0.4375 0.06875000000000005
0 0.60625 0.509375 0.525 0.509375 0.525 0.55625 0.60625 0.55625
15 0.340625 0.3078125 0.2578125 0.3078125 0.2578125 0.3546875 0.340625 0.3546875
32 0.34375 0.04687500000000004 0.259375 0.046875000000000035 0.259375 0.09375000000000003 0.34375 0.09375000000000004
31 0.4296875 0.4875 0.34843750000000007 0.4875 0.34843750000000007 0.53125 0.4296875 0.53125
59 0.521875 0.3218750000000001 0.440625 0.3218750000000001 0.440625 0.3656250000000001 0.521875 0.3656250000000001
8 0.6078125 0.4109375 0.5296875 0.4109375 0.5296875 0.4546875 0.6078125 0.4546875
57 0.3421875 0.15156250000000004 0.2578125 0.15156250000000004 0.2578125 0.19843750000000004 0.3421875 0.19843750000000004
44 0.34375 0.0015625000000000372 0.2609375 0.001562500000000032 0.2609375 0.04218750000000004 0.34375 0.042187500000000044
37 0.4296875 0.5375 0.34843750000000007 0.5375 0.34843750000000007 0.58125 0.4296875 0.58125
21 0.525 0.16406250000000006 0.4421875 0.16406250000000006 0.4421875 0.21093750000000008 0.525 0.21093750000000008
23 0.4328125 0.23125000000000004 0.3515625 0.23125 0.3515625 0.27812500000000007 0.4328125 0.27812500000000007
52 0.5296875 0.0015625000000000597 0.4453125 0.0015625000000000547 0.4453125 0.054687500000000056 0.5296875 0.05468750000000007
28 0.43125 0.38750000000000007 0.34843750000000007 0.3875 0.34843750000000007 0.43125 0.43125 0.43125
33 0.3421875000000001 0.409375 0.2578125000000001 0.409375 0.2578125000000001 0.45625 0.3421875000000001 0.45625
49 0.246875 2.4110233858213517e-17 0.146875 1.798699986247675e-17 0.146875 0.07187500000000002 0.246875 0.07187500000000002
3 0.615625 0.15312500000000007 0.5328125 0.15312500000000004 0.5328125 0.2000000000000001 0.615625 0.2000000000000001
5 0.6125 0.2578125000000001 0.53125 0.2578125000000001 0.53125 0.3046875000000001 0.6125 0.3046875000000001
56 0.5265625 0.11093750000000005 0.4421875 0.11093750000000005 0.4421875 0.15781250000000005 0.5265625 0.15781250000000005
2 0.6140625 0.10156250000000007 0.5359375 0.10156250000000004 0.5359375 0.14843750000000006 0.6140625 0.14843750000000008
39 0.515625 0.621875 0.434375 0.621875 0.434375 0.665625 0.515625 0.665625
16 0.3421875 0.203125 0.259375 0.203125 0.259375 0.25 0.3421875 0.25
1 0.615625 0.050000000000000065 0.5328125 0.050000000000000065 0.5328125 0.09687500000000007 0.615625 0.09687500000000007
12 0.428125 0.5875 0.3453125000000001 0.5875 0.3453125000000001 0.63125 0.428125 0.63125
53 0.521875 0.3703125000000001 0.4390625 0.3703125000000001 0.4390625 0.4171875 0.521875 0.4171875
38 0.5171875 0.5234375 0.4359375 0.5234375 0.4359375 0.5671875 0.5171875 0.5671875
22 0.515625 0.671875 0.3437500000000001 0.671875 0.3437500000000001 0.725 0.515625 0.725
43 0.434375 0.12500000000000006 0.3515625 0.12500000000000006 0.3515625 0.17187500000000006 0.434375 0.17187500000000006
27 0.5203125 0.421875 0.4390625 0.421875 0.4390625 0.465625 0.5203125 0.465625
46 0.3375000000000001 0.6125 0.2531250000000001 0.6125 0.2531250000000001 0.725 0.3375000000000001 0.725