15 0.459375 0.421875 0.409375 0.421875 0.409375 0.4859375 0.459375 0.4859375
45 0.15625000000000006 0.353125 0.08281250000000004 0.353125 0.08281250000000004 0.4171875 0.15625000000000006 0.4171875
13 0.3156250000000001 0.490625 0.2640625000000001 0.490625 0.2640625000000001 0.55625 0.3156250000000001 0.55625
22 0.8734375 0.2812500000000001 0.8015625 0.2812500000000001 0.8015625 0.41718750000000016 0.8734375 0.41718750000000016
24 0.4296875 0.3531250000000001 0.38125 0.3531250000000001 0.38125000000000003 0.415625 0.4296875 0.415625
31 0.64375 0.3515625000000001 0.5953125 0.3515625000000001 0.5953125 0.415625 0.64375 0.415625
53 0.525 0.2812500000000001 0.4765625 0.2812500000000001 0.4765625 0.3468750000000001 0.525 0.3468750000000001
14 0.6546875 0.490625 0.6046875 0.490625 0.6046875 0.55625 0.6546875 0.55625
46 0.871875 0.4203125000000002 0.73125 0.4203125000000002 0.73125 0.48437500000000017 0.871875 0.48437500000000017
32 0.18593750000000003 0.4203125 0.13437500000000005 0.4203125 0.13437500000000005 0.484375 0.18593750000000003 0.484375
28 0.5359375 0.3515625000000001 0.4890625 0.3515625000000001 0.4890625 0.415625 0.5359375 0.415625
37 0.696875 0.3531250000000001 0.6484375 0.3531250000000001 0.6484375 0.415625 0.696875 0.415625
42 0.365625 0.28125000000000006 0.315625 0.28125 0.315625 0.34687500000000004 0.365625 0.3468750000000001
52 0.14843750000000006 0.2796875 0.08281250000000004 0.2796875 0.08281250000000004 0.353125 0.14843750000000006 0.353125
9 0.6203125 0.21093750000000008 0.5703125 0.21093750000000008 0.5703125 0.2765625000000001 0.6203125 0.2765625000000001
21 0.315625 0.2859375 0.265625 0.2859375 0.265625 0.3515625 0.315625 0.3515625
26 0.80625 0.3515625000000001 0.75625 0.3515625000000001 0.75625 0.4156250000000002 0.80625 0.4156250000000002
49 0.14843750000000006 0.4921875 0.08281250000000007 0.4921875 0.08281250000000007 0.55625 0.14843750000000008 0.55625
35 0.509375 0.41875 0.4609375 0.41875 0.4609375 0.484375 0.509375 0.484375
30 0.8890625 0.14375000000000004 0.07343750000000002 0.14375 0.07343750000000004 0.5796875000000001 0.8890625 0.5796875000000001
39 0.796875 0.2812500000000001 0.746875 0.2812500000000001 0.746875 0.3453125000000001 0.796875 0.3453125000000001
25 0.4828125 0.3531250000000001 0.434375 0.3531250000000001 0.434375 0.415625 0.4828125 0.415625
16 0.3515625000000001 0.4203125 0.3000000000000001 0.4203125 0.3000000000000001 0.484375 0.3515625000000001 0.484375
56 0.259375 0.28125 0.209375 0.28125 0.209375 0.3484375 0.259375 0.3484375
11 0.78125 0.2093750000000001 0.7328125 0.2093750000000001 0.7328125 0.2750000000000001 0.78125 0.2750000000000001
40 0.671875 0.4203125 0.6234375 0.4203125 0.6234375 0.4828125 0.671875 0.4828125
3 0.29375 0.2109375 0.24375 0.2109375 0.24375 0.275 0.29375 0.275
29 0.590625 0.3515625000000001 0.5421875 0.3515625000000001 0.5421875 0.415625 0.590625 0.415625
0 0.6734375 0.21093750000000008 0.6234375 0.21093750000000008 0.6234375 0.2765625000000001 0.6734375 0.2765625000000001
54 0.7421875 0.2812500000000001 0.6921875 0.2812500000000001 0.6921875 0.3468750000000001 0.7421875 0.3468750000000001
6 0.4578125 0.21250000000000008 0.409375 0.21250000000000008 0.409375 0.2750000000000001 0.4578125 0.2750000000000001
19 0.321875 0.3515625 0.2734375 0.3515625 0.27343750000000006 0.4171875 0.3218750000000001 0.4171875
57 0.30156250000000007 0.4234375 0.2500000000000001 0.4234375 0.2500000000000001 0.4875 0.30156250000000007 0.4875
4 0.35 0.2125 0.3 0.2125 0.3 0.275 0.35 0.275
48 0.728125 0.21093750000000008 0.6765625 0.21093750000000008 0.6765625 0.2765625000000001 0.728125 0.2765625000000001
55 0.40625 0.4203125 0.35625000000000007 0.4203125 0.35625000000000007 0.484375 0.40625 0.484375
17 0.12968750000000004 0.2125 0.08281250000000002 0.2125 0.08281250000000004 0.275 0.12968750000000004 0.275
10 0.21093750000000006 0.3515625 0.16250000000000003 0.3515625 0.16250000000000003 0.415625 0.21093750000000008 0.415625
34 0.7265625 0.4203125000000001 0.6765625 0.4203125 0.6765625 0.4843750000000001 0.7265625 0.48437500000000017
7 0.5109375 0.21250000000000008 0.4625 0.21250000000000008 0.4625 0.2765625000000001 0.5109375 0.2765625000000001
47 0.6 0.490625 0.3203125000000001 0.490625 0.3203125000000001 0.5578125 0.6 0.5578125
8 0.565625 0.21250000000000008 0.5171875 0.21250000000000008 0.5171875 0.2765625000000001 0.565625 0.2765625000000001
27 0.5796875 0.2812500000000001 0.53125 0.2812500000000001 0.53125 0.3453125000000001 0.5796875 0.3453125000000001
23 0.3765625 0.353125 0.328125 0.353125 0.32812500000000006 0.4171875 0.3765625000000001 0.4171875
18 0.6171875 0.4203125 0.56875 0.4203125 0.56875 0.484375 0.6171875 0.484375
12 0.7515625 0.3515625000000001 0.7015625 0.3515625000000001 0.7015625 0.4156250000000001 0.7515625 0.4156250000000002
51 0.41875 0.2812500000000001 0.3703125 0.2812500000000001 0.3703125 0.3453125000000001 0.41875 0.3453125000000001
36 0.6328125 0.2812500000000001 0.5828125 0.2812500000000001 0.5828125 0.3468750000000001 0.6328125 0.3468750000000001
58 0.2406250000000001 0.4203125 0.18906250000000005 0.4203125 0.18906250000000005 0.484375 0.2406250000000001 0.484375
5 0.4046875 0.21250000000000005 0.35625 0.2125 0.35625 0.275 0.4046875 0.2750000000000001
2 0.240625 0.2109375 0.18906250000000005 0.2109375 0.18906250000000005 0.275 0.240625 0.275
44 0.13125000000000003 0.4234375 0.08437500000000005 0.4234375 0.08437500000000006 0.484375 0.13125000000000003 0.484375
1 0.18437500000000004 0.2109375 0.13281250000000006 0.2109375 0.13281250000000006 0.275 0.18437500000000004 0.275
38 0.6875 0.2812500000000001 0.6390625 0.2812500000000001 0.6390625 0.3468750000000001 0.6875 0.3468750000000001
20 0.875 0.2093750000000001 0.790625 0.2093750000000001 0.790625 0.2750000000000001 0.875 0.2750000000000001
59 0.471875 0.2812500000000001 0.4234375 0.2812500000000001 0.4234375 0.3468750000000001 0.471875 0.3468750000000001
41 0.20625 0.2859375 0.15312500000000004 0.2859375 0.15312500000000004 0.3515625 0.20625 0.3515625
33 0.5625 0.41875 0.5140625 0.41875 0.5140625 0.484375 0.5625 0.484375
43 0.2671875 0.353125 0.2171875 0.353125 0.21718750000000003 0.415625 0.2671875000000001 0.415625