37 0.5703125 0.5265625 0.5296875 0.5265625 0.5296875 0.609375 0.5703125 0.609375
23 0.88125 0.5218750000000002 0.834375 0.5218750000000002 0.834375 0.6046875000000002 0.88125 0.6046875000000002
50 0.4421875000000002 0.7328125 0.34843750000000007 0.7328125 0.34843750000000007 0.8765625 0.4421875000000002 0.8765625
35 0.765625 0.6218750000000001 0.7171875 0.621875 0.7171875 0.7046875000000001 0.765625 0.7046875000000001
22 0.4296875 0.43125 0.3578125000000001 0.43125 0.3578125000000001 0.6203125 0.4296875 0.6203125
41 1 0.4265625000000002 0.96875 0.4265625000000002 0.96875 0.5078125000000002 1 0.5078125000000002
15 0.81875 0.6187500000000001 0.76875 0.6187500000000001 0.76875 0.7031250000000002 0.81875 0.7031250000000002
43 0.98125 0.5203125000000002 0.9296875 0.5203125000000002 0.9296875 0.6031250000000001 0.98125 0.6031250000000001
46 0.496875 0.628125 0.35625000000000007 0.628125 0.35625000000000007 0.715625 0.496875 0.715625
20 0.446875 0.3375000000000001 0.3640625 0.3375000000000001 0.36406250000000007 0.41875 0.446875 0.41875
5 0.8375 0.3343750000000001 0.796875 0.3343750000000001 0.796875 0.4125000000000002 0.8375 0.4125000000000002
18 0.6578125 0.6234375 0.6109375 0.6234375 0.6109375 0.7109375 0.6578125 0.7109375
28 0.7265625 0.5234375000000001 0.6796875 0.5234375 0.6796875 0.6078125000000001 0.7265625 0.6078125000000002
21 0.925 0.4265625000000002 0.878125 0.4265625000000002 0.878125 0.5109375000000002 0.925 0.5109375000000002
9 0.64375 0.3359375000000001 0.6 0.3359375000000001 0.6 0.415625 0.64375 0.415625
42 0.878125 0.4265625000000002 0.83125 0.4265625000000002 0.83125 0.5093750000000001 0.878125 0.5093750000000001
3 0.9328125 0.3343750000000001 0.8890625 0.3343750000000001 0.8890625 0.4125000000000002 0.9328125 0.4125000000000002
36 0.628125 0.43125 0.584375 0.43125 0.584375 0.509375 0.628125 0.509375
2 0.9796875 0.3359375000000001 0.9328125 0.3359375000000001 0.9328125 0.41406250000000017 0.9796875 0.41406250000000017
56 0.971875 0.4234375000000002 0.9265625 0.4234375000000002 0.9265625 0.5078125000000002 0.971875 0.5078125000000002
16 0.921875 0.6171875000000002 0.86875 0.6171875000000002 0.86875 0.7000000000000002 0.921875 0.7000000000000002
57 0.9734375 0.6156250000000002 0.9171875 0.6156250000000002 0.9171875 0.6984375000000002 0.9734375 0.6984375000000002
7 0.7421875 0.3359375000000001 0.6984375 0.3359375000000001 0.6984375 0.4171875000000001 0.7421875 0.41718750000000016
13 1 0.7109375000000002 0.953125 0.7109375000000002 0.953125 0.84375 1 0.84375
30 0.9984375 0.17343750000000008 2.1239967922711906e-17 0.1734375 7.175664838754022e-17 0.9984375 0.9984375 0.9984375
58 1 0.6156250000000002 0.9640625 0.6156250000000002 0.9640625 0.6953125000000002 1 0.6953125000000002
12 0.5203125 0.5265625 0.478125 0.5265625 0.478125 0.609375 0.5203125 0.609375
0 0.59375 0.3375000000000001 0.553125 0.3375000000000001 0.553125 0.4171875 0.59375 0.4171875
4 0.8859375 0.3343750000000001 0.84375 0.3343750000000001 0.84375 0.4125000000000002 0.8859375 0.4125000000000002
38 0.5765625 0.43125 0.534375 0.43125 0.534375 0.5109375 0.5765625 0.5109375
6 0.7921875 0.3359375000000001 0.7484375 0.3359375000000001 0.7484375 0.41406250000000017 0.7921875 0.41406250000000017
8 0.6921875 0.3359375000000001 0.65 0.3359375000000001 0.65 0.4140625 0.6921875 0.4140625
51 0.828125 0.4265625000000002 0.7828125 0.4265625000000002 0.7828125 0.5062500000000002 0.828125 0.5062500000000002
14 0.6562500000000001 0.725 0.5921875 0.725 0.5921875000000001 0.859375 0.6562500000000002 0.859375
39 0.478125 0.4328125 0.434375 0.4328125 0.434375 0.515625 0.478125 0.515625
11 0.496875 0.3375000000000001 0.4578125 0.3375000000000001 0.4578125 0.4171875 0.496875 0.4171875
31 0.6234375 0.525 0.5796875 0.525 0.5796875 0.6078125 0.6234375 0.6078125
24 0.83125 0.5218750000000002 0.784375 0.5218750000000002 0.784375 0.6046875000000002 0.83125 0.6046875000000002
48 0.546875 0.3375000000000001 0.50625 0.3375000000000001 0.50625 0.4171875 0.546875 0.4171875
29 0.675 0.525 0.63125 0.525 0.63125 0.60625 0.675 0.60625
34 0.55 0.6265625 0.50625 0.6265625 0.50625 0.709375 0.55 0.709375
53 0.728125 0.4281250000000001 0.684375 0.428125 0.684375 0.5093750000000001 0.728125 0.5093750000000001
27 0.6765625 0.4296875 0.6328125 0.4296875 0.6328125 0.5078125 0.6765625 0.5078125
55 0.8703125 0.6187500000000001 0.81875 0.6187500000000001 0.81875 0.7015625000000002 0.8703125 0.7015625000000002
54 0.528125 0.43125 0.4859375 0.43125 0.4859375 0.5140625 0.528125 0.5140625
19 0.93125 0.5218750000000002 0.88125 0.5218750000000002 0.88125 0.6031250000000001 0.93125 0.6031250000000001
47 0.953125 0.7156250000000001 0.659375 0.715625 0.659375 0.859375 0.953125 0.859375
25 0.7796875 0.5234375000000002 0.7328125 0.5234375000000002 0.7328125 0.6046875000000002 0.7796875 0.6046875000000002
33 0.7109375 0.6234375 0.6640625 0.6234375 0.6640625 0.7078125 0.7109375 0.7078125
40 0.603125 0.625 0.559375 0.625 0.559375 0.709375 0.603125 0.709375
59 0.778125 0.4265625000000002 0.734375 0.4265625000000002 0.734375 0.5093750000000001 0.778125 0.5093750000000001
26 0.46875 0.528125 0.4265625 0.528125 0.4265625 0.6125 0.46875 0.6125