38 0.5421875 0.3421875000000001 0.490625 0.3421875000000001 0.490625 0.3781250000000001 0.5421875 0.3781250000000001
24 0.603125 0.6640625 0.5359375 0.6640625 0.5359375 0.725 0.603125 0.725
55 0.6453125000000002 0.728125 0.5859375000000002 0.728125 0.5859375000000002 0.778125 0.6453125000000002 0.778125
20 0.4921875 0.2093750000000001 0.4390625 0.2093750000000001 0.4390625 0.2687500000000001 0.4921875 0.2687500000000001
41 0.4656250000000002 0.8546875 0.4078125000000002 0.8546875 0.4078125000000002 0.9015625 0.4656250000000002 0.9015625
13 0.7218750000000002 0.7765625 0.6312500000000002 0.7765625 0.6312500000000002 0.8390625 0.7218750000000002 0.8390625
42 0.5125000000000001 0.7140625 0.453125 0.7140625 0.4531250000000001 0.7609375 0.5125000000000002 0.7609375
6 0.478125 0.6375 0.4171875 0.6375 0.4171875 0.684375 0.478125 0.684375
26 0.6046875 0.2515625000000001 0.553125 0.2515625000000001 0.553125 0.2828125000000001 0.6046875 0.2828125000000001
47 0.7828125000000001 0.4640625000000001 0.6671875 0.4640625 0.6671875 0.784375 0.7828125000000001 0.7843750000000002
31 0.603125 0.3687500000000001 0.553125 0.3687500000000001 0.553125 0.40625 0.603125 0.40625
29 0.6078125 0.4109375 0.55625 0.4109375 0.55625 0.4484375 0.6078125 0.4484375
39 0.54375 0.2593750000000001 0.49375 0.2593750000000001 0.49375 0.2968750000000001 0.54375 0.2968750000000001
32 0.5796875000000001 0.91875 0.5234375000000002 0.91875 0.5234375000000002 0.9609375 0.5796875000000001 0.9609375
14 0.765625 0.4140625000000001 0.678125 0.4140625 0.678125 0.4640625000000001 0.765625 0.46406250000000016
40 0.6625 0.3515625000000001 0.6125 0.3515625000000001 0.6125 0.3890625000000001 0.6625 0.3890625000000001
57 0.6078125000000002 0.821875 0.5500000000000002 0.821875 0.5500000000000002 0.8703125 0.6078125000000002 0.8703125
50 0.753125 0.2156250000000001 0.6703125 0.2156250000000001 0.6703125 0.3125000000000001 0.753125 0.3125000000000001
56 0.47968750000000016 0.8078125 0.4203125000000002 0.8078125 0.4203125000000002 0.853125 0.47968750000000016 0.853125
16 0.6250000000000002 0.775 0.5687500000000002 0.775 0.5687500000000002 0.8234375 0.6250000000000002 0.8234375
43 0.5421875000000002 0.8171875 0.4859375000000002 0.8171875 0.4859375000000002 0.8625 0.5421875000000002 0.8625
22 0.6109375 0.2140625000000001 0.4984375 0.2140625000000001 0.4984375 0.2515625000000001 0.6109375 0.2515625000000001
33 0.6734375 0.4359375 0.6203125 0.4359375 0.6203125 0.4765625 0.6734375 0.4765625
11 0.484375 0.27812500000000007 0.4359375 0.27812500000000007 0.4359375 0.3125000000000001 0.484375 0.3125000000000001
8 0.4859375 0.4421875 0.4328125 0.4421875 0.4328125 0.48125 0.4859375 0.48125
17 0.3843750000000001 0.915625 0.3281250000000001 0.915625 0.3281250000000001 0.971875 0.3843750000000001 0.971875
7 0.49375 0.4859375 0.4375 0.4859375 0.4375 0.5578125 0.49375 0.5578125
1 0.3968750000000001 0.8671875 0.34062500000000007 0.8671875 0.34062500000000007 0.909375 0.3968750000000001 0.909375
5 0.45781250000000007 0.684375 0.4 0.684375 0.4000000000000001 0.728125 0.4578125000000002 0.728125
23 0.5765625000000001 0.7234375 0.5171875 0.7234375 0.5171875000000001 0.7703125 0.5765625000000002 0.7703125
52 0.4515625000000002 0.9015625 0.3890625000000001 0.9015625 0.3890625000000001 0.9828125 0.4515625000000002 0.9828125
51 0.5421875 0.6484375 0.4703125 0.6484375 0.4703125 0.7140625 0.5421875 0.7140625
19 0.5609375000000002 0.7703125 0.5015625000000001 0.7703125 0.5015625000000001 0.8171875 0.5609375000000002 0.8171875
4 0.4390625000000002 0.7328125 0.3828125000000001 0.7328125 0.3828125000000001 0.7765625 0.4390625000000002 0.7765625
35 0.6859375 0.48125 0.625 0.48125 0.625 0.546875 0.6859375 0.546875
53 0.5515625 0.4671875 0.496875 0.4671875 0.496875 0.5078125 0.5515625 0.5078125
45 0.5140625000000002 0.9125 0.4515625000000002 0.9125 0.4515625000000002 0.99375 0.5140625000000002 0.99375
59 0.5609375 0.5109375 0.50625 0.5109375 0.50625 0.5515625 0.5609375 0.5515625
25 0.621875 0.496875 0.56875 0.496875 0.56875 0.553125 0.621875 0.553125
27 0.546875 0.425 0.4953125 0.425 0.4953125 0.4625 0.546875 0.4625
21 0.49531250000000016 0.7609375 0.4359375000000002 0.7609375 0.4359375000000002 0.8078125 0.49531250000000016 0.8078125
30 0.825 6.333720164340217e-17 0.209375 2.5641042357147705e-17 0.20937500000000003 1 0.825 1
46 0.6671875 0.21875000000000008 0.6125 0.21875000000000008 0.6125 0.3031250000000001 0.6671875 0.3031250000000001
2 0.40937500000000016 0.821875 0.3546875000000001 0.821875 0.3546875000000001 0.8640625 0.40937500000000016 0.8640625
48 0.4828125 0.3203125000000001 0.4328125 0.3203125000000001 0.4328125 0.3546875000000001 0.4828125 0.3546875000000001
36 0.54375 0.3843750000000001 0.490625 0.3843750000000001 0.490625 0.421875 0.54375 0.421875
54 0.5421875 0.30156250000000007 0.490625 0.30156250000000007 0.490625 0.3359375000000001 0.5421875 0.3359375000000001
28 0.6125 0.453125 0.559375 0.453125 0.559375 0.49375 0.6125 0.49375
34 0.659375 0.3109375000000001 0.609375 0.3109375000000001 0.609375 0.3468750000000001 0.659375 0.3468750000000001
37 0.6 0.3281250000000001 0.55 0.3281250000000001 0.55 0.36406250000000007 0.6 0.36406250000000007
18 0.6671875 0.3937500000000001 0.6140625 0.3937500000000001 0.6140625 0.434375 0.6671875 0.434375
58 0.5921875000000002 0.86875 0.5359375000000002 0.86875 0.5359375000000002 0.915625 0.5921875000000002 0.915625
12 0.6 0.2906250000000001 0.55 0.2906250000000001 0.55 0.3218750000000001 0.6 0.3218750000000001
3 0.4234375000000002 0.778125 0.3671875000000001 0.778125 0.3671875000000001 0.821875 0.4234375000000002 0.821875
0 0.4828125 0.3609375000000001 0.4328125 0.3609375000000001 0.4328125 0.39531250000000007 0.4828125 0.39531250000000007
44 0.5703125000000002 0.9625 0.5140625000000002 0.9625 0.5140625000000002 1 0.5703125000000002 1
49 0.6703125000000002 0.940625 0.5781250000000002 0.940625 0.5781250000000002 1 0.6703125000000002 1
10 0.5281250000000002 0.865625 0.4703125000000002 0.865625 0.4703125000000002 0.9109375 0.5281250000000002 0.9109375
9 0.484375 0.4015625 0.43125 0.4015625 0.43125 0.4390625 0.484375 0.4390625
15 0.6656250000000001 0.6796875 0.6046875 0.6796875 0.6046875 0.7296875 0.6656250000000001 0.7296875