4 0.4578125 0.06875000000000006 0.41875 0.06875000000000005 0.41875 0.10000000000000005 0.4578125 0.10000000000000005
20 0.725 0.2968750000000001 0.6375 0.2968750000000001 0.6375 0.3859375000000001 0.725 0.3859375000000001
59 0.475 0.13437500000000005 0.434375 0.13437500000000005 0.434375 0.17343750000000005 0.475 0.17343750000000005
37 0.5484375 0.2796875000000001 0.5 0.2796875000000001 0.5 0.3265625000000001 0.5484375 0.3265625000000001
49 0.259375 0.03906250000000003 0.209375 0.03906250000000002 0.209375 0.07968750000000002 0.259375 0.07968750000000002
10 0.3515625 0.05312500000000005 0.3140625 0.05312500000000005 0.3140625 0.08437500000000005 0.3515625 0.08437500000000005
12 0.578125 0.3140625000000001 0.525 0.3140625000000001 0.525 0.36406250000000007 0.578125 0.36406250000000007
46 0.6015625 0.3546875000000001 0.4953125 0.3546875000000001 0.4953125 0.471875 0.6015625 0.471875
42 0.4328125 0.09531250000000005 0.3953125 0.09531250000000005 0.3953125 0.12812500000000004 0.4328125 0.12812500000000004
39 0.6328125 0.3078125000000001 0.58125 0.3078125000000001 0.58125 0.3546875000000001 0.6328125 0.3546875000000001
22 0.6828125 0.3375000000000001 0.5875 0.3375000000000001 0.5875 0.4421875 0.6828125 0.4421875
41 0.3765625 0.028125000000000046 0.340625 0.028125000000000046 0.340625 0.059375000000000046 0.3765625 0.059375000000000046
0 0.6 0.2140625000000001 0.5515625 0.2140625000000001 0.5515625 0.2500000000000001 0.6 0.2500000000000001
33 0.4453125 0.2218750000000001 0.396875 0.2218750000000001 0.396875 0.2640625000000001 0.4453125 0.2640625000000001
27 0.521875 0.18593750000000003 0.478125 0.18593750000000003 0.478125 0.22656250000000008 0.521875 0.22656250000000008
40 0.4953125 0.2843750000000001 0.44375 0.2843750000000001 0.44375 0.3312500000000001 0.4953125 0.3312500000000001
30 1 7.261772816819071e-17 0.1859375 2.27707764216461e-17 0.18593750000000006 1 1 1
35 0.4234375 0.19375000000000003 0.3765625 0.19375000000000003 0.3765625 0.23437500000000008 0.4234375 0.23437500000000008
38 0.575 0.24375000000000008 0.5265625 0.24375000000000008 0.5265625 0.28593750000000007 0.575 0.28593750000000007
56 0.3953125 0.050000000000000044 0.3578125 0.050000000000000044 0.3578125 0.08281250000000004 0.3953125 0.08281250000000004
48 0.628125 0.2406250000000001 0.578125 0.2406250000000001 0.578125 0.2828125000000001 0.628125 0.2828125000000001
45 0.3359375 0.015625000000000035 0.28125 0.015625000000000035 0.28125 0.06406250000000005 0.3359375 0.06406250000000005
17 0.384375 4.487182412500848e-17 0.3484375 4.267128690779059e-17 0.3484375 0.020312500000000046 0.384375 0.020312500000000046
13 0.3046875 0.11718750000000004 0.2640625 0.11718750000000004 0.2640625 0.15000000000000005 0.3046875 0.15000000000000005
50 0.5546875 0.4171875 0.4796875 0.4171875 0.4796875 0.5 0.5546875 0.5
29 0.496875 0.2171875000000001 0.45 0.2171875000000001 0.45 0.26250000000000007 0.496875 0.26250000000000007
54 0.6046875 0.2750000000000001 0.553125 0.2750000000000001 0.553125 0.3218750000000001 0.6046875 0.3218750000000001
53 0.4984375 0.15937500000000004 0.4546875 0.15937500000000004 0.4546875 0.2000000000000001 0.4984375 0.2000000000000001
57 0.3421875 0.09531250000000005 0.303125 0.09531250000000005 0.303125 0.13125000000000003 0.3421875 0.13125000000000003
24 0.4296875 0.13906250000000003 0.384375 0.13906250000000003 0.384375 0.17968750000000006 0.4296875 0.17968750000000006
47 0.4296875 0.13437500000000005 0.2828125 0.13437500000000005 0.2828125 0.32031250000000006 0.4296875 0.3203125000000001
28 0.471875 0.18906250000000005 0.428125 0.18906250000000005 0.428125 0.2312500000000001 0.471875 0.2312500000000001
16 0.3609375 0.11875000000000005 0.31875 0.11875000000000005 0.31875 0.15625000000000006 0.3609375 0.15625000000000006
23 0.4078125 0.12031250000000004 0.365625 0.12031250000000004 0.365625 0.15468750000000003 0.4078125 0.15468750000000003
36 0.546875 0.2140625000000001 0.5015625 0.2140625000000001 0.5015625 0.2562500000000001 0.546875 0.2562500000000001
34 0.521875 0.3187500000000001 0.46875 0.3187500000000001 0.46875 0.3671875000000001 0.521875 0.3671875000000001
19 0.3875 0.09218750000000005 0.3484375 0.09218750000000005 0.3484375 0.12812500000000004 0.3875 0.12812500000000004
18 0.4703125 0.2531250000000001 0.4203125 0.2531250000000001 0.4203125 0.2984375000000001 0.4703125 0.2984375000000001
3 0.4390625 0.04843750000000005 0.4 0.04843750000000004 0.4 0.07968750000000005 0.4390625 0.07968750000000005
55 0.38125 0.14218750000000005 0.3375 0.14218750000000005 0.3375 0.18125000000000005 0.38125 0.18125000000000005
1 0.4015625 0.010937500000000048 0.365625 0.010937500000000044 0.365625 0.04062500000000004 0.4015625 0.04062500000000004
43 0.36875 0.07343750000000004 0.33125 0.07343750000000004 0.33125 0.10781250000000005 0.36875 0.10781250000000005
52 0.3609375 0.006250000000000042 0.315625 0.0062500000000000385 0.315625 0.04375000000000004 0.3609375 0.043750000000000046
21 0.4140625 0.06875000000000005 0.375 0.06875000000000005 0.375 0.10156250000000004 0.4140625 0.10156250000000004
5 0.478125 0.09062500000000005 0.4375 0.09062500000000004 0.4375 0.12187500000000004 0.478125 0.12187500000000004
51 0.4546875 0.11093750000000005 0.4140625 0.11093750000000005 0.4140625 0.14843750000000006 0.4546875 0.14843750000000006
31 0.5234375 0.2484375000000001 0.475 0.2484375000000001 0.475 0.2921875000000001 0.5234375 0.2921875000000001
6 0.5 0.11250000000000004 0.4578125 0.11250000000000004 0.4578125 0.14687500000000003 0.5 0.14687500000000003
44 0.2953125 0.028125000000000032 0.25 0.028125000000000032 0.25 0.06875000000000003 0.2953125 0.06875000000000005
11 0.6578125 0.2718750000000001 0.6078125 0.2718750000000001 0.6078125 0.3125000000000001 0.6578125 0.3125000000000001
32 0.3109375 0.056250000000000036 0.271875 0.05625000000000002 0.271875 0.09062500000000004 0.3109375 0.09062500000000004
8 0.546875 0.15937500000000007 0.503125 0.15937500000000004 0.503125 0.19531250000000006 0.546875 0.19531250000000008
25 0.4515625 0.16562500000000005 0.40625 0.16562500000000005 0.40625 0.2062500000000001 0.4515625 0.2062500000000001
2 0.4203125 0.02968750000000005 0.384375 0.029687500000000044 0.384375 0.059375000000000046 0.4203125 0.059375000000000046
15 0.4015625 0.16562500000000005 0.35625 0.16562500000000005 0.35625 0.20781250000000004 0.4015625 0.2078125000000001
7 0.521875 0.13437500000000005 0.48125 0.13437500000000005 0.48125 0.16875000000000004 0.521875 0.16875000000000004
9 0.5734375 0.18593750000000006 0.5265625 0.18593750000000003 0.5265625 0.2234375000000001 0.5734375 0.2234375000000001
14 0.4546875 0.30937500000000007 0.3984375 0.30937500000000007 0.3984375 0.3609375000000001 0.4546875 0.3609375000000001
58 0.325 0.07343750000000004 0.2859375 0.07343750000000004 0.2859375 0.10625000000000004 0.325 0.10625000000000004
26 0.609375 0.34843750000000007 0.553125 0.34843750000000007 0.553125 0.4 0.609375 0.4