1 0.10312500000000005 0.415625 0.07343750000000004 0.415625 0.07343750000000004 0.453125 0.10312500000000005 0.453125
49 0.08125000000000007 0.5859375 0.034375000000000065 0.5859375 0.03437500000000007 0.6265625 0.08125000000000007 0.6265625
16 0.20312500000000008 0.5390625 0.17343750000000005 0.5390625 0.17343750000000008 0.5765625 0.20312500000000008 0.5765625
9 0.3593750000000001 0.409375 0.3312500000000001 0.409375 0.3312500000000001 0.4453125 0.3593750000000001 0.4453125
10 0.12187500000000004 0.4984375 0.09218750000000006 0.4984375 0.09218750000000006 0.5359375 0.12187500000000004 0.5359375
37 0.4109375 0.4921875 0.3843750000000001 0.4921875 0.3843750000000001 0.528125 0.4109375 0.528125
26 0.4734375 0.4890625 0.446875 0.4890625 0.446875 0.5265625 0.4734375 0.5265625
59 0.27812500000000007 0.453125 0.2500000000000001 0.453125 0.2500000000000001 0.490625 0.27812500000000007 0.490625
32 0.10156250000000007 0.5421875 0.07343750000000007 0.5421875 0.07343750000000007 0.5796875 0.10156250000000008 0.5796875
41 0.11562500000000005 0.45625 0.08437500000000006 0.45625 0.08437500000000006 0.49375 0.11562500000000005 0.49375
6 0.2640625000000001 0.4109375 0.23593750000000008 0.4109375 0.23593750000000008 0.446875 0.2640625000000001 0.446875
42 0.21250000000000008 0.453125 0.18437500000000004 0.453125 0.18437500000000004 0.4921875 0.21250000000000008 0.4921875
15 0.2671875000000001 0.5359375 0.2390625000000001 0.5359375 0.2390625000000001 0.575 0.2671875000000001 0.575
57 0.16875000000000007 0.540625 0.13906250000000003 0.540625 0.13906250000000006 0.578125 0.1687500000000001 0.578125
17 0.06875000000000005 0.415625 0.04062500000000006 0.415625 0.04062500000000006 0.4515625 0.06875000000000005 0.4515625
3 0.16718750000000004 0.4140625 0.13750000000000004 0.4140625 0.13750000000000004 0.45 0.16718750000000004 0.45
54 0.4359375 0.45 0.409375 0.45 0.409375 0.4875 0.4359375 0.4875
33 0.3312500000000001 0.534375 0.3031250000000001 0.534375 0.3031250000000001 0.5734375 0.3312500000000001 0.5734375
25 0.2828125000000001 0.4953125 0.25468750000000007 0.4953125 0.25468750000000007 0.53125 0.2828125000000001 0.53125
58 0.13593750000000007 0.540625 0.10625000000000004 0.540625 0.10625000000000007 0.578125 0.1359375000000001 0.578125
55 0.2328125000000001 0.5390625 0.2062500000000001 0.5390625 0.2062500000000001 0.5765625 0.2328125000000001 0.5765625
20 0.5234375 0.40625 0.459375 0.40625 0.459375 0.44375 0.5234375 0.44375
51 0.24375000000000008 0.453125 0.2171875000000001 0.453125 0.2171875000000001 0.490625 0.24375000000000008 0.490625
52 0.08281250000000007 0.4578125 0.04062500000000006 0.4578125 0.04062500000000006 0.4953125 0.08281250000000007 0.4953125
46 0.49375 0.53125 0.4328125 0.53125 0.4328125 0.56875 0.49375 0.56875
56 0.14843750000000006 0.4546875 0.11875000000000005 0.4546875 0.11875000000000005 0.49375 0.14843750000000006 0.49375
19 0.18437500000000004 0.496875 0.15625000000000006 0.496875 0.15625000000000006 0.534375 0.18437500000000004 0.534375
47 0.3546875000000001 0.5796875 0.1843750000000001 0.5796875 0.1843750000000001 0.6203125 0.3546875000000001 0.6203125
21 0.18125000000000005 0.4546875 0.15156250000000004 0.4546875 0.15156250000000004 0.4921875 0.18125000000000005 0.4921875
45 0.08750000000000006 0.5 0.03906250000000007 0.5 0.03906250000000007 0.5375 0.08750000000000006 0.5375
8 0.3265625000000001 0.409375 0.3000000000000001 0.409375 0.3000000000000001 0.446875 0.3265625000000001 0.446875
0 0.3921875000000001 0.4078125 0.36406250000000007 0.4078125 0.36406250000000007 0.4453125 0.3921875000000001 0.4453125
29 0.34843750000000007 0.4921875 0.3203125000000001 0.4921875 0.3203125000000001 0.5296875 0.34843750000000007 0.5296875
2 0.13593750000000004 0.4140625 0.10625000000000004 0.4140625 0.10625000000000004 0.4515625 0.13593750000000004 0.4515625
27 0.3421875000000001 0.4515625 0.3156250000000001 0.4515625 0.3156250000000001 0.4875 0.3421875000000001 0.4875
4 0.19843750000000004 0.4125 0.17031250000000003 0.4125 0.17031250000000003 0.4484375 0.19843750000000004 0.4484375
44 0.07031250000000007 0.54375 0.03593750000000007 0.54375 0.03593750000000007 0.58125 0.07031250000000007 0.58125
18 0.36406250000000007 0.534375 0.3359375000000001 0.534375 0.3359375000000001 0.571875 0.36406250000000007 0.571875
34 0.428125 0.534375 0.4 0.534375 0.4 0.5703125 0.428125 0.5703125
31 0.37968750000000007 0.4921875 0.3531250000000001 0.4921875 0.3531250000000001 0.5296875 0.37968750000000007 0.5296875
5 0.2312500000000001 0.4125 0.20312500000000008 0.4125 0.20312500000000008 0.45 0.2312500000000001 0.45
30 0.6921875 0.3609375 0.029687500000000044 0.3609375 0.02968750000000006 0.6421875 0.6921875 0.6421875
7 0.2953125000000001 0.4109375 0.2671875000000001 0.4109375 0.2671875000000001 0.446875 0.2953125000000001 0.446875
12 0.4421875 0.490625 0.415625 0.490625 0.415625 0.528125 0.4421875 0.528125
28 0.3156250000000001 0.49375 0.2875000000000001 0.49375 0.2875000000000001 0.53125 0.3156250000000001 0.53125
53 0.3109375000000001 0.4515625 0.2828125000000001 0.4515625 0.2828125000000001 0.4890625 0.3109375000000001 0.4890625
36 0.3734375000000001 0.45 0.3453125000000001 0.45 0.3453125000000001 0.4890625 0.3734375000000001 0.4890625
24 0.2500000000000001 0.4953125 0.2218750000000001 0.4953125 0.2218750000000001 0.5328125 0.2500000000000001 0.5328125
40 0.39531250000000007 0.534375 0.3687500000000001 0.534375 0.3687500000000001 0.5703125 0.39531250000000007 0.5703125
35 0.2984375000000001 0.5375 0.27031250000000007 0.5375 0.27031250000000007 0.575 0.2984375000000001 0.575
39 0.4671875 0.4484375 0.440625 0.4484375 0.440625 0.4859375 0.4671875 0.4859375
23 0.2171875000000001 0.496875 0.18906250000000005 0.496875 0.18906250000000005 0.534375 0.2171875000000001 0.534375
50 0.465625 0.5734375 0.4234375 0.5734375 0.4234375 0.6125 0.465625 0.6125
48 0.421875 0.409375 0.39531250000000007 0.409375 0.39531250000000007 0.4453125 0.421875 0.4453125
11 0.453125 0.4078125 0.4265625 0.4078125 0.4265625 0.44375 0.453125 0.44375
13 0.18125000000000008 0.5828125 0.1515625000000001 0.5828125 0.1515625000000001 0.621875 0.18125000000000008 0.621875
14 0.38750000000000007 0.5765625 0.3578125000000001 0.5765625 0.3578125000000001 0.6140625 0.38750000000000007 0.6140625
38 0.4046875 0.45 0.3781250000000001 0.45 0.3781250000000001 0.4875 0.4046875 0.4875
43 0.15312500000000004 0.496875 0.12343750000000005 0.496875 0.12343750000000005 0.5359375 0.15312500000000004 0.5359375
22 0.5234375 0.4484375 0.4734375 0.4484375 0.4734375 0.5265625 0.5234375 0.5265625