8 0.3593750000000001 0.3671875 0.2875000000000001 0.3671875 0.2875000000000001 0.4328125 0.3593750000000001 0.4328125
37 0.4984375 0.17812500000000003 0.428125 0.17812500000000003 0.428125 0.2484375000000001 0.4984375 0.2484375000000001
51 0.428125 0.546875 0.3593750000000001 0.546875 0.3593750000000001 0.615625 0.428125 0.615625
55 0.5671875 0.5671875 0.5 0.5671875 0.5 0.6359375 0.5671875 0.6359375
29 0.4984375 0.3203125000000001 0.4296875 0.3203125000000001 0.4296875 0.3890625000000001 0.4984375 0.3890625000000001
3 0.3578125000000001 0.709375 0.28593750000000007 0.709375 0.28593750000000007 0.7796875 0.3578125000000001 0.7796875
35 0.5671875 0.4265625 0.4984375 0.4265625 0.4984375 0.4953125 0.5671875 0.4953125
2 0.3593750000000001 0.78125 0.2875000000000001 0.78125 0.2875000000000001 0.85 0.3593750000000001 0.85
22 0.5 5.2525866619679453e-17 0.3578125 4.3819393281991234e-17 0.3578125 0.06250000000000006 0.5 0.06250000000000007
41 0.42968750000000017 0.8328125 0.3578125000000001 0.8328125 0.3578125000000001 0.90625 0.42968750000000017 0.90625
56 0.4281250000000002 0.7625 0.3578125000000001 0.7625 0.3578125000000001 0.8328125 0.4281250000000002 0.8328125
13 0.6390625000000002 0.7375 0.5671875000000002 0.7375 0.5671875000000002 0.80625 0.6390625000000002 0.80625
24 0.4984375 0.5328125 0.4296875 0.5328125 0.4296875 0.6015625 0.4984375 0.6015625
12 0.4984375 0.10625000000000004 0.4296875 0.10625000000000004 0.4296875 0.17500000000000004 0.4984375 0.17500000000000004
7 0.3593750000000001 0.434375 0.2890625000000001 0.434375 0.2890625000000001 0.5 0.3593750000000001 0.5
0 0.359375 0.228125 0.2875 0.228125 0.2875 0.2953125 0.359375 0.2953125
17 0.3593750000000001 0.9234375 0.2875000000000001 0.9234375 0.2875000000000001 0.9765625 0.3593750000000001 0.9765625
42 0.428125 0.6171875 0.3593750000000001 0.6171875 0.3593750000000001 0.6875 0.428125 0.6875
40 0.565625 0.21250000000000008 0.5 0.21250000000000008 0.5 0.2812500000000001 0.565625 0.2812500000000001
4 0.35625000000000007 0.640625 0.2875000000000001 0.640625 0.2875000000000001 0.70625 0.35625000000000007 0.70625
23 0.4984375 0.603125 0.4296875 0.603125 0.4296875 0.671875 0.4984375 0.671875
18 0.5671875 0.2843750000000001 0.4984375 0.2843750000000001 0.4984375 0.3531250000000001 0.5671875 0.3531250000000001
52 0.42968750000000017 0.90625 0.3593750000000001 0.90625 0.3593750000000001 0.978125 0.42968750000000017 0.978125
27 0.4265625 0.33437500000000003 0.3578125 0.334375 0.35781250000000003 0.403125 0.4265625 0.403125
49 0.6421875000000001 0.8765625 0.5703125000000002 0.8765625 0.5703125000000002 0.9828125 0.6421875000000001 0.9828125
54 0.428125 0.12187500000000004 0.3578125 0.12187500000000004 0.3578125 0.19062500000000004 0.428125 0.19062500000000004
25 0.4984375 0.4625 0.4296875 0.4625 0.4296875 0.53125 0.4984375 0.53125
45 0.5000000000000002 0.8921875 0.4312500000000002 0.8921875 0.4312500000000002 0.9796875 0.5000000000000002 0.9796875
43 0.4984375000000002 0.746875 0.42968750000000017 0.746875 0.42968750000000017 0.81875 0.4984375000000002 0.81875
5 0.3578125000000001 0.571875 0.2875000000000001 0.571875 0.2875000000000001 0.6390625 0.3578125000000001 0.6390625
32 0.5703125000000002 0.8546875 0.4984375000000002 0.8546875 0.4984375000000002 0.9109375 0.5703125000000002 0.9109375
11 0.35625 0.10312500000000005 0.284375 0.10312500000000005 0.284375 0.16250000000000003 0.35625 0.16250000000000003
44 0.5687500000000002 0.9140625 0.5000000000000002 0.9140625 0.5000000000000002 0.978125 0.5687500000000002 0.978125
6 0.3593750000000001 0.503125 0.2875000000000001 0.503125 0.2875000000000001 0.5703125 0.3593750000000001 0.5703125
46 0.5671875 6.515503673588654e-17 0.496875 6.084963783263412e-17 0.496875 0.14062500000000006 0.5671875 0.14062500000000008
30 0.6578125000000001 5.415235064979703e-17 0.2265625 2.7745904043182222e-17 0.22656250000000006 0.9875 0.6578125000000001 0.9875
31 0.496875 0.2500000000000001 0.428125 0.2500000000000001 0.428125 0.3187500000000001 0.496875 0.3187500000000001
47 0.6406250000000001 0.3343750000000001 0.56875 0.3343750000000001 0.5687500000000001 0.7375 0.6406250000000002 0.7375
9 0.35937500000000006 0.2984375 0.2875 0.2984375 0.28750000000000003 0.3640625 0.3593750000000001 0.3640625
58 0.5687500000000002 0.7828125 0.5000000000000002 0.7828125 0.5000000000000002 0.8546875 0.5687500000000002 0.8546875
28 0.4984375 0.3921875000000001 0.428125 0.3921875000000001 0.428125 0.459375 0.4984375 0.459375
19 0.49687500000000007 0.675 0.428125 0.675 0.4281250000000001 0.746875 0.4968750000000002 0.746875
39 0.428125 0.06562500000000004 0.35625 0.06562500000000004 0.35625 0.11875000000000005 0.428125 0.11875000000000005
20 0.359375 0.0015625000000000391 0.2859375 0.0015625000000000348 0.2859375 0.09843750000000004 0.359375 0.09843750000000004
10 0.4984375000000002 0.8203125 0.42968750000000017 0.8203125 0.42968750000000017 0.890625 0.4984375000000002 0.890625
38 0.4265625 0.19062500000000004 0.3578125 0.19062500000000004 0.3578125 0.26250000000000007 0.4265625 0.26250000000000007
26 0.5 0.053125000000000054 0.428125 0.05312500000000005 0.428125 0.10625000000000004 0.5 0.10625000000000004
53 0.428125 0.4046875 0.3593750000000001 0.4046875 0.3593750000000001 0.4765625 0.428125 0.4765625
34 0.565625 0.14375000000000007 0.5 0.14375000000000004 0.5 0.21250000000000008 0.565625 0.21250000000000008
15 0.5671875 0.4953125 0.4984375 0.4953125 0.4984375 0.565625 0.5671875 0.565625
21 0.4296875000000001 0.6875 0.3593750000000001 0.6875 0.3593750000000001 0.759375 0.42968750000000017 0.759375
36 0.428125 0.26250000000000007 0.359375 0.2625 0.359375 0.33437500000000003 0.428125 0.3343750000000001
16 0.5671875 0.6375 0.4984375 0.6375 0.4984375 0.709375 0.5671875 0.709375
1 0.3578125000000001 0.8515625 0.2875000000000001 0.8515625 0.2875000000000001 0.9203125 0.3578125000000001 0.9203125
33 0.56875 0.3546875000000001 0.4984375 0.3546875000000001 0.4984375 0.425 0.56875 0.425
48 0.3578125 0.16562500000000005 0.2859375 0.16562500000000005 0.2859375 0.2265625 0.3578125 0.2265625
59 0.428125 0.475 0.3593750000000001 0.475 0.3593750000000001 0.54375 0.428125 0.54375
57 0.5687500000000001 0.709375 0.5 0.709375 0.5000000000000001 0.78125 0.5687500000000002 0.78125
14 0.6375 0.2671875000000001 0.56875 0.2671875000000001 0.56875 0.3359375000000001 0.6375 0.3359375000000001