51 0.4171875 0.30000000000000004 0.35 0.3 0.35000000000000003 0.38750000000000007 0.4171875 0.38750000000000007
3 0.2453125 0.203125 0.17500000000000004 0.203125 0.17500000000000004 0.29375 0.2453125 0.29375
23 0.37968750000000007 0.3921875 0.3109375000000001 0.3921875 0.3109375000000001 0.48125 0.37968750000000007 0.48125
5 0.39375 0.20312500000000006 0.325 0.203125 0.325 0.29218750000000004 0.39375 0.2921875000000001
39 0.9359375 0.2953125000000001 0.8671875 0.2953125000000001 0.8671875 0.3828125000000001 0.9359375 0.3828125000000001
42 0.34218750000000003 0.2984375 0.2734375 0.2984375 0.27343750000000006 0.3859375 0.3421875000000001 0.3859375
26 0.959375 0.3906250000000001 0.9078125 0.3906250000000001 0.9078125 0.4781250000000002 0.959375 0.4781250000000002
22 1 0.2953125000000001 0.9421875 0.2953125000000001 0.9421875 0.47968750000000016 1 0.47968750000000016
36 0.7140625 0.2984375000000001 0.6453125 0.2984375000000001 0.6453125 0.3859375000000001 0.7140625 0.3859375000000001
43 0.2312500000000001 0.39375 0.16250000000000003 0.39375 0.16250000000000003 0.4828125 0.2312500000000001 0.4828125
7 0.5421875 0.20468750000000008 0.4734375 0.20468750000000008 0.4734375 0.29375000000000007 0.5421875 0.29375000000000007
57 0.2687500000000001 0.4890625 0.2000000000000001 0.4890625 0.2000000000000001 0.578125 0.2687500000000001 0.578125
53 0.565625 0.2984375000000001 0.496875 0.2984375000000001 0.496875 0.3859375000000001 0.565625 0.3859375000000001
47 0.7203125 0.5828125 0.27031250000000007 0.5828125 0.27031250000000007 0.6734375 0.7203125 0.6734375
17 0.02187500000000003 0.2046875 2.5066989170047385e-17 0.2046875 3.042481891631705e-17 0.2921875 0.021875000000000033 0.2921875
13 0.2687500000000001 0.584375 0.2000000000000001 0.584375 0.2000000000000001 0.6734375 0.2687500000000001 0.6734375
35 0.565625 0.4875 0.496875 0.4875 0.496875 0.5765625 0.565625 0.5765625
37 0.8265625 0.3906250000000001 0.7578125 0.3906250000000001 0.7578125 0.47968750000000016 0.8265625 0.47968750000000016
29 0.6765625 0.3921875000000001 0.6078125 0.3921875000000001 0.6078125 0.4796875 0.6765625 0.4796875
58 0.19375000000000006 0.4890625 0.12500000000000006 0.4890625 0.12500000000000006 0.5765625 0.1937500000000001 0.5765625
2 0.17187500000000006 0.2046875 0.10156250000000004 0.2046875 0.10156250000000004 0.29375 0.17187500000000006 0.29375
55 0.4171875 0.4875 0.34843750000000007 0.4875 0.34843750000000007 0.575 0.4171875 0.575
48 0.8390625 0.20312500000000008 0.7703125 0.20312500000000008 0.7703125 0.2906250000000001 0.8390625 0.2906250000000001
19 0.3046875000000001 0.39375 0.23593750000000008 0.39375 0.23593750000000008 0.4828125 0.3046875000000001 0.4828125
30 1 0.13437500000000008 1.6456191363542558e-17 0.134375 5.07080315271951e-17 0.6937500000000001 1 0.6937500000000002
8 0.615625 0.20468750000000008 0.546875 0.20468750000000008 0.546875 0.2921875000000001 0.615625 0.2921875000000001
59 0.4921875 0.2984375000000001 0.4234375 0.2984375000000001 0.4234375 0.3859375000000001 0.4921875 0.3859375000000001
56 0.19375000000000003 0.2984375 0.12500000000000006 0.2984375 0.12500000000000006 0.3875 0.19375000000000003 0.3875
44 0.04375000000000006 0.4875 5.970153145843348e-17 0.4875 6.505936120470315e-17 0.575 0.04375000000000007 0.575
15 0.4921875 0.4875 0.4234375 0.4875 0.4234375 0.575 0.4921875 0.575
31 0.7515625 0.3921875000000001 0.6828125 0.3921875000000001 0.6828125 0.4796875000000001 0.7515625 0.47968750000000016
12 0.9 0.3921875000000001 0.83125 0.3921875000000001 0.83125 0.47968750000000016 0.9 0.47968750000000016
6 0.46875 0.20312500000000008 0.4 0.20312500000000008 0.4 0.2921875000000001 0.46875 0.2921875000000001
52 0.04531250000000004 0.2984375 0.0015625000000000367 0.2984375 0.001562500000000042 0.3859375 0.04531250000000005 0.3859375
4 0.31875 0.203125 0.25 0.203125 0.25 0.290625 0.31875 0.290625
20 1 0.2000000000000001 0.91875 0.2000000000000001 0.91875 0.2890625000000001 1 0.2890625000000001
46 1 0.4859375000000002 0.8703125 0.4859375000000002 0.8703125 0.5734375000000002 1 0.5734375000000002
1 0.09687500000000003 0.2046875 0.02812500000000002 0.2046875 0.02812500000000003 0.29375 0.09687500000000004 0.29375
33 0.640625 0.4875 0.5703125 0.4875 0.5703125 0.5765625 0.640625 0.5765625
54 0.8609375 0.2968750000000001 0.7921875 0.2968750000000001 0.7921875 0.3859375000000001 0.8609375 0.3859375000000001
45 0.08281250000000005 0.3921875 4.802911665406026e-17 0.3921875 5.357829746269671e-17 0.4828125 0.08281250000000007 0.4828125
32 0.11875000000000006 0.4875 0.050000000000000065 0.4875 0.050000000000000065 0.578125 0.11875000000000009 0.578125
14 0.7921875 0.5843750000000001 0.721875 0.584375 0.721875 0.6718750000000001 0.7921875 0.6718750000000002
0 0.765625 0.20312500000000008 0.6953125 0.20312500000000008 0.6953125 0.2921875000000001 0.765625 0.2921875000000001
10 0.15781250000000005 0.39375 0.08906250000000004 0.39375 0.08906250000000006 0.4828125 0.15781250000000005 0.4828125
11 0.9125 0.2015625000000001 0.84375 0.2015625000000001 0.84375 0.2890625000000001 0.9125 0.2890625000000001
28 0.6015625 0.3921875000000001 0.534375 0.3921875000000001 0.534375 0.4796875 0.6015625 0.4796875
18 0.7140625 0.4859375 0.6453125 0.4859375 0.6453125 0.5765625 0.7140625 0.5765625
40 0.7890625 0.4859375000000001 0.7203125 0.4859375 0.7203125 0.5734375 0.7890625 0.5734375000000002
25 0.528125 0.3921875000000001 0.459375 0.3921875000000001 0.459375 0.48125 0.528125 0.48125
21 0.26875000000000004 0.3 0.2 0.3 0.20000000000000004 0.3875 0.2687500000000001 0.3875
34 0.8625 0.48750000000000016 0.79375 0.48750000000000016 0.79375 0.5750000000000002 0.8625 0.5750000000000002
16 0.3421875000000001 0.4890625 0.2734375000000001 0.4890625 0.2734375000000001 0.5765625 0.3421875000000001 0.5765625
38 0.7875 0.2968750000000001 0.71875 0.2968750000000001 0.71875 0.3843750000000001 0.7875 0.3843750000000001
24 0.4546875 0.3921875000000001 0.3859375000000001 0.3921875000000001 0.3859375000000001 0.4796875 0.4546875 0.4796875
27 0.6390625 0.2984375000000001 0.571875 0.2984375000000001 0.571875 0.3843750000000001 0.6390625 0.3843750000000001
49 0.045312500000000075 0.5859375 0.0015625000000000714 0.5859375 0.001562500000000077 0.6734375 0.045312500000000075 0.6734375
9 0.6890625 0.20312500000000008 0.6203125 0.20312500000000008 0.6203125 0.29375000000000007 0.6890625 0.29375000000000007
41 0.12031250000000004 0.3 0.051562500000000046 0.3 0.051562500000000046 0.3875 0.12031250000000004 0.3875