26 0.434375 0.3812500000000001 0.3687500000000001 0.3812500000000001 0.3687500000000001 0.41875 0.434375 0.41875
24 0.4406250000000001 0.6984375 0.3765625000000001 0.6984375 0.3765625000000001 0.73125 0.44062500000000016 0.73125
29 0.4375 0.5625 0.3750000000000001 0.5625 0.3750000000000001 0.59375 0.4375 0.59375
31 0.4359375 0.515625 0.3734375000000001 0.515625 0.3734375000000001 0.5484375 0.4359375 0.5484375
59 0.515625 0.6640625 0.4515625 0.6640625 0.4515625 0.6953125 0.515625 0.6953125
15 0.3625000000000001 0.675 0.3000000000000001 0.675 0.3000000000000001 0.709375 0.3625000000000001 0.709375
14 0.275 0.3546875 0.209375 0.3546875 0.20937500000000003 0.4015625 0.2750000000000001 0.4015625
11 0.590625 0.415625 0.5265625 0.415625 0.5265625 0.45 0.590625 0.45
27 0.5140625 0.5734375 0.4546875 0.5734375 0.4546875 0.6046875 0.5140625 0.6046875
28 0.4390625 0.60625 0.3765625000000001 0.60625 0.3765625000000001 0.6390625 0.4390625 0.6390625
12 0.4375 0.428125 0.37187500000000007 0.428125 0.37187500000000007 0.4609375 0.4375 0.4609375
18 0.3609375000000001 0.5390625 0.2953125000000001 0.5390625 0.2953125000000001 0.5734375 0.3609375000000001 0.5734375
52 0.5187500000000002 0.9375 0.4546875000000002 0.9375 0.4546875000000002 1 0.5187500000000002 1
6 0.5953125 0.6859375 0.5296875 0.6859375 0.5296875 0.71875 0.5953125 0.71875
13 0.2843750000000001 0.94375 0.21875000000000008 0.94375 0.21875000000000008 0.990625 0.2843750000000001 0.990625
9 0.590625 0.5484375 0.525 0.5484375 0.525 0.5828125 0.590625 0.5828125
20 0.584375 0.3218750000000001 0.5203125 0.3218750000000001 0.5203125 0.35625000000000007 0.584375 0.35625000000000007
25 0.4375 0.6515625 0.3750000000000001 0.6515625 0.3750000000000001 0.684375 0.4375 0.684375
40 0.3593750000000001 0.49375 0.2953125000000001 0.49375 0.2953125000000001 0.528125 0.3593750000000001 0.528125
43 0.44062500000000016 0.8375 0.3781250000000001 0.8375 0.3781250000000001 0.86875 0.44062500000000016 0.86875
32 0.3609375000000001 0.9046875 0.2984375000000001 0.9046875 0.2984375000000001 0.9390625 0.3609375000000001 0.9390625
37 0.4375 0.471875 0.3734375000000001 0.471875 0.3734375000000001 0.50625 0.4375 0.50625
42 0.5187500000000002 0.75625 0.45625000000000016 0.75625 0.45625000000000016 0.7875 0.5187500000000002 0.7875
21 0.5187500000000002 0.803125 0.45625000000000016 0.803125 0.45625000000000016 0.834375 0.5187500000000002 0.834375
51 0.5171875000000001 0.7109375 0.4546875 0.7109375 0.4546875000000001 0.7421875 0.5171875000000001 0.7421875
55 0.3625000000000001 0.721875 0.3000000000000001 0.721875 0.3000000000000001 0.7546875 0.3625000000000001 0.7546875
56 0.5187500000000002 0.846875 0.45625000000000016 0.846875 0.45625000000000016 0.878125 0.5187500000000002 0.878125
8 0.590625 0.59375 0.525 0.59375 0.525 0.628125 0.590625 0.628125
57 0.3625000000000001 0.8140625 0.3000000000000001 0.8140625 0.3000000000000001 0.846875 0.3625000000000001 0.846875
33 0.3625000000000001 0.584375 0.2984375000000001 0.584375 0.2984375000000001 0.61875 0.3625000000000001 0.61875
10 0.44062500000000016 0.8828125 0.3781250000000001 0.8828125 0.3781250000000001 0.9140625 0.44062500000000016 0.9140625
22 0.5171875 0.3234375000000001 0.36875 0.3234375000000001 0.36875 0.3828125000000001 0.5171875 0.3828125000000001
23 0.44062500000000016 0.7453125 0.3781250000000001 0.7453125 0.3781250000000001 0.7765625 0.44062500000000016 0.7765625
1 0.5968750000000002 0.9140625 0.5328125000000001 0.9140625 0.5328125000000001 0.946875 0.5968750000000002 0.946875
19 0.4390625000000002 0.790625 0.3765625000000001 0.790625 0.3765625000000001 0.821875 0.4390625000000002 0.821875
53 0.5140625 0.61875 0.4515625 0.61875 0.4515625 0.65 0.5140625 0.65
3 0.5968750000000002 0.825 0.5312500000000002 0.825 0.5312500000000002 0.85625 0.5968750000000002 0.85625
39 0.5140625 0.3921875000000001 0.4453125 0.3921875000000001 0.4453125 0.4296875 0.5140625 0.4296875
48 0.590625 0.459375 0.5234375 0.459375 0.5234375 0.4953125 0.590625 0.4953125
38 0.5140625 0.4828125 0.45 0.4828125 0.45 0.5171875 0.5140625 0.5171875
44 0.3625000000000001 0.9515625 0.2984375000000001 0.9515625 0.2984375000000001 1 0.3625000000000001 1
2 0.5953125000000001 0.86875 0.5296875000000002 0.86875 0.5296875000000002 0.9015625 0.5953125000000001 0.9015625
0 0.590625 0.5046875 0.5265625 0.5046875 0.5265625 0.5390625 0.590625 0.5390625
35 0.3625000000000001 0.6296875 0.2984375000000001 0.6296875 0.2984375000000001 0.6625 0.3625000000000001 0.6625
45 0.44062500000000016 0.925 0.3734375000000001 0.925 0.3734375000000001 0.9609375 0.44062500000000016 0.9609375
16 0.3625000000000001 0.76875 0.2984375000000001 0.76875 0.2984375000000001 0.8015625 0.3625000000000001 0.8015625
49 0.43750000000000017 0.96875 0.3703125000000001 0.96875 0.3703125000000001 1 0.43750000000000017 1
30 0.7546875000000001 5.644856339819831e-17 0.1671875 2.0474563673244812e-17 0.16718750000000007 1 0.7546875000000002 1
41 0.5187500000000002 0.89375 0.4546875000000002 0.89375 0.4546875000000002 0.9265625 0.5187500000000002 0.9265625
54 0.5140625 0.4375 0.4484375 0.4375 0.4484375 0.471875 0.5140625 0.471875
7 0.5921875 0.6390625 0.5265625 0.6390625 0.5265625 0.671875 0.5921875 0.671875
36 0.5125 0.528125 0.45 0.528125 0.45 0.5625 0.5125 0.5625
5 0.5953125000000001 0.7328125 0.5312500000000002 0.7328125 0.5312500000000002 0.7640625 0.5953125000000001 0.7640625
46 0.3609375 0.3234375 0.2953125 0.3234375 0.29531250000000003 0.4390625 0.3609375000000001 0.4390625
4 0.5953125000000001 0.778125 0.5296875000000002 0.778125 0.5296875000000002 0.809375 0.5953125000000001 0.809375
58 0.3625000000000001 0.8609375 0.3000000000000001 0.8609375 0.3000000000000001 0.89375 0.3625000000000001 0.89375
34 0.3609375000000001 0.4484375 0.2953125000000001 0.4484375 0.2953125000000001 0.4828125 0.3609375000000001 0.4828125
47 0.2875000000000001 0.4625 0.2093750000000001 0.4625 0.2093750000000001 0.878125 0.2875000000000001 0.878125