26 0.4328125 0.4265625 0.3609375000000001 0.4265625 0.3609375000000001 0.4671875 0.4328125 0.4671875
24 0.43750000000000017 0.775 0.3671875000000001 0.775 0.3671875000000001 0.8109375 0.43750000000000017 0.8109375
29 0.4359375 0.625 0.3671875000000001 0.625 0.3671875000000001 0.659375 0.4359375 0.659375
31 0.434375 0.575 0.3656250000000001 0.575 0.3656250000000001 0.6109375 0.434375 0.6109375
59 0.5218750000000002 0.7375 0.4515625000000002 0.7375 0.4515625000000002 0.771875 0.5218750000000002 0.771875
15 0.3531250000000001 0.75 0.2843750000000001 0.75 0.2843750000000001 0.7875 0.3531250000000001 0.7875
14 0.2562500000000001 0.396875 0.18437500000000004 0.396875 0.18437500000000004 0.4484375 0.2562500000000001 0.4484375
11 0.603125 0.4625 0.5328125 0.4625 0.5328125 0.5015625 0.603125 0.5015625
27 0.51875 0.6375 0.453125 0.6375 0.453125 0.671875 0.51875 0.671875
28 0.4359375 0.675 0.3671875000000001 0.675 0.3671875000000001 0.7109375 0.4359375 0.7109375
12 0.4359375 0.4765625 0.36406250000000007 0.4765625 0.36406250000000007 0.5140625 0.4359375 0.5140625
18 0.3500000000000001 0.6 0.27812500000000007 0.6 0.27812500000000007 0.6375 0.3500000000000001 0.6375
52 0.5234375000000002 0.9640625 0.45312500000000017 0.9640625 0.45312500000000017 1 0.5234375000000002 1
6 0.6078125000000002 0.7609375 0.5359375000000002 0.7609375 0.5359375000000002 0.7984375 0.6078125000000002 0.7984375
13 0.2656250000000001 0.98125 0.19375000000000014 0.98125 0.19375000000000014 1 0.2656250000000001 1
9 0.603125 0.609375 0.53125 0.609375 0.53125 0.6484375 0.603125 0.6484375
20 0.596875 0.3593750000000001 0.5265625 0.3593750000000001 0.5265625 0.3984375000000001 0.596875 0.3984375000000001
25 0.4359375000000001 0.725 0.3671875000000001 0.725 0.3671875000000001 0.7609375 0.4359375000000002 0.7609375
40 0.3500000000000001 0.5484375 0.2796875000000001 0.5484375 0.2796875000000001 0.5875 0.3500000000000001 0.5875
43 0.4390625000000002 0.928125 0.3703125000000001 0.928125 0.3703125000000001 0.9625 0.4390625000000002 0.9625
32 0.3515625000000001 0.9890625 0.2828125000000001 0.9890625 0.2828125000000001 1 0.3515625000000001 1
37 0.4359375 0.5265625 0.3656250000000001 0.5265625 0.3656250000000001 0.5640625 0.4359375 0.5640625
42 0.5234375000000002 0.8390625 0.4546875000000002 0.8390625 0.4546875000000002 0.8734375 0.5234375000000002 0.8734375
21 0.5250000000000001 0.8890625 0.45625000000000016 0.8890625 0.45625000000000016 0.9234375 0.5250000000000001 0.9234375
51 0.5234375000000002 0.7890625 0.4546875000000002 0.7890625 0.4546875000000002 0.8234375 0.5234375000000002 0.8234375
55 0.3531250000000001 0.8015625 0.2843750000000001 0.8015625 0.2843750000000001 0.8375 0.3531250000000001 0.8375
56 0.5234375000000002 0.9390625 0.4546875000000002 0.9390625 0.4546875000000002 0.9734375 0.5234375000000002 0.9734375
8 0.6046875 0.6609375 0.5328125 0.6609375 0.5328125 0.6984375 0.6046875 0.6984375
57 0.3531250000000001 0.9046875 0.2843750000000001 0.9046875 0.2843750000000001 0.9390625 0.3531250000000001 0.9390625
33 0.3515625000000001 0.6484375 0.2812500000000001 0.6484375 0.2812500000000001 0.6859375 0.3515625000000001 0.6859375
10 0.4390625000000002 0.978125 0.3703125000000001 0.978125 0.3703125000000001 1 0.4390625000000002 1
22 0.521875 0.36250000000000004 0.359375 0.3625 0.35937500000000006 0.428125 0.521875 0.428125
23 0.4390625000000002 0.8265625 0.3703125000000001 0.8265625 0.3703125000000001 0.8609375 0.4390625000000002 0.8609375
1 0.6109375000000001 0.9890625 0.5406250000000001 0.9890625 0.5406250000000001 1 0.6109375000000001 1
19 0.43750000000000017 0.878125 0.3687500000000001 0.878125 0.3687500000000001 0.9125 0.43750000000000017 0.9125
53 0.5203125 0.6875 0.4515625 0.6875 0.4515625 0.721875 0.5203125 0.721875
3 0.6093750000000002 0.9125 0.5375000000000002 0.9125 0.5375000000000002 0.9484375 0.6093750000000002 0.9484375
39 0.51875 0.4390625 0.44375 0.4390625 0.44375 0.4796875 0.51875 0.4796875
48 0.603125 0.5125 0.528125 0.5125 0.528125 0.553125 0.603125 0.553125
38 0.51875 0.5375 0.4484375 0.5375 0.4484375 0.575 0.51875 0.575
44 0.3531250000000001 0.96875 0.2828125000000001 0.96875 0.2828125000000001 1 0.3531250000000001 1
2 0.6078125000000002 0.9625 0.5359375000000002 0.9625 0.5359375000000002 0.9984375 0.6078125000000002 0.9984375
0 0.603125 0.5625 0.5328125 0.5625 0.5328125 0.6 0.603125 0.6
35 0.3515625000000001 0.7 0.2812500000000001 0.7 0.2812500000000001 0.7375 0.3515625000000001 0.7375
45 0.4390625000000002 0.9875 0.36406250000000007 0.9875 0.36406250000000007 1 0.4390625000000002 1
16 0.3531250000000001 0.853125 0.2828125000000001 0.853125 0.2828125000000001 0.890625 0.3531250000000001 0.890625
49 0.4359375000000002 0.9796875 0.3609375000000001 0.9796875 0.3609375000000001 1 0.4359375000000002 1
30 0.7828125000000001 5.644856339819831e-17 0.1390625 1.703024455064288e-17 0.13906250000000006 1 0.7828125000000001 1
41 0.5250000000000001 0.9890625 0.4546875000000002 0.9890625 0.4546875000000002 1 0.5250000000000001 1
54 0.51875 0.4890625 0.446875 0.4890625 0.446875 0.5265625 0.51875 0.5265625
7 0.6046875 0.7109375 0.5328125 0.7109375 0.5328125000000001 0.746875 0.6046875000000002 0.746875
36 0.51875 0.5875 0.45 0.5875 0.45 0.625 0.51875 0.625
5 0.6078125000000002 0.8140625 0.5375000000000002 0.8140625 0.5375000000000002 0.8484375 0.6078125000000002 0.8484375
46 0.3500000000000001 0.3640625 0.27812500000000007 0.3640625 0.27812500000000007 0.4890625 0.3500000000000001 0.4890625
4 0.6093750000000002 0.8640625 0.5375000000000002 0.8640625 0.5375000000000002 0.8984375 0.6093750000000002 0.8984375
58 0.3531250000000001 0.9546875 0.2843750000000001 0.9546875 0.2843750000000001 0.9890625 0.3531250000000001 0.9890625
34 0.3500000000000001 0.5 0.27812500000000007 0.5 0.27812500000000007 0.5390625 0.3500000000000001 0.5390625
47 0.27031250000000007 0.5140625 0.18437500000000004 0.5140625 0.1843750000000001 0.971875 0.27031250000000007 0.971875