53 0.06718750000000005 0.3296875 4.0375074159389303e-17 0.3296875 4.8507494309977197e-17 0.4625 0.06718750000000007 0.4625
20 0.6625 0.17812500000000006 0.515625 0.17812500000000003 0.515625 0.3109375000000001 0.6625 0.3109375000000001
27 0.15781250000000005 0.3328125 0.07187500000000005 0.3328125 0.07187500000000005 0.4546875 0.15781250000000005 0.4546875
11 0.50625 0.18906250000000005 0.4265625 0.18906250000000005 0.4265625 0.3109375000000001 0.50625 0.3109375000000001
9 0.2421875 0.18906250000000002 0.16093750000000004 0.1890625 0.16093750000000004 0.3109375 0.2421875 0.3109375
7 0.06406250000000004 0.1921875 2.3536180671113197e-17 0.1921875 3.099887210341738e-17 0.3140625 0.06406250000000005 0.3140625
40 0.3156250000000001 0.634375 0.2250000000000001 0.634375 0.2250000000000001 0.7828125 0.3156250000000001 0.7828125
22 0.68125 0.471875 0.471875 0.471875 0.471875 0.6109375 0.68125 0.6109375
33 0.12031250000000009 0.6375 0.025000000000000078 0.6375 0.025000000000000088 0.7921875 0.12031250000000009 0.7921875
26 0.675 0.3265625000000001 0.5359375 0.3265625000000001 0.5359375 0.4609375 0.675 0.4609375
0 0.33125 0.18906250000000005 0.25 0.18906250000000005 0.25 0.3109375 0.33125 0.3109375
30 1 0.05312500000000007 6.505936120470313e-18 0.053125 6.448530801760282e-17 1 1 1
39 0.528125 0.3296875000000001 0.446875 0.3296875000000001 0.446875 0.453125 0.528125 0.453125
18 0.2171875000000001 0.6359375 0.12343750000000009 0.6359375 0.12343750000000009 0.784375 0.2171875000000001 0.784375
46 0.5984375000000001 0.6265625 0.425 0.6265625 0.4250000000000001 0.7734375 0.5984375000000002 0.7734375
31 0.27031250000000007 0.4734375 0.18125000000000005 0.4734375 0.18125000000000008 0.6140625 0.27031250000000007 0.6140625
32 0.2968750000000001 0.8046875 0.2000000000000001 0.8046875 0.2000000000000001 0.9734375 0.2968750000000001 0.9734375
12 0.4625 0.471875 0.3765625000000001 0.471875 0.3765625000000001 0.6078125 0.4625 0.6078125
14 0.1953125000000001 0.80625 0.09531250000000009 0.80625 0.0953125000000001 0.9734375 0.19531250000000014 0.9734375
50 0.5031250000000002 0.7984375 0.4078125000000002 0.7984375 0.4078125000000002 0.965625 0.5031250000000002 0.965625
28 0.08125000000000007 0.4796875 5.87447761465996e-17 0.4796875 6.754692501547121e-17 0.6234375 0.08125000000000007 0.6234375
34 0.4171875000000001 0.6296875 0.32500000000000007 0.6296875 0.32500000000000007 0.7796875 0.41718750000000016 0.7796875
54 0.4328125 0.32656250000000003 0.3515625 0.3265625 0.35156250000000006 0.4484375 0.4328125 0.4484375
8 0.15312500000000004 0.19375 0.07187500000000002 0.19375 0.07187500000000004 0.3171875 0.15312500000000004 0.3171875
37 0.3656250000000001 0.471875 0.2796875000000001 0.471875 0.2796875000000001 0.6125 0.3656250000000001 0.6125
29 0.17500000000000007 0.4734375 0.08437500000000006 0.4734375 0.08437500000000006 0.61875 0.1750000000000001 0.61875
38 0.34218750000000003 0.3265625 0.259375 0.3265625 0.259375 0.453125 0.3421875000000001 0.453125
48 0.41875 0.19062500000000004 0.3390625 0.19062500000000004 0.3390625 0.31250000000000006 0.41875 0.3125000000000001
36 0.2515625 0.328125 0.16562500000000005 0.328125 0.16562500000000005 0.4546875 0.2515625000000001 0.4546875