39 0.7109375 0.3515625000000001 0.6734375 0.3515625000000001 0.6734375 0.4203125 0.7109375 0.4203125
24 0.425 0.425 0.38750000000000007 0.425 0.38750000000000007 0.49375 0.425 0.49375
45 0.2171875000000001 0.4234375 0.15781250000000005 0.4234375 0.15781250000000005 0.4921875 0.2171875000000001 0.4921875
47 0.54375 0.575 0.3218750000000001 0.575 0.3218750000000001 0.6484375 0.54375 0.6484375
36 0.584375 0.3515625000000001 0.5453125 0.3515625000000001 0.5453125 0.4203125 0.584375 0.4203125
12 0.68125 0.428125 0.6421875 0.428125 0.6421875 0.496875 0.68125 0.496875
9 0.5625 0.2765625000000001 0.5234375 0.2765625000000001 0.5234375 0.3453125000000001 0.5625 0.3453125000000001
34 0.659375 0.503125 0.61875 0.503125 0.61875 0.571875 0.659375 0.571875
5 0.3921875 0.275 0.3546875 0.275 0.3546875 0.34375000000000006 0.3921875 0.3437500000000001
3 0.309375 0.2765625 0.2703125 0.2765625 0.2703125 0.3453125 0.309375 0.3453125
10 0.2578125000000001 0.425 0.22031250000000008 0.425 0.22031250000000008 0.49375 0.2578125000000001 0.49375
55 0.4046875 0.5 0.3656250000000001 0.5 0.3656250000000001 0.56875 0.4046875 0.56875
8 0.51875 0.2765625000000001 0.48125 0.2765625000000001 0.48125 0.3453125000000001 0.51875 0.3453125000000001
19 0.34062500000000007 0.425 0.3031250000000001 0.425 0.3031250000000001 0.49375 0.34062500000000007 0.49375
25 0.46875 0.4265625 0.4296875 0.4265625 0.4296875 0.4953125 0.46875 0.4953125
20 0.7796875 0.2750000000000001 0.6953125 0.2750000000000001 0.6953125 0.3437500000000001 0.7796875 0.3437500000000001
54 0.66875 0.3515625000000001 0.6296875 0.3515625000000001 0.6296875 0.4203125 0.66875 0.4203125
52 0.20468750000000005 0.35 0.15781250000000005 0.35 0.15781250000000005 0.4171875 0.20468750000000008 0.4171875
14 0.5859375 0.578125 0.5453125 0.578125 0.5453125 0.646875 0.5859375 0.646875
16 0.3625000000000001 0.5 0.3234375000000001 0.5 0.3234375000000001 0.56875 0.3625000000000001 0.56875
49 0.2375000000000001 0.571875 0.15625000000000008 0.571875 0.15625000000000008 0.64375 0.2375000000000001 0.64375
29 0.553125 0.4265625 0.5140625 0.4265625 0.5140625 0.4953125 0.553125 0.4953125
4 0.3515625 0.275 0.3140625 0.275 0.3140625 0.34375 0.3515625 0.34375
38 0.6265625 0.3515625000000001 0.5875 0.3515625000000001 0.5875 0.4203125 0.6265625 0.4203125
13 0.3203125000000001 0.575 0.2812500000000001 0.575 0.2812500000000001 0.64375 0.3203125000000001 0.64375
2 0.2671875 0.275 0.2296875 0.275 0.2296875 0.34375 0.2671875 0.34375
6 0.4359375 0.2765625000000001 0.396875 0.2765625000000001 0.396875 0.3453125000000001 0.4359375 0.3453125000000001
57 0.3218750000000001 0.4984375 0.2828125000000001 0.4984375 0.2828125000000001 0.5671875 0.3218750000000001 0.5671875
0 0.603125 0.2765625000000001 0.565625 0.2765625000000001 0.565625 0.3437500000000001 0.603125 0.3437500000000001
48 0.646875 0.2765625000000001 0.609375 0.2765625000000001 0.609375 0.3437500000000001 0.646875 0.3437500000000001
41 0.24687500000000004 0.35 0.2078125 0.35 0.20781250000000004 0.41875 0.2468750000000001 0.41875
43 0.3000000000000001 0.425 0.26250000000000007 0.425 0.26250000000000007 0.49375 0.3000000000000001 0.49375
27 0.540625 0.3515625000000001 0.503125 0.3515625000000001 0.503125 0.4203125 0.540625 0.4203125
59 0.45625 0.3515625000000001 0.41875 0.3515625000000001 0.41875 0.4203125 0.45625 0.4203125
50 0.6953125 0.578125 0.6640625 0.578125 0.6640625 0.65 0.6953125 0.65
53 0.4984375 0.3500000000000001 0.459375 0.3500000000000001 0.459375 0.41875 0.4984375 0.41875
56 0.28750000000000003 0.3484375 0.25 0.3484375 0.25000000000000006 0.4171875 0.2875000000000001 0.4171875
33 0.53125 0.5015625 0.490625 0.5015625 0.490625 0.5703125 0.53125 0.5703125
21 0.3296875 0.35 0.2921875 0.35 0.29218750000000004 0.41875 0.3296875000000001 0.41875
58 0.27812500000000007 0.5 0.2406250000000001 0.5 0.2406250000000001 0.56875 0.27812500000000007 0.56875
46 0.7359375 0.503125 0.6640625 0.503125 0.6640625 0.5718750000000001 0.7359375 0.5718750000000001
28 0.509375 0.425 0.471875 0.425 0.471875 0.49375 0.509375 0.49375
7 0.4765625 0.2765625000000001 0.4390625 0.2765625000000001 0.4390625 0.3453125000000001 0.4765625 0.3453125000000001
22 0.778125 0.42656250000000007 0.684375 0.4265625 0.684375 0.4953125000000001 0.778125 0.49531250000000016
44 0.2375000000000001 0.496875 0.15625000000000006 0.496875 0.15625000000000006 0.565625 0.2375000000000001 0.565625
18 0.571875 0.5015625 0.534375 0.5015625 0.534375 0.5703125 0.571875 0.5703125
23 0.3828125000000001 0.425 0.3453125000000001 0.425 0.3453125000000001 0.49375 0.3828125000000001 0.49375
37 0.6375 0.428125 0.5984375 0.428125 0.5984375 0.496875 0.6375 0.496875
51 0.4140625 0.3500000000000001 0.3765625 0.3500000000000001 0.3765625 0.41875 0.4140625 0.41875
1 0.225 0.275 0.18750000000000006 0.275 0.18750000000000006 0.34375 0.225 0.34375
32 0.628125 0.5796875 0.5875 0.5796875 0.5875 0.6515625 0.628125 0.6515625
26 0.78125 0.3531250000000001 0.715625 0.3531250000000001 0.715625 0.4218750000000001 0.78125 0.42187500000000017
30 0.84375 0.21250000000000005 0.13750000000000004 0.2125 0.13750000000000007 0.6718750000000001 0.84375 0.6718750000000002
17 0.18437500000000004 0.275 0.15781250000000005 0.275 0.15781250000000005 0.34375 0.18437500000000004 0.34375
31 0.5953125 0.4265625 0.55625 0.4265625 0.55625 0.4953125 0.5953125 0.4953125
40 0.615625 0.5046875 0.5765625 0.5046875 0.5765625 0.571875 0.615625 0.571875
11 0.6890625 0.2750000000000001 0.6515625 0.2750000000000001 0.6515625 0.3437500000000001 0.6890625 0.3437500000000001
15 0.446875 0.5015625 0.4078125 0.5015625 0.4078125 0.5703125 0.446875 0.5703125
35 0.4890625 0.5015625 0.45 0.5015625 0.45 0.5703125 0.4890625 0.5703125
42 0.37187500000000007 0.35156250000000006 0.334375 0.3515625 0.33437500000000003 0.4203125 0.37187500000000007 0.4203125