41 0.22031250000000008 0.3828125 0.18125000000000005 0.3828125 0.18125000000000005 0.434375 0.22031250000000008 0.434375
31 0.55 0.4421875 0.5125 0.4421875 0.5125 0.49375 0.55 0.49375
10 0.2234375000000001 0.440625 0.18906250000000005 0.440625 0.18906250000000005 0.4890625 0.2234375000000001 0.4890625
20 0.703125 0.33281250000000007 0.6421875 0.33281250000000007 0.6421875 0.3812500000000001 0.703125 0.3812500000000001
23 0.3468750000000001 0.4421875 0.3109375000000001 0.4421875 0.3109375000000001 0.4921875 0.3468750000000001 0.4921875
51 0.37968750000000007 0.384375 0.3421875000000001 0.384375 0.3421875000000001 0.4359375 0.37968750000000007 0.4359375
52 0.17812500000000003 0.3828125 0.13125000000000003 0.3828125 0.13125000000000003 0.434375 0.17812500000000003 0.434375
27 0.5 0.3843750000000001 0.4640625 0.3843750000000001 0.4640625 0.4359375 0.5 0.4359375
55 0.3656250000000001 0.496875 0.3281250000000001 0.496875 0.3281250000000001 0.5515625 0.3656250000000001 0.5515625
39 0.659375 0.3859375000000001 0.6234375 0.3859375000000001 0.6234375 0.4390625 0.659375 0.4390625
42 0.3390625000000001 0.384375 0.3031250000000001 0.384375 0.3031250000000001 0.4359375 0.3390625000000001 0.4359375
53 0.459375 0.3843750000000001 0.4234375 0.3843750000000001 0.4234375 0.4375 0.459375 0.4375
13 0.2812500000000001 0.5578125 0.24218750000000008 0.5578125 0.24218750000000008 0.6140625 0.2812500000000001 0.6140625
57 0.2843750000000001 0.496875 0.2453125000000001 0.496875 0.2453125000000001 0.5515625 0.2843750000000001 0.5515625
4 0.32031250000000006 0.33125 0.2859375 0.33125 0.28593750000000007 0.3796875 0.3203125000000001 0.3796875
26 0.70625 0.38750000000000007 0.6625 0.38750000000000007 0.6625 0.4390625 0.70625 0.4390625
40 0.571875 0.4984375 0.5359375 0.4984375 0.5359375 0.5515625 0.571875 0.5515625
56 0.2578125000000001 0.384375 0.2234375000000001 0.384375 0.2234375000000001 0.4328125 0.2578125000000001 0.4328125
7 0.4390625 0.3312500000000001 0.4046875 0.3312500000000001 0.4046875 0.37968750000000007 0.4390625 0.37968750000000007
47 0.509375 0.5578125 0.2843750000000001 0.5578125 0.2843750000000001 0.615625 0.509375 0.615625
33 0.4890625 0.496875 0.4515625 0.496875 0.4515625 0.553125 0.4890625 0.553125
48 0.5984375 0.3312500000000001 0.5625 0.3312500000000001 0.5625 0.37968750000000007 0.5984375 0.37968750000000007
22 0.709375 0.44375 0.634375 0.44375 0.634375 0.4953125 0.709375 0.4953125
32 0.590625 0.5578125 0.553125 0.5578125 0.553125 0.6171875 0.590625 0.6171875
2 0.24218750000000006 0.3296875 0.20625 0.3296875 0.20625000000000004 0.378125 0.24218750000000008 0.378125
1 0.20468750000000005 0.328125 0.16875000000000004 0.328125 0.16875000000000004 0.378125 0.20468750000000008 0.378125
54 0.6203125 0.3843750000000001 0.584375 0.3843750000000001 0.584375 0.4390625 0.6203125 0.4390625
8 0.4796875 0.3312500000000001 0.44375 0.3312500000000001 0.44375 0.37968750000000007 0.4796875 0.37968750000000007
37 0.590625 0.44375 0.5546875 0.44375 0.5546875 0.49375 0.590625 0.49375
17 0.16406250000000006 0.328125 0.13593750000000004 0.328125 0.13593750000000004 0.378125 0.16406250000000006 0.378125
14 0.5484375 0.5578125 0.5125 0.5578125 0.5125 0.615625 0.5484375 0.615625
35 0.4484375 0.4984375 0.409375 0.4984375 0.409375 0.553125 0.4484375 0.553125
44 0.2015625000000001 0.49375 0.12031250000000004 0.49375 0.12031250000000007 0.5484375 0.2015625000000001 0.5484375
3 0.28125000000000006 0.3296875 0.2453125 0.3296875 0.24531250000000004 0.3796875 0.2812500000000001 0.3796875
45 0.18281250000000004 0.440625 0.12500000000000006 0.440625 0.12500000000000006 0.490625 0.18281250000000004 0.490625
25 0.428125 0.4421875 0.3906250000000001 0.4421875 0.3906250000000001 0.49375 0.428125 0.49375
15 0.4078125 0.4984375 0.3687500000000001 0.4984375 0.3687500000000001 0.553125 0.4078125 0.553125
16 0.32500000000000007 0.496875 0.28593750000000007 0.496875 0.28593750000000007 0.5515625 0.32500000000000007 0.5515625
30 0.8875 0.27968750000000003 0.10312500000000005 0.2796875 0.10312500000000006 0.6406250000000001 0.8875 0.6406250000000002
43 0.2640625000000001 0.4421875 0.2296875000000001 0.4421875 0.2296875000000001 0.490625 0.2640625000000001 0.490625
11 0.6375 0.3312500000000001 0.6015625 0.3312500000000001 0.6015625 0.37968750000000007 0.6375 0.37968750000000007
9 0.51875 0.3312500000000001 0.484375 0.3312500000000001 0.484375 0.37968750000000007 0.51875 0.37968750000000007
28 0.46875 0.4421875 0.4328125 0.4421875 0.4328125 0.49375 0.46875 0.49375
5 0.3609375 0.33125 0.325 0.33125 0.32500000000000007 0.3796875 0.3609375000000001 0.3796875
49 0.15781250000000008 0.553125 0.11562500000000009 0.553125 0.11562500000000009 0.6109375 0.15781250000000008 0.6109375
12 0.63125 0.44375 0.5953125 0.44375 0.5953125 0.4953125 0.63125 0.4953125
46 0.7125 0.4984375 0.615625 0.4984375 0.615625 0.553125 0.7125 0.553125
19 0.3062500000000001 0.4421875 0.27031250000000007 0.4421875 0.27031250000000007 0.490625 0.3062500000000001 0.490625
34 0.6125 0.4984375 0.5765625 0.4984375 0.5765625 0.5515625 0.6125 0.5515625
24 0.38750000000000007 0.4421875 0.3500000000000001 0.4421875 0.3500000000000001 0.4921875 0.38750000000000007 0.4921875
6 0.4 0.3312500000000001 0.3640625 0.3312500000000001 0.36406250000000007 0.37968750000000007 0.4 0.37968750000000007
58 0.24218750000000008 0.4953125 0.20468750000000008 0.4953125 0.20468750000000008 0.5515625 0.24218750000000008 0.5515625
21 0.3000000000000001 0.384375 0.26250000000000007 0.384375 0.26250000000000007 0.4359375 0.3000000000000001 0.4359375
29 0.509375 0.4421875 0.4734375 0.4421875 0.4734375 0.49375 0.509375 0.49375
38 0.5796875 0.3859375000000001 0.54375 0.3859375000000001 0.54375 0.4375 0.5796875 0.4375
0 0.5578125 0.3312500000000001 0.5234375 0.3312500000000001 0.5234375 0.37968750000000007 0.5578125 0.37968750000000007
36 0.5390625 0.3859375000000001 0.503125 0.3859375000000001 0.503125 0.4359375 0.5390625 0.4359375
18 0.5296875 0.4984375 0.49375 0.4984375 0.49375 0.553125 0.5296875 0.553125
59 0.4203125 0.3843750000000001 0.3828125000000001 0.3843750000000001 0.3828125000000001 0.4375 0.4203125 0.4375