57 0.79375 0.4656250000000002 0.753125 0.4656250000000002 0.753125 0.5156250000000002 0.79375 0.5156250000000002
53 0.6046875 0.35625000000000007 0.5640625 0.35625000000000007 0.5640625 0.40625 0.6046875 0.40625
51 0.690625 0.35625000000000007 0.6515625 0.35625000000000007 0.6515625 0.4046875 0.690625 0.4046875
16 0.7484375 0.46562500000000007 0.7078125 0.465625 0.7078125 0.5156250000000001 0.7484375 0.5156250000000002
35 0.615625 0.465625 0.575 0.465625 0.575 0.515625 0.615625 0.515625
36 0.5171875 0.3578125000000001 0.4765625 0.3578125000000001 0.4765625 0.40625 0.5171875 0.40625
9 0.525 0.3062500000000001 0.4859375 0.3062500000000001 0.4859375 0.3531250000000001 0.525 0.3531250000000001
11 0.3953125 0.30625 0.3578125 0.30625 0.3578125 0.353125 0.3953125 0.3531250000000001
12 0.4171875 0.4109375 0.3765625000000001 0.4109375 0.3765625000000001 0.4609375 0.4171875 0.4609375
4 0.7390625 0.3062500000000001 0.7 0.3062500000000001 0.7 0.3531250000000001 0.7390625 0.3531250000000001
18 0.5265625 0.465625 0.4859375 0.465625 0.4859375 0.515625 0.5265625 0.515625
13 0.825 0.5203125000000002 0.771875 0.5203125000000002 0.771875 0.5734375000000002 0.825 0.5734375000000002
34 0.4375 0.465625 0.3968750000000001 0.465625 0.3968750000000001 0.515625 0.4375 0.515625
30 0.9703125 0.24843750000000003 0.07968750000000002 0.2484375 0.07968750000000005 0.5953125000000001 0.9703125 0.5953125000000001
52 0.9359375 0.3578125000000001 0.8671875 0.3578125000000001 0.8671875 0.4046875000000002 0.9359375 0.4046875000000002
58 0.8375 0.4656250000000002 0.796875 0.4656250000000002 0.796875 0.5156250000000002 0.8375 0.5156250000000002
2 0.825 0.3062500000000001 0.7859375 0.3062500000000001 0.7859375 0.3531250000000001 0.825 0.3531250000000001
56 0.821875 0.3578125000000001 0.78125 0.3578125000000001 0.78125 0.40625000000000017 0.821875 0.40625000000000017
5 0.6953125 0.3062500000000001 0.6578125 0.3062500000000001 0.6578125 0.3531250000000001 0.6953125 0.3531250000000001
25 0.6375 0.4109375 0.596875 0.4109375 0.596875 0.4609375 0.6375 0.4609375
32 0.4890625 0.5234375 0.446875 0.5234375 0.446875 0.575 0.4890625 0.575
0 0.48125 0.3062500000000001 0.4421875 0.3062500000000001 0.4421875 0.3531250000000001 0.48125 0.3531250000000001
48 0.4375 0.3062500000000001 0.4 0.3062500000000001 0.4 0.3531250000000001 0.4375 0.3531250000000001
1 0.86875 0.3062500000000001 0.8296875 0.3062500000000001 0.8296875 0.3531250000000001 0.86875 0.3531250000000001
40 0.4828125 0.465625 0.4421875 0.465625 0.4421875 0.515625 0.4828125 0.515625
33 0.571875 0.465625 0.53125 0.465625 0.53125 0.515625 0.571875 0.515625
6 0.6546875 0.3062500000000001 0.6140625 0.3062500000000001 0.6140625 0.3531250000000001 0.6546875 0.3531250000000001
38 0.4734375 0.3578125000000001 0.434375 0.3578125000000001 0.434375 0.4046875 0.4734375 0.4046875
50 0.3984375000000001 0.521875 0.35625000000000007 0.521875 0.35625000000000007 0.575 0.3984375000000001 0.575
14 0.534375 0.5203125 0.4921875 0.5203125 0.4921875 0.5734375 0.534375 0.5734375
21 0.778125 0.3578125000000001 0.7375 0.3578125000000001 0.7375 0.4078125000000002 0.778125 0.4078125000000002
29 0.5484375 0.409375 0.5078125 0.409375 0.5078125 0.459375 0.5484375 0.459375
24 0.68125 0.4109375 0.640625 0.4109375 0.640625 0.4609375 0.68125 0.4609375
42 0.734375 0.3578125000000001 0.69375 0.3578125000000001 0.69375 0.4062500000000001 0.734375 0.40625000000000017
3 0.7828125 0.3062500000000001 0.74375 0.3062500000000001 0.74375 0.3531250000000001 0.7828125 0.3531250000000001
47 0.771875 0.5203125000000001 0.5375 0.5203125 0.5375 0.5734375 0.771875 0.5734375000000002
43 0.8125 0.4109375000000002 0.771875 0.4109375000000002 0.771875 0.46093750000000017 0.8125 0.46093750000000017
28 0.5921875 0.4109375 0.5515625 0.4109375 0.5515625 0.4609375 0.5921875 0.4609375
59 0.6484375 0.35625000000000007 0.6078125 0.35625000000000007 0.6078125 0.40625 0.6484375 0.40625
23 0.725 0.4109375 0.684375 0.4109375 0.684375 0.4609375 0.725 0.4609375
55 0.7046875 0.465625 0.6640625 0.465625 0.6640625 0.515625 0.7046875 0.515625
27 0.5609375 0.35625000000000007 0.5203125 0.35625000000000007 0.5203125 0.4046875 0.5609375 0.4046875
45 0.940625 0.4109375000000002 0.859375 0.4109375000000002 0.859375 0.46093750000000017 0.940625 0.46093750000000017
41 0.8640625 0.3578125000000001 0.8234375 0.3578125000000001 0.8234375 0.40625000000000017 0.8640625 0.40625000000000017
44 0.9453125 0.46406250000000016 0.8390625 0.46406250000000016 0.8390625 0.5140625000000002 0.9453125 0.5140625000000002
37 0.4609375 0.4109375 0.4203125 0.4109375 0.4203125 0.4609375 0.4609375 0.4609375
17 0.93125 0.3062500000000001 0.871875 0.3062500000000001 0.871875 0.3531250000000001 0.93125 0.3531250000000001
15 0.6609375 0.465625 0.61875 0.465625 0.61875 0.515625 0.6609375 0.515625
7 0.6109375 0.3062500000000001 0.571875 0.3062500000000001 0.571875 0.3531250000000001 0.6109375 0.3531250000000001
20 0.353125 0.3078125 0.278125 0.3078125 0.278125 0.353125 0.353125 0.353125
54 0.4296875 0.3578125000000001 0.3890625 0.3578125000000001 0.38906250000000003 0.40625 0.4296875 0.40625
10 0.85625 0.4109375000000002 0.815625 0.4109375000000002 0.815625 0.46093750000000017 0.85625 0.46093750000000017
26 0.34062500000000007 0.3625 0.2734375 0.3625 0.27343750000000006 0.409375 0.34062500000000007 0.409375
49 0.95 0.5234375000000002 0.871875 0.5234375000000002 0.871875 0.5734375000000002 0.95 0.5734375000000002
31 0.5046875 0.4109375 0.4640625 0.4109375 0.4640625 0.4609375 0.5046875 0.4609375
19 0.76875 0.4109375000000002 0.728125 0.4109375000000002 0.728125 0.46093750000000017 0.76875 0.46093750000000017
39 0.38593750000000004 0.35781250000000003 0.3453125 0.3578125 0.3453125 0.40625 0.3859375000000001 0.40625
46 0.3937500000000001 0.465625 0.3156250000000001 0.465625 0.3156250000000001 0.515625 0.3937500000000001 0.515625
22 0.37187500000000007 0.409375 0.2750000000000001 0.409375 0.2750000000000001 0.459375 0.37187500000000007 0.459375
8 0.56875 0.3062500000000001 0.528125 0.3062500000000001 0.528125 0.3531250000000001 0.56875 0.3531250000000001