39 0.7109375 0.3531250000000001 0.671875 0.3531250000000001 0.671875 0.4234375 0.7109375 0.4234375
24 0.4265625 0.428125 0.38750000000000007 0.428125 0.38750000000000007 0.496875 0.4265625 0.496875
45 0.21875000000000008 0.425 0.15937500000000004 0.425 0.15937500000000004 0.49375 0.21875000000000008 0.49375
47 0.54375 0.5765625 0.3234375000000001 0.5765625 0.3234375000000001 0.65 0.54375 0.65
36 0.5828125 0.3546875000000001 0.5453125 0.3546875000000001 0.5453125 0.4234375 0.5828125 0.4234375
12 0.6796875 0.4296875 0.640625 0.4296875 0.640625 0.4984375 0.6796875 0.4984375
9 0.5625 0.2796875000000001 0.5234375 0.2796875000000001 0.5234375 0.34843750000000007 0.5625 0.34843750000000007
34 0.659375 0.5046875 0.61875 0.5046875 0.61875 0.571875 0.659375 0.571875
5 0.39375 0.27968750000000003 0.3546875 0.2796875 0.3546875 0.34687500000000004 0.39375 0.3468750000000001
3 0.3109375 0.2796875 0.271875 0.2796875 0.271875 0.3484375 0.3109375 0.3484375
10 0.2593750000000001 0.425 0.2218750000000001 0.425 0.2218750000000001 0.4953125 0.2593750000000001 0.4953125
55 0.40625 0.5015625 0.3671875000000001 0.5015625 0.3671875000000001 0.5703125 0.40625 0.5703125
8 0.5203125 0.2796875000000001 0.48125 0.2796875000000001 0.48125 0.34843750000000007 0.5203125 0.34843750000000007
19 0.3421875000000001 0.428125 0.3046875000000001 0.428125 0.3046875000000001 0.496875 0.3421875000000001 0.496875
25 0.46875 0.428125 0.4296875 0.428125 0.4296875 0.496875 0.46875 0.496875
20 0.778125 0.27812500000000007 0.69375 0.27812500000000007 0.69375 0.3468750000000001 0.778125 0.3468750000000001
54 0.66875 0.3531250000000001 0.6296875 0.3531250000000001 0.6296875 0.4234375 0.66875 0.4234375
52 0.20625000000000004 0.353125 0.15937500000000004 0.353125 0.15937500000000004 0.4203125 0.2062500000000001 0.4203125
14 0.5859375 0.5796875 0.5453125 0.5796875 0.5453125 0.6484375 0.5859375 0.6484375
16 0.3625000000000001 0.5015625 0.32500000000000007 0.5015625 0.32500000000000007 0.5703125 0.3625000000000001 0.5703125
49 0.2390625000000001 0.571875 0.15781250000000008 0.571875 0.15781250000000008 0.64375 0.2390625000000001 0.64375
29 0.553125 0.428125 0.5140625 0.428125 0.5140625 0.496875 0.553125 0.496875
4 0.353125 0.2796875 0.315625 0.2796875 0.315625 0.346875 0.353125 0.346875
38 0.625 0.3546875000000001 0.5875 0.3546875000000001 0.5875 0.4234375 0.625 0.4234375
13 0.3218750000000001 0.5765625 0.2828125000000001 0.5765625 0.2828125000000001 0.6453125 0.3218750000000001 0.6453125
2 0.26875 0.2796875 0.23125 0.2796875 0.23125 0.346875 0.26875 0.346875
6 0.4359375 0.2796875000000001 0.3984375 0.2796875000000001 0.3984375 0.34843750000000007 0.4359375 0.34843750000000007
57 0.3234375000000001 0.5 0.2843750000000001 0.5 0.2843750000000001 0.56875 0.3234375000000001 0.56875
0 0.603125 0.2796875000000001 0.565625 0.2796875000000001 0.565625 0.3453125000000001 0.603125 0.3453125000000001
48 0.646875 0.2796875000000001 0.609375 0.2796875000000001 0.609375 0.3468750000000001 0.646875 0.3468750000000001
41 0.24843750000000003 0.353125 0.209375 0.353125 0.20937500000000003 0.421875 0.2484375000000001 0.421875
43 0.30156250000000007 0.428125 0.2640625000000001 0.428125 0.2640625000000001 0.496875 0.30156250000000007 0.496875
27 0.540625 0.3531250000000001 0.503125 0.3531250000000001 0.503125 0.421875 0.540625 0.421875
59 0.45625 0.3531250000000001 0.41875 0.3531250000000001 0.41875 0.421875 0.45625 0.421875
50 0.69375 0.58125 0.6640625 0.58125 0.6640625 0.6515625 0.69375 0.6515625
53 0.4984375 0.3515625000000001 0.4609375 0.3515625000000001 0.4609375 0.421875 0.4984375 0.421875
56 0.28906250000000006 0.35 0.2515625 0.35 0.2515625 0.4203125 0.2890625000000001 0.4203125
33 0.53125 0.503125 0.4921875 0.503125 0.4921875 0.571875 0.53125 0.571875
21 0.33125000000000004 0.353125 0.2921875 0.353125 0.29218750000000004 0.421875 0.3312500000000001 0.421875
58 0.2812500000000001 0.5015625 0.24375000000000008 0.5015625 0.24375000000000008 0.5703125 0.2812500000000001 0.5703125
46 0.7359375 0.5046875000000001 0.6640625 0.5046875 0.6640625 0.5734375 0.7359375 0.5734375000000002
28 0.5109375 0.428125 0.4734375 0.428125 0.4734375 0.496875 0.5109375 0.496875
7 0.478125 0.2796875000000001 0.440625 0.2796875000000001 0.440625 0.34843750000000007 0.478125 0.34843750000000007
22 0.778125 0.4281250000000001 0.684375 0.428125 0.684375 0.49687500000000007 0.778125 0.4968750000000002
44 0.2390625000000001 0.5 0.15937500000000004 0.5 0.15937500000000007 0.56875 0.2390625000000001 0.56875
18 0.5734375 0.503125 0.534375 0.503125 0.534375 0.571875 0.5734375 0.571875
23 0.3843750000000001 0.4265625 0.3453125000000001 0.4265625 0.3453125000000001 0.49375 0.3843750000000001 0.49375
37 0.6375 0.4296875 0.5984375 0.4296875 0.5984375 0.4984375 0.6375 0.4984375
51 0.4140625 0.3531250000000001 0.3765625 0.3531250000000001 0.3765625 0.421875 0.4140625 0.421875
1 0.2265625 0.278125 0.19062500000000004 0.278125 0.19062500000000004 0.3453125 0.2265625 0.3453125
32 0.628125 0.58125 0.5875 0.58125 0.5875 0.6515625 0.628125 0.6515625
26 0.7796875 0.3546875000000001 0.7140625 0.3546875000000001 0.7140625 0.4250000000000001 0.7796875 0.42500000000000016
30 0.8421875 0.21718750000000003 0.14062500000000006 0.2171875 0.14062500000000006 0.6734375000000001 0.8421875 0.6734375000000001
17 0.18593750000000003 0.278125 0.16093750000000004 0.278125 0.16093750000000004 0.346875 0.18593750000000003 0.346875
31 0.59375 0.428125 0.55625 0.428125 0.55625 0.496875 0.59375 0.496875
40 0.615625 0.50625 0.5765625 0.50625 0.5765625 0.571875 0.615625 0.571875
11 0.6890625 0.2796875000000001 0.6515625 0.2796875000000001 0.6515625 0.3468750000000001 0.6890625 0.3468750000000001
15 0.446875 0.5015625 0.4078125 0.5015625 0.4078125 0.571875 0.446875 0.571875
35 0.490625 0.5015625 0.4515625 0.5015625 0.4515625 0.571875 0.490625 0.571875
42 0.37343750000000003 0.353125 0.334375 0.353125 0.33437500000000003 0.421875 0.3734375000000001 0.421875