31 0.6625 0.3531250000000001 0.6171875 0.3531250000000001 0.6171875 0.409375 0.6625 0.409375
26 0.8703125 0.2968750000000001 0.796875 0.2968750000000001 0.796875 0.3500000000000001 0.8703125 0.3500000000000001
23 0.4171875 0.3546875000000001 0.371875 0.3546875000000001 0.37187500000000007 0.409375 0.4171875 0.409375
7 0.5265625 0.2406250000000001 0.4828125 0.2406250000000001 0.4828125 0.29375000000000007 0.5265625 0.29375000000000007
48 0.7171875 0.2406250000000001 0.6734375 0.2406250000000001 0.6734375 0.29375000000000007 0.7171875 0.29375000000000007
36 0.6484375 0.2968750000000001 0.603125 0.2968750000000001 0.603125 0.3500000000000001 0.6484375 0.3500000000000001
33 0.590625 0.4125 0.54375 0.4125 0.54375 0.46875 0.590625 0.46875
46 0.828125 0.4125000000000002 0.74375 0.4125000000000002 0.74375 0.46875000000000017 0.828125 0.46875000000000017
20 0.865625 0.2406250000000001 0.7703125 0.2406250000000001 0.7703125 0.29375000000000007 0.865625 0.29375000000000007
8 0.575 0.2406250000000001 0.53125 0.2406250000000001 0.53125 0.29375000000000007 0.575 0.29375000000000007
29 0.6140625 0.3531250000000001 0.56875 0.3531250000000001 0.56875 0.409375 0.6140625 0.409375
1 0.240625 0.240625 0.19687500000000005 0.240625 0.19687500000000005 0.2921875 0.240625 0.2921875
28 0.565625 0.3515625000000001 0.5203125 0.3515625000000001 0.5203125 0.4078125 0.565625 0.4078125
22 0.8734375 0.3531250000000001 0.7640625 0.3531250000000001 0.7640625 0.40937500000000016 0.8734375 0.40937500000000016
57 0.3437500000000001 0.4125 0.2968750000000001 0.4125 0.2968750000000001 0.4671875 0.3437500000000001 0.4671875
54 0.74375 0.2968750000000001 0.7 0.2968750000000001 0.7 0.3500000000000001 0.74375 0.3500000000000001
51 0.4546875 0.2953125000000001 0.4109375 0.2953125000000001 0.4109375 0.3500000000000001 0.4546875 0.3500000000000001
37 0.7125 0.3546875000000001 0.6671875 0.3546875000000001 0.6671875 0.409375 0.7125 0.409375
19 0.36875 0.353125 0.3234375 0.353125 0.32343750000000004 0.409375 0.3687500000000001 0.409375
21 0.3578125 0.2953125 0.3125 0.2953125 0.3125 0.35 0.3578125 0.35
27 0.6 0.2968750000000001 0.55625 0.2968750000000001 0.55625 0.3500000000000001 0.6 0.3500000000000001
4 0.3828125 0.24062500000000003 0.3390625 0.240625 0.3390625 0.29375000000000007 0.3828125 0.29375000000000007
2 0.2890625 0.240625 0.24375 0.240625 0.24375 0.29375 0.2890625 0.29375
34 0.7390625 0.4140625000000001 0.6921875 0.4140625 0.6921875 0.4687500000000001 0.7390625 0.46875000000000017
53 0.5515625 0.2953125000000001 0.50625 0.2953125000000001 0.50625 0.3500000000000001 0.5515625 0.3500000000000001
0 0.6703125 0.2406250000000001 0.625 0.2406250000000001 0.625 0.29375000000000007 0.6703125 0.29375000000000007
50 0.7828125 0.4734375000000002 0.7359375 0.4734375000000002 0.7359375 0.5328125000000001 0.7828125 0.5328125000000001
39 0.79375 0.2968750000000001 0.746875 0.2968750000000001 0.746875 0.3500000000000001 0.79375 0.3500000000000001
13 0.31718750000000007 0.471875 0.2687500000000001 0.471875 0.2687500000000001 0.5296875 0.31718750000000007 0.5296875
12 0.7609375 0.3546875000000001 0.715625 0.3546875000000001 0.715625 0.4093750000000001 0.7609375 0.40937500000000016
58 0.29375000000000007 0.4125 0.2468750000000001 0.4125 0.2468750000000001 0.4671875 0.29375000000000007 0.4671875
40 0.6890625 0.4125 0.64375 0.4125 0.64375 0.46875 0.6890625 0.46875
55 0.4421875 0.4125 0.39531250000000007 0.4125 0.39531250000000007 0.46875 0.4421875 0.46875
10 0.27187500000000003 0.353125 0.225 0.353125 0.22500000000000003 0.4078125 0.2718750000000001 0.4078125
25 0.515625 0.3546875000000001 0.4703125 0.3546875000000001 0.4703125 0.409375 0.515625 0.409375
3 0.3375 0.2421875 0.29375 0.2421875 0.29375 0.29375 0.3375 0.29375
5 0.4328125 0.24218750000000008 0.3875 0.24218750000000008 0.3875 0.29375000000000007 0.4328125 0.29375000000000007
11 0.7640625 0.24218750000000008 0.721875 0.24218750000000008 0.721875 0.2921875000000001 0.7640625 0.2921875000000001
18 0.640625 0.4125 0.59375 0.4125 0.59375 0.46875 0.640625 0.46875
17 0.19375000000000003 0.2453125 0.16250000000000003 0.2453125 0.16250000000000003 0.29375 0.19375000000000003 0.29375
59 0.503125 0.2968750000000001 0.4578125 0.2968750000000001 0.4578125 0.3515625000000001 0.503125 0.3515625000000001
49 0.2171875000000001 0.4703125 0.14062500000000006 0.4703125 0.14062500000000006 0.5296875 0.2171875000000001 0.5296875
56 0.309375 0.2953125 0.2640625 0.2953125 0.2640625 0.35 0.309375 0.35
52 0.2125 0.2953125 0.15625000000000006 0.2953125 0.15625000000000006 0.3484375 0.2125 0.3484375
43 0.32031250000000006 0.353125 0.2734375 0.353125 0.27343750000000006 0.409375 0.3203125000000001 0.409375
16 0.3921875000000001 0.4125 0.3453125000000001 0.4125 0.3453125000000001 0.46875 0.3921875000000001 0.46875
6 0.4796875 0.24218750000000008 0.434375 0.24218750000000008 0.434375 0.2921875000000001 0.4796875 0.2921875000000001
45 0.22187500000000004 0.3515625 0.15156250000000004 0.3515625 0.15156250000000004 0.40625 0.2218750000000001 0.40625
24 0.4671875 0.3546875000000001 0.421875 0.3546875000000001 0.421875 0.409375 0.4671875 0.409375
41 0.2625 0.2953125 0.215625 0.2953125 0.215625 0.35 0.2625 0.35
38 0.696875 0.2968750000000001 0.6515625 0.2968750000000001 0.6515625 0.3500000000000001 0.696875 0.3500000000000001
35 0.54375 0.4125 0.4953125 0.4125 0.4953125 0.46875 0.54375 0.46875
14 0.6328125 0.471875 0.584375 0.471875 0.584375 0.53125 0.6328125 0.53125
9 0.621875 0.2406250000000001 0.578125 0.2406250000000001 0.578125 0.29375000000000007 0.621875 0.29375000000000007
44 0.24375000000000008 0.409375 0.14687500000000003 0.409375 0.14687500000000003 0.4671875 0.24375000000000008 0.4671875
32 0.68125 0.475 0.634375 0.475 0.634375 0.5328125 0.68125 0.5328125
30 0.95625 0.20000000000000004 0.12343750000000005 0.2 0.12343750000000006 0.5562500000000001 0.95625 0.5562500000000001
42 0.40625 0.29687500000000006 0.3609375 0.296875 0.3609375 0.35156250000000006 0.40625 0.3515625000000001
15 0.4921875 0.4125 0.4453125 0.4125 0.4453125 0.4703125 0.4921875 0.4703125
47 0.5828125 0.471875 0.3187500000000001 0.471875 0.3187500000000001 0.53125 0.5828125 0.53125