49 0.1765625000000001 0.6765625 0.10468750000000009 0.6765625 0.10468750000000009 0.709375 0.1765625000000001 0.709375
7 0.45 0.546875 0.4171875 0.546875 0.4171875 0.571875 0.45 0.571875
44 0.2171875000000001 0.6421875 0.11718750000000008 0.6421875 0.11718750000000008 0.671875 0.2171875000000001 0.671875
15 0.4171875 0.6375 0.37968750000000007 0.6375 0.37968750000000007 0.66875 0.4171875 0.66875
38 0.5796875 0.571875 0.54375 0.571875 0.54375 0.6 0.5796875 0.6
33 0.496875 0.6359375 0.459375 0.6359375 0.459375 0.6671875 0.496875 0.6671875
36 0.5421875 0.5734375 0.50625 0.5734375 0.50625 0.6 0.5421875 0.6
58 0.25468750000000007 0.640625 0.2171875000000001 0.640625 0.2171875000000001 0.671875 0.25468750000000007 0.671875
17 0.18750000000000008 0.553125 0.1453125000000001 0.553125 0.1453125000000001 0.5765625 0.18750000000000008 0.5765625
13 0.2656250000000001 0.675 0.2171875000000001 0.675 0.2171875000000001 0.7078125 0.2656250000000001 0.7078125
42 0.3515625000000001 0.5765625 0.31718750000000007 0.5765625 0.31718750000000007 0.6046875 0.3515625000000001 0.6046875
37 0.59375 0.6015625 0.5578125 0.6015625 0.5578125 0.63125 0.59375 0.63125
48 0.596875 0.5453125 0.5640625 0.5453125 0.5640625 0.56875 0.596875 0.56875
2 0.2640625000000001 0.55 0.22812500000000008 0.55 0.22812500000000008 0.5765625 0.2640625000000001 0.5765625
27 0.503125 0.575 0.4703125 0.575 0.4703125 0.6015625 0.503125 0.6015625
20 0.696875 0.5453125 0.6375 0.5453125 0.6375 0.56875 0.696875 0.56875
52 0.1984375000000001 0.5796875 0.1359375000000001 0.5796875 0.1359375000000001 0.6078125 0.1984375000000001 0.6078125
40 0.5765625 0.6359375 0.540625 0.6359375 0.540625 0.665625 0.5765625 0.665625
47 0.48125 0.671875 0.2687500000000001 0.671875 0.2687500000000001 0.70625 0.48125 0.70625
0 0.5609375 0.5453125 0.5265625 0.5453125 0.5265625 0.56875 0.5609375 0.56875
28 0.4765625 0.6046875 0.4421875 0.6046875 0.4421875 0.6328125 0.4765625 0.6328125
59 0.428125 0.575 0.3937500000000001 0.575 0.3937500000000001 0.603125 0.428125 0.603125
50 0.64375 0.6671875 0.6046875 0.6671875 0.6046875 0.7 0.64375 0.7
18 0.5359375 0.6359375 0.5 0.6359375 0.5 0.665625 0.5359375 0.665625
8 0.4875 0.546875 0.453125 0.546875 0.453125 0.5703125 0.4875 0.5703125
21 0.3140625000000001 0.578125 0.27812500000000007 0.578125 0.27812500000000007 0.60625 0.3140625000000001 0.60625
3 0.30156250000000007 0.55 0.2656250000000001 0.55 0.2656250000000001 0.5765625 0.30156250000000007 0.5765625
4 0.3390625000000001 0.5484375 0.3046875000000001 0.5484375 0.3046875000000001 0.575 0.3390625000000001 0.575
34 0.6171875 0.634375 0.58125 0.634375 0.58125 0.6640625 0.6171875 0.6640625
14 0.5640625 0.66875 0.5265625 0.66875 0.5265625 0.7 0.5640625 0.7
45 0.2015625000000001 0.609375 0.12656250000000008 0.609375 0.12656250000000008 0.6390625 0.2015625000000001 0.6390625
43 0.2796875000000001 0.609375 0.24375000000000008 0.609375 0.24375000000000008 0.6390625 0.2796875000000001 0.6390625
39 0.65625 0.5703125 0.6203125 0.5703125 0.6203125 0.5984375 0.65625 0.5984375
26 0.7015625 0.5703125 0.659375 0.5703125 0.659375 0.5984375 0.7015625 0.5984375
53 0.465625 0.575 0.43125 0.575 0.43125 0.603125 0.465625 0.603125
55 0.3765625000000001 0.6390625 0.34062500000000007 0.6390625 0.34062500000000007 0.6703125 0.3765625000000001 0.6703125
57 0.2953125000000001 0.640625 0.2578125000000001 0.640625 0.2578125000000001 0.671875 0.2953125000000001 0.671875
22 0.709375 0.6 0.6359375 0.6 0.6359375 0.6296875 0.709375 0.6296875
32 0.5203125 0.6703125 0.4828125 0.6703125 0.4828125 0.7015625 0.5203125 0.7015625
19 0.3203125000000001 0.60625 0.2843750000000001 0.60625 0.2843750000000001 0.6375 0.3203125000000001 0.6375
5 0.3750000000000001 0.5484375 0.3421875000000001 0.5484375 0.3421875000000001 0.5734375 0.3750000000000001 0.5734375
12 0.634375 0.6015625 0.5984375 0.6015625 0.5984375 0.63125 0.634375 0.63125
24 0.3984375000000001 0.60625 0.3625000000000001 0.60625 0.3625000000000001 0.6359375 0.3984375000000001 0.6359375
46 0.6765625 0.6328125 0.6203125 0.6328125 0.6203125 0.6640625 0.6765625 0.6640625
11 0.634375 0.54375 0.6015625 0.54375 0.6015625 0.56875 0.634375 0.56875
31 0.5546875 0.603125 0.51875 0.603125 0.51875 0.63125 0.5546875 0.63125
35 0.45625 0.6375 0.4203125 0.6375 0.4203125 0.6671875 0.45625 0.6671875
10 0.2406250000000001 0.609375 0.20312500000000008 0.609375 0.20312500000000008 0.6390625 0.2406250000000001 0.6390625
56 0.2750000000000001 0.578125 0.2390625000000001 0.578125 0.2390625000000001 0.60625 0.2750000000000001 0.60625
9 0.525 0.5453125 0.490625 0.5453125 0.490625 0.5703125 0.525 0.5703125
41 0.23593750000000008 0.5796875 0.1984375000000001 0.5796875 0.1984375000000001 0.6078125 0.23593750000000008 0.6078125
6 0.4125 0.546875 0.37968750000000007 0.546875 0.37968750000000007 0.5734375 0.4125 0.5734375
29 0.515625 0.603125 0.48125 0.603125 0.48125 0.6328125 0.515625 0.6328125
25 0.4375 0.60625 0.403125 0.60625 0.403125 0.634375 0.4375 0.634375
16 0.3359375000000001 0.6390625 0.2984375000000001 0.6390625 0.2984375000000001 0.6703125 0.3359375000000001 0.6703125
23 0.3593750000000001 0.6078125 0.3234375000000001 0.6078125 0.3234375000000001 0.6359375 0.3593750000000001 0.6359375
30 0.909375 0.5062500000000001 0.10312500000000005 0.50625 0.10312500000000006 0.7187500000000001 0.909375 0.7187500000000002
54 0.61875 0.571875 0.5828125 0.571875 0.5828125 0.5984375 0.61875 0.5984375
51 0.3890625000000001 0.5765625 0.3546875000000001 0.5765625 0.3546875000000001 0.6046875 0.3890625000000001 0.6046875
1 0.22656250000000008 0.553125 0.1906250000000001 0.553125 0.1906250000000001 0.578125 0.22656250000000008 0.578125