22 0.8109375 0.4453125000000001 0.6859375 0.4453125 0.6859375 0.6031250000000001 0.8109375 0.6031250000000001
28 0.45625 0.4671875 0.4078125 0.4671875 0.4078125 0.6171875 0.45625 0.6171875
2 0.16406250000000003 0.1546875 0.1171875 0.1546875 0.11718750000000003 0.29375 0.16406250000000006 0.29375
5 0.325 0.14687500000000003 0.278125 0.14687500000000003 0.278125 0.2875 0.325 0.2875
31 0.5671875 0.4640625 0.5171875 0.4640625 0.5171875 0.6109375 0.5671875 0.6109375
34 0.6531250000000001 0.6328125 0.603125 0.6328125 0.6031250000000001 0.7828125 0.6531250000000002 0.7828125
58 0.15625000000000008 0.6546875 0.10937500000000008 0.6546875 0.10937500000000008 0.8015625 0.15625000000000008 0.8015625
3 0.221875 0.15781250000000002 0.175 0.1578125 0.17500000000000002 0.2984375 0.221875 0.2984375
11 0.703125 0.1218750000000001 0.6546875 0.1218750000000001 0.6546875 0.2656250000000001 0.703125 0.2656250000000001
41 0.11875000000000005 0.3171875 0.07031250000000004 0.3171875 0.07031250000000006 0.4640625 0.11875000000000005 0.4640625
16 0.2656250000000001 0.6515625 0.2156250000000001 0.6515625 0.2156250000000001 0.7984375 0.2656250000000001 0.7984375
35 0.4296875000000001 0.64375 0.3812500000000001 0.64375 0.3812500000000001 0.790625 0.42968750000000017 0.790625
10 0.13125000000000006 0.4859375 0.08437500000000006 0.4859375 0.08437500000000006 0.6328125 0.1312500000000001 0.6328125
50 0.7046875000000001 0.8046875 0.6546875000000002 0.8046875 0.6546875000000002 0.9671875 0.7046875000000001 0.9671875
57 0.21093750000000008 0.6546875 0.16406250000000008 0.6546875 0.16406250000000008 0.7984375 0.21093750000000008 0.7984375
47 0.4781250000000002 0.8203125 0.1921875000000001 0.8203125 0.19218750000000012 0.978125 0.4781250000000002 0.978125
36 0.5515625 0.29375000000000007 0.5015625 0.29375000000000007 0.5015625 0.4375 0.5515625 0.4375
52 0.06406250000000005 0.3203125 3.922696778518866e-17 0.3203125 4.8220467716427034e-17 0.4671875 0.06406250000000006 0.4671875
56 0.17187500000000006 0.315625 0.12500000000000006 0.315625 0.12500000000000006 0.459375 0.17187500000000006 0.459375
46 0.7562500000000001 0.6296875000000001 0.6609375 0.6296875 0.6609375000000001 0.7765625 0.7562500000000002 0.7765625000000002
12 0.6796875 0.45625 0.6296875 0.45625 0.6296875 0.60625 0.6796875 0.60625
0 0.59375 0.1281250000000001 0.546875 0.1281250000000001 0.546875 0.2718750000000001 0.59375 0.2718750000000001
14 0.5937500000000002 0.8125 0.5437500000000002 0.8125 0.5437500000000002 0.9671875 0.5937500000000002 0.9671875
37 0.625 0.4640625 0.575 0.4640625 0.575 0.6078125 0.625 0.6078125
42 0.27812500000000007 0.3125 0.23125 0.3125 0.23125000000000004 0.4515625 0.27812500000000007 0.4515625
6 0.378125 0.14375000000000004 0.33125 0.14375000000000004 0.33125 0.2828125 0.378125 0.2828125000000001
40 0.596875 0.6359375 0.546875 0.6359375 0.5468750000000001 0.7828125 0.5968750000000002 0.7828125
20 0.8046875 0.1140625000000001 0.709375 0.1140625000000001 0.709375 0.2609375000000001 0.8046875 0.2609375000000001
45 0.07656250000000007 0.4890625 5.989288252080025e-17 0.4890625 6.888638245203862e-17 0.6359375 0.07656250000000009 0.6359375
54 0.6609375 0.2875000000000001 0.6125 0.2875000000000001 0.6125 0.4375 0.6609375 0.4375
59 0.38750000000000007 0.30468750000000006 0.340625 0.3046875 0.34062500000000007 0.4484375 0.38750000000000007 0.4484375
44 0.10156250000000008 0.6546875 8.017609513167828e-17 0.6546875 8.964797271883358e-17 0.809375 0.10156250000000008 0.809375
4 0.271875 0.14687500000000003 0.225 0.14687500000000003 0.225 0.2875 0.271875 0.2875
55 0.3203125000000001 0.646875 0.2718750000000001 0.646875 0.2718750000000001 0.79375 0.3203125000000001 0.79375
48 0.6484375 0.12500000000000008 0.6 0.12500000000000008 0.6 0.2687500000000001 0.6484375 0.2687500000000001
29 0.5109375 0.4640625 0.4640625 0.4640625 0.4640625 0.6109375 0.5109375 0.6109375
51 0.33281250000000007 0.30625 0.2875 0.30625 0.28750000000000003 0.453125 0.33281250000000007 0.453125
19 0.2390625000000001 0.48125 0.19062500000000004 0.48125 0.19062500000000007 0.625 0.2390625000000001 0.625
23 0.2921875000000001 0.48125 0.2453125000000001 0.48125 0.2453125000000001 0.625 0.2921875000000001 0.625
7 0.43125 0.13593750000000004 0.384375 0.13593750000000004 0.384375 0.2796875000000001 0.43125 0.2796875000000001
49 0.06718750000000011 0.834375 1.0218146730385728e-16 0.834375 1.116533448910126e-16 0.9890625 0.06718750000000011 0.9890625
38 0.6046875 0.2906250000000001 0.5578125 0.2906250000000001 0.5578125 0.4375 0.6046875 0.4375
13 0.18593750000000012 0.8265625 0.12656250000000008 0.8265625 0.1265625000000001 0.978125 0.18593750000000014 0.978125
8 0.4859375 0.13593750000000004 0.4375 0.13593750000000004 0.4375 0.2765625000000001 0.4859375 0.2765625000000001
1 0.11093750000000002 0.1578125 0.06406250000000002 0.1578125 0.06406250000000004 0.2984375 0.11093750000000005 0.2984375
53 0.4421875 0.2984375000000001 0.39375 0.2984375000000001 0.39375000000000004 0.4453125 0.4421875 0.4453125
15 0.3750000000000001 0.64375 0.32500000000000007 0.64375 0.32500000000000007 0.79375 0.3750000000000001 0.79375
17 0.05781250000000003 0.1609375 1.9709159423777714e-17 0.1609375 2.8224281699099153e-17 0.3 0.057812500000000044 0.3
21 0.22500000000000003 0.3125 0.17812500000000003 0.3125 0.17812500000000003 0.459375 0.2250000000000001 0.459375
32 0.5328125000000001 0.8203125 0.4828125000000002 0.8203125 0.4828125000000002 0.9703125 0.5328125000000001 0.9703125
27 0.4953125 0.2984375000000001 0.4484375 0.2984375000000001 0.4484375 0.4375 0.4953125 0.4375
30 1 6.123233995736766e-17 0 0 6.123233995736766e-17 1 1 1
33 0.4843750000000001 0.6390625 0.4359375 0.6390625 0.4359375000000001 0.790625 0.48437500000000017 0.790625
43 0.18437500000000007 0.4859375 0.13750000000000004 0.4859375 0.13750000000000007 0.6328125 0.1843750000000001 0.6328125
24 0.3453125000000001 0.475 0.2984375000000001 0.475 0.2984375000000001 0.621875 0.3453125000000001 0.621875
18 0.5406250000000001 0.6359375 0.49375 0.6359375 0.4937500000000001 0.7875 0.5406250000000001 0.7875
9 0.540625 0.13281250000000006 0.49375 0.13281250000000006 0.49375 0.2765625000000001 0.540625 0.2765625000000001
25 0.4015625 0.4703125 0.3546875000000001 0.4703125 0.3546875000000001 0.6171875 0.4015625 0.6171875
26 0.80625 0.2875000000000001 0.725 0.2875000000000001 0.725 0.4312500000000001 0.80625 0.4312500000000002
39 0.715625 0.2875000000000001 0.6671875 0.2875000000000001 0.6671875 0.434375 0.715625 0.434375