2 0.809375 0.2890625000000001 0.75 0.2890625000000001 0.75 0.3187500000000001 0.809375 0.3187500000000001
19 0.6859375 0.3421875000000001 0.6265625 0.3421875000000001 0.6265625 0.37187500000000007 0.6859375 0.37187500000000007
56 0.75 0.3046875000000001 0.69375 0.3046875000000001 0.69375 0.33281250000000007 0.75 0.33281250000000007
27 0.7484375 0.4984375000000001 0.6921875 0.4984375 0.6921875 0.5265625 0.7484375 0.5265625000000002
39 0.75 0.6234375000000001 0.690625 0.6234375 0.690625 0.6515625 0.75 0.6515625000000002
51 0.7484375 0.40312500000000007 0.6921875 0.403125 0.6921875 0.4312500000000001 0.7484375 0.4312500000000002
52 0.7515625 0.2250000000000001 0.6921875 0.2250000000000001 0.6921875 0.2656250000000001 0.7515625 0.2656250000000001
48 0.8078125 0.5750000000000002 0.7515625 0.5750000000000002 0.7515625 0.6015625000000002 0.8078125 0.6015625000000002
34 0.6234375 0.5875 0.5609375 0.5875 0.5609375 0.6171875 0.6234375 0.6171875
53 0.75 0.4671875000000001 0.69375 0.4671875 0.69375 0.4953125000000001 0.75 0.49531250000000016
45 0.6875 0.2218750000000001 0.625 0.2218750000000001 0.625 0.2718750000000001 0.6875 0.2718750000000001
38 0.75 0.5609375000000001 0.69375 0.5609375 0.69375 0.5890625 0.75 0.5890625000000002
21 0.75 0.3375000000000001 0.690625 0.3375000000000001 0.690625 0.3656250000000001 0.75 0.3656250000000001
44 0.621875 0.22031250000000008 0.5578125 0.22031250000000008 0.5578125 0.2890625000000001 0.621875 0.2890625000000001
26 0.7515625 0.6531250000000001 0.6875 0.653125 0.6875 0.6781250000000001 0.7515625 0.6781250000000002
40 0.6234375 0.55625 0.5609375 0.55625 0.5609375 0.5859375 0.6234375 0.5859375
31 0.6875 0.5390625 0.628125 0.5390625 0.628125 0.5671875 0.6875 0.5671875
7 0.8109375 0.4500000000000002 0.7515625 0.4500000000000002 0.7515625 0.4781250000000002 0.8109375 0.4781250000000002
35 0.6203125 0.4609375 0.5609375 0.4609375 0.5609375 0.4890625 0.6203125 0.4890625
0 0.8109375 0.5437500000000002 0.7515625 0.5437500000000002 0.7515625 0.5718750000000001 0.8109375 0.5718750000000001
41 0.7484375 0.27031250000000007 0.6890625 0.27031250000000007 0.6890625 0.30156250000000007 0.7484375 0.30156250000000007
24 0.6859375 0.409375 0.6265625 0.409375 0.6265625 0.4390625 0.6859375 0.4390625
42 0.75 0.3687500000000001 0.690625 0.3687500000000001 0.690625 0.3984375000000001 0.75 0.3984375000000001
12 0.6890625 0.603125 0.6265625 0.603125 0.6265625 0.63125 0.6890625 0.63125
11 0.809375 0.6046875000000002 0.753125 0.6046875000000002 0.753125 0.6328125000000002 0.809375 0.6328125000000002
23 0.684375 0.3781250000000001 0.628125 0.3781250000000001 0.628125 0.40625 0.684375 0.40625
18 0.6234375 0.525 0.559375 0.525 0.559375 0.553125 0.6234375 0.553125
15 0.621875 0.4265625 0.5625 0.4265625 0.5625 0.45625 0.621875 0.45625
55 0.61875 0.3937500000000001 0.559375 0.3937500000000001 0.559375 0.421875 0.61875 0.421875
50 0.55625 0.603125 0.49375 0.603125 0.49375 0.634375 0.55625 0.634375
49 0.5515625 0.2515625000000001 0.484375 0.2515625000000001 0.484375 0.2828125000000001 0.5515625 0.2828125000000001
6 0.8109375 0.4187500000000002 0.7515625 0.4187500000000002 0.7515625 0.4468750000000002 0.8109375 0.4468750000000002
5 0.809375 0.38750000000000007 0.75 0.38750000000000007 0.75 0.4156250000000002 0.809375 0.4156250000000002
22 0.6890625 0.6328125 0.6265625 0.6328125 0.6265625 0.68125 0.6890625 0.68125
20 0.809375 0.6343750000000001 0.753125 0.6343750000000001 0.753125 0.6750000000000002 0.809375 0.6750000000000002
10 0.6859375 0.2765625000000001 0.6265625 0.2765625000000001 0.6265625 0.3046875000000001 0.6859375 0.3046875000000001
30 0.91875 0.20312500000000008 0.45625 0.20312500000000008 0.4562500000000001 0.8359375 0.91875 0.8359375
33 0.6234375 0.4921875 0.5609375 0.4921875 0.5609375 0.5203125 0.6234375 0.5203125
28 0.6859375 0.475 0.6265625 0.475 0.6265625 0.503125 0.6859375 0.503125
29 0.6859375 0.5078125 0.6265625 0.5078125 0.6265625 0.5359375 0.6859375 0.5359375
8 0.8109375 0.4812500000000002 0.7515625 0.4812500000000002 0.7515625 0.5093750000000001 0.8109375 0.5093750000000001
46 0.6234375 0.6203125 0.5609375 0.6203125 0.5609375 0.6578125 0.6234375 0.6578125
16 0.6203125 0.3593750000000001 0.5609375 0.3593750000000001 0.5609375 0.38750000000000007 0.6203125 0.38750000000000007
47 0.5546875 0.3921875000000001 0.4921875 0.3921875000000001 0.4921875 0.5359375 0.5546875 0.5359375
9 0.8125 0.5125000000000002 0.753125 0.5125000000000002 0.753125 0.5406250000000001 0.8125 0.5406250000000001
1 0.8125 0.25468750000000007 0.753125 0.25468750000000007 0.753125 0.2828125000000001 0.8125 0.2828125000000001
25 0.6828125 0.44375 0.6265625 0.44375 0.6265625 0.471875 0.6828125 0.471875
13 0.553125 0.3218750000000001 0.4875 0.3218750000000001 0.4875 0.3531250000000001 0.553125 0.3531250000000001
43 0.6875 0.30937500000000007 0.625 0.30937500000000007 0.625 0.3375000000000001 0.6875 0.3375000000000001
54 0.75 0.5921875000000001 0.69375 0.5921875 0.69375 0.6203125 0.75 0.6203125000000002
17 0.8125 0.22812500000000008 0.753125 0.22812500000000008 0.753125 0.2515625000000001 0.8125 0.2515625000000001
4 0.809375 0.3531250000000001 0.75 0.3531250000000001 0.75 0.3843750000000001 0.809375 0.3843750000000001
3 0.8140625 0.3203125000000001 0.7515625 0.3203125000000001 0.7515625 0.34843750000000007 0.8140625 0.34843750000000007
58 0.61875 0.29375000000000007 0.55625 0.29375000000000007 0.55625 0.3218750000000001 0.61875 0.3218750000000001
57 0.61875 0.3265625000000001 0.559375 0.3265625000000001 0.559375 0.3546875000000001 0.61875 0.3546875000000001
36 0.75 0.5296875000000001 0.69375 0.5296875 0.69375 0.5578125 0.75 0.5578125000000002
14 0.55625 0.5375 0.496875 0.5375 0.496875 0.56875 0.55625 0.56875
37 0.6890625 0.5703125 0.6296875 0.5703125 0.6296875 0.5984375 0.6890625 0.5984375
32 0.553125 0.35625000000000007 0.4859375 0.35625000000000007 0.4859375 0.38750000000000007 0.553125 0.38750000000000007
59 0.75 0.4359375000000001 0.690625 0.4359375 0.690625 0.4640625000000001 0.75 0.46406250000000016