2 0.26250000000000007 0.6828125 0.20312500000000008 0.6828125 0.20312500000000008 0.7125 0.26250000000000007 0.7125
19 0.38750000000000007 0.6296875 0.3281250000000001 0.6296875 0.3281250000000001 0.659375 0.38750000000000007 0.659375
56 0.3218750000000001 0.66875 0.2656250000000001 0.66875 0.2656250000000001 0.696875 0.3218750000000001 0.696875
27 0.3218750000000001 0.475 0.2656250000000001 0.475 0.2656250000000001 0.503125 0.3218750000000001 0.503125
39 0.32343750000000004 0.35 0.2640625 0.35 0.26406250000000003 0.378125 0.3234375000000001 0.378125
51 0.3218750000000001 0.5703125 0.2656250000000001 0.5703125 0.2656250000000001 0.5984375 0.3218750000000001 0.5984375
52 0.3218750000000001 0.7359375 0.26250000000000007 0.7359375 0.26250000000000007 0.7765625 0.3218750000000001 0.7765625
48 0.2609375000000001 0.3984375 0.20468750000000008 0.3984375 0.20468750000000008 0.425 0.2609375000000001 0.425
34 0.4546875 0.3828125000000001 0.3921875000000001 0.3828125000000001 0.3921875000000001 0.4125 0.4546875 0.4125
53 0.3218750000000001 0.50625 0.2656250000000001 0.50625 0.2656250000000001 0.534375 0.3218750000000001 0.534375
45 0.3890625000000001 0.7296875 0.3265625000000001 0.7296875 0.3265625000000001 0.7796875 0.3890625000000001 0.7796875
38 0.3218750000000001 0.4109375 0.2656250000000001 0.4109375 0.2656250000000001 0.4390625 0.3218750000000001 0.4390625
21 0.3234375000000001 0.6359375 0.2640625000000001 0.6359375 0.2640625000000001 0.6640625 0.3234375000000001 0.6640625
44 0.45781250000000007 0.7125 0.3921875000000001 0.7125 0.3921875000000001 0.78125 0.4578125000000002 0.78125
26 0.3265625 0.321875 0.2609375 0.321875 0.2609375 0.346875 0.3265625 0.346875
40 0.453125 0.415625 0.3906250000000001 0.415625 0.3906250000000001 0.4453125 0.453125 0.4453125
31 0.3859375000000001 0.4328125 0.3265625000000001 0.4328125 0.3265625000000001 0.4609375 0.3859375000000001 0.4609375
7 0.26250000000000007 0.5234375 0.20312500000000008 0.5234375 0.20312500000000008 0.5515625 0.26250000000000007 0.5515625
35 0.4546875 0.5125 0.39531250000000007 0.5125 0.39531250000000007 0.540625 0.4546875 0.540625
0 0.26250000000000007 0.428125 0.20312500000000008 0.428125 0.20312500000000008 0.45625 0.26250000000000007 0.45625
41 0.32500000000000007 0.7 0.2656250000000001 0.7 0.2656250000000001 0.73125 0.32500000000000007 0.73125
24 0.38750000000000007 0.5625 0.3281250000000001 0.5625 0.3281250000000001 0.5921875 0.38750000000000007 0.5921875
42 0.3234375000000001 0.603125 0.2640625000000001 0.603125 0.2640625000000001 0.6328125 0.3234375000000001 0.6328125
12 0.38750000000000007 0.36875 0.32500000000000007 0.36875 0.32500000000000007 0.39687500000000003 0.38750000000000007 0.3968750000000001
11 0.2609375000000001 0.3671875 0.20468750000000008 0.3671875 0.20468750000000008 0.3953125 0.2609375000000001 0.3953125
23 0.3859375000000001 0.5953125 0.3296875000000001 0.5953125 0.3296875000000001 0.6234375 0.3859375000000001 0.6234375
18 0.45625 0.4484375 0.3906250000000001 0.4484375 0.3906250000000001 0.4765625 0.45625 0.4765625
15 0.4515625 0.5453125 0.3921875000000001 0.5453125 0.3921875000000001 0.575 0.4515625 0.575
55 0.4546875 0.578125 0.39531250000000007 0.578125 0.39531250000000007 0.60625 0.4546875 0.60625
50 0.521875 0.3656250000000001 0.459375 0.3656250000000001 0.459375 0.3984375000000001 0.521875 0.3984375000000001
49 0.5312500000000001 0.7171875 0.4625 0.7171875 0.4625000000000001 0.75 0.5312500000000002 0.75
6 0.26250000000000007 0.5546875 0.20312500000000008 0.5546875 0.20312500000000008 0.5828125 0.26250000000000007 0.5828125
5 0.26250000000000007 0.5859375 0.20312500000000008 0.5859375 0.20312500000000008 0.6140625 0.26250000000000007 0.6140625
22 0.38750000000000007 0.31875000000000003 0.325 0.31875 0.32500000000000007 0.36718750000000006 0.38750000000000007 0.3671875000000001
20 0.26093750000000004 0.325 0.2046875 0.325 0.20468750000000005 0.365625 0.2609375000000001 0.365625
10 0.38750000000000007 0.696875 0.3281250000000001 0.696875 0.3281250000000001 0.725 0.38750000000000007 0.725
30 0.5593750000000001 0.16406250000000006 0.09375000000000003 0.1640625 0.09375000000000006 0.7984375 0.5593750000000002 0.7984375
33 0.453125 0.48125 0.3906250000000001 0.48125 0.3906250000000001 0.509375 0.453125 0.509375
28 0.38750000000000007 0.496875 0.3281250000000001 0.496875 0.3281250000000001 0.525 0.38750000000000007 0.525
29 0.38750000000000007 0.465625 0.3281250000000001 0.465625 0.3281250000000001 0.49375 0.38750000000000007 0.49375
8 0.26250000000000007 0.490625 0.20312500000000008 0.490625 0.20312500000000008 0.51875 0.26250000000000007 0.51875
46 0.453125 0.3421875000000001 0.390625 0.3421875000000001 0.39062500000000006 0.37968750000000007 0.453125 0.37968750000000007
16 0.4546875 0.6125 0.39531250000000007 0.6125 0.39531250000000007 0.640625 0.4546875 0.640625
47 0.5234375 0.4640625 0.4609375 0.4640625 0.4609375 0.6078125 0.5234375 0.6078125
9 0.2609375000000001 0.459375 0.2015625000000001 0.459375 0.2015625000000001 0.4875 0.2609375000000001 0.4875
1 0.2609375000000001 0.71875 0.2015625000000001 0.71875 0.2015625000000001 0.746875 0.2609375000000001 0.746875
25 0.38750000000000007 0.528125 0.3312500000000001 0.528125 0.3312500000000001 0.55625 0.38750000000000007 0.55625
13 0.528125 0.6484375 0.4625 0.6484375 0.4625 0.6796875 0.528125 0.6796875
43 0.3890625000000001 0.6640625 0.3265625000000001 0.6640625 0.3265625000000001 0.6921875 0.3890625000000001 0.6921875
54 0.3203125000000001 0.3796875 0.2640625000000001 0.3796875 0.2640625000000001 0.4078125 0.3203125000000001 0.4078125
17 0.2609375000000001 0.75 0.2015625000000001 0.75 0.2015625000000001 0.7734375 0.2609375000000001 0.7734375
4 0.26250000000000007 0.6171875 0.20312500000000008 0.6171875 0.20312500000000008 0.6484375 0.26250000000000007 0.6484375
3 0.26250000000000007 0.653125 0.2000000000000001 0.653125 0.2000000000000001 0.68125 0.26250000000000007 0.68125
58 0.4578125 0.6796875 0.39531250000000007 0.6796875 0.39531250000000007 0.7078125 0.4578125 0.7078125
57 0.45625 0.646875 0.3968750000000001 0.646875 0.3968750000000001 0.675 0.45625 0.675
36 0.3203125000000001 0.44375 0.2640625000000001 0.44375 0.2640625000000001 0.471875 0.3203125000000001 0.471875
14 0.51875 0.43125 0.459375 0.43125 0.459375 0.4625 0.51875 0.4625
37 0.3859375000000001 0.4015625 0.3265625000000001 0.4015625 0.3265625000000001 0.4296875 0.3859375000000001 0.4296875
32 0.5296875 0.6125 0.4609375 0.6125 0.4609375 0.64375 0.5296875 0.64375
59 0.3234375000000001 0.5375 0.2640625000000001 0.5375 0.2640625000000001 0.565625 0.3234375000000001 0.565625