2 0.25 0.309375 0.18750000000000006 0.309375 0.18750000000000006 0.340625 0.25 0.340625
19 0.37968750000000007 0.36562500000000003 0.31718750000000007 0.365625 0.31718750000000007 0.39687500000000003 0.37968750000000007 0.3968750000000001
56 0.3109375 0.3265625 0.2515625 0.3265625 0.2515625 0.35625 0.3109375 0.35625
27 0.3109375000000001 0.53125 0.2515625000000001 0.53125 0.2515625000000001 0.559375 0.3109375000000001 0.559375
39 0.3125000000000001 0.6609375 0.2500000000000001 0.6609375 0.2500000000000001 0.6921875 0.3125000000000001 0.6921875
51 0.3109375000000001 0.4296875 0.2515625000000001 0.4296875 0.2515625000000001 0.4578125 0.3109375000000001 0.4578125
52 0.3125 0.2421875 0.25 0.2421875 0.25 0.2859375 0.3125 0.2859375
48 0.2484375000000001 0.6109375 0.18906250000000008 0.6109375 0.18906250000000008 0.6390625 0.2484375000000001 0.6390625
34 0.45 0.625 0.3843750000000001 0.625 0.3843750000000001 0.65625 0.45 0.65625
53 0.3109375000000001 0.496875 0.2515625000000001 0.496875 0.2515625000000001 0.525 0.3109375000000001 0.525
45 0.3828125 0.23906250000000004 0.3171875 0.2390625 0.3171875 0.29218750000000004 0.3828125 0.2921875000000001
38 0.3109375000000001 0.5953125 0.2515625000000001 0.5953125 0.2515625000000001 0.6265625 0.3109375000000001 0.6265625
21 0.3140625 0.3609375 0.2515625 0.3609375 0.2515625 0.390625 0.3140625000000001 0.390625
44 0.4546875 0.2375000000000001 0.3859375 0.2375000000000001 0.3859375 0.30937500000000007 0.4546875 0.30937500000000007
26 0.31718750000000007 0.69375 0.2484375000000001 0.69375 0.2484375000000001 0.71875 0.31718750000000007 0.71875
40 0.45 0.590625 0.3843750000000001 0.590625 0.3843750000000001 0.621875 0.45 0.621875
31 0.37968750000000007 0.571875 0.31718750000000007 0.571875 0.31718750000000007 0.603125 0.37968750000000007 0.603125
7 0.2500000000000001 0.4796875 0.18750000000000006 0.4796875 0.18750000000000006 0.5078125 0.2500000000000001 0.5078125
35 0.45 0.490625 0.38750000000000007 0.490625 0.38750000000000007 0.5203125 0.45 0.5203125
0 0.2500000000000001 0.578125 0.18750000000000008 0.578125 0.18750000000000008 0.6078125 0.2500000000000001 0.6078125
41 0.3140625 0.290625 0.2515625 0.290625 0.2515625 0.321875 0.3140625 0.321875
24 0.37968750000000007 0.4359375 0.31718750000000007 0.4359375 0.31718750000000007 0.4671875 0.37968750000000007 0.4671875
42 0.3140625000000001 0.39375 0.2515625000000001 0.39375 0.2515625000000001 0.425 0.3140625000000001 0.425
12 0.37968750000000007 0.6390625 0.3140625000000001 0.6390625 0.3140625000000001 0.6703125 0.37968750000000007 0.6703125
11 0.2484375000000001 0.6421875 0.18906250000000008 0.6421875 0.18906250000000008 0.671875 0.2484375000000001 0.671875
23 0.37968750000000007 0.403125 0.3203125000000001 0.403125 0.3203125000000001 0.43125 0.37968750000000007 0.43125
18 0.453125 0.5578125 0.3843750000000001 0.5578125 0.3843750000000001 0.5875 0.453125 0.5875
15 0.4484375 0.453125 0.3859375000000001 0.453125 0.3859375000000001 0.484375 0.4484375 0.484375
55 0.4515625 0.4203125 0.3890625000000001 0.4203125 0.3890625000000001 0.45 0.4515625 0.45
50 0.5203125 0.6390625 0.4546875 0.6390625 0.4546875 0.6734375 0.5203125 0.6734375
49 0.53125 0.27031250000000007 0.459375 0.27031250000000007 0.459375 0.3046875000000001 0.53125 0.3046875000000001
6 0.2500000000000001 0.446875 0.18750000000000006 0.446875 0.18750000000000006 0.4765625 0.2500000000000001 0.4765625
5 0.2500000000000001 0.4140625 0.18750000000000006 0.4140625 0.18750000000000006 0.4421875 0.2500000000000001 0.4421875
22 0.37968750000000007 0.6734375 0.3140625000000001 0.6734375 0.3140625000000001 0.7234375 0.37968750000000007 0.7234375
20 0.2484375000000001 0.675 0.18906250000000008 0.675 0.18906250000000008 0.715625 0.2484375000000001 0.715625
10 0.38125 0.29687500000000006 0.31875 0.296875 0.31875 0.32656250000000003 0.38125 0.3265625000000001
30 0.5609375000000001 0.22031250000000005 0.07187500000000002 0.2203125 0.07187500000000006 0.8859375 0.5609375000000002 0.8859375
33 0.45 0.5234375 0.3843750000000001 0.5234375 0.3843750000000001 0.5515625 0.45 0.5515625
28 0.37968750000000007 0.50625 0.31718750000000007 0.50625 0.31718750000000007 0.534375 0.37968750000000007 0.534375
29 0.37968750000000007 0.540625 0.31718750000000007 0.540625 0.31718750000000007 0.56875 0.37968750000000007 0.56875
8 0.2500000000000001 0.5140625 0.18750000000000006 0.5140625 0.18750000000000006 0.5421875 0.2500000000000001 0.5421875
46 0.45 0.6578125 0.3843750000000001 0.6578125 0.3843750000000001 0.6984375 0.45 0.6984375
16 0.45 0.3843750000000001 0.38750000000000007 0.3843750000000001 0.38750000000000007 0.4140625 0.45 0.4140625
47 0.521875 0.41875 0.45625 0.41875 0.45625 0.56875 0.521875 0.56875
9 0.2484375000000001 0.5453125 0.1859375000000001 0.5453125 0.1859375000000001 0.575 0.2484375000000001 0.575
1 0.2484375 0.275 0.18593750000000003 0.275 0.18593750000000003 0.303125 0.2484375 0.303125
25 0.37968750000000007 0.471875 0.3203125000000001 0.471875 0.3203125000000001 0.503125 0.37968750000000007 0.503125
13 0.528125 0.3437500000000001 0.459375 0.3437500000000001 0.459375 0.3781250000000001 0.528125 0.3781250000000001
43 0.38125 0.33125000000000004 0.315625 0.33125 0.315625 0.3609375 0.38125 0.3609375000000001
54 0.3109375000000001 0.628125 0.2515625000000001 0.628125 0.2515625000000001 0.659375 0.3109375000000001 0.659375
17 0.246875 0.2453125 0.18437500000000004 0.2453125 0.18437500000000004 0.2703125 0.246875 0.2703125
4 0.2500000000000001 0.378125 0.18750000000000006 0.378125 0.18750000000000006 0.409375 0.2500000000000001 0.409375
3 0.25000000000000006 0.3421875 0.18437500000000004 0.3421875 0.18437500000000004 0.3734375 0.2500000000000001 0.3734375
58 0.4546875 0.3140625000000001 0.3890625 0.3140625000000001 0.3890625 0.3437500000000001 0.4546875 0.3437500000000001
57 0.4515625 0.3500000000000001 0.3890625 0.3500000000000001 0.38906250000000003 0.37968750000000007 0.4515625 0.37968750000000007
36 0.30937500000000007 0.5625 0.2500000000000001 0.5625 0.2500000000000001 0.59375 0.30937500000000007 0.59375
14 0.51875 0.5734375 0.45625 0.5734375 0.45625 0.6046875 0.51875 0.6046875
37 0.3781250000000001 0.60625 0.3156250000000001 0.60625 0.3156250000000001 0.6375 0.3781250000000001 0.6375
32 0.5296875 0.37968750000000007 0.4578125 0.37968750000000007 0.4578125 0.4140625 0.5296875 0.4140625
59 0.3140625000000001 0.4640625 0.2515625000000001 0.4640625 0.2515625000000001 0.4921875 0.3140625000000001 0.4921875