31 0.5796875 0.4546875 0.5390625 0.4546875 0.5390625 0.50625 0.5796875 0.50625
24 0.3984375000000001 0.45625 0.3578125000000001 0.45625 0.3578125000000001 0.50625 0.3984375000000001 0.50625
34 0.65 0.5109375 0.609375 0.5109375 0.609375 0.5609375 0.65 0.5609375
15 0.421875 0.5109375 0.37968750000000007 0.5109375 0.37968750000000007 0.5609375 0.421875 0.5609375
11 0.6921875 0.3500000000000001 0.6546875 0.3500000000000001 0.6546875 0.3968750000000001 0.6921875 0.3968750000000001
7 0.4703125 0.3515625000000001 0.4296875 0.3515625000000001 0.4296875 0.3984375000000001 0.4703125 0.3984375000000001
22 0.7765625 0.4531250000000001 0.6765625 0.453125 0.6765625 0.5046875000000001 0.7765625 0.5046875000000002
38 0.6125 0.4015625 0.571875 0.4015625 0.571875 0.4515625 0.6125 0.4515625
18 0.559375 0.5109375 0.51875 0.5109375 0.51875 0.5609375 0.559375 0.5609375
12 0.671875 0.45625 0.63125 0.45625 0.63125 0.50625 0.671875 0.50625
40 0.6046875 0.5125 0.5640625 0.5125 0.5640625 0.559375 0.6046875 0.559375
48 0.6484375 0.3500000000000001 0.609375 0.3500000000000001 0.609375 0.3968750000000001 0.6484375 0.3968750000000001
37 0.6265625 0.45625 0.5859375 0.45625 0.5859375 0.50625 0.6265625 0.50625
53 0.478125 0.4 0.4375 0.4 0.4375 0.453125 0.478125 0.453125
52 0.16250000000000003 0.4015625 0.09218750000000005 0.4015625 0.09218750000000006 0.4546875 0.16250000000000003 0.4546875
4 0.33593750000000006 0.353125 0.2953125 0.353125 0.29531250000000003 0.4 0.3359375000000001 0.4
33 0.5140625 0.509375 0.471875 0.509375 0.471875 0.5609375 0.5140625 0.5609375
39 0.703125 0.4015625 0.6625 0.4015625 0.6625 0.45 0.703125 0.45
58 0.2375000000000001 0.5140625 0.19687500000000005 0.5140625 0.19687500000000008 0.5640625 0.2375000000000001 0.5640625
35 0.4671875 0.5109375 0.4265625 0.5109375 0.4265625 0.5609375 0.4671875 0.5609375
8 0.5140625 0.3515625000000001 0.475 0.3515625000000001 0.475 0.3984375000000001 0.5140625 0.3984375000000001
21 0.2968750000000001 0.403125 0.2562500000000001 0.403125 0.2562500000000001 0.453125 0.2968750000000001 0.453125
51 0.38750000000000007 0.4 0.3468750000000001 0.4 0.3468750000000001 0.453125 0.38750000000000007 0.453125
2 0.24687500000000004 0.3515625 0.20625 0.3515625 0.20625000000000004 0.4015625 0.2468750000000001 0.4015625
14 0.6015625 0.5640625 0.5578125 0.5640625 0.5578125 0.6171875 0.6015625 0.6171875
44 0.19218750000000007 0.5078125 0.08281250000000007 0.5078125 0.08281250000000007 0.5640625 0.1921875000000001 0.5640625
45 0.17031250000000003 0.45625 0.08750000000000006 0.45625 0.08750000000000006 0.5078125 0.17031250000000003 0.5078125
6 0.425 0.3500000000000001 0.384375 0.3500000000000001 0.384375 0.4 0.425 0.4
43 0.2609375000000001 0.45625 0.22031250000000008 0.45625 0.22031250000000008 0.5078125 0.2609375000000001 0.5078125
3 0.29218750000000004 0.3515625 0.2515625 0.3515625 0.2515625 0.4015625 0.2921875000000001 0.4015625
16 0.3296875000000001 0.5125 0.2875000000000001 0.5125 0.2875000000000001 0.5625 0.3296875000000001 0.5625
23 0.3531250000000001 0.45625 0.3125000000000001 0.45625 0.3125000000000001 0.50625 0.3531250000000001 0.50625
19 0.3078125000000001 0.45625 0.2671875000000001 0.45625 0.2671875000000001 0.509375 0.3078125000000001 0.509375
49 0.1625000000000001 0.5640625 0.07500000000000007 0.5640625 0.07500000000000007 0.6234375 0.1625000000000001 0.6234375
50 0.69375 0.5671875 0.65 0.5671875 0.65 0.6171875 0.69375 0.6171875
42 0.3421875000000001 0.403125 0.30156250000000007 0.403125 0.30156250000000007 0.4546875 0.3421875000000001 0.4546875
10 0.2171875000000001 0.4578125 0.17656250000000004 0.4578125 0.17656250000000004 0.5078125 0.2171875000000001 0.5078125
30 0.96875 0.2984375 0.06875000000000005 0.2984375 0.06875000000000006 0.6390625000000001 0.96875 0.6390625000000002
59 0.4328125 0.4 0.3921875000000001 0.4 0.3921875000000001 0.453125 0.4328125 0.453125
5 0.37968750000000007 0.35000000000000003 0.3390625 0.35 0.33906250000000004 0.4 0.37968750000000007 0.4
36 0.5671875 0.4015625 0.5265625 0.4015625 0.5265625 0.4515625 0.5671875 0.4515625
46 0.734375 0.5062500000000001 0.65625 0.50625 0.65625 0.5609375000000001 0.734375 0.5609375000000002
25 0.44375 0.45625 0.403125 0.45625 0.403125 0.50625 0.44375 0.50625
47 0.5078125 0.5640625 0.2640625000000001 0.5640625 0.2640625000000001 0.6203125 0.5078125 0.6203125
57 0.2843750000000001 0.5125 0.24218750000000008 0.5125 0.24218750000000008 0.5625 0.2843750000000001 0.5625
54 0.6578125 0.4015625 0.6171875 0.4015625 0.6171875 0.4515625 0.6578125 0.4515625
13 0.26250000000000007 0.5671875 0.2093750000000001 0.5671875 0.2093750000000001 0.6203125 0.26250000000000007 0.6203125
41 0.2078125000000001 0.403125 0.16406250000000006 0.403125 0.16406250000000006 0.45625 0.2078125000000001 0.45625
20 0.7734375 0.3468750000000001 0.6984375 0.3468750000000001 0.6984375 0.3968750000000001 0.7734375 0.3968750000000001
55 0.3750000000000001 0.5125 0.3343750000000001 0.5125 0.3343750000000001 0.5625 0.3750000000000001 0.5625
26 0.775 0.4000000000000001 0.7078125 0.4 0.7078125 0.45000000000000007 0.775 0.4500000000000002
0 0.603125 0.3515625000000001 0.5640625 0.3515625000000001 0.5640625 0.3968750000000001 0.603125 0.3968750000000001
29 0.5359375 0.453125 0.4953125 0.453125 0.4953125 0.50625 0.5359375 0.50625
9 0.559375 0.34843750000000007 0.51875 0.34843750000000007 0.51875 0.3984375000000001 0.559375 0.3984375000000001
1 0.20156250000000003 0.3515625 0.16093750000000004 0.3515625 0.16093750000000004 0.4015625 0.2015625000000001 0.4015625
17 0.15781250000000005 0.353125 0.09687500000000004 0.353125 0.09687500000000004 0.4 0.15781250000000005 0.4
32 0.553125 0.5671875 0.5109375 0.5671875 0.5109375 0.61875 0.553125 0.61875
56 0.2515625000000001 0.4015625 0.21093750000000008 0.4015625 0.21093750000000008 0.4546875 0.2515625000000001 0.4546875
27 0.5234375 0.4 0.4828125 0.4 0.4828125 0.45 0.5234375 0.45
28 0.4890625 0.4546875 0.4484375 0.4546875 0.4484375 0.50625 0.4890625 0.50625