0 0.3187500000000001 0.5421875 0.2812500000000001 0.5421875 0.2812500000000001 0.575 0.3187500000000001 0.575
37 0.409375 0.5625 0.3656250000000001 0.5625 0.3656250000000001 0.596875 0.409375 0.596875
34 0.4578125 0.5828125 0.4140625 0.5828125 0.4140625 0.6171875 0.4578125 0.6171875
22 0.4109375 0.6390625 0.3671875000000001 0.6390625 0.3671875000000001 0.7234375 0.4109375 0.7234375
54 0.3625000000000001 0.5875 0.3218750000000001 0.5875 0.3218750000000001 0.621875 0.3625000000000001 0.621875
50 0.5078125 0.615625 0.4609375 0.615625 0.4609375 0.653125 0.5078125 0.653125
35 0.45625 0.4265625 0.4125 0.4265625 0.4125 0.4609375 0.45625 0.4609375
3 0.31875 0.28125 0.278125 0.28125 0.278125 0.315625 0.31875 0.315625
2 0.3203125 0.2453125 0.2796875 0.2453125 0.2796875 0.2796875 0.3203125 0.2796875
41 0.3640625 0.21093750000000006 0.3203125 0.2109375 0.3203125 0.24531250000000004 0.3640625 0.2453125000000001
36 0.3625000000000001 0.5125 0.3218750000000001 0.5125 0.3218750000000001 0.546875 0.3625000000000001 0.546875
24 0.4078125 0.3687500000000001 0.36406250000000007 0.3687500000000001 0.36406250000000007 0.403125 0.4078125 0.403125
53 0.36406250000000007 0.4359375 0.3203125000000001 0.4359375 0.3203125000000001 0.4703125 0.36406250000000007 0.4703125
32 0.5078125 0.496875 0.4609375 0.496875 0.4609375 0.534375 0.5078125 0.534375
8 0.3203125000000001 0.46875 0.2796875000000001 0.46875 0.2796875000000001 0.5015625 0.3203125000000001 0.5015625
15 0.45625 0.3859375000000001 0.4125 0.3859375000000001 0.4125 0.421875 0.45625 0.421875
11 0.3187500000000001 0.6171875 0.2796875000000001 0.6171875 0.2796875000000001 0.65 0.3187500000000001 0.65
5 0.31875000000000003 0.35625 0.2796875 0.35625 0.27968750000000003 0.390625 0.3187500000000001 0.390625
45 0.4078125 0.14375000000000004 0.3640625 0.14375000000000004 0.3640625 0.21250000000000008 0.4078125 0.21250000000000008
23 0.4078125 0.3296875000000001 0.3640625 0.3296875000000001 0.36406250000000007 0.36406250000000007 0.4078125 0.36406250000000007
21 0.3640625 0.28437500000000004 0.3203125 0.284375 0.3203125 0.31875000000000003 0.3640625 0.3187500000000001
1 0.31875 0.209375 0.2796875 0.209375 0.2796875 0.2421875 0.31875 0.2421875
7 0.3187500000000001 0.43125 0.27812500000000007 0.43125 0.27812500000000007 0.4640625 0.3187500000000001 0.4640625
14 0.50625 0.5375 0.459375 0.5375 0.459375 0.575 0.50625 0.575
43 0.409375 0.2531250000000001 0.365625 0.2531250000000001 0.365625 0.2875000000000001 0.409375 0.2875000000000001
25 0.4078125 0.4078125 0.36406250000000007 0.4078125 0.36406250000000007 0.4421875 0.4078125 0.4421875
12 0.409375 0.6 0.3656250000000001 0.6 0.3656250000000001 0.634375 0.409375 0.634375
52 0.3625 0.15000000000000005 0.321875 0.15000000000000005 0.321875 0.2078125 0.3625 0.2078125
56 0.3625 0.246875 0.31875 0.246875 0.31875 0.28125 0.3625 0.28125
39 0.36406250000000007 0.625 0.3203125000000001 0.625 0.3203125000000001 0.659375 0.36406250000000007 0.659375
10 0.4078125 0.2156250000000001 0.3640625 0.2156250000000001 0.3640625 0.2500000000000001 0.4078125 0.2500000000000001
27 0.36406250000000007 0.475 0.3203125000000001 0.475 0.3203125000000001 0.509375 0.36406250000000007 0.509375
33 0.45625 0.465625 0.4109375 0.465625 0.4109375 0.5015625 0.45625 0.5015625
6 0.3187500000000001 0.39375 0.2796875000000001 0.39375 0.2796875000000001 0.428125 0.3187500000000001 0.428125
20 0.3203125000000001 0.653125 0.2796875000000001 0.653125 0.2796875000000001 0.715625 0.3203125000000001 0.715625
30 0.5265625 0.11875000000000005 0.2296875 0.11875000000000005 0.22968750000000004 0.91875 0.5265625000000002 0.91875
59 0.36406250000000007 0.39843750000000006 0.3203125000000001 0.3984375 0.3203125000000001 0.4328125 0.36406250000000007 0.4328125
40 0.4546875 0.54375 0.4140625 0.54375 0.4140625 0.578125 0.4546875 0.578125
4 0.31875 0.31875 0.2796875 0.31875 0.2796875 0.353125 0.31875 0.353125
55 0.4578125 0.34843750000000007 0.4109375 0.34843750000000007 0.4109375 0.3828125000000001 0.4578125 0.3828125000000001
29 0.409375 0.484375 0.3656250000000001 0.484375 0.3656250000000001 0.51875 0.409375 0.51875
13 0.5046875 0.2406250000000001 0.4578125 0.2406250000000001 0.4578125 0.28593750000000007 0.5046875 0.28593750000000007
9 0.3187500000000001 0.5046875 0.2796875000000001 0.5046875 0.2796875000000001 0.5390625 0.3187500000000001 0.5390625
44 0.4546875 0.13750000000000004 0.4078125 0.13750000000000004 0.4078125 0.22812500000000008 0.4546875 0.22812500000000008
26 0.3625000000000001 0.6625 0.3218750000000001 0.6625 0.3218750000000001 0.71875 0.3625000000000001 0.71875
38 0.3625000000000001 0.55 0.3218750000000001 0.55 0.3218750000000001 0.584375 0.3625000000000001 0.584375
19 0.4078125 0.2921875000000001 0.3640625 0.2921875000000001 0.3640625 0.3265625000000001 0.4078125 0.3265625000000001
16 0.45625 0.3078125000000001 0.4109375 0.3078125000000001 0.4109375 0.3437500000000001 0.45625 0.3437500000000001
48 0.3187500000000001 0.5796875 0.2812500000000001 0.5796875 0.2812500000000001 0.6140625 0.3187500000000001 0.6140625
42 0.3640625 0.32343750000000004 0.3203125 0.3234375 0.3203125 0.35781250000000003 0.3640625 0.3578125000000001
31 0.409375 0.5234375 0.3656250000000001 0.5234375 0.3656250000000001 0.5578125 0.409375 0.5578125
28 0.409375 0.446875 0.36406250000000007 0.446875 0.36406250000000007 0.48125 0.409375 0.48125
58 0.4546875 0.2312500000000001 0.4109375 0.2312500000000001 0.4109375 0.2656250000000001 0.4546875 0.2656250000000001
47 0.50625 0.2890625000000001 0.459375 0.2890625000000001 0.459375 0.4953125 0.50625 0.4953125
51 0.36250000000000004 0.3609375 0.31875 0.3609375 0.31875000000000003 0.3953125 0.3625000000000001 0.3953125
57 0.45625 0.27031250000000007 0.4125 0.27031250000000007 0.4125 0.3046875000000001 0.45625 0.3046875000000001
49 0.5046875 0.12812500000000004 0.4578125 0.12812500000000004 0.4578125 0.2000000000000001 0.5046875 0.2000000000000001
46 0.4578125 0.621875 0.4109375 0.621875 0.4109375 0.6875 0.4578125 0.6875
18 0.45625 0.5046875 0.4125 0.5046875 0.4125 0.5390625 0.45625 0.5390625
17 0.31875 0.15625000000000006 0.28125 0.15625000000000006 0.28125 0.20625 0.31875 0.20625