1 0.159375 0.09687500000000002 0.08906250000000002 0.096875 0.08906250000000002 0.1375 0.159375 0.1375
18 0.3937500000000001 0.465625 0.32500000000000007 0.465625 0.32500000000000007 0.5046875 0.3937500000000001 0.5046875
47 0.490625 0.2453125000000001 0.403125 0.2453125000000001 0.403125 0.48125 0.490625 0.48125
35 0.39531250000000007 0.3765625 0.32500000000000007 0.3765625 0.32500000000000007 0.4171875 0.39531250000000007 0.4171875
32 0.478125 0.5296875 0.403125 0.5296875 0.403125 0.5703125 0.478125 0.5703125
20 0.1593750000000001 0.634375 0.08906250000000007 0.634375 0.08906250000000007 0.7046875 0.1593750000000001 0.7046875
46 0.3937500000000001 0.5984375 0.3234375000000001 0.5984375 0.3234375000000001 0.7015625 0.3937500000000001 0.7015625
58 0.4015625 0.15468750000000003 0.33125 0.15468750000000003 0.33125 0.19531250000000006 0.4015625 0.19531250000000006
16 0.3953125 0.24375000000000005 0.325 0.24375 0.325 0.28437500000000004 0.3953125 0.2843750000000001
21 0.240625 0.209375 0.16875000000000004 0.209375 0.16875000000000004 0.25 0.240625 0.25
40 0.3937500000000001 0.5109375 0.32500000000000007 0.5109375 0.32500000000000007 0.5515625 0.3937500000000001 0.5515625
51 0.2375 0.3 0.16875000000000004 0.3 0.16875000000000004 0.3390625 0.2375 0.3390625
28 0.31718750000000007 0.4 0.2468750000000001 0.4 0.2468750000000001 0.4390625 0.31718750000000007 0.4390625
23 0.3171875 0.265625 0.246875 0.265625 0.246875 0.3046875 0.3171875 0.3046875
41 0.2390625 0.12031250000000002 0.16875 0.1203125 0.16875 0.1609375 0.2390625 0.16093750000000004
12 0.31718750000000007 0.5765625 0.2468750000000001 0.5765625 0.2468750000000001 0.6171875 0.31718750000000007 0.6171875
17 0.1578125 0.05781250000000001 0.0890625 0.0578125 0.0890625 0.09062500000000001 0.1578125 0.09062500000000002
7 0.16093750000000004 0.365625 0.09062500000000004 0.365625 0.09062500000000004 0.40625 0.16093750000000004 0.40625
44 0.3953125 0.06250000000000004 0.325 0.06250000000000004 0.325 0.15000000000000005 0.3953125 0.15000000000000005
14 0.478125 0.4859375 0.403125 0.4859375 0.403125 0.5265625 0.478125 0.5265625
53 0.2390625000000001 0.3890625 0.16718750000000004 0.3890625 0.16718750000000004 0.428125 0.2390625000000001 0.428125
6 0.15937500000000004 0.321875 0.09062500000000004 0.321875 0.09062500000000004 0.3609375 0.15937500000000004 0.3609375
34 0.3937500000000001 0.5546875 0.32500000000000007 0.5546875 0.32500000000000007 0.5953125 0.3937500000000001 0.5953125
36 0.2390625000000001 0.478125 0.16875000000000004 0.478125 0.16875000000000004 0.51875 0.2390625000000001 0.51875
26 0.2390625000000001 0.6546875 0.1687500000000001 0.6546875 0.1687500000000001 0.703125 0.2390625000000001 0.703125
38 0.2390625000000001 0.521875 0.16875000000000004 0.521875 0.16875000000000007 0.5609375 0.2390625000000001 0.5609375
2 0.159375 0.140625 0.08906250000000002 0.140625 0.08906250000000002 0.18125 0.159375 0.18125
30 0.5281250000000001 3.2721031664718344e-17 0.00625 7.654042494670958e-19 0.006250000000000056 0.8953125 0.5281250000000002 0.8953125
11 0.1593750000000001 0.5890625 0.09062500000000007 0.5890625 0.09062500000000007 0.628125 0.1593750000000001 0.628125
8 0.16093750000000004 0.4109375 0.09062500000000004 0.4109375 0.09062500000000004 0.4515625 0.16093750000000004 0.4515625
25 0.31875000000000003 0.3546875 0.2484375 0.3546875 0.24843750000000003 0.39375 0.3187500000000001 0.39375
31 0.31718750000000007 0.4875 0.2484375000000001 0.4875 0.2484375000000001 0.528125 0.31718750000000007 0.528125
9 0.16093750000000004 0.4546875 0.09062500000000007 0.4546875 0.09062500000000007 0.4953125 0.16093750000000004 0.4953125
55 0.3953125 0.28906250000000006 0.325 0.2890625 0.325 0.3296875 0.3953125 0.3296875000000001
29 0.31718750000000007 0.44375 0.2468750000000001 0.44375 0.2468750000000001 0.484375 0.31718750000000007 0.484375
43 0.315625 0.17812500000000003 0.25 0.17812500000000003 0.25 0.215625 0.315625 0.215625
49 0.4796875 0.060937500000000054 0.40625 0.06093750000000005 0.40625 0.10781250000000005 0.4796875 0.10781250000000005
27 0.2375000000000001 0.4328125 0.16875000000000004 0.4328125 0.16875000000000004 0.4734375 0.2375000000000001 0.4734375
22 0.31718750000000007 0.621875 0.2468750000000001 0.621875 0.2468750000000001 0.7046875 0.31718750000000007 0.7046875
42 0.2390625 0.2546875 0.16875000000000004 0.2546875 0.16875000000000004 0.2953125 0.2390625 0.2953125
56 0.2375 0.16562500000000002 0.16875 0.165625 0.16875 0.2046875 0.2375 0.2046875
54 0.2390625000000001 0.5671875 0.1687500000000001 0.5671875 0.1687500000000001 0.6078125 0.2390625000000001 0.6078125
15 0.39375000000000004 0.33281250000000007 0.325 0.3328125 0.32500000000000007 0.37343750000000003 0.3937500000000001 0.3734375000000001
37 0.3187500000000001 0.534375 0.2484375000000001 0.534375 0.2484375000000001 0.5734375 0.3187500000000001 0.5734375
3 0.15937500000000004 0.1859375 0.09062500000000002 0.1859375 0.09062500000000002 0.2265625 0.15937500000000004 0.2265625
5 0.16093750000000004 0.2765625 0.09218750000000005 0.2765625 0.09218750000000005 0.3171875 0.16093750000000004 0.3171875
10 0.315625 0.13281250000000006 0.25 0.13281250000000006 0.25 0.17031250000000003 0.315625 0.17031250000000003
57 0.3953125 0.19843750000000004 0.325 0.19843750000000004 0.325 0.23906250000000004 0.3953125 0.2390625000000001
0 0.15937500000000004 0.5 0.08906250000000007 0.5 0.08906250000000007 0.540625 0.15937500000000004 0.540625
33 0.39531250000000007 0.4203125 0.3234375000000001 0.4203125 0.3234375000000001 0.4609375 0.39531250000000007 0.4609375
59 0.23906250000000004 0.3453125 0.16875000000000004 0.3453125 0.16875000000000004 0.384375 0.2390625000000001 0.384375
45 0.3171875 0.06093750000000003 0.2484375 0.06093750000000002 0.2484375 0.12500000000000006 0.3171875 0.12500000000000006
19 0.3171875 0.221875 0.2484375 0.221875 0.2484375 0.259375 0.3171875 0.259375
4 0.15937500000000004 0.2328125 0.09062500000000002 0.2328125 0.09062500000000002 0.271875 0.15937500000000004 0.271875
52 0.2390625 0.059375000000000025 0.16875 0.059375000000000025 0.16875 0.11250000000000002 0.2390625 0.11250000000000004
39 0.2390625000000001 0.6109375 0.1687500000000001 0.6109375 0.1687500000000001 0.6515625 0.2390625000000001 0.6515625
24 0.3171875 0.3109375 0.2484375 0.3109375 0.2484375 0.35 0.3171875 0.35
13 0.478125 0.2000000000000001 0.4046875 0.2000000000000001 0.4046875 0.2390625000000001 0.478125 0.2390625000000001
48 0.1593750000000001 0.5453125 0.09062500000000007 0.5453125 0.09062500000000007 0.584375 0.1593750000000001 0.584375