23 0.440625 0.45 0.4 0.45 0.4 0.5125 0.440625 0.5125
46 0.853125 0.5140625000000002 0.75 0.5140625000000002 0.75 0.5796875000000001 0.853125 0.5796875000000001
34 0.7453125 0.5156250000000001 0.703125 0.515625 0.703125 0.5796875000000001 0.7453125 0.5796875000000001
22 0.85 0.4468750000000002 0.7734375 0.4468750000000002 0.7734375 0.5109375000000002 0.85 0.5109375000000002
4 0.40625 0.3203125000000001 0.3671875 0.3203125000000001 0.36718750000000006 0.37968750000000007 0.40625 0.37968750000000007
27 0.6140625 0.3828125000000001 0.5734375 0.3828125000000001 0.5734375 0.4421875 0.6140625 0.4421875
43 0.34843750000000007 0.4515625 0.3078125000000001 0.4515625 0.3078125000000001 0.515625 0.34843750000000007 0.515625
44 0.2812500000000001 0.5203125 0.18593750000000003 0.5203125 0.18593750000000006 0.584375 0.2812500000000001 0.584375
58 0.32500000000000007 0.5203125 0.2843750000000001 0.5203125 0.2843750000000001 0.584375 0.32500000000000007 0.584375
8 0.5890625 0.31718750000000007 0.5484375 0.31718750000000007 0.5484375 0.3781250000000001 0.5890625 0.3781250000000001
26 0.8484375 0.37968750000000007 0.80625 0.37968750000000007 0.80625 0.44062500000000016 0.8484375 0.44062500000000016
33 0.6046875 0.5171875 0.5609375 0.5171875 0.5609375 0.58125 0.6046875 0.58125
12 0.7671875 0.44843750000000016 0.7265625 0.44843750000000016 0.7265625 0.5109375000000002 0.7671875 0.5109375000000002
36 0.659375 0.3828125000000001 0.61875 0.3828125000000001 0.61875 0.4421875 0.659375 0.4421875
53 0.5671875 0.3828125000000001 0.5265625 0.3828125000000001 0.5265625 0.4453125 0.5671875 0.4453125
45 0.2593750000000001 0.4546875 0.18593750000000003 0.4546875 0.18593750000000003 0.515625 0.2593750000000001 0.515625
40 0.696875 0.5171875 0.65625 0.5171875 0.65625 0.5796875 0.696875 0.5796875
7 0.54375 0.31718750000000007 0.503125 0.31718750000000007 0.503125 0.3781250000000001 0.54375 0.3781250000000001
10 0.3031250000000001 0.4515625 0.2640625000000001 0.4515625 0.2640625000000001 0.515625 0.3031250000000001 0.515625
19 0.3937500000000001 0.45 0.3531250000000001 0.45 0.3531250000000001 0.5140625 0.3937500000000001 0.5140625
38 0.70625 0.3812500000000001 0.665625 0.3812500000000001 0.665625 0.440625 0.70625 0.440625
52 0.2484375000000001 0.3890625 0.18750000000000006 0.3890625 0.18750000000000006 0.45 0.2484375000000001 0.45
31 0.671875 0.4484375 0.63125 0.4484375 0.63125 0.5125 0.671875 0.5125
41 0.2953125000000001 0.3875 0.2531250000000001 0.3875 0.2531250000000001 0.45 0.2953125000000001 0.45
9 0.6359375 0.31718750000000007 0.5953125 0.31718750000000007 0.5953125 0.3765625000000001 0.6359375 0.3765625000000001
54 0.7546875 0.37968750000000007 0.7125 0.37968750000000007 0.7125 0.4406250000000001 0.7546875 0.44062500000000016
55 0.4640625 0.51875 0.421875 0.51875 0.421875 0.5828125 0.4640625 0.5828125
47 0.6640625 0.5859375 0.3625000000000001 0.5859375 0.3625000000000001 0.6671875 0.6640625 0.6671875
28 0.5796875 0.4515625 0.5375 0.4515625 0.5375 0.5125 0.5796875 0.5125
15 0.5109375 0.5203125 0.4671875 0.5203125 0.4671875 0.5828125 0.5109375 0.5828125
30 1 0.25468750000000007 0.11250000000000004 0.2546875 0.11250000000000007 0.6875000000000001 1 0.6875000000000002
16 0.4171875 0.5203125 0.3734375000000001 0.5203125 0.3734375000000001 0.584375 0.4171875 0.584375
5 0.4515625 0.3203125000000001 0.4109375 0.3203125000000001 0.4109375 0.37968750000000007 0.4515625 0.37968750000000007
13 0.3593750000000001 0.5890625 0.31718750000000007 0.5890625 0.31718750000000007 0.6546875 0.3593750000000001 0.6546875
37 0.721875 0.45 0.6796875 0.45 0.6796875 0.5109375 0.721875 0.5109375
35 0.55625 0.51875 0.5140625 0.51875 0.5140625 0.58125 0.55625 0.58125
57 0.3703125000000001 0.5203125 0.3296875000000001 0.5203125 0.3296875000000001 0.584375 0.3703125000000001 0.584375
49 0.2234375000000001 0.590625 0.18125000000000008 0.590625 0.18125000000000008 0.6546875 0.2234375000000001 0.6546875
6 0.4984375 0.3187500000000001 0.45625 0.3187500000000001 0.45625 0.3781250000000001 0.4984375 0.3781250000000001
24 0.4859375 0.4515625 0.4453125 0.4515625 0.4453125 0.5125 0.4859375 0.5125
39 0.8015625 0.3781250000000001 0.7578125 0.3781250000000001 0.7578125 0.44062500000000016 0.8015625 0.44062500000000016
0 0.68125 0.3140625000000001 0.640625 0.3140625000000001 0.640625 0.3750000000000001 0.68125 0.3750000000000001
25 0.5328125 0.4515625 0.4921875 0.4515625 0.4921875 0.5125 0.5328125 0.5125
42 0.4296875 0.3843750000000001 0.3890625000000001 0.3843750000000001 0.3890625000000001 0.446875 0.4296875 0.446875
32 0.8125 0.5890625000000002 0.765625 0.5890625000000002 0.765625 0.6546875000000002 0.8125 0.6546875000000002
21 0.3843750000000001 0.384375 0.3437500000000001 0.384375 0.3437500000000001 0.446875 0.3843750000000001 0.446875
11 0.775 0.3140625000000001 0.734375 0.3140625000000001 0.734375 0.3734375000000001 0.775 0.3734375000000001
51 0.475 0.3859375000000001 0.434375 0.3859375000000001 0.434375 0.4453125 0.475 0.4453125
56 0.3390625000000001 0.3859375 0.2968750000000001 0.3859375 0.2968750000000001 0.4484375 0.3390625000000001 0.4484375
59 0.521875 0.3843750000000001 0.48125 0.3843750000000001 0.48125 0.4453125 0.521875 0.4453125
18 0.65 0.5171875 0.609375 0.5171875 0.609375 0.5796875 0.65 0.5796875
48 0.728125 0.3156250000000001 0.6875 0.3156250000000001 0.6875 0.3734375000000001 0.728125 0.3734375000000001
2 0.31718750000000007 0.321875 0.2765625 0.321875 0.27656250000000004 0.3828125 0.31718750000000007 0.3828125
29 0.625 0.45 0.584375 0.45 0.584375 0.5125 0.625 0.5125
14 0.7109375 0.584375 0.6671875 0.584375 0.6671875 0.6515625 0.7109375 0.6515625
17 0.22968750000000004 0.325 0.19218750000000004 0.325 0.19218750000000004 0.384375 0.2296875000000001 0.384375
20 0.846875 0.3140625000000001 0.7828125 0.3140625000000001 0.7828125 0.3734375000000001 0.846875 0.3734375000000001
3 0.36250000000000004 0.3203125 0.321875 0.3203125 0.321875 0.38125 0.3625000000000001 0.38125
50 0.8578125 0.5859375000000002 0.8125 0.5859375000000002 0.8125 0.6515625000000002 0.8578125 0.6515625000000002
1 0.27343750000000006 0.321875 0.2328125 0.321875 0.23281250000000003 0.3828125 0.2734375000000001 0.3828125