42 0.6953125 0.3500000000000001 0.6578125 0.3500000000000001 0.6578125 0.403125 0.6953125 0.403125
53 0.5703125 0.3468750000000001 0.5328125 0.3468750000000001 0.5328125 0.4015625 0.5703125 0.4015625
1 0.8421875 0.2968750000000001 0.8046875 0.2968750000000001 0.8046875 0.3468750000000001 0.8421875 0.3468750000000001
33 0.5390625 0.4625 0.5015625 0.4625 0.5015625 0.515625 0.5390625 0.515625
14 0.4546875 0.5171875 0.415625 0.5171875 0.415625 0.575 0.4546875 0.575
43 0.7703125 0.4109375000000002 0.7328125 0.4109375000000002 0.7328125 0.4625000000000002 0.7703125 0.4625000000000002
12 0.3921875000000001 0.4 0.3546875000000001 0.4 0.3546875000000001 0.453125 0.3921875000000001 0.453125
52 0.8765625 0.3531250000000001 0.8265625 0.3531250000000001 0.8265625 0.4046875000000002 0.8765625 0.4046875000000002
21 0.7375 0.3500000000000001 0.7 0.3500000000000001 0.7 0.4046875000000001 0.7375 0.4046875000000002
3 0.759375 0.2953125000000001 0.721875 0.2953125000000001 0.721875 0.3453125000000001 0.759375 0.3453125000000001
28 0.559375 0.40625 0.521875 0.40625 0.521875 0.4578125 0.559375 0.4578125
49 0.878125 0.5281250000000002 0.834375 0.5281250000000002 0.834375 0.5843750000000002 0.878125 0.5843750000000002
6 0.6328125 0.29375000000000007 0.5953125 0.29375000000000007 0.5953125 0.3437500000000001 0.6328125 0.3437500000000001
17 0.8765625 0.2968750000000001 0.846875 0.2968750000000001 0.846875 0.3468750000000001 0.8765625 0.3468750000000001
27 0.528125 0.3468750000000001 0.4921875 0.3468750000000001 0.4921875 0.3984375000000001 0.528125 0.3984375000000001
15 0.621875 0.4640625 0.584375 0.4640625 0.584375 0.5171875 0.621875 0.5171875
51 0.653125 0.34843750000000007 0.615625 0.34843750000000007 0.615625 0.4015625 0.653125 0.4015625
11 0.3828125 0.28593750000000007 0.346875 0.2859375 0.346875 0.33593750000000006 0.3828125 0.3359375000000001
0 0.4671875 0.2875000000000001 0.4296875 0.2875000000000001 0.4296875 0.3390625000000001 0.4671875 0.3390625000000001
7 0.5921875 0.2921875000000001 0.5546875 0.2921875000000001 0.5546875 0.3437500000000001 0.5921875 0.3437500000000001
24 0.64375 0.40625 0.60625 0.40625 0.60625 0.459375 0.64375 0.459375
37 0.434375 0.403125 0.3968750000000001 0.403125 0.3968750000000001 0.4546875 0.434375 0.4546875
8 0.55 0.2921875000000001 0.5125 0.2921875000000001 0.5125 0.3421875000000001 0.55 0.3421875000000001
22 0.3500000000000001 0.3984375 0.27031250000000007 0.3984375 0.27031250000000007 0.4515625 0.3500000000000001 0.4515625
59 0.6125 0.34843750000000007 0.575 0.34843750000000007 0.575 0.4015625 0.6125 0.4015625
36 0.4875 0.3453125000000001 0.45 0.3453125000000001 0.45 0.3984375000000001 0.4875 0.3984375000000001
23 0.6859375 0.4078125 0.6484375 0.4078125 0.6484375 0.4609375 0.6859375 0.4609375
56 0.7796875 0.3515625000000001 0.7421875 0.3515625000000001 0.7421875 0.4046875000000002 0.7796875 0.4046875000000002
44 0.875 0.4671875000000002 0.7953125 0.4671875000000002 0.7953125 0.5203125000000002 0.875 0.5203125000000002
16 0.70625 0.4671875 0.66875 0.4671875 0.66875 0.51875 0.70625 0.51875
55 0.6640625 0.465625 0.6265625 0.465625 0.6265625 0.5171875 0.6640625 0.5171875
41 0.821875 0.3515625000000001 0.784375 0.3515625000000001 0.784375 0.4046875000000002 0.821875 0.4046875000000002
29 0.51875 0.4046875 0.48125 0.4046875 0.48125 0.45625 0.51875 0.45625
2 0.8 0.2953125000000001 0.7625 0.2953125000000001 0.7625 0.3468750000000001 0.8 0.3468750000000001
5 0.675 0.2953125000000001 0.6375 0.2953125000000001 0.6375 0.3453125000000001 0.675 0.3453125000000001
58 0.7890625 0.46875000000000017 0.75 0.46875000000000017 0.75 0.5203125000000002 0.7890625 0.5203125000000002
38 0.4453125 0.3437500000000001 0.4078125 0.3437500000000001 0.4078125 0.3968750000000001 0.4453125 0.3968750000000001
26 0.31875000000000003 0.340625 0.271875 0.340625 0.27187500000000003 0.3921875 0.3187500000000001 0.3921875
30 0.9484375 0.20468750000000005 0.07656250000000002 0.2046875 0.07656250000000005 0.6328125000000001 0.9484375 0.6328125000000002
54 0.403125 0.3421875000000001 0.365625 0.3421875000000001 0.36562500000000003 0.39531250000000007 0.403125 0.39531250000000007
39 0.3609375 0.340625 0.3234375 0.340625 0.32343750000000004 0.39375 0.3609375000000001 0.39375
31 0.4765625 0.403125 0.4390625 0.403125 0.4390625 0.4546875 0.4765625 0.4546875
13 0.7484375 0.5250000000000001 0.709375 0.525 0.709375 0.58125 0.7484375 0.5812500000000002
25 0.6015625 0.40625 0.5640625 0.40625 0.5640625 0.459375 0.6015625 0.459375
9 0.509375 0.2906250000000001 0.471875 0.2906250000000001 0.471875 0.3421875000000001 0.509375 0.3421875000000001
40 0.4546875 0.4609375 0.4171875 0.4609375 0.4171875 0.5125 0.4546875 0.5125
46 0.3703125000000001 0.4578125 0.2687500000000001 0.4578125 0.2687500000000001 0.5109375 0.3703125000000001 0.5109375
35 0.5796875 0.4625 0.5421875 0.4625 0.5421875 0.515625 0.5796875 0.515625
34 0.4140625 0.459375 0.3750000000000001 0.459375 0.3750000000000001 0.5125 0.4140625 0.5125
57 0.746875 0.4671875000000001 0.709375 0.4671875 0.709375 0.5203125000000001 0.746875 0.5203125000000002
4 0.7171875 0.29375000000000007 0.6796875 0.29375000000000007 0.6796875 0.3437500000000001 0.7171875 0.3437500000000001
18 0.4953125 0.4609375 0.4578125 0.4609375 0.4578125 0.5140625 0.4953125 0.5140625
47 0.7046875 0.5203125 0.4578125 0.5203125 0.4578125 0.596875 0.7046875 0.596875
32 0.4109375 0.5171875 0.3078125000000001 0.5171875 0.3078125000000001 0.575 0.4109375 0.575
45 0.8765625 0.4125000000000002 0.8171875 0.4125000000000002 0.8171875 0.4625000000000002 0.8765625 0.4625000000000002
20 0.340625 0.284375 0.2734375 0.284375 0.2734375 0.3359375 0.340625 0.3359375
19 0.7265625 0.41093750000000007 0.6890625 0.4109375 0.6890625 0.4625000000000001 0.7265625 0.4625000000000002
10 0.8125 0.4109375000000002 0.7734375 0.4109375000000002 0.7734375 0.4625000000000002 0.8125 0.4625000000000002
48 0.425 0.2875000000000001 0.3875 0.2875000000000001 0.3875 0.3375000000000001 0.425 0.3375000000000001