58 0.2312500000000001 0.7390625 0.17187500000000008 0.7390625 0.17187500000000008 0.8640625 0.2312500000000001 0.8640625
8 0.6140625 0.30937500000000007 0.55625 0.30937500000000007 0.55625 0.434375 0.6140625 0.434375
11 0.8796875 0.3046875000000001 0.8234375 0.3046875000000001 0.8234375 0.42968750000000017 0.8796875 0.42968750000000017
48 0.8140625 0.3078125000000001 0.75625 0.3078125000000001 0.75625 0.43281250000000016 0.8140625 0.43281250000000016
7 0.5484375 0.3078125000000001 0.4953125 0.3078125000000001 0.4953125 0.4359375 0.5484375 0.4359375
6 0.48125 0.30156250000000007 0.421875 0.30156250000000007 0.421875 0.4328125 0.48125 0.4328125
39 0.915625 0.4500000000000002 0.85625 0.4500000000000002 0.85625 0.5781250000000002 0.915625 0.5781250000000002
37 0.7984375 0.5968750000000002 0.740625 0.5968750000000002 0.740625 0.7218750000000002 0.7984375 0.7218750000000002
29 0.6640625 0.59375 0.6078125 0.59375 0.6078125 0.721875 0.6640625 0.721875
47 0.6281250000000002 0.8859375 0.30937500000000007 0.8859375 0.30937500000000007 1 0.6281250000000002 1
15 0.4984375000000002 0.7375 0.4390625000000002 0.7375 0.4390625000000002 0.865625 0.4984375000000002 0.865625
54 0.8484375 0.4515625000000002 0.7890625 0.4515625000000002 0.7890625 0.5796875000000001 0.8484375 0.5796875000000001
55 0.4312500000000002 0.7375 0.37187500000000007 0.7375 0.37187500000000007 0.865625 0.4312500000000002 0.865625
10 0.19687500000000008 0.5921875 0.1375000000000001 0.5921875 0.1375000000000001 0.7203125 0.19687500000000008 0.7203125
33 0.6312500000000002 0.740625 0.5718750000000001 0.740625 0.5718750000000001 0.86875 0.6312500000000002 0.86875
42 0.3812500000000001 0.45 0.3218750000000001 0.45 0.3218750000000001 0.578125 0.3812500000000001 0.578125
12 0.865625 0.5968750000000002 0.8078125 0.5968750000000002 0.8078125 0.7218750000000002 0.865625 0.7218750000000002
13 0.2156250000000001 0.8796875 0.1531250000000001 0.8796875 0.15312500000000012 1 0.2156250000000001 1
20 0.9828125 0.3078125000000001 0.890625 0.3078125000000001 0.890625 0.43281250000000016 0.9828125 0.43281250000000016
32 0.07968750000000005 0.303125 0.02031250000000004 0.303125 0.020312500000000046 0.43125 0.07968750000000005 0.43125
31 0.73125 0.5984375000000001 0.6734375 0.5984375 0.6734375 0.7234375000000001 0.73125 0.7234375000000002
43 0.2640625000000001 0.5921875 0.20468750000000008 0.5921875 0.20468750000000008 0.7203125 0.2640625000000001 0.7203125
5 0.4125 0.30312500000000003 0.353125 0.303125 0.353125 0.43125 0.4125 0.43125
1 0.14687500000000003 0.303125 0.08750000000000005 0.303125 0.08750000000000005 0.43125 0.14687500000000003 0.43125
46 0.9828125 0.7406250000000002 0.840625 0.7406250000000002 0.840625 0.86875 0.9828125 0.86875
41 0.17968750000000006 0.4484375 0.12031250000000004 0.4484375 0.12031250000000007 0.5765625 0.17968750000000008 0.5765625
56 0.2468750000000001 0.4453125 0.18750000000000006 0.4453125 0.18750000000000006 0.5765625 0.2468750000000001 0.5765625
22 0.984375 0.5968750000000002 0.8734375 0.5968750000000002 0.8734375 0.7218750000000002 0.984375 0.7218750000000002
27 0.646875 0.453125 0.590625 0.453125 0.590625 0.578125 0.646875 0.578125
57 0.2968750000000001 0.7375 0.2375000000000001 0.7375 0.2375000000000001 0.865625 0.2968750000000001 0.865625
34 0.83125 0.7421875000000002 0.7718750000000002 0.7421875000000002 0.7718750000000002 0.8671875 0.83125 0.8671875
23 0.3968750000000001 0.5921875 0.3375000000000001 0.5921875 0.3375000000000001 0.7203125 0.3968750000000001 0.7203125
45 0.1296875000000001 0.5921875 0.020312500000000074 0.5921875 0.02031250000000008 0.7203125 0.1296875000000001 0.7203125
36 0.715625 0.45 0.65625 0.45 0.65625 0.578125 0.715625 0.578125
18 0.6984375000000002 0.740625 0.6390625000000002 0.740625 0.6390625000000002 0.86875 0.6984375000000002 0.86875
59 0.5125 0.4453125 0.45625 0.4453125 0.45625 0.5765625 0.5125 0.5765625
26 0.9828125 0.45312500000000017 0.925 0.45312500000000017 0.925 0.5781250000000002 0.9828125 0.5781250000000002
52 0.11562500000000006 0.446875 0.018750000000000055 0.446875 0.018750000000000065 0.578125 0.11562500000000009 0.578125
16 0.36406250000000007 0.7375 0.3046875000000001 0.7375 0.3046875000000001 0.865625 0.36406250000000007 0.865625
3 0.27968750000000003 0.3046875 0.2203125 0.3046875 0.22031250000000005 0.4328125 0.2796875000000001 0.4328125
38 0.78125 0.45000000000000007 0.721875 0.45 0.721875 0.5781250000000001 0.78125 0.5781250000000002
28 0.596875 0.596875 0.540625 0.596875 0.540625 0.721875 0.596875 0.721875
40 0.7656250000000002 0.7406250000000001 0.7062500000000002 0.740625 0.7062500000000002 0.86875 0.7656250000000002 0.86875
19 0.3296875000000001 0.5921875 0.27031250000000007 0.5921875 0.27031250000000007 0.7203125 0.3296875000000001 0.7203125
24 0.4640625 0.5921875 0.4046875 0.5921875 0.4046875 0.7203125 0.4640625 0.7203125
53 0.58125 0.4515625 0.5234375 0.4515625 0.5234375 0.5796875 0.58125 0.5796875
30 1 0.13437500000000008 1.6456191363542558e-17 0.134375 6.946043563913895e-17 1 1 1
25 0.5328125 0.6015625 0.475 0.6015625 0.475 0.7234375 0.5328125 0.7234375
9 0.68125 0.30937500000000007 0.621875 0.30937500000000007 0.621875 0.434375 0.68125 0.434375
51 0.446875 0.446875 0.3890625000000001 0.446875 0.3890625000000001 0.575 0.446875 0.575
35 0.5640625000000001 0.740625 0.5046875000000002 0.740625 0.5046875000000002 0.86875 0.5640625000000001 0.86875
21 0.3140625000000001 0.45 0.25468750000000007 0.45 0.25468750000000007 0.578125 0.3140625000000001 0.578125
44 0.16406250000000008 0.734375 0.020312500000000087 0.734375 0.020312500000000098 0.865625 0.16406250000000008 0.865625
4 0.34687500000000004 0.303125 0.2890625 0.303125 0.28906250000000006 0.43125 0.3468750000000001 0.43125
2 0.21406250000000004 0.303125 0.15468750000000003 0.303125 0.15468750000000003 0.43125 0.2140625000000001 0.43125
0 0.7484375 0.30937500000000007 0.6890625 0.30937500000000007 0.6890625 0.43437500000000007 0.7484375 0.4343750000000002
49 0.1484375000000001 0.8828125 0.0875000000000001 0.8828125 0.08750000000000012 1 0.14843750000000014 1