0 0.571875 0.525 0.5328125 0.525 0.5328125 0.575 0.571875 0.575
43 0.8890625 0.6500000000000001 0.85 0.6500000000000001 0.85 0.7000000000000002 0.8890625 0.7000000000000002
52 1 0.5953125000000001 0.9515625 0.5953125000000001 0.9515625 0.6453125000000002 1 0.6453125000000002
26 0.4484375 0.6359375 0.4109375 0.6359375 0.4109375 0.6859375 0.4484375 0.6859375
9 0.6171875 0.5265625 0.5765625 0.5265625 0.5765625 0.5765625 0.6171875 0.5765625
2 0.9265625 0.5375000000000002 0.8875 0.5375000000000002 0.8875 0.5859375000000002 0.9265625 0.5859375000000002
16 0.821875 0.7031250000000002 0.7828125 0.7031250000000002 0.7828125000000001 0.7531250000000002 0.821875 0.7531250000000002
42 0.8140625 0.5906250000000002 0.7765625 0.5906250000000002 0.7765625 0.6390625000000002 0.8140625 0.6390625000000002
10 0.934375 0.6500000000000001 0.8953125 0.6500000000000001 0.8953125 0.7000000000000002 0.934375 0.7000000000000002
12 0.4921875 0.6359375 0.4546875 0.6359375 0.4546875 0.6875 0.4921875 0.6875
22 0.41875 0.5765625 0.3781250000000001 0.5765625 0.3781250000000001 0.6859375 0.41875 0.6859375
59 0.7265625 0.5875000000000001 0.6875 0.5875 0.6875 0.6375000000000001 0.7265625 0.6375000000000002
53 0.6828125 0.5859375 0.64375 0.5859375 0.64375 0.6359375 0.6828125 0.6359375
3 0.8828125 0.5343750000000002 0.84375 0.5343750000000002 0.84375 0.5843750000000002 0.8828125 0.5843750000000002
13 0.91875 0.7625000000000002 0.878125 0.7625000000000002 0.878125 0.815625 0.91875 0.815625
41 0.946875 0.5937500000000002 0.90625 0.5937500000000002 0.90625 0.6437500000000002 0.946875 0.6437500000000002
56 0.903125 0.5921875000000002 0.8625 0.5921875000000002 0.8625 0.6421875000000001 0.903125 0.6421875000000001
21 0.8578125 0.5906250000000002 0.81875 0.5906250000000002 0.81875 0.6406250000000002 0.8578125 0.6406250000000002
40 0.5593750000000001 0.696875 0.5203125 0.696875 0.5203125000000001 0.746875 0.5593750000000002 0.746875
57 0.865625 0.7046875000000001 0.8265625 0.7046875000000001 0.8265625 0.7546875000000002 0.865625 0.7546875000000002
19 0.8453125 0.6468750000000002 0.80625 0.6468750000000002 0.80625 0.6984375000000002 0.8453125 0.6984375000000002
50 0.4593750000000002 0.7484375 0.37187500000000007 0.7484375 0.37187500000000007 0.8015625 0.4593750000000002 0.8015625
15 0.7359375000000001 0.7015625000000001 0.6953125 0.7015625 0.6953125000000001 0.7515625000000001 0.7359375000000001 0.7515625000000001
51 0.7703125 0.5890625000000002 0.73125 0.5890625000000002 0.73125 0.6390625000000002 0.7703125 0.6390625000000002
44 1 0.7093750000000002 0.95625 0.7093750000000002 0.95625 0.7593750000000001 1 0.7593750000000001
32 0.953125 0.7078125000000002 0.915625 0.7078125000000002 0.915625 0.7578125000000002 0.953125 0.7578125000000002
30 1 0.4296875000000001 0.0031250000000000526 0.4296875 0.003125000000000078 0.8421875 1 0.8421875
28 0.6703125 0.6421875 0.63125 0.6421875 0.63125 0.69375 0.6703125 0.69375
24 0.7578125 0.6453125000000001 0.71875 0.6453125 0.71875 0.6953125000000001 0.7578125 0.6953125000000002
7 0.7046875 0.5296875 0.665625 0.5296875 0.665625 0.5796875 0.7046875 0.5796875
48 0.528125 0.525 0.490625 0.525 0.490625 0.5734375 0.528125 0.5734375
35 0.6921875000000001 0.7 0.6515625 0.7 0.6515625 0.7515625 0.6921875000000002 0.7515625
5 0.7953125 0.5328125000000001 0.75625 0.5328125000000001 0.75625 0.5812500000000002 0.7953125 0.5812500000000002
33 0.6468750000000001 0.6984375 0.60625 0.6984375 0.6062500000000001 0.7484375 0.6468750000000002 0.7484375
1 0.971875 0.5375000000000002 0.93125 0.5375000000000002 0.93125 0.5875000000000001 0.971875 0.5875000000000001
20 0.4390625 0.5203125 0.3765625000000001 0.5203125 0.3765625000000001 0.5703125 0.4390625 0.5703125
4 0.8375 0.5343750000000002 0.8 0.5343750000000002 0.8 0.5828125000000002 0.8375 0.5828125000000002
18 0.6031250000000001 0.696875 0.5640625 0.696875 0.5640625000000001 0.746875 0.6031250000000001 0.746875
37 0.5359375 0.6375 0.4984375 0.6375 0.4984375 0.6875 0.5359375 0.6875
49 0.9625 0.7640625000000002 0.921875 0.7640625000000002 0.921875 0.815625 0.9625 0.815625
36 0.59375 0.584375 0.5546875 0.584375 0.5546875 0.6328125 0.59375 0.6328125
55 0.7781250000000001 0.7031250000000002 0.7375 0.7031250000000002 0.7375 0.7531250000000002 0.7781250000000002 0.7531250000000002
11 0.484375 0.521875 0.446875 0.521875 0.446875 0.571875 0.484375 0.571875
38 0.5484375 0.58125 0.5109375 0.58125 0.5109375 0.63125 0.5484375 0.63125
29 0.6265625 0.640625 0.5875 0.640625 0.5875 0.6921875 0.6265625 0.6921875
31 0.58125 0.6390625 0.5421875 0.6390625 0.5421875 0.6921875 0.58125 0.6921875
27 0.6375 0.584375 0.5984375 0.584375 0.5984375 0.634375 0.6375 0.634375
45 1 0.6500000000000001 0.9375 0.6500000000000001 0.9375 0.7031250000000002 1 0.7031250000000002
58 0.909375 0.7062500000000002 0.8703125 0.7062500000000002 0.8703125 0.7562500000000002 0.909375 0.7562500000000002
34 0.5140625000000001 0.6953125 0.4765625 0.6953125 0.4765625000000001 0.7453125 0.5140625000000002 0.7453125
25 0.7140625 0.64375 0.675 0.64375 0.675 0.69375 0.7140625 0.69375
23 0.8015625 0.6468750000000002 0.7640625 0.6468750000000002 0.7640625 0.6968750000000001 0.8015625 0.6968750000000001
54 0.5046875 0.5796875 0.4671875 0.5796875 0.4671875 0.6296875 0.5046875 0.6296875
47 0.821875 0.7562500000000001 0.6062500000000002 0.75625 0.6062500000000002 0.8109375 0.821875 0.8109375
14 0.5468750000000002 0.7515625 0.5062500000000002 0.7515625 0.5062500000000002 0.8046875 0.5468750000000002 0.8046875
17 1 0.5375000000000002 0.9765625 0.5375000000000002 0.9765625 0.5875000000000001 1 0.5875000000000001
39 0.4609375 0.5796875 0.4234375 0.5796875 0.4234375 0.6296875 0.4609375 0.6296875
8 0.6609375 0.528125 0.621875 0.528125 0.621875 0.578125 0.6609375 0.578125
46 0.4703125000000001 0.690625 0.3765625000000001 0.690625 0.3765625000000001 0.74375 0.4703125000000002 0.74375
6 0.7515625 0.5312500000000001 0.7109375 0.53125 0.7109375 0.58125 0.7515625 0.5812500000000002