23 0.78125 0.2171875000000001 0.73125 0.2171875000000001 0.73125 0.25468750000000007 0.78125 0.25468750000000007
28 0.78125 0.3437500000000001 0.7296875 0.3437500000000001 0.7296875 0.37968750000000007 0.78125 0.37968750000000007
29 0.7796875 0.3859375000000001 0.7296875 0.3859375000000001 0.7296875 0.4234375000000002 0.7796875 0.4234375000000002
48 0.6671875 0.48125 0.6203125 0.48125 0.6203125 0.51875 0.6671875 0.51875
37 0.7796875 0.4703125000000002 0.7296875 0.4703125000000002 0.7296875 0.5078125000000002 0.7796875 0.5078125000000002
25 0.7796875 0.3031250000000001 0.73125 0.3031250000000001 0.73125 0.3390625000000001 0.7796875 0.3390625000000001
18 0.834375 0.40625000000000017 0.7859375 0.40625000000000017 0.7859375 0.4437500000000002 0.834375 0.4437500000000002
46 0.8359375 0.5328125000000001 0.7828125 0.5328125000000001 0.7828125 0.6218750000000002 0.8359375 0.6218750000000002
45 0.7828125 0.01718750000000009 0.73125 0.017187500000000088 0.73125 0.08750000000000009 0.7828125 0.08750000000000009
41 0.7265625 0.0828125000000001 0.678125 0.0828125000000001 0.678125 0.12031250000000009 0.7265625 0.12031250000000009
38 0.7234375 0.459375 0.675 0.459375 0.675 0.496875 0.7234375 0.496875
58 0.8359375 0.11250000000000009 0.7859375 0.11250000000000009 0.7859375 0.15000000000000008 0.8359375 0.15000000000000008
52 0.7265625 0.017187500000000085 0.6765625 0.017187500000000085 0.6765625 0.07656250000000009 0.7265625 0.07656250000000009
47 0.8921875 0.19531250000000008 0.840625 0.19531250000000008 0.840625 0.4031250000000002 0.8921875 0.4031250000000002
24 0.78125 0.2593750000000001 0.73125 0.2593750000000001 0.73125 0.2968750000000001 0.78125 0.2968750000000001
36 0.7234375 0.4171875 0.675 0.4171875 0.675 0.4546875 0.7234375 0.4546875
33 0.8359375 0.36406250000000007 0.784375 0.36406250000000007 0.784375 0.40156250000000016 0.8359375 0.40156250000000016
16 0.8359375 0.19687500000000008 0.7859375 0.19687500000000008 0.7859375 0.23437500000000008 0.8359375 0.23437500000000008
53 0.725 0.3343750000000001 0.675 0.3343750000000001 0.675 0.3703125000000001 0.725 0.3703125000000001
54 0.721875 0.5015625 0.6734375 0.5015625 0.6734375 0.5390625 0.721875 0.5390625
34 0.834375 0.49218750000000017 0.7859375 0.49218750000000017 0.7859375 0.5296875000000002 0.834375 0.5296875000000002
50 0.8921875 0.5437500000000002 0.840625 0.5437500000000002 0.840625 0.6281250000000002 0.8921875 0.6281250000000002
59 0.725 0.2921875000000001 0.6765625 0.2921875000000001 0.6765625 0.3296875000000001 0.725 0.3296875000000001
17 0.6703125 0.02031250000000008 0.6234375 0.020312500000000077 0.6234375 0.05781250000000008 0.6703125 0.057812500000000086
2 0.66875 0.10468750000000009 0.6234375 0.10468750000000009 0.6234375 0.14218750000000008 0.66875 0.14218750000000008
43 0.78125 0.13437500000000008 0.7328125 0.13437500000000008 0.7328125 0.17187500000000008 0.78125 0.17187500000000008
0 0.6671875 0.4390625 0.6203125 0.4390625 0.6203125 0.4765625 0.6671875 0.4765625
22 0.778125 0.5843750000000001 0.671875 0.584375 0.671875 0.6218750000000001 0.778125 0.6218750000000002
19 0.78125 0.1765625000000001 0.73125 0.1765625000000001 0.73125 0.2140625000000001 0.78125 0.2140625000000001
49 0.8953125 0.05625000000000011 0.8421875 0.05625000000000011 0.8421875 0.09687500000000011 0.8953125 0.09687500000000011
5 0.66875 0.2296875000000001 0.621875 0.2296875000000001 0.621875 0.2656250000000001 0.66875 0.2656250000000001
51 0.725 0.2500000000000001 0.675 0.2500000000000001 0.675 0.2875000000000001 0.725 0.2875000000000001
9 0.66875 0.3984375000000001 0.6203125 0.3984375000000001 0.6203125 0.434375 0.66875 0.434375
6 0.66875 0.2718750000000001 0.621875 0.2718750000000001 0.621875 0.30937500000000007 0.66875 0.30937500000000007
39 0.7234375 0.54375 0.675 0.54375 0.675 0.58125 0.7234375 0.58125
31 0.7796875 0.42968750000000017 0.7296875 0.42968750000000017 0.7296875 0.4656250000000002 0.7796875 0.4656250000000002
40 0.8328125 0.4500000000000002 0.7859375 0.4500000000000002 0.7859375 0.4859375000000002 0.8328125 0.4859375000000002
4 0.66875 0.18906250000000008 0.621875 0.18906250000000008 0.621875 0.2250000000000001 0.66875 0.2250000000000001
10 0.78125 0.09218750000000009 0.7328125 0.09218750000000009 0.7328125 0.1296875000000001 0.78125 0.1296875000000001
7 0.66875 0.3140625000000001 0.6203125 0.3140625000000001 0.6203125 0.3500000000000001 0.66875 0.3500000000000001
27 0.7234375 0.3765625000000001 0.675 0.3765625000000001 0.675 0.4125 0.7234375 0.4125
12 0.7796875 0.5125000000000002 0.7296875 0.5125000000000002 0.7296875 0.5500000000000002 0.7796875 0.5500000000000002
32 0.8359375 0.0703125000000001 0.7875 0.07031250000000008 0.7875 0.10781250000000009 0.8359375 0.10781250000000009
56 0.725 0.12500000000000008 0.6765625 0.12500000000000008 0.6765625 0.1625000000000001 0.725 0.1625000000000001
13 0.89375 0.10156250000000008 0.8421875 0.10156250000000008 0.8421875 0.14218750000000008 0.89375 0.14218750000000008
30 0.9375 9.02220259059339e-17 0.5359375 6.563341439180346e-17 0.5359375000000001 0.96875 0.9375 0.96875
26 0.7796875 0.5546875000000002 0.7296875 0.5546875000000002 0.7296875 0.5921875000000002 0.7796875 0.5921875000000002
55 0.8359375 0.2375000000000001 0.7859375 0.2375000000000001 0.7859375 0.2750000000000001 0.8359375 0.2750000000000001
42 0.725 0.2093750000000001 0.6765625 0.2093750000000001 0.6765625 0.2453125000000001 0.725 0.2453125000000001
15 0.8359375 0.2812500000000001 0.7859375 0.2812500000000001 0.7859375 0.3187500000000001 0.8359375 0.3187500000000001
3 0.66875 0.1468750000000001 0.6234375 0.1468750000000001 0.6234375 0.1843750000000001 0.66875 0.1843750000000001
44 0.8375 0.015625000000000097 0.7875 0.015625000000000094 0.7875 0.0656250000000001 0.8375 0.06562500000000011
8 0.66875 0.3546875000000001 0.6203125 0.3546875000000001 0.6203125 0.3921875000000001 0.66875 0.3921875000000001
20 0.6671875 0.5640625 0.61875 0.5640625 0.61875 0.6234375 0.6671875 0.6234375
57 0.8359375 0.1546875000000001 0.7859375 0.1546875000000001 0.7859375 0.1921875000000001 0.8359375 0.1921875000000001
1 0.6703125 0.06250000000000008 0.6234375 0.06250000000000007 0.6234375 0.09843750000000008 0.6703125 0.0984375000000001
35 0.834375 0.3218750000000001 0.7859375 0.3218750000000001 0.7859375 0.3593750000000001 0.834375 0.3593750000000001
11 0.6671875 0.521875 0.61875 0.521875 0.61875 0.5578125 0.6671875 0.5578125
14 0.8921875 0.46093750000000017 0.840625 0.46093750000000017 0.840625 0.4984375000000002 0.8921875 0.4984375000000002
21 0.725 0.16562500000000008 0.6765625 0.16562500000000008 0.6765625 0.20312500000000008 0.725 0.20312500000000008