53 0.446875 0.4046875 0.40625 0.4046875 0.40625 0.4484375 0.446875 0.4484375
8 0.46875 0.3625000000000001 0.4296875 0.3625000000000001 0.4296875 0.403125 0.46875 0.403125
58 0.2015625000000001 0.503125 0.15625000000000006 0.503125 0.15625000000000006 0.5515625 0.2015625000000001 0.5515625
5 0.33906250000000004 0.3625 0.2984375 0.3625 0.2984375 0.403125 0.3390625000000001 0.403125
43 0.2296875000000001 0.453125 0.18593750000000003 0.453125 0.18593750000000003 0.5 0.2296875000000001 0.5
15 0.3890625000000001 0.503125 0.3453125000000001 0.503125 0.3453125000000001 0.55 0.3890625000000001 0.55
23 0.3203125000000001 0.4546875 0.2796875000000001 0.4546875 0.2796875000000001 0.4984375 0.3203125000000001 0.4984375
21 0.2687500000000001 0.40625 0.22812500000000008 0.40625 0.22812500000000008 0.45 0.2687500000000001 0.45
44 0.15625000000000006 0.5 0.05312500000000007 0.5 0.05312500000000007 0.55 0.15625000000000008 0.55
49 0.13437500000000008 0.553125 0.08437500000000006 0.553125 0.08437500000000006 0.61875 0.13437500000000008 0.61875
56 0.2234375000000001 0.40625 0.18281250000000004 0.40625 0.18281250000000004 0.45 0.2234375000000001 0.45
38 0.58125 0.4046875 0.540625 0.4046875 0.540625 0.4484375 0.58125 0.4484375
48 0.6015625 0.3593750000000001 0.5609375 0.3593750000000001 0.5609375 0.4 0.6015625 0.4
33 0.4828125 0.5015625 0.440625 0.5015625 0.440625 0.55 0.4828125 0.55
12 0.6453125 0.4515625 0.6015625 0.4515625 0.6015625 0.4953125 0.6453125 0.4953125
25 0.4125 0.4515625 0.37187500000000007 0.4515625 0.37187500000000007 0.4984375 0.4125 0.4984375
9 0.5125 0.3609375000000001 0.4734375 0.3609375000000001 0.4734375 0.4015625 0.5125 0.4015625
39 0.6734375 0.4046875 0.63125 0.4046875 0.63125 0.4484375 0.6734375 0.4484375
10 0.18437500000000004 0.453125 0.14062500000000006 0.453125 0.14062500000000006 0.5 0.18437500000000004 0.5
32 0.12031250000000004 0.3609375 0.07968750000000005 0.3609375 0.07968750000000005 0.4015625 0.12031250000000004 0.4015625
7 0.425 0.3625000000000001 0.3875 0.3625000000000001 0.38750000000000007 0.403125 0.425 0.403125
6 0.38125000000000003 0.36250000000000004 0.3421875 0.3625 0.34218750000000003 0.403125 0.3812500000000001 0.403125
52 0.13593750000000004 0.4046875 0.07187500000000005 0.4046875 0.07187500000000005 0.4484375 0.13593750000000004 0.4484375
16 0.2953125000000001 0.503125 0.2515625000000001 0.503125 0.2515625000000001 0.5515625 0.2953125000000001 0.5515625
26 0.7203125 0.403125 0.6765625 0.403125 0.6765625 0.446875 0.7203125 0.446875
57 0.2484375000000001 0.503125 0.20468750000000008 0.503125 0.20468750000000008 0.5515625 0.2484375000000001 0.5515625
35 0.434375 0.503125 0.3937500000000001 0.503125 0.3937500000000001 0.55 0.434375 0.55
18 0.5296875 0.5015625 0.4875 0.5015625 0.4875 0.5484375 0.5296875 0.5484375
19 0.2750000000000001 0.453125 0.23437500000000008 0.453125 0.23437500000000008 0.5 0.2750000000000001 0.5
14 0.5921875 0.553125 0.5453125 0.553125 0.5453125 0.615625 0.5921875 0.615625
36 0.5375 0.4046875 0.496875 0.4046875 0.496875 0.4484375 0.5375 0.4484375
20 0.7140625 0.3593750000000001 0.6484375 0.3593750000000001 0.6484375 0.4 0.7140625 0.4
42 0.3140625000000001 0.40625 0.2734375000000001 0.40625 0.2734375000000001 0.45 0.3140625000000001 0.45
13 0.1843750000000001 0.553125 0.13437500000000008 0.553125 0.13437500000000008 0.615625 0.1843750000000001 0.615625
30 0.9453125 0.29687500000000006 0.02187500000000004 0.296875 0.021875000000000058 0.64375 0.9453125 0.6437500000000002
40 0.578125 0.5015625 0.534375 0.5015625 0.534375 0.5484375 0.578125 0.5484375
11 0.6453125 0.3593750000000001 0.6046875 0.3593750000000001 0.6046875 0.4 0.6453125 0.4
59 0.4015625 0.4046875 0.3625000000000001 0.4046875 0.3625000000000001 0.4484375 0.4015625 0.4484375
55 0.3421875000000001 0.503125 0.3000000000000001 0.503125 0.3000000000000001 0.5515625 0.3421875000000001 0.5515625
3 0.2515625 0.3625 0.2109375 0.3625 0.21093750000000006 0.403125 0.2515625000000001 0.403125
0 0.55625 0.3593750000000001 0.515625 0.3593750000000001 0.515625 0.4 0.55625 0.4
47 0.48125 0.5546875 0.2468750000000001 0.5546875 0.2468750000000001 0.6140625 0.48125 0.6140625
54 0.628125 0.4046875 0.5875 0.4046875 0.5875 0.4484375 0.628125 0.4484375
45 0.13906250000000003 0.4515625 0.06093750000000005 0.4515625 0.060937500000000054 0.4984375 0.13906250000000003 0.4984375
51 0.3578125000000001 0.40625 0.3187500000000001 0.40625 0.3187500000000001 0.45 0.3578125000000001 0.45
27 0.4921875 0.40625 0.453125 0.40625 0.453125 0.446875 0.4921875 0.446875
37 0.5984375 0.4515625 0.55625 0.4515625 0.55625 0.4953125 0.5984375 0.4953125
4 0.29375000000000007 0.3609375 0.2546875 0.3609375 0.25468750000000007 0.4046875 0.29375000000000007 0.4046875
34 0.6265625 0.503125 0.5828125 0.503125 0.5828125 0.55 0.6265625 0.55
24 0.3671875000000001 0.4546875 0.3265625000000001 0.4546875 0.3265625000000001 0.4984375 0.3671875000000001 0.4984375
46 0.7375 0.5000000000000001 0.63125 0.5 0.63125 0.5484375000000001 0.7375 0.5484375000000001
22 0.728125 0.45000000000000007 0.6484375 0.45 0.6484375 0.49687500000000007 0.728125 0.4968750000000002
29 0.5046875 0.453125 0.4640625 0.453125 0.4640625 0.496875 0.5046875 0.496875
2 0.20781250000000004 0.3625 0.16718750000000004 0.3625 0.16718750000000004 0.403125 0.2078125000000001 0.403125
31 0.5515625 0.4515625 0.5109375 0.4515625 0.5109375 0.4984375 0.5515625 0.4984375
1 0.16406250000000006 0.3625 0.12343750000000005 0.3625 0.12343750000000005 0.403125 0.16406250000000006 0.403125
28 0.4578125 0.453125 0.4171875 0.453125 0.4171875 0.496875 0.4578125 0.496875
41 0.18125000000000005 0.4046875 0.13750000000000004 0.4046875 0.13750000000000004 0.4484375 0.18125000000000005 0.4484375