0 0.45625 0.584375 0.4171875 0.584375 0.4171875 0.6359375 0.45625 0.6359375
43 0.1375000000000001 0.709375 0.0984375000000001 0.709375 0.0984375000000001 0.7609375 0.1375000000000001 0.7609375
52 0.034375000000000086 0.6546875 8.017609513167828e-17 0.6546875 8.333338766073005e-17 0.70625 0.034375000000000086 0.70625
26 0.5796875000000001 0.696875 0.540625 0.696875 0.5406250000000001 0.746875 0.5796875000000001 0.746875
9 0.4109375 0.5875 0.37187500000000007 0.5875 0.37187500000000007 0.6375 0.4109375 0.6375
2 0.10000000000000009 0.596875 0.06093750000000007 0.596875 0.060937500000000075 0.6453125 0.10000000000000009 0.6453125
16 0.20468750000000008 0.7640625 0.16562500000000008 0.7640625 0.16562500000000008 0.8140625 0.20468750000000008 0.8140625
42 0.21250000000000008 0.65 0.17343750000000008 0.65 0.17343750000000008 0.7 0.21250000000000008 0.7
10 0.09218750000000009 0.7109375 0.05312500000000009 0.7109375 0.05312500000000009 0.7609375 0.09218750000000009 0.7609375
12 0.5359375000000001 0.696875 0.496875 0.696875 0.49687500000000007 0.7484375 0.5359375000000002 0.7484375
22 0.6125 0.6359375 0.571875 0.6359375 0.5718750000000001 0.746875 0.6125000000000002 0.746875
59 0.30156250000000007 0.646875 0.26250000000000007 0.646875 0.26250000000000007 0.6984375 0.30156250000000007 0.6984375
53 0.3453125000000001 0.6453125 0.3062500000000001 0.6453125 0.3062500000000001 0.696875 0.3453125000000001 0.696875
3 0.1437500000000001 0.5953125 0.10468750000000009 0.5953125 0.10468750000000009 0.6453125 0.1437500000000001 0.6453125
13 0.10937500000000008 0.8234375 0.06875000000000012 0.8234375 0.06875000000000012 0.8765625 0.10937500000000008 0.8765625
41 0.08125000000000009 0.6546875 0.04062500000000008 0.6546875 0.040625000000000085 0.7046875 0.08125000000000009 0.7046875
56 0.12500000000000008 0.653125 0.08437500000000009 0.653125 0.08437500000000009 0.703125 0.12500000000000008 0.703125
21 0.1687500000000001 0.6515625 0.1296875000000001 0.6515625 0.1296875000000001 0.7015625 0.1687500000000001 0.7015625
40 0.4703125000000002 0.7578125 0.4312500000000002 0.7578125 0.4312500000000002 0.8078125 0.4703125000000002 0.8078125
57 0.1609375000000001 0.765625 0.1218750000000001 0.765625 0.1218750000000001 0.815625 0.1609375000000001 0.815625
19 0.18125000000000008 0.7078125 0.14218750000000008 0.7078125 0.14218750000000008 0.759375 0.18125000000000008 0.759375
50 0.6187500000000001 0.809375 0.5312500000000002 0.809375 0.5312500000000002 0.8640625 0.6187500000000001 0.8640625
15 0.29375000000000007 0.7625 0.2531250000000001 0.7625 0.2531250000000001 0.8125 0.29375000000000007 0.8125
51 0.2562500000000001 0.6484375 0.2171875000000001 0.6484375 0.2171875000000001 0.7 0.2562500000000001 0.7
44 0.029687500000000096 0.76875 9.414472268445279e-17 0.76875 9.730201521350454e-17 0.8203125 0.0296875000000001 0.8203125
32 0.0734375000000001 0.76875 0.034375000000000086 0.76875 0.03437500000000009 0.81875 0.07343750000000011 0.81875
30 0.9890625 0.48906250000000007 5.989288252080025e-17 0.4890625 8.524689828439779e-17 0.903125 0.9890625 0.903125
28 0.3578125000000001 0.703125 0.3187500000000001 0.703125 0.3187500000000001 0.7546875 0.3578125000000001 0.7546875
24 0.2687500000000001 0.70625 0.2296875000000001 0.70625 0.2296875000000001 0.75625 0.2687500000000001 0.75625
7 0.3218750000000001 0.590625 0.2828125000000001 0.590625 0.2828125000000001 0.640625 0.3218750000000001 0.640625
48 0.5 0.584375 0.4609375 0.584375 0.4609375 0.6328125 0.5 0.6328125
35 0.3359375000000001 0.7609375 0.2968750000000001 0.7609375 0.2968750000000001 0.8125 0.3359375000000001 0.8125
5 0.2328125000000001 0.59375 0.1937500000000001 0.59375 0.1937500000000001 0.6421875 0.2328125000000001 0.6421875
33 0.3812500000000001 0.759375 0.3421875000000001 0.759375 0.3421875000000001 0.809375 0.3812500000000001 0.809375
1 0.05625000000000008 0.5984375 0.015625000000000073 0.5984375 0.015625000000000076 0.6484375 0.05625000000000009 0.6484375
20 0.6125 0.5796875 0.55 0.5796875 0.55 0.63125 0.6125 0.63125
4 0.18906250000000008 0.59375 0.15000000000000008 0.59375 0.15000000000000008 0.64375 0.18906250000000008 0.64375
18 0.42500000000000016 0.759375 0.3859375000000001 0.759375 0.3859375000000001 0.809375 0.42500000000000016 0.809375
37 0.4906250000000001 0.6984375 0.4515625 0.6984375 0.4515625000000001 0.7484375 0.4906250000000002 0.7484375
49 0.06562500000000011 0.825 0.0250000000000001 0.825 0.025000000000000105 0.8765625 0.06562500000000011 0.8765625
36 0.434375 0.64375 0.39531250000000007 0.64375 0.39531250000000007 0.6921875 0.434375 0.6921875
55 0.2500000000000001 0.7625 0.2093750000000001 0.7625 0.2093750000000001 0.8140625 0.2500000000000001 0.8140625
11 0.54375 0.5828125 0.5046875 0.5828125 0.5046875 0.6328125 0.54375 0.6328125
38 0.4796875 0.6421875 0.440625 0.6421875 0.440625 0.6921875 0.4796875 0.6921875
29 0.4015625000000001 0.7015625 0.3625000000000001 0.7015625 0.3625000000000001 0.753125 0.40156250000000016 0.753125
31 0.4468750000000001 0.7 0.4078125 0.7 0.4078125000000001 0.7515625 0.4468750000000002 0.7515625
27 0.3906250000000001 0.6453125 0.3515625000000001 0.6453125 0.3515625000000001 0.6953125 0.3906250000000001 0.6953125
45 0.04843750000000009 0.709375 8.687338231451536e-17 0.709375 9.012635037475052e-17 0.7625 0.04843750000000009 0.7625
58 0.11718750000000008 0.7671875 0.07812500000000008 0.7671875 0.0781250000000001 0.8171875 0.11718750000000008 0.8171875
34 0.5140625000000002 0.75625 0.4750000000000002 0.75625 0.4750000000000002 0.80625 0.5140625000000002 0.80625
25 0.3140625000000001 0.703125 0.2750000000000001 0.703125 0.2750000000000001 0.7546875 0.3140625000000001 0.7546875
23 0.2250000000000001 0.70625 0.1859375000000001 0.70625 0.1859375000000001 0.7578125 0.2250000000000001 0.7578125
54 0.5234375 0.6390625 0.484375 0.6390625 0.484375 0.690625 0.5234375 0.690625
47 0.3828125000000001 0.815625 0.16562500000000008 0.815625 0.16562500000000008 0.871875 0.3828125000000001 0.871875
14 0.4812500000000002 0.8140625 0.4421875000000002 0.8140625 0.4421875000000002 0.8671875 0.4812500000000002 0.8671875
17 0.018750000000000076 0.5984375 7.328745688647442e-17 0.5984375 7.63490738843428e-17 0.6484375 0.01875000000000008 0.6484375
39 0.5671875 0.6390625 0.5296875 0.6390625 0.5296875 0.6890625 0.5671875 0.6890625
8 0.3671875000000001 0.5890625 0.3281250000000001 0.5890625 0.3281250000000001 0.6390625 0.3671875000000001 0.6390625
46 0.6140625000000002 0.7515625 0.5187500000000002 0.7515625 0.5187500000000002 0.80625 0.6140625000000002 0.80625
6 0.2765625000000001 0.5921875 0.2375000000000001 0.5921875 0.2375000000000001 0.6421875 0.2765625000000001 0.6421875