4 0.2906250000000001 0.4046875 0.2531250000000001 0.4046875 0.2531250000000001 0.4609375 0.2906250000000001 0.4609375
39 0.7328125 0.47343750000000007 0.6921875 0.4734375 0.6921875 0.5296875000000001 0.7328125 0.5296875000000002
41 0.15937500000000004 0.471875 0.11875000000000005 0.471875 0.11875000000000005 0.5296875 0.15937500000000004 0.5296875
9 0.5515625 0.4046875 0.5125 0.4046875 0.5125 0.459375 0.5515625 0.459375
52 0.10625000000000004 0.4734375 0.04062500000000006 0.4734375 0.040625000000000064 0.5296875 0.10625000000000004 0.5296875
45 0.11875000000000006 0.540625 0.03750000000000007 0.540625 0.037500000000000075 0.6 0.11875000000000009 0.6
48 0.6546875 0.40625 0.615625 0.40625 0.615625 0.4609375 0.6546875 0.4609375
53 0.4734375 0.4734375 0.4359375 0.4734375 0.4359375 0.5296875 0.4734375 0.5296875
40 0.6171875 0.6109375 0.578125 0.6109375 0.578125 0.6671875 0.6171875 0.6671875
21 0.2640625000000001 0.471875 0.2250000000000001 0.471875 0.2250000000000001 0.53125 0.2640625000000001 0.53125
3 0.2375000000000001 0.403125 0.2000000000000001 0.403125 0.2000000000000001 0.459375 0.2375000000000001 0.459375
26 0.746875 0.5406250000000001 0.70625 0.540625 0.70625 0.596875 0.746875 0.5968750000000002
36 0.578125 0.4734375 0.5390625 0.4734375 0.5390625 0.528125 0.578125 0.528125
49 0.08593750000000008 0.684375 0.02968750000000009 0.684375 0.02968750000000009 0.7421875 0.08593750000000008 0.7421875
18 0.5640625 0.6109375 0.5265625 0.6109375 0.5265625 0.6671875 0.5640625 0.6671875
27 0.525 0.4734375 0.4875 0.4734375 0.4875 0.5265625 0.525 0.5265625
44 0.08906250000000007 0.6140625 0.03281250000000008 0.6140625 0.03281250000000008 0.6703125 0.08906250000000009 0.6703125
20 0.809375 0.40312500000000007 0.71875 0.403125 0.71875 0.45781250000000007 0.809375 0.4578125000000002
0 0.603125 0.40625 0.5640625 0.40625 0.5640625 0.4625 0.603125 0.4625
54 0.6796875 0.4734375 0.640625 0.4734375 0.640625 0.528125 0.6796875 0.528125
16 0.30156250000000007 0.6125 0.26250000000000007 0.6125 0.26250000000000007 0.6703125 0.30156250000000007 0.6703125
42 0.3187500000000001 0.4734375 0.2796875000000001 0.4734375 0.2796875000000001 0.528125 0.3187500000000001 0.528125
19 0.2750000000000001 0.540625 0.23593750000000008 0.540625 0.23593750000000008 0.6 0.2750000000000001 0.6
12 0.69375 0.5390625 0.6546875 0.5390625 0.6546875 0.596875 0.69375 0.596875
24 0.3812500000000001 0.5421875 0.3437500000000001 0.5421875 0.3437500000000001 0.5984375 0.3812500000000001 0.5984375
47 0.5562500000000001 0.68125 0.22812500000000008 0.68125 0.22812500000000008 0.7421875 0.5562500000000001 0.7421875
22 0.809375 0.4703125000000002 0.74375 0.4703125000000002 0.74375 0.6000000000000002 0.809375 0.6000000000000002
55 0.35625000000000007 0.6125 0.31718750000000007 0.6125 0.31718750000000007 0.66875 0.35625000000000007 0.66875
56 0.21093750000000008 0.471875 0.17343750000000005 0.471875 0.17343750000000005 0.5296875 0.21093750000000008 0.5296875
51 0.3703125000000001 0.4734375 0.3312500000000001 0.4734375 0.3312500000000001 0.528125 0.3703125000000001 0.528125
58 0.19531250000000008 0.6125 0.15625000000000008 0.6125 0.15625000000000008 0.6703125 0.19531250000000008 0.6703125
38 0.628125 0.4734375 0.5890625 0.4734375 0.5890625 0.528125 0.628125 0.528125
10 0.17031250000000006 0.5421875 0.12968750000000004 0.5421875 0.12968750000000007 0.5984375 0.1703125000000001 0.5984375
37 0.640625 0.540625 0.6015625 0.540625 0.6015625 0.596875 0.640625 0.596875
57 0.2484375000000001 0.6125 0.21093750000000008 0.6125 0.21093750000000008 0.671875 0.2484375000000001 0.671875
50 0.8171875 0.6796875000000002 0.7640625 0.6796875000000002 0.7640625000000001 0.7390625000000002 0.8171875 0.7390625000000002
11 0.70625 0.40625 0.66875 0.40625 0.66875 0.459375 0.70625 0.459375
31 0.5890625 0.5421875 0.5515625 0.5421875 0.5515625 0.5953125 0.5890625 0.5953125
23 0.3281250000000001 0.540625 0.2906250000000001 0.540625 0.2906250000000001 0.5984375 0.3281250000000001 0.5984375
25 0.434375 0.5421875 0.39531250000000007 0.5421875 0.39531250000000007 0.596875 0.434375 0.596875
30 1 0.2984375 0.023437500000000038 0.2984375 0.023437500000000066 0.7890625000000001 1 0.7890625000000002
32 0.14062500000000008 0.6125 0.10000000000000009 0.6125 0.10000000000000009 0.6703125 0.14062500000000008 0.6703125
1 0.13281250000000006 0.40625 0.09375000000000004 0.40625 0.09375000000000006 0.459375 0.13281250000000006 0.459375
8 0.4984375 0.40625 0.4609375 0.40625 0.4609375 0.4625 0.4984375 0.4625
43 0.2218750000000001 0.5421875 0.18437500000000004 0.5421875 0.18437500000000007 0.6 0.2218750000000001 0.6
14 0.6187500000000001 0.678125 0.5640625 0.678125 0.5640625000000001 0.7390625 0.6187500000000001 0.7390625
46 0.8140625 0.6093750000000001 0.6828125 0.609375 0.6828125 0.6687500000000001 0.8140625 0.6687500000000002
2 0.18593750000000003 0.403125 0.14687500000000003 0.403125 0.14687500000000003 0.459375 0.18593750000000003 0.459375
35 0.4609375 0.6109375 0.421875 0.6109375 0.421875 0.6671875 0.4609375 0.6671875
6 0.3968750000000001 0.4046875 0.3578125000000001 0.4046875 0.3578125000000001 0.459375 0.3968750000000001 0.459375
33 0.5140625 0.6109375 0.475 0.6109375 0.475 0.6671875 0.5140625 0.6671875
59 0.421875 0.475 0.3843750000000001 0.475 0.3843750000000001 0.5296875 0.421875 0.5296875
29 0.5375 0.540625 0.4984375 0.540625 0.4984375 0.596875 0.5375 0.596875
13 0.21875000000000008 0.6828125 0.16406250000000008 0.6828125 0.16406250000000008 0.7421875 0.21875000000000008 0.7421875
15 0.409375 0.6109375 0.3687500000000001 0.6109375 0.3687500000000001 0.6671875 0.409375 0.6671875
34 0.6703125 0.6109375 0.6296875 0.6109375 0.6296875 0.6671875 0.6703125 0.6671875
17 0.07968750000000005 0.4078125 0.042187500000000044 0.4078125 0.04218750000000005 0.459375 0.07968750000000006 0.459375
7 0.4484375 0.4078125 0.4109375 0.4078125 0.4109375 0.4625 0.4484375 0.4625
5 0.3437500000000001 0.40625 0.3062500000000001 0.40625 0.3062500000000001 0.4609375 0.3437500000000001 0.4609375
28 0.484375 0.540625 0.446875 0.540625 0.446875 0.596875 0.484375 0.596875