35 0.609375 0.5515625 0.565625 0.5515625 0.565625 0.59375 0.609375 0.59375
57 0.7984375 0.5390625000000002 0.7484375 0.5390625000000002 0.7484375 0.5828125000000002 0.7984375 0.5828125000000002
49 0.9234375 0.5781250000000002 0.8640625 0.5781250000000002 0.8640625 0.6328125000000002 0.9234375 0.6328125000000002
18 0.515625 0.55625 0.4734375 0.55625 0.4734375 0.6 0.515625 0.6
9 0.51875 0.4375 0.48125 0.4375 0.48125 0.471875 0.51875 0.471875
38 0.45625 0.478125 0.4171875 0.478125 0.4171875 0.5140625 0.45625 0.5140625
29 0.5359375 0.5140625 0.4953125 0.5140625 0.4953125 0.5515625 0.5359375 0.5515625
26 0.32500000000000007 0.4859375 0.2843750000000001 0.4859375 0.2843750000000001 0.5234375 0.32500000000000007 0.5234375
52 0.9109375 0.4515625000000002 0.8421875 0.4515625000000002 0.8421875 0.4890625000000002 0.9109375 0.4890625000000002
23 0.715625 0.503125 0.6703125 0.503125 0.6703125 0.540625 0.715625 0.540625
22 0.35625000000000007 0.525 0.27812500000000007 0.525 0.27812500000000007 0.5640625 0.35625000000000007 0.5640625
0 0.4765625 0.440625 0.4390625 0.440625 0.4390625 0.475 0.4765625 0.475
32 0.89375 0.4156250000000002 0.85 0.4156250000000002 0.85 0.4500000000000002 0.89375 0.4500000000000002
25 0.625 0.5078125 0.5828125 0.5078125 0.5828125 0.5453125 0.625 0.5453125
48 0.434375 0.44375 0.3968750000000001 0.44375 0.3968750000000001 0.478125 0.434375 0.478125
54 0.4140625 0.48125 0.3734375000000001 0.48125 0.3734375000000001 0.5171875 0.4140625 0.5171875
20 0.3515625000000001 0.4484375 0.2906250000000001 0.4484375 0.2906250000000001 0.4828125 0.3515625000000001 0.4828125
51 0.671875 0.465625 0.63125 0.465625 0.63125 0.5015625 0.671875 0.5015625
8 0.559375 0.4359375 0.521875 0.4359375 0.521875 0.4703125 0.559375 0.4703125
28 0.58125 0.5109375 0.5390625 0.5109375 0.5390625 0.55 0.58125 0.55
19 0.7609375 0.5000000000000001 0.715625 0.5 0.715625 0.5406250000000001 0.7609375 0.5406250000000001
14 0.4640625 0.6046875 0.4171875 0.6046875 0.4171875 0.6609375 0.4640625 0.6609375
13 0.875 0.5796875000000001 0.81875 0.5796875000000001 0.81875 0.6359375000000002 0.875 0.6359375000000002
4 0.728125 0.4250000000000001 0.6875 0.425 0.6875 0.4593750000000001 0.728125 0.4593750000000002
27 0.54375 0.4734375 0.503125 0.4734375 0.503125 0.509375 0.54375 0.509375
33 0.5625 0.553125 0.51875 0.553125 0.51875 0.596875 0.5625 0.596875
10 0.8515625 0.49531250000000016 0.8046875 0.49531250000000016 0.8046875 0.5328125000000001 0.8515625 0.5328125000000001
41 0.846875 0.4546875000000002 0.8 0.4546875000000002 0.8 0.49218750000000017 0.846875 0.49218750000000017
5 0.6859375 0.428125 0.6453125 0.428125 0.6453125 0.4625 0.6859375 0.4625
2 0.8109375 0.4203125000000002 0.7671875 0.4203125000000002 0.7671875 0.4546875000000002 0.8109375 0.4546875000000002
59 0.6296875 0.46875 0.5890625 0.46875 0.5890625 0.503125 0.6296875 0.503125
58 0.84375 0.5359375000000002 0.79375 0.5359375000000002 0.79375 0.5796875000000001 0.84375 0.5796875000000001
34 0.4234375 0.5625 0.37968750000000007 0.5625 0.37968750000000007 0.60625 0.4234375 0.60625
36 0.5015625 0.4765625 0.4609375 0.4765625 0.4609375 0.5125 0.5015625 0.5125
37 0.446875 0.51875 0.40625 0.51875 0.40625 0.5578125 0.446875 0.5578125
24 0.671875 0.50625 0.628125 0.50625 0.628125 0.54375 0.671875 0.54375
7 0.6015625 0.4328125 0.5640625 0.4328125 0.5640625 0.4671875 0.6015625 0.4671875
30 0.990625 0.37968750000000007 0.2406250000000001 0.3796875 0.2406250000000001 0.721875 0.990625 0.7218750000000002
12 0.4 0.521875 0.3593750000000001 0.521875 0.3593750000000001 0.559375 0.4 0.559375
1 0.853125 0.4187500000000002 0.809375 0.4187500000000002 0.809375 0.45312500000000017 0.853125 0.45312500000000017
31 0.490625 0.515625 0.45 0.515625 0.45 0.5546875 0.490625 0.5546875
56 0.803125 0.4578125000000002 0.7578125 0.4578125000000002 0.7578125 0.49531250000000016 0.803125 0.49531250000000016
42 0.7171875 0.4640625 0.6734375 0.4640625 0.6734375 0.5 0.7171875 0.5
6 0.6453125 0.4296875 0.6046875 0.4296875 0.6046875 0.4640625 0.6453125 0.4640625
45 0.928125 0.4890625000000002 0.846875 0.4890625000000002 0.846875 0.5296875000000002 0.928125 0.5296875000000002
46 0.3765625000000001 0.5640625 0.2718750000000001 0.5640625 0.2718750000000001 0.6109375 0.3765625000000001 0.6109375
55 0.703125 0.5453125 0.65625 0.5453125 0.65625 0.5890625 0.703125 0.5890625
43 0.80625 0.4968750000000002 0.759375 0.4968750000000002 0.759375 0.5343750000000002 0.80625 0.5343750000000002
21 0.7625 0.4593750000000001 0.715625 0.459375 0.715625 0.49687500000000007 0.7625 0.4968750000000002
40 0.4703125 0.5609375 0.428125 0.5609375 0.428125 0.6015625 0.4703125 0.6015625
39 0.3703125000000001 0.484375 0.3296875000000001 0.484375 0.3296875000000001 0.5203125 0.3703125000000001 0.5203125
3 0.7703125 0.42187500000000017 0.7265625 0.42187500000000017 0.7265625 0.45625000000000016 0.7703125 0.45625000000000016
16 0.75 0.5437500000000001 0.7015625 0.54375 0.7015625 0.5859375000000001 0.75 0.5859375000000002
44 0.946875 0.5296875000000002 0.8375 0.5296875000000002 0.8375 0.5734375000000002 0.946875 0.5734375000000002
53 0.5875 0.471875 0.546875 0.471875 0.546875 0.5078125 0.5875 0.5078125
47 0.7640625 0.5906250000000001 0.5265625 0.590625 0.5265625 0.6531250000000001 0.7640625 0.6531250000000002
15 0.6578125 0.5484375 0.6109375 0.5484375 0.6109375 0.5921875 0.6578125 0.5921875
11 0.3937500000000001 0.4453125 0.35625000000000007 0.4453125 0.35625000000000007 0.4796875 0.3937500000000001 0.4796875