12 0.5625 0.6203125 0.453125 0.6203125 0.453125 0.6671875 0.5625 0.6671875
4 0.2828125 0.1609375 0.1671875 0.1609375 0.16718750000000002 0.2046875 0.2828125 0.2046875
32 0.703125 7.931501535102779e-17 0.5921875 7.252205263700732e-17 0.5921875 0.03125000000000008 0.703125 0.03125000000000009
10 0.5625 0.01718750000000006 0.4515625 0.017187500000000057 0.4515625 0.06406250000000005 0.5625 0.06406250000000006
24 0.5640625 0.2593750000000001 0.453125 0.2593750000000001 0.453125 0.3046875000000001 0.5640625 0.3046875000000001
47 0.8515625 0.12656250000000008 0.7453125 0.12656250000000008 0.7453125 0.5078125000000002 0.8515625 0.5078125000000002
37 0.5640625 0.559375 0.453125 0.559375 0.453125 0.60625 0.5640625 0.60625
43 0.5625 0.07812500000000006 0.4515625 0.07812500000000004 0.4515625 0.12343750000000006 0.5625 0.12343750000000009
58 0.7015625 0.04375000000000008 0.5921875 0.04375000000000008 0.5921875 0.09062500000000008 0.7015625 0.0906250000000001
53 0.425 0.36562500000000003 0.30937500000000007 0.365625 0.30937500000000007 0.4109375 0.425 0.4109375
27 0.4234375 0.4265625 0.3109375000000001 0.4265625 0.3109375000000001 0.471875 0.4234375 0.471875
1 0.2828125 0.0015625000000000274 0.165625 0.00156250000000002 0.165625 0.026562500000000027 0.2828125 0.026562500000000034
39 0.43125 0.665625 0.3125000000000001 0.665625 0.3125000000000001 0.7125 0.43125 0.7125
29 0.5640625 0.4390625 0.4515625 0.4390625 0.4515625 0.4859375 0.5640625 0.4859375
22 0.5671875000000001 0.725 0.30156250000000007 0.725 0.30156250000000007 0.803125 0.5671875000000002 0.803125
14 0.8828125 0.5156250000000002 0.7390625 0.5156250000000002 0.7390625 0.5812500000000002 0.8828125 0.5812500000000002
42 0.425 0.18593750000000003 0.309375 0.18593750000000003 0.309375 0.23125000000000004 0.425 0.2312500000000001
59 0.425 0.30625 0.309375 0.30625 0.309375 0.35000000000000003 0.425 0.3500000000000001
55 0.703125 0.22812500000000008 0.590625 0.22812500000000008 0.590625 0.2750000000000001 0.703125 0.2750000000000001
48 0.2843750000000001 0.5734375 0.17187500000000008 0.5734375 0.17187500000000008 0.61875 0.2843750000000001 0.61875
46 0.7015625000000001 0.6515625 0.5921875 0.6515625 0.5921875000000001 0.8078125 0.7015625000000002 0.8078125
5 0.284375 0.21875 0.16562500000000005 0.21875 0.16562500000000005 0.2640625 0.284375 0.2640625
16 0.703125 0.1671875000000001 0.590625 0.1671875000000001 0.590625 0.2140625000000001 0.703125 0.2140625000000001
25 0.5609375 0.3203125000000001 0.4546875 0.3203125000000001 0.4546875 0.36406250000000007 0.5609375 0.36406250000000007
6 0.28125 0.278125 0.16875000000000004 0.278125 0.16875000000000004 0.3234375 0.28125 0.3234375
51 0.4234375 0.24687500000000004 0.3109375 0.246875 0.3109375 0.290625 0.4234375 0.2906250000000001
26 0.565625 0.6828125 0.45 0.6828125 0.45000000000000007 0.7265625 0.5656250000000002 0.7265625
28 0.5640625 0.37968750000000007 0.453125 0.37968750000000007 0.453125 0.4234375 0.5640625 0.4234375
38 0.4234375 0.5453125 0.3109375000000001 0.5453125 0.3109375000000001 0.590625 0.4234375 0.590625
31 0.5625 0.5 0.453125 0.5 0.453125 0.546875 0.5625 0.546875
7 0.28125000000000006 0.3375 0.16875000000000004 0.3375 0.16875000000000004 0.38125 0.2812500000000001 0.38125
19 0.5640625 0.13593750000000007 0.4515625 0.13593750000000004 0.4515625 0.18281250000000007 0.5640625 0.1828125000000001
3 0.284375 0.10000000000000002 0.165625 0.1 0.165625 0.1453125 0.284375 0.14531250000000004
40 0.703125 0.5328125 0.5921875 0.5328125 0.5921875 0.578125 0.703125 0.578125
15 0.703125 0.2890625000000001 0.590625 0.2890625000000001 0.590625 0.3359375000000001 0.703125 0.3359375000000001
11 0.2812500000000001 0.6328125 0.1687500000000001 0.6328125 0.1687500000000001 0.678125 0.2812500000000001 0.678125
50 0.8828125 0.7453125000000002 0.7296875000000002 0.7453125000000002 0.7296875000000002 0.8109375 0.8828125 0.8109375
56 0.4265625 0.06875000000000005 0.3109375 0.06875000000000005 0.3109375 0.11250000000000004 0.4265625 0.11250000000000004
20 0.2812500000000001 0.690625 0.1687500000000001 0.690625 0.1687500000000001 0.7953125 0.2812500000000001 0.7953125
36 0.4234375 0.4859375 0.3109375000000001 0.4859375 0.3109375000000001 0.53125 0.4234375 0.53125
2 0.284375 0.04062500000000003 0.1671875 0.04062500000000002 0.1671875 0.08593750000000003 0.284375 0.08593750000000004
54 0.425 0.6046875 0.3078125000000001 0.6046875 0.3078125000000001 0.65 0.425 0.65
23 0.5640625 0.19843750000000007 0.453125 0.19843750000000004 0.453125 0.24375000000000008 0.5640625 0.24375000000000008
8 0.2843750000000001 0.396875 0.16718750000000004 0.396875 0.16718750000000004 0.440625 0.2843750000000001 0.440625
35 0.703125 0.3500000000000001 0.590625 0.3500000000000001 0.590625 0.3968750000000001 0.703125 0.3968750000000001
0 0.2828125000000001 0.5140625 0.16562500000000005 0.5140625 0.16562500000000008 0.5609375 0.2828125000000001 0.5609375
34 0.703125 0.59375 0.59375 0.59375 0.59375 0.640625 0.703125 0.640625
13 0.875 0.0546875000000001 0.73125 0.05468750000000009 0.73125 0.11875000000000009 0.875 0.11875000000000009
33 0.7046875 0.409375 0.5875 0.409375 0.5875 0.45625 0.7046875 0.45625
21 0.425 0.12656250000000005 0.309375 0.12656250000000005 0.309375 0.17343750000000005 0.425 0.17343750000000005
41 0.4265625 0.0062500000000000454 0.309375 0.0062500000000000385 0.309375 0.05312500000000005 0.4265625 0.05312500000000005
9 0.2828125000000001 0.453125 0.16562500000000005 0.453125 0.16562500000000005 0.5 0.2828125000000001 0.5
30 0.978125 5.989288252080025e-17 0 0 6.123233995736766e-17 1 0.978125 1
18 0.703125 0.471875 0.5921875 0.471875 0.5921875 0.5171875 0.703125 0.5171875
57 0.703125 0.10468750000000009 0.5921875 0.10468750000000009 0.5921875 0.1515625000000001 0.703125 0.1515625000000001