57 0.20312500000000008 0.634375 0.15000000000000008 0.634375 0.15000000000000008 0.70625 0.20312500000000008 0.70625
45 0.054687500000000076 0.603125 0.0015625000000000736 0.603125 0.001562500000000079 0.690625 0.05468750000000009 0.690625
49 0.0906250000000001 0.7421875 0.02968750000000009 0.7421875 0.029687500000000096 0.8328125 0.09062500000000011 0.8328125
51 0.3046875000000001 0.4609375 0.2531250000000001 0.4609375 0.2531250000000001 0.528125 0.3046875000000001 0.528125
26 0.7125 0.3468750000000001 0.6609375 0.3468750000000001 0.6609375 0.409375 0.7125 0.409375
48 0.575 0.3187500000000001 0.5234375 0.3187500000000001 0.5234375 0.3812500000000001 0.575 0.3812500000000001
27 0.459375 0.4171875 0.4109375 0.4171875 0.4109375 0.4828125 0.459375 0.4828125
15 0.3687500000000001 0.584375 0.3125000000000001 0.584375 0.3125000000000001 0.6546875 0.3687500000000001 0.6546875
28 0.434375 0.4953125 0.3828125000000001 0.4953125 0.3828125000000001 0.5625 0.434375 0.5625
10 0.11093750000000009 0.5875 0.05468750000000007 0.5875 0.054687500000000076 0.659375 0.11093750000000009 0.659375
22 0.7265625 0.41093750000000007 0.6359375 0.4109375 0.6359375 0.4875000000000001 0.7265625 0.48750000000000016
58 0.14843750000000008 0.65 0.09218750000000009 0.65 0.09218750000000009 0.721875 0.14843750000000008 0.721875
12 0.6390625 0.434375 0.5875 0.434375 0.5875 0.5 0.6390625 0.5
0 0.5265625 0.33281250000000007 0.475 0.33281250000000007 0.475 0.39531250000000007 0.5265625 0.39531250000000007
4 0.21250000000000008 0.41875 0.16093750000000004 0.41875 0.16093750000000004 0.484375 0.21250000000000008 0.484375
6 0.3203125000000001 0.3875 0.2687500000000001 0.3875 0.2687500000000001 0.453125 0.3203125000000001 0.453125
20 0.7 0.28593750000000007 0.625 0.28593750000000007 0.625 0.3531250000000001 0.7 0.3531250000000001
56 0.14062500000000006 0.50625 0.08750000000000006 0.50625 0.08750000000000006 0.5765625 0.14062500000000008 0.5765625
41 0.08593750000000007 0.5234375 0.032812500000000064 0.5234375 0.03281250000000007 0.59375 0.08593750000000007 0.59375
54 0.6125 0.3750000000000001 0.5625 0.3750000000000001 0.5625 0.440625 0.6125 0.440625
53 0.409375 0.43125 0.3593750000000001 0.43125 0.3593750000000001 0.4984375 0.409375 0.4984375
29 0.4859375 0.478125 0.434375 0.478125 0.434375 0.5453125 0.4859375 0.5453125
11 0.625 0.3046875000000001 0.575 0.3046875000000001 0.575 0.3671875000000001 0.625 0.3671875000000001
38 0.5625 0.38750000000000007 0.5125 0.38750000000000007 0.5125 0.453125 0.5625 0.453125
47 0.4796875000000001 0.6203125 0.2140625000000001 0.6203125 0.2140625000000001 0.771875 0.47968750000000016 0.771875
31 0.5375 0.4625 0.4859375 0.4625 0.4859375 0.5296875 0.5375 0.5296875
19 0.21875000000000008 0.5546875 0.16562500000000008 0.5546875 0.16562500000000008 0.628125 0.21875000000000008 0.628125
3 0.15937500000000004 0.4328125 0.10625000000000004 0.4328125 0.10625000000000004 0.5 0.15937500000000004 0.5
13 0.1468750000000001 0.725 0.08750000000000009 0.725 0.08750000000000009 0.8125 0.1468750000000001 0.8125
16 0.2593750000000001 0.615625 0.20312500000000008 0.615625 0.20312500000000008 0.6890625 0.2593750000000001 0.6890625
14 0.6 0.5875 0.54375 0.5875 0.54375 0.6671875 0.6 0.6671875
25 0.3828125000000001 0.509375 0.3296875000000001 0.509375 0.3296875000000001 0.5765625 0.3828125000000001 0.5765625
30 0.7921875 0.19843750000000004 0.0015625000000000244 0.1984375 0.0015625000000000667 0.8875 0.7921875000000002 0.8875
7 0.3734375000000001 0.37500000000000006 0.3234375000000001 0.375 0.3234375000000001 0.440625 0.3734375000000001 0.440625
39 0.6640625 0.3593750000000001 0.6125 0.3593750000000001 0.6125 0.425 0.6640625 0.425
1 0.050000000000000065 0.4625 5.663991446056509e-17 0.4625 6.08496378326341e-17 0.53125 0.050000000000000065 0.53125
2 0.10625000000000004 0.4484375 0.05312500000000005 0.4484375 0.053125000000000054 0.515625 0.10625000000000004 0.515625
5 0.2671875000000001 0.403125 0.2140625000000001 0.403125 0.2140625000000001 0.46875 0.2671875000000001 0.46875
33 0.471875 0.553125 0.41875 0.553125 0.41875 0.6203125 0.471875 0.6203125
59 0.3578125000000001 0.446875 0.3062500000000001 0.446875 0.3062500000000001 0.5140625 0.3578125000000001 0.5140625
44 0.09218750000000009 0.6640625 8.132420150587893e-17 0.6640625 8.725608443924893e-17 0.7609375 0.09218750000000009 0.7609375
52 0.02968750000000007 0.5359375 0.001562500000000066 0.5359375 0.0015625000000000708 0.61875 0.02968750000000008 0.61875
40 0.575 0.5234375 0.5234375 0.5234375 0.5234375 0.590625 0.575 0.590625
46 0.740625 0.4765625000000001 0.625 0.4765625 0.625 0.5593750000000001 0.740625 0.5593750000000002
8 0.425 0.3609375000000001 0.3734375 0.3609375000000001 0.37343750000000003 0.4265625 0.425 0.4265625
34 0.6265625 0.5078125 0.5734375 0.5078125 0.5734375 0.575 0.6265625 0.575
23 0.2750000000000001 0.5390625 0.2218750000000001 0.5390625 0.2218750000000001 0.609375 0.2750000000000001 0.609375
43 0.16406250000000008 0.5703125 0.11093750000000009 0.5703125 0.11093750000000009 0.64375 0.16406250000000008 0.64375
9 0.4734375 0.3453125000000001 0.4234375 0.3453125000000001 0.4234375 0.4109375 0.4734375 0.4109375
18 0.5234375 0.5375 0.471875 0.5375 0.471875 0.60625 0.5234375 0.60625
24 0.3281250000000001 0.525 0.2750000000000001 0.525 0.2750000000000001 0.59375 0.3281250000000001 0.59375
21 0.19687500000000008 0.4921875 0.14375000000000004 0.4921875 0.14375000000000007 0.5609375 0.19687500000000008 0.5609375
42 0.2515625000000001 0.4765625 0.19843750000000004 0.4765625 0.19843750000000007 0.5453125 0.2515625000000001 0.5453125
36 0.5109375 0.403125 0.459375 0.403125 0.459375 0.46875 0.5109375 0.46875
37 0.5890625 0.45 0.5359375 0.45 0.5359375 0.515625 0.5890625 0.515625
35 0.41875 0.56875 0.3656250000000001 0.56875 0.3656250000000001 0.6375 0.41875 0.6375
55 0.3125000000000001 0.6015625 0.2593750000000001 0.6015625 0.2593750000000001 0.671875 0.3125000000000001 0.671875