57 0.728125 0.1515625000000001 0.653125 0.1515625000000001 0.653125 0.1921875000000001 0.728125 0.1921875000000001
58 0.721875 0.10468750000000009 0.646875 0.10468750000000009 0.646875 0.1453125000000001 0.721875 0.1453125000000001
14 0.875 0.47656250000000017 0.790625 0.47656250000000017 0.790625 0.5343750000000002 0.875 0.5343750000000002
49 0.803125 9.376202055971922e-17 0.728125 8.916959506291665e-17 0.728125 0.045312500000000096 0.803125 0.0453125000000001
15 0.7453125 0.2953125000000001 0.6671875 0.2953125000000001 0.6671875 0.3375000000000001 0.7453125 0.3375000000000001
59 0.5546875 0.3234375000000001 0.4765625 0.3234375000000001 0.4765625 0.36406250000000007 0.5546875 0.36406250000000007
17 0.4359375 0.03125000000000005 0.3609375 0.03125000000000004 0.3609375 0.06562500000000004 0.4359375 0.06562500000000004
52 0.53125 0.023437500000000062 0.4515625 0.023437500000000056 0.4515625 0.08281250000000005 0.53125 0.08281250000000007
7 0.4578125 0.3546875000000001 0.3765625 0.3546875000000001 0.3765625 0.39531250000000007 0.4578125 0.39531250000000007
32 0.7171875 0.05937500000000009 0.6421875 0.05937500000000009 0.6421875 0.10000000000000009 0.7171875 0.10000000000000009
33 0.759375 0.39531250000000007 0.6796875 0.39531250000000007 0.6796875 0.4390625000000001 0.759375 0.4390625000000002
44 0.7140625 0.0031250000000000826 0.6359375 0.003125000000000078 0.6359375 0.05625000000000009 0.7140625 0.05625000000000009
19 0.6390625 0.1828125000000001 0.5609375 0.1828125000000001 0.5609375 0.2234375000000001 0.6390625 0.2234375000000001
8 0.4640625 0.403125 0.37968750000000007 0.403125 0.37968750000000007 0.44375 0.4640625 0.44375
54 0.578125 0.5796875 0.49375 0.5796875 0.49375 0.6234375 0.578125 0.6234375
40 0.7703125 0.4984375000000001 0.6921875 0.4984375 0.6921875 0.5421875 0.7703125 0.5421875000000002
45 0.6234375 0.012500000000000072 0.5453125 0.012500000000000067 0.5453125 0.08437500000000006 0.6234375 0.08437500000000006
23 0.64375 0.2296875000000001 0.5640625 0.2296875000000001 0.5640625 0.27031250000000007 0.64375 0.27031250000000007
6 0.45625 0.3062500000000001 0.371875 0.3062500000000001 0.371875 0.3468750000000001 0.45625 0.3468750000000001
1 0.4390625 0.07343750000000004 0.3609375 0.07343750000000004 0.3609375 0.11093750000000005 0.4390625 0.11093750000000005
43 0.634375 0.1359375000000001 0.55625 0.1359375000000001 0.55625 0.1765625000000001 0.634375 0.1765625000000001
46 0.7921875 0.6046875 0.70625 0.6046875 0.70625 0.7515625000000001 0.7921875000000002 0.7515625000000001
25 0.6515625 0.3281250000000001 0.5734375 0.3281250000000001 0.5734375 0.3687500000000001 0.6515625 0.3687500000000001
22 0.6968750000000001 0.6890625 0.496875 0.6890625 0.49687500000000007 0.7609375 0.6968750000000001 0.7609375
11 0.4765625 0.6109375 0.3921875000000001 0.6109375 0.3921875000000001 0.6546875 0.4765625 0.6546875
48 0.4734375 0.5578125 0.3859375000000001 0.5578125 0.3859375000000001 0.6015625 0.4734375 0.6015625
35 0.7515625 0.3437500000000001 0.6734375 0.3437500000000001 0.6734375 0.3859375000000001 0.7515625 0.3859375000000001
39 0.5859375 0.634375 0.4984375 0.634375 0.4984375 0.678125 0.5859375 0.678125
27 0.5625 0.425 0.48125 0.425 0.48125 0.465625 0.5625 0.465625
41 0.5359375 0.08750000000000006 0.4578125 0.08750000000000006 0.4578125 0.12812500000000004 0.5359375 0.12812500000000004
55 0.7390625 0.2453125000000001 0.6640625 0.2453125000000001 0.6640625 0.2875000000000001 0.7390625 0.2875000000000001
51 0.55 0.2750000000000001 0.4703125 0.2750000000000001 0.4703125 0.3140625000000001 0.55 0.3140625000000001
28 0.659375 0.3765625000000001 0.578125 0.3765625000000001 0.578125 0.41875 0.659375 0.41875
5 0.453125 0.2578125000000001 0.371875 0.2578125000000001 0.371875 0.2984375000000001 0.453125 0.2984375000000001
18 0.765625 0.4468750000000001 0.6859375 0.446875 0.6859375 0.4906250000000001 0.765625 0.4906250000000002
31 0.66875 0.4796875 0.5875 0.4796875 0.5875 0.521875 0.66875 0.521875
42 0.546875 0.2296875000000001 0.46875 0.2296875000000001 0.46875 0.2671875000000001 0.546875 0.2671875000000001
9 0.465625 0.4546875 0.37968750000000007 0.4546875 0.37968750000000007 0.496875 0.465625 0.496875
3 0.446875 0.16406250000000006 0.365625 0.16406250000000006 0.365625 0.20312500000000008 0.446875 0.20312500000000008
13 0.821875 0.1062500000000001 0.74375 0.1062500000000001 0.74375 0.15781250000000008 0.821875 0.15781250000000008
53 0.559375 0.3734375000000001 0.4796875 0.3734375000000001 0.4796875 0.4140625 0.559375 0.4140625
12 0.6796875 0.5859375 0.5953125 0.5859375 0.5953125 0.6296875 0.6796875 0.6296875
50 0.90625 0.6828125000000002 0.8125 0.6828125000000002 0.8125 0.7421875000000002 0.90625 0.7421875000000002
20 0.4828125000000001 0.665625 0.39531250000000007 0.665625 0.39531250000000007 0.765625 0.4828125000000002 0.765625
47 0.865625 0.1625000000000001 0.765625 0.1625000000000001 0.765625 0.47187500000000016 0.865625 0.47187500000000016
38 0.5734375 0.5265625 0.4890625 0.5265625 0.4890625 0.5703125 0.5734375 0.5703125
21 0.5421875 0.18125000000000005 0.4640625 0.18125000000000005 0.4640625 0.22031250000000008 0.5421875 0.22031250000000008
24 0.6484375 0.27812500000000007 0.56875 0.27812500000000007 0.56875 0.3187500000000001 0.6484375 0.3187500000000001
37 0.6734375 0.53125 0.5921875 0.53125 0.5921875 0.575 0.6734375 0.575
34 0.778125 0.5531250000000001 0.7 0.553125 0.7 0.596875 0.778125 0.5968750000000002
56 0.5390625 0.13437500000000005 0.4609375 0.13437500000000005 0.4609375 0.17187500000000006 0.5390625 0.17187500000000006
0 0.4703125 0.50625 0.3859375000000001 0.50625 0.3859375000000001 0.5484375 0.4703125 0.5484375
36 0.5703125 0.475 0.4859375 0.475 0.4859375 0.5171875 0.5703125 0.5171875
26 0.6875 0.640625 0.6015625 0.640625 0.6015625 0.684375 0.6875 0.684375
10 0.6265625 0.08906250000000007 0.5515625 0.08906250000000007 0.5515625 0.1296875000000001 0.6265625 0.1296875000000001
4 0.4484375 0.21093750000000008 0.3671875 0.21093750000000008 0.3671875 0.2484375000000001 0.4484375 0.2484375000000001
16 0.734375 0.1984375000000001 0.659375 0.1984375000000001 0.659375 0.2390625000000001 0.734375 0.2390625000000001
2 0.44375 0.11875000000000005 0.3625 0.11875000000000005 0.3625 0.15625000000000006 0.44375 0.15625000000000006
29 0.6625 0.428125 0.58125 0.428125 0.58125 0.4703125 0.6625 0.4703125
30 1 7.481826538540861e-17 0.221875 2.71718508560819e-17 0.22187500000000004 1 1 1