29 0.7906250000000001 0.6906250000000002 0.73125 0.6906250000000002 0.7312500000000001 0.7390625000000002 0.7906250000000001 0.7390625000000002
56 0.7765625 0.3281250000000001 0.7171875 0.3281250000000001 0.7171875 0.3812500000000001 0.7765625 0.3812500000000001
53 0.7359375 0.6093750000000001 0.6796875 0.609375 0.6796875 0.6609375000000001 0.7359375 0.6609375000000002
7 0.6796875 0.5765625 0.625 0.5765625 0.625 0.6234375 0.6796875 0.6234375
21 0.76875 0.38750000000000007 0.709375 0.38750000000000007 0.709375 0.4390625000000001 0.76875 0.4390625000000002
28 0.796875 0.6328125000000002 0.7375 0.6328125000000002 0.7375 0.6859375000000002 0.796875 0.6859375000000002
37 0.7718750000000002 0.7984375000000001 0.7156250000000002 0.7984375 0.7156250000000002 0.85 0.7718750000000002 0.85
57 0.8953125 0.3828125000000001 0.8359375 0.3828125000000001 0.8359375 0.4343750000000002 0.8953125 0.4343750000000002
49 1 0.2531250000000001 0.9203125 0.2531250000000001 0.9203125 0.3078125000000001 1 0.3078125000000001
32 0.7328125 0.1828125000000001 0.678125 0.1828125000000001 0.678125 0.2328125000000001 0.7328125 0.2328125000000001
34 0.83125 0.8359375 0.7718750000000002 0.8359375 0.7718750000000002 0.8890625 0.83125 0.8890625
45 0.859375 0.1843750000000001 0.790625 0.1843750000000001 0.790625 0.2828125000000001 0.859375 0.2828125000000001
2 0.7203125 0.2968750000000001 0.6609375 0.2968750000000001 0.6609375 0.34843750000000007 0.7203125 0.34843750000000007
52 0.796875 0.1828125000000001 0.734375 0.1828125000000001 0.734375 0.2640625000000001 0.796875 0.2640625000000001
30 0.37031250000000004 0.3140625 0.08906250000000004 0.3140625 0.08906250000000007 0.7625 0.3703125000000001 0.7625
0 0.6593750000000002 0.734375 0.6046875000000002 0.734375 0.6046875000000002 0.784375 0.6593750000000002 0.784375
36 0.721875 0.71875 0.6671875 0.71875 0.6671875 0.7703125 0.7218750000000002 0.7703125
18 0.8484375 0.7265625000000002 0.7859375000000002 0.7265625000000002 0.7859375000000002 0.7781250000000002 0.8484375 0.7781250000000002
4 0.7046875 0.409375 0.6453125 0.409375 0.6453125 0.459375 0.7046875 0.459375
54 0.7062500000000002 0.8265625 0.6515625000000002 0.8265625 0.6515625000000002 0.878125 0.7062500000000002 0.878125
25 0.8046875 0.5765625000000002 0.7453125 0.5765625000000002 0.7453125 0.6265625000000001 0.8046875 0.6265625000000001
44 0.9234375 0.1890625000000001 0.853125 0.18906250000000008 0.853125 0.3203125000000001 0.9234375 0.3203125000000001
48 0.6531250000000002 0.7875 0.6000000000000002 0.7875 0.6000000000000002 0.8359375 0.6531250000000002 0.8359375
58 0.9046875 0.3265625000000001 0.8453125 0.3265625000000001 0.8453125 0.3781250000000001 0.9046875 0.3781250000000001
20 0.6375000000000002 0.8921875 0.5828125000000002 0.8921875 0.5828125000000002 0.9703125 0.6375000000000002 0.9703125
30 1 0.1609375000000001 0.4734375 0.16093750000000004 0.47343750000000007 0.9984375 1 0.9984375
42 0.759375 0.4437500000000001 0.703125 0.44375 0.703125 0.4953125000000001 0.759375 0.49531250000000016
35 0.8625 0.6125000000000002 0.803125 0.6125000000000002 0.803125 0.6640625000000002 0.8625 0.6640625000000002
26 0.6921875000000002 0.9296875 0.6375000000000002 0.9296875 0.6375000000000002 0.9828125 0.6921875000000002 0.9828125
24 0.8109375 0.5203125000000002 0.7546875 0.5203125000000002 0.7546875 0.5718750000000001 0.8109375 0.5718750000000001
51 0.7515625 0.4984375000000001 0.6953125 0.4984375 0.6953125 0.5484375000000001 0.7515625 0.5484375000000001
31 0.7812500000000002 0.7437500000000001 0.7218750000000002 0.74375 0.7218750000000002 0.7937500000000001 0.7812500000000002 0.7937500000000002
5 0.6984375 0.4625 0.6390625 0.4625 0.6390625 0.5125 0.6984375 0.5125
10 0.846875 0.2906250000000001 0.784375 0.2906250000000001 0.784375 0.3421875000000001 0.846875 0.3421875000000001
13 0.990625 0.3125000000000001 0.909375 0.3125000000000001 0.909375 0.3703125000000001 0.990625 0.3703125000000001
43 0.8375 0.3500000000000001 0.78125 0.3500000000000001 0.78125 0.40156250000000016 0.8375 0.40156250000000016
33 0.85625 0.6703125000000002 0.79375 0.6703125000000002 0.79375 0.7187500000000002 0.85625 0.7187500000000002
55 0.88125 0.5000000000000002 0.81875 0.5000000000000002 0.81875 0.5531250000000002 0.88125 0.5531250000000002
47 0.9640625 0.4500000000000002 0.8640625 0.4500000000000002 0.8640625 0.7281250000000001 0.9640625 0.7281250000000001
23 0.821875 0.46406250000000016 0.7625 0.46406250000000016 0.7625 0.5140625000000002 0.821875 0.5140625000000002
16 0.890625 0.44062500000000016 0.828125 0.44062500000000016 0.828125 0.4937500000000002 0.890625 0.4937500000000002
41 0.7828125 0.27031250000000007 0.7265625 0.27031250000000007 0.7265625 0.3234375000000001 0.7828125 0.3234375000000001
9 0.6656250000000001 0.6796875 0.609375 0.6796875 0.6093750000000001 0.73125 0.6656250000000001 0.73125
15 0.871875 0.5578125000000002 0.8125 0.5578125000000002 0.8125 0.6109375000000001 0.871875 0.6109375000000001
22 0.7562500000000002 0.9046875 0.6937500000000002 0.9046875 0.6937500000000002 0.9984375 0.7562500000000002 0.9984375
19 0.828125 0.40625000000000017 0.76875 0.40625000000000017 0.76875 0.4593750000000002 0.828125 0.4593750000000002
27 0.7265625 0.6656250000000001 0.6734375 0.665625 0.6734375 0.7140625 0.7265625 0.7140625000000002
11 0.6453125000000002 0.840625 0.5906250000000002 0.840625 0.5906250000000002 0.8890625 0.6453125000000002 0.8890625
1 0.728125 0.2406250000000001 0.66875 0.2406250000000001 0.66875 0.2906250000000001 0.728125 0.2906250000000001
6 0.6890625 0.51875 0.6296875 0.51875 0.6296875 0.56875 0.6890625 0.56875
12 0.7640625000000002 0.8515625 0.7078125000000002 0.8515625 0.7078125000000002 0.903125 0.7640625000000002 0.903125
3 0.7109375 0.3515625000000001 0.6515625 0.3515625000000001 0.6515625 0.4046875 0.7109375 0.4046875
46 0.8203125 0.890625 0.7578125000000002 0.890625 0.7578125000000002 1 0.8203125 1
59 0.7421875 0.5546875000000001 0.6875 0.5546875 0.6875 0.6062500000000001 0.7421875 0.6062500000000002
39 0.7000000000000002 0.878125 0.6437500000000002 0.878125 0.6437500000000002 0.9296875 0.7000000000000002 0.9296875
38 0.7109375000000002 0.771875 0.6578125000000001 0.771875 0.6578125000000001 0.821875 0.7109375000000002 0.821875
14 0.9109375 0.803125 0.8390625 0.803125 0.8390625 0.859375 0.9109375 0.859375
40 0.8390625 0.7812500000000002 0.7796875000000002 0.7812500000000002 0.7796875000000002 0.8328125 0.8390625 0.8328125
8 0.675 0.628125 0.615625 0.628125 0.615625 0.6765625 0.675 0.6765625