35 0.6046875 0.3859375000000001 0.5609375 0.3859375000000001 0.5609375 0.4328125 0.6046875 0.4328125
57 0.59375 0.1937500000000001 0.55 0.1937500000000001 0.55 0.24375000000000008 0.59375 0.24375000000000008
49 0.6453125 0.06718750000000008 0.5890625 0.06718750000000007 0.5890625 0.12656250000000008 0.6453125 0.12656250000000008
18 0.6109375 0.4828125 0.5671875 0.4828125 0.5671875 0.5265625 0.6109375 0.5265625
9 0.4796875 0.4796875 0.4453125 0.4796875 0.4453125 0.51875 0.4796875 0.51875
38 0.5234375 0.54375 0.4859375 0.54375 0.4859375 0.584375 0.5234375 0.584375
29 0.5625 0.4640625 0.521875 0.4640625 0.521875 0.5046875 0.5625 0.5046875
26 0.5328125 0.6796875 0.4953125 0.6796875 0.4953125 0.721875 0.5328125 0.721875
52 0.496875 0.07812500000000007 0.4578125 0.07812500000000007 0.4578125 0.15000000000000005 0.496875 0.15000000000000005
23 0.5515625 0.27812500000000007 0.5109375 0.27812500000000007 0.5109375 0.32500000000000007 0.5515625 0.32500000000000007
22 0.5750000000000001 0.646875 0.534375 0.646875 0.534375 0.7265625 0.5750000000000002 0.7265625
0 0.4828125 0.5234375 0.4484375 0.5234375 0.4484375 0.5609375 0.4828125 0.5609375
32 0.4578125 0.09531250000000005 0.4234375 0.09531250000000005 0.4234375 0.14062500000000006 0.4578125 0.14062500000000006
25 0.55625 0.3703125000000001 0.515625 0.3703125000000001 0.515625 0.4140625 0.55625 0.4140625
48 0.4859375 0.565625 0.4515625 0.565625 0.4515625 0.6046875 0.4859375 0.6046875
54 0.5265625 0.5890625 0.4890625 0.5890625 0.4890625 0.6296875 0.5265625 0.6296875
20 0.490625 0.6515625 0.45625 0.6515625 0.45625 0.7140625 0.490625 0.7140625
51 0.5109375 0.3218750000000001 0.4734375 0.3218750000000001 0.4734375 0.3656250000000001 0.5109375 0.3656250000000001
8 0.478125 0.4375 0.44375 0.4375 0.44375 0.4765625 0.478125 0.4765625
28 0.559375 0.415625 0.51875 0.415625 0.51875 0.459375 0.559375 0.459375
19 0.5484375 0.2312500000000001 0.5078125 0.2312500000000001 0.5078125 0.27812500000000007 0.5484375 0.27812500000000007
14 0.6734375 0.5359375 0.615625 0.5359375 0.615625 0.5828125 0.6734375 0.5828125
13 0.646875 0.11562500000000009 0.590625 0.11562500000000009 0.590625 0.17187500000000008 0.646875 0.17187500000000008
4 0.4671875 0.2656250000000001 0.43125 0.2656250000000001 0.43125 0.30937500000000007 0.4671875 0.30937500000000007
27 0.51875 0.4546875 0.48125 0.4546875 0.48125 0.4953125 0.51875 0.4953125
33 0.6078125 0.434375 0.5640625 0.434375 0.5640625 0.4796875 0.6078125 0.4796875
10 0.54375 0.13906250000000003 0.503125 0.13906250000000003 0.503125 0.18906250000000005 0.54375 0.18906250000000005
41 0.5 0.14375000000000004 0.4625 0.14375000000000004 0.4625 0.19062500000000004 0.5 0.19062500000000004
5 0.4703125 0.3078125000000001 0.4359375 0.3078125000000001 0.4359375 0.3515625000000001 0.4703125 0.3515625000000001
2 0.4609375 0.17968750000000006 0.4265625 0.17968750000000006 0.4265625 0.2250000000000001 0.4609375 0.2250000000000001
59 0.5125 0.3671875000000001 0.4765625 0.3671875000000001 0.4765625 0.409375 0.5125 0.409375
58 0.5890625 0.1468750000000001 0.5453125 0.1468750000000001 0.5453125 0.19687500000000008 0.5890625 0.19687500000000008
34 0.6171875 0.578125 0.5734375 0.578125 0.5734375 0.6234375 0.6171875 0.6234375
36 0.521875 0.4984375 0.484375 0.4984375 0.484375 0.5390625 0.521875 0.5390625
37 0.56875 0.5546875 0.528125 0.5546875 0.528125 0.596875 0.56875 0.596875
24 0.5546875 0.3234375000000001 0.5140625 0.3234375000000001 0.5140625 0.3687500000000001 0.5546875 0.3687500000000001
7 0.475 0.39531250000000007 0.440625 0.39531250000000007 0.440625 0.434375 0.475 0.434375
30 0.7359375000000001 0.0015625000000000686 0.3859375 0.0015625000000000471 0.38593750000000004 0.7671875000000001 0.7359375000000001 0.7671875000000001
12 0.5703125 0.6 0.5296875 0.6 0.5296875 0.64375 0.5703125 0.64375
1 0.459375 0.13750000000000004 0.425 0.13750000000000004 0.425 0.18125000000000005 0.459375 0.18125000000000005
31 0.565625 0.509375 0.525 0.509375 0.525 0.55 0.565625 0.55
56 0.503125 0.18750000000000006 0.465625 0.18750000000000006 0.465625 0.23437500000000008 0.503125 0.23437500000000008
42 0.5078125 0.2765625000000001 0.4703125 0.2765625000000001 0.4703125 0.3218750000000001 0.5078125 0.3218750000000001
6 0.471875 0.3515625000000001 0.4375 0.3515625000000001 0.4375 0.3921875000000001 0.471875 0.3921875000000001
45 0.5390625 0.05937500000000007 0.4984375 0.05937500000000007 0.4984375 0.14375000000000004 0.5390625 0.14375000000000004
46 0.6218750000000001 0.6265625 0.575 0.6265625 0.5750000000000001 0.7328125 0.6218750000000002 0.7328125
55 0.6 0.2890625000000001 0.55625 0.2890625000000001 0.55625 0.3390625000000001 0.6 0.3390625000000001
43 0.5453125 0.18593750000000006 0.5046875 0.18593750000000003 0.5046875 0.2328125000000001 0.5453125 0.2328125000000001
21 0.5046875 0.2312500000000001 0.4671875 0.2312500000000001 0.4671875 0.27812500000000007 0.5046875 0.27812500000000007
40 0.6125 0.5296875 0.5703125 0.5296875 0.5703125 0.5734375 0.6125 0.5734375
39 0.5296875 0.634375 0.4921875 0.634375 0.4921875 0.675 0.5296875 0.675
3 0.4640625 0.2218750000000001 0.4296875 0.2218750000000001 0.4296875 0.2656250000000001 0.4640625 0.2656250000000001
16 0.596875 0.24218750000000008 0.553125 0.24218750000000008 0.553125 0.2921875000000001 0.596875 0.2921875000000001
44 0.584375 0.040625000000000064 0.5390625 0.040625000000000064 0.5390625 0.15312500000000007 0.584375 0.1531250000000001
53 0.515625 0.4109375 0.478125 0.4109375 0.478125 0.4515625 0.515625 0.4515625
47 0.665625 0.22812500000000008 0.6015625 0.22812500000000008 0.6015625 0.471875 0.665625 0.471875
15 0.6015625 0.3390625000000001 0.5578125 0.3390625000000001 0.5578125 0.3859375000000001 0.6015625 0.3859375000000001
11 0.4875 0.609375 0.453125 0.609375 0.453125 0.6484375 0.4875 0.6484375