1 0.803125 0.88125 0.6968750000000001 0.88125 0.6968750000000001 0.93125 0.803125 0.93125
11 0.803125 0.2968750000000001 0.7 0.2968750000000001 0.7 0.3453125000000001 0.803125 0.3453125000000001
47 0.3218750000000001 0.5015625 0.17812500000000003 0.5015625 0.17812500000000006 0.7734375 0.3218750000000001 0.7734375
12 0.565625 0.3046875000000001 0.453125 0.3046875000000001 0.453125 0.3546875000000001 0.565625 0.3546875000000001
31 0.5671875 0.415625 0.4578125 0.415625 0.4578125 0.4625 0.5671875 0.4625
7 0.8015625 0.5625000000000001 0.6953125 0.5625 0.6953125 0.6093750000000001 0.8015625 0.6093750000000002
40 0.4453125 0.38593750000000004 0.3296875000000001 0.3859375 0.3296875000000001 0.4359375 0.4453125 0.4359375
18 0.4453125 0.4421875 0.3296875000000001 0.4421875 0.3296875000000001 0.4921875 0.4453125 0.4921875
26 0.6859375 0.2093750000000001 0.5765625 0.2093750000000001 0.5765625 0.2593750000000001 0.6859375 0.2593750000000001
21 0.6875000000000002 0.7515625 0.5781250000000002 0.7515625 0.5781250000000002 0.8015625 0.6875000000000002 0.8015625
14 0.3187500000000001 0.4296875 0.17812500000000003 0.4296875 0.17812500000000003 0.4984375 0.3187500000000001 0.4984375
35 0.446875 0.553125 0.3312500000000001 0.553125 0.3312500000000001 0.603125 0.446875 0.603125
53 0.6875 0.5375 0.578125 0.5375 0.578125 0.584375 0.6875 0.584375
23 0.5671875000000001 0.6875 0.4578125 0.6875 0.45781250000000007 0.7375 0.5671875000000002 0.7375
34 0.4421875 0.32812500000000006 0.3265625 0.328125 0.32656250000000003 0.37968750000000007 0.4421875 0.37968750000000007
41 0.6875000000000002 0.8578125 0.5781250000000002 0.8578125 0.5781250000000002 0.9109375 0.6875000000000002 0.9109375
55 0.4453125 0.6640625 0.3296875000000001 0.6640625 0.3296875000000001 0.7140625 0.4453125 0.7140625
44 0.4500000000000002 0.884375 0.3312500000000001 0.884375 0.3312500000000001 1 0.4500000000000002 1
37 0.565625 0.3593750000000001 0.45625 0.3593750000000001 0.45625 0.409375 0.565625 0.409375
8 0.8 0.5109375 0.696875 0.5109375 0.696875 0.5578125 0.8 0.5578125000000002
48 0.8015625 0.3515625000000001 0.6953125 0.3515625000000001 0.6953125 0.3984375000000001 0.8015625 0.3984375000000001
52 0.6890625000000001 0.9125 0.5796875000000001 0.9125 0.5796875000000001 0.9921875 0.6890625000000001 0.9921875
43 0.5687500000000002 0.796875 0.45625000000000016 0.796875 0.45625000000000016 0.8484375 0.5687500000000002 0.8484375
25 0.5671875 0.5796875 0.4578125 0.5796875 0.4578125 0.628125 0.5671875 0.628125
6 0.8 0.6156250000000001 0.6984375 0.615625 0.6984375 0.6625000000000001 0.8 0.6625000000000002
49 0.31718750000000007 0.9578125 0.17656250000000012 0.9578125 0.17656250000000012 1 0.31718750000000007 1
20 0.803125 0.2156250000000001 0.7 0.2156250000000001 0.7 0.2906250000000001 0.803125 0.2906250000000001
24 0.5671875 0.6328125 0.4578125 0.6328125 0.4578125 0.6828125 0.5671875 0.6828125
38 0.6859375 0.3750000000000001 0.5796875 0.3750000000000001 0.5796875 0.425 0.6859375 0.425
50 0.3156250000000001 0.3734375 0.17812500000000003 0.3734375 0.17812500000000003 0.4265625 0.3156250000000001 0.4265625
58 0.44531250000000017 0.8296875 0.3296875000000001 0.8296875 0.3296875000000001 0.88125 0.44531250000000017 0.88125
42 0.6859375000000001 0.696875 0.5796875 0.696875 0.5796875000000001 0.746875 0.6859375000000002 0.746875
27 0.6859375 0.4828125 0.5796875 0.4828125 0.5796875 0.5296875 0.6859375 0.5296875
19 0.5671875000000002 0.74375 0.4546875000000002 0.74375 0.4546875000000002 0.79375 0.5671875000000002 0.79375
36 0.6859375 0.4296875 0.5796875 0.4296875 0.5796875 0.478125 0.6859375 0.478125
16 0.4437500000000001 0.71875 0.3281250000000001 0.71875 0.3281250000000001 0.7703125 0.4437500000000002 0.7703125
45 0.5718750000000001 0.90625 0.4593750000000002 0.90625 0.4593750000000002 1 0.5718750000000001 1
13 0.3203125000000001 0.778125 0.17968750000000008 0.778125 0.17968750000000008 0.846875 0.3203125000000001 0.846875
59 0.6859375 0.5890625 0.5796875 0.5890625 0.5796875 0.6375 0.6859375 0.6375
4 0.803125 0.721875 0.7 0.721875 0.7000000000000001 0.76875 0.803125 0.7687500000000002
51 0.6859375 0.6453125 0.5796875 0.6453125 0.5796875 0.6921875 0.6859375 0.6921875
2 0.8015625 0.828125 0.6984375000000002 0.828125 0.6984375000000002 0.8765625 0.8015625 0.8765625
17 0.8015625 0.934375 0.6984375000000002 0.934375 0.6984375000000002 0.984375 0.8015625 0.984375
15 0.44375 0.6078125 0.3281250000000001 0.6078125 0.3281250000000001 0.6578125 0.44375 0.6578125
28 0.5671875 0.525 0.4578125 0.525 0.4578125 0.5734375 0.5671875 0.5734375
22 0.565625 0.20468750000000008 0.453125 0.20468750000000008 0.453125 0.2984375000000001 0.565625 0.2984375000000001
33 0.4453125 0.496875 0.3296875000000001 0.496875 0.3296875000000001 0.546875 0.4453125 0.546875
39 0.6875 0.2656250000000001 0.578125 0.2656250000000001 0.578125 0.3156250000000001 0.6875 0.3156250000000001
10 0.5687500000000002 0.8515625 0.45625000000000016 0.8515625 0.45625000000000016 0.9015625 0.5687500000000002 0.9015625
54 0.6859375 0.3203125000000001 0.5765625 0.3203125000000001 0.5765625 0.3703125000000001 0.6859375 0.3703125000000001
56 0.6875000000000002 0.80625 0.5781250000000002 0.80625 0.5781250000000002 0.85625 0.6875000000000002 0.85625
3 0.8015625 0.7750000000000001 0.7000000000000002 0.775 0.7000000000000002 0.8234375 0.8015625 0.8234375
29 0.5671875 0.4703125 0.4578125 0.4703125 0.4578125 0.51875 0.5671875 0.51875
9 0.8 0.45781250000000007 0.696875 0.4578125 0.696875 0.5046875000000001 0.8 0.5046875000000002
46 0.44375 0.20000000000000004 0.325 0.2 0.325 0.32343750000000004 0.44375 0.3234375000000001
5 0.8015625 0.6687500000000001 0.6984375 0.66875 0.6984375 0.7156250000000001 0.8015625 0.7156250000000002
0 0.8015625 0.4046875000000001 0.6953125 0.4046875 0.6953125 0.4515625000000001 0.8015625 0.4515625000000002
57 0.4437500000000002 0.7734375 0.3281250000000001 0.7734375 0.3281250000000001 0.825 0.4437500000000002 0.825
30 0.95 6.53463877982533e-17 0.1171875 1.4351329677508044e-17 0.11718750000000007 1 0.95 1