29 0.73125 0.5609375000000001 0.6671875 0.5609375 0.6671875 0.6421875000000001 0.73125 0.6421875000000001
21 0.3687500000000001 0.4671875 0.3046875000000001 0.4671875 0.3046875000000001 0.5484375 0.3687500000000001 0.5484375
47 0.6890625000000001 0.7375 0.3546875000000001 0.7375 0.3546875000000001 0.8375 0.6890625000000001 0.8375
46 1 0.6531250000000002 0.909375 0.6531250000000002 0.909375 0.7375000000000002 1 0.7375000000000002
20 1 0.3859375000000001 0.9609375 0.3859375000000001 0.9609375 0.4671875000000002 1 0.4671875000000002
12 0.9390625 0.5640625000000001 0.8765625 0.5640625000000001 0.8765625 0.6453125000000002 0.9390625 0.6453125000000002
42 0.4390625 0.4671875 0.3750000000000001 0.4671875 0.3750000000000001 0.5484375 0.4390625 0.5484375
19 0.3828125000000001 0.55625 0.3203125000000001 0.55625 0.3203125000000001 0.6390625 0.3828125000000001 0.6390625
9 0.7484375 0.3828125000000001 0.6859375 0.3828125000000001 0.6859375 0.4625000000000001 0.7484375 0.4625000000000002
51 0.50625 0.46875 0.4453125 0.46875 0.4453125 0.5484375 0.50625 0.5484375
24 0.521875 0.559375 0.459375 0.559375 0.459375 0.6390625 0.521875 0.6390625
43 0.3140625000000001 0.5546875 0.2500000000000001 0.5546875 0.2500000000000001 0.6375 0.3140625000000001 0.6375
1 0.19531250000000006 0.3734375 0.13125000000000003 0.3734375 0.13125000000000003 0.4546875 0.19531250000000006 0.4546875
57 0.34843750000000007 0.6453125 0.2843750000000001 0.6453125 0.2843750000000001 0.728125 0.34843750000000007 0.728125
28 0.6609375 0.559375 0.5984375 0.559375 0.5984375 0.6421875 0.6609375 0.6421875
27 0.715625 0.4703125 0.6515625 0.4703125 0.6515625 0.5515625 0.715625 0.5515625
40 0.834375 0.6531250000000002 0.771875 0.6531250000000002 0.7718750000000001 0.7328125000000002 0.834375 0.7328125000000002
55 0.4875000000000001 0.6484375 0.425 0.6484375 0.4250000000000001 0.7296875 0.48750000000000016 0.7296875
2 0.2640625000000001 0.375 0.2015625000000001 0.375 0.2015625000000001 0.4546875 0.2640625000000001 0.4546875
34 0.90625 0.6546875000000002 0.840625 0.6546875000000002 0.840625 0.7359375000000001 0.90625 0.7359375000000001
5 0.4734375 0.37968750000000007 0.409375 0.37968750000000007 0.409375 0.4609375 0.4734375 0.4609375
11 0.95625 0.3859375000000001 0.89375 0.3859375000000001 0.89375 0.46406250000000016 0.95625 0.46406250000000016
16 0.41875000000000007 0.646875 0.3546875000000001 0.646875 0.3546875000000001 0.7296875 0.4187500000000002 0.7296875
36 0.784375 0.4718750000000001 0.71875 0.471875 0.71875 0.5531250000000001 0.784375 0.5531250000000002
54 0.921875 0.4734375000000002 0.859375 0.4734375000000002 0.859375 0.5562500000000001 0.921875 0.5562500000000001
37 0.8703125 0.5640625000000001 0.80625 0.5640625000000001 0.80625 0.6453125000000002 0.8703125 0.6453125000000002
0 0.81875 0.3828125000000001 0.7546875 0.3828125000000001 0.7546875 0.46406250000000016 0.81875 0.46406250000000016
30 1 0.26406250000000003 0.031250000000000035 0.2640625 0.03125000000000007 0.8765625 1 0.8765625
23 0.453125 0.5578125 0.3906250000000001 0.5578125 0.3906250000000001 0.6390625 0.453125 0.6390625
13 0.2593750000000001 0.7359375 0.19531250000000008 0.7359375 0.19531250000000008 0.8328125 0.2593750000000001 0.8328125
4 0.403125 0.3765625 0.3421875000000001 0.3765625 0.3421875000000001 0.4578125 0.403125 0.4578125
31 0.8015625 0.5640625000000001 0.7375 0.5640625000000001 0.7375 0.6437500000000002 0.8015625 0.6437500000000002
39 0.9921875 0.4750000000000002 0.928125 0.4750000000000002 0.928125 0.5546875000000002 0.9921875 0.5546875000000002
45 0.1750000000000001 0.5515625 0.056250000000000064 0.5515625 0.056250000000000064 0.634375 0.1750000000000001 0.634375
49 0.1906250000000001 0.734375 0.12343750000000009 0.734375 0.12343750000000009 0.83125 0.1906250000000001 0.83125
52 0.15937500000000004 0.4609375 0.05937500000000007 0.4609375 0.05937500000000007 0.54375 0.15937500000000004 0.54375
38 0.853125 0.4734375000000002 0.7890625 0.4734375000000002 0.7890625 0.5546875000000002 0.853125 0.5546875000000002
53 0.6453125 0.4703125 0.5828125 0.4703125 0.5828125 0.5515625 0.6453125 0.5515625
58 0.27812500000000007 0.6453125 0.2156250000000001 0.6453125 0.2156250000000001 0.728125 0.27812500000000007 0.728125
41 0.2296875000000001 0.4640625 0.16562500000000005 0.4640625 0.16562500000000008 0.5453125 0.2296875000000001 0.5453125
35 0.6265625000000001 0.65 0.5625 0.65 0.5625000000000001 0.73125 0.6265625000000001 0.73125
6 0.5421875 0.3812500000000001 0.4796875 0.3812500000000001 0.4796875 0.4609375 0.5421875 0.4609375
14 0.846875 0.7421875000000002 0.7828125000000001 0.7421875000000002 0.7828125000000001 0.8390625 0.846875 0.8390625
32 0.12500000000000006 0.371875 0.06093750000000005 0.371875 0.06093750000000005 0.453125 0.12500000000000006 0.453125
48 0.8875 0.3843750000000001 0.8234375 0.3843750000000001 0.8234375 0.46406250000000016 0.8875 0.46406250000000016
7 0.6109375 0.3812500000000001 0.5484375 0.3812500000000001 0.5484375 0.4625 0.6109375 0.4625
22 1 0.5640625000000001 0.94375 0.5640625000000001 0.94375 0.6453125000000002 1 0.6453125000000002
8 0.6796875 0.3812500000000001 0.6171875 0.3812500000000001 0.6171875 0.4625 0.6796875 0.4625
25 0.590625 0.559375 0.5296875 0.559375 0.5296875 0.640625 0.590625 0.640625
33 0.6953125000000001 0.65 0.63125 0.65 0.6312500000000001 0.7328125 0.6953125000000002 0.7328125
59 0.5765625 0.4703125 0.5140625 0.4703125 0.5140625 0.5515625 0.5765625 0.5515625
10 0.24375000000000008 0.5546875 0.18125000000000008 0.5546875 0.18125000000000008 0.6359375 0.24375000000000008 0.6359375
15 0.5578125 0.6484375 0.49375 0.6484375 0.4937500000000001 0.73125 0.5578125000000002 0.73125
18 0.7656250000000001 0.6515625 0.7015625 0.6515625 0.7015625000000001 0.7328125000000001 0.7656250000000002 0.7328125000000002
3 0.3343750000000001 0.3765625 0.2718750000000001 0.3765625 0.2718750000000001 0.45625 0.3343750000000001 0.45625
44 0.21093750000000008 0.6421875 0.05625000000000009 0.6421875 0.05625000000000009 0.725 0.21093750000000008 0.725
56 0.2984375000000001 0.4640625 0.23437500000000008 0.4640625 0.23437500000000008 0.5453125 0.2984375000000001 0.5453125