59 0.415625 0.49375 0.3765625000000001 0.49375 0.3765625000000001 0.5609375 0.415625 0.5609375
40 0.56875 0.5625 0.528125 0.5625 0.528125 0.6265625 0.56875 0.6265625
50 0.709375 0.5671875 0.6578125 0.5671875 0.6578125 0.64375 0.709375 0.64375
6 0.3296875000000001 0.4328125 0.2953125000000001 0.4328125 0.2953125000000001 0.4953125 0.3296875000000001 0.4953125
32 0.14062500000000008 0.571875 0.10000000000000009 0.571875 0.10000000000000009 0.6390625 0.14062500000000008 0.6390625
21 0.2375000000000001 0.46875 0.19843750000000004 0.46875 0.19843750000000004 0.534375 0.2375000000000001 0.534375
48 0.56875 0.3609375000000001 0.5296875 0.3609375000000001 0.5296875 0.428125 0.56875 0.428125
17 0.11562500000000005 0.3640625 0.07656250000000005 0.3640625 0.07656250000000005 0.43125 0.11562500000000005 0.43125
0 0.5328125 0.3765625000000001 0.4921875 0.3765625000000001 0.4921875 0.4421875 0.5328125 0.4421875
53 0.4515625 0.478125 0.4125 0.478125 0.4125 0.5453125 0.4515625 0.5453125
34 0.603125 0.546875 0.5640625 0.546875 0.5640625 0.6125 0.603125 0.6125
43 0.20312500000000008 0.525 0.16406250000000006 0.525 0.16406250000000006 0.5890625 0.20312500000000008 0.5890625
44 0.10312500000000009 0.559375 0.05312500000000007 0.559375 0.05312500000000007 0.628125 0.10312500000000009 0.628125
38 0.559375 0.434375 0.5203125 0.434375 0.5203125 0.4984375 0.559375 0.4984375
55 0.2875000000000001 0.615625 0.2484375000000001 0.615625 0.2484375000000001 0.6828125 0.2875000000000001 0.6828125
24 0.30937500000000007 0.5578125 0.2750000000000001 0.5578125 0.2750000000000001 0.6203125 0.30937500000000007 0.6203125
46 0.703125 0.5046875 0.5984375 0.5046875 0.5984375 0.59375 0.703125 0.59375
14 0.5765625000000001 0.6265625 0.5234375 0.6265625 0.5234375000000001 0.7265625 0.5765625000000002 0.7265625
3 0.2250000000000001 0.3984375 0.18593750000000003 0.3984375 0.18593750000000003 0.4640625 0.2250000000000001 0.4640625
29 0.50625 0.521875 0.4671875 0.521875 0.4671875 0.5875 0.50625 0.5875
30 0.9875 0.18125000000000008 0.04062500000000002 0.18125 0.040625000000000064 0.83125 0.9875 0.83125
39 0.6296875 0.4015625 0.590625 0.4015625 0.590625 0.46875 0.6296875 0.46875
51 0.3062500000000001 0.4921875 0.2718750000000001 0.4921875 0.2718750000000001 0.5546875 0.3062500000000001 0.5546875
27 0.4875 0.4625 0.4484375 0.4625 0.4484375 0.5265625 0.4875 0.5265625
28 0.4703125 0.5375 0.4296875 0.5375 0.4296875 0.6046875 0.4703125 0.6046875
7 0.4265625 0.421875 0.3937500000000001 0.421875 0.3937500000000001 0.4828125 0.4265625 0.4828125
49 0.10156250000000008 0.621875 0.050000000000000065 0.621875 0.05000000000000008 0.6984375 0.10156250000000008 0.6984375
58 0.1781250000000001 0.5828125 0.1375000000000001 0.5828125 0.1375000000000001 0.6484375 0.1781250000000001 0.6484375
1 0.15156250000000004 0.375 0.11250000000000004 0.375 0.11250000000000004 0.4421875 0.15156250000000004 0.4421875
56 0.2015625000000001 0.4578125 0.16250000000000003 0.4578125 0.16250000000000003 0.521875 0.2015625000000001 0.521875
18 0.534375 0.578125 0.49375 0.578125 0.49375 0.6453125 0.534375 0.6453125
10 0.16562500000000008 0.5140625 0.12656250000000005 0.5140625 0.12656250000000008 0.578125 0.16562500000000008 0.578125
47 0.35625000000000007 0.6671875 0.1921875000000001 0.6671875 0.1921875000000001 0.7921875 0.35625000000000007 0.7921875
16 0.2515625000000001 0.60625 0.21093750000000008 0.60625 0.21093750000000008 0.6703125 0.2515625000000001 0.6703125
19 0.2390625000000001 0.5375 0.2000000000000001 0.5375 0.2000000000000001 0.6015625 0.2390625000000001 0.6015625
8 0.4609375 0.4078125 0.421875 0.4078125 0.421875 0.475 0.4609375 0.475
25 0.4359375 0.5546875 0.3859375000000001 0.5546875 0.3859375000000001 0.625 0.4359375 0.625
42 0.2750000000000001 0.4796875 0.23593750000000008 0.4796875 0.23593750000000008 0.5453125 0.2750000000000001 0.5453125
45 0.12968750000000007 0.4953125 0.06093750000000007 0.4953125 0.06093750000000007 0.5671875 0.1296875000000001 0.5671875
23 0.2765625000000001 0.546875 0.2375000000000001 0.546875 0.2375000000000001 0.6125 0.2765625000000001 0.6125
33 0.496875 0.5921875 0.4578125 0.5921875 0.4578125 0.6609375 0.496875 0.6609375
5 0.2968750000000001 0.4234375 0.26250000000000007 0.4234375 0.26250000000000007 0.484375 0.2968750000000001 0.484375
11 0.603125 0.3468750000000001 0.5640625 0.3468750000000001 0.5640625 0.4125 0.603125 0.4125
57 0.2140625000000001 0.59375 0.1750000000000001 0.59375 0.1750000000000001 0.6609375 0.2140625000000001 0.6609375
41 0.16406250000000006 0.446875 0.12343750000000005 0.446875 0.12343750000000005 0.5140625 0.16406250000000006 0.5140625
4 0.26250000000000007 0.409375 0.2234375000000001 0.409375 0.2234375000000001 0.475 0.26250000000000007 0.475
35 0.4609375 0.6125 0.421875 0.6125 0.421875 0.671875 0.4609375 0.671875
26 0.6484375 0.4609375 0.609375 0.4609375 0.609375 0.528125 0.6484375 0.528125
22 0.69375 0.3812500000000001 0.628125 0.3812500000000001 0.628125 0.5109375 0.69375 0.5109375
12 0.6125 0.4765625 0.5734375 0.4765625 0.5734375 0.540625 0.6125 0.540625
36 0.5234375 0.446875 0.484375 0.446875 0.484375 0.5125 0.5234375 0.5125
54 0.5953125 0.4171875 0.55625 0.4171875 0.55625 0.4828125 0.5953125 0.4828125
37 0.578125 0.490625 0.5390625 0.490625 0.5390625 0.55625 0.578125 0.55625
52 0.12656250000000005 0.4328125 0.06718750000000004 0.4328125 0.06718750000000005 0.5015625 0.12656250000000005 0.5015625
15 0.32500000000000007 0.6265625 0.28593750000000007 0.6265625 0.28593750000000007 0.69375 0.32500000000000007 0.69375
31 0.540625 0.50625 0.5015625 0.50625 0.5015625 0.571875 0.540625 0.571875
9 0.4984375 0.3921875000000001 0.4578125 0.3921875000000001 0.4578125 0.459375 0.4984375 0.459375
20 0.675 0.3125000000000001 0.5984375 0.3125000000000001 0.5984375 0.3984375000000001 0.675 0.3984375000000001
13 0.19531250000000008 0.65 0.1437500000000001 0.65 0.1437500000000001 0.74375 0.19531250000000008 0.74375
2 0.18906250000000005 0.3875 0.14843750000000006 0.3875 0.14843750000000006 0.453125 0.18906250000000005 0.453125
47 0.5312500000000001 0.6453125 0.3687500000000001 0.6453125 0.3687500000000001 0.79375 0.5312500000000002 0.79375