45 0.78125 0.0015625000000000857 0.615625 0.0015625000000000755 0.615625 0.2453125000000001 0.78125 0.2453125000000001
21 0.9890625 0.49531250000000016 0.8171875 0.49531250000000016 0.8171875 0.6281250000000002 0.9890625 0.6281250000000002
24 0.8734375 0.8328125 0.7015625000000002 0.8328125 0.7015625000000002 0.96875 0.8734375 0.96875
43 0.8203125 0.4015625000000001 0.6546875 0.4015625 0.6546875 0.5390625000000001 0.8203125 0.5390625000000002
49 0.409375 3.846156353572156e-17 0.21875 2.6789148731348354e-17 0.21875 0.13750000000000004 0.409375 0.13750000000000004
44 0.6078125 6.305017504985202e-17 0.421875 5.166478683902896e-17 0.421875 0.18281250000000007 0.6078125 0.1828125000000001
56 0.9734375 0.3593750000000001 0.8140625 0.3593750000000001 0.8140625 0.4890625000000002 0.9734375 0.4890625000000002
13 0.4546875 0.31718750000000007 0.2640625 0.3171875 0.26406250000000003 0.4609375 0.4546875 0.4609375
32 0.625 0.19062500000000007 0.43125 0.19062500000000004 0.43125 0.3343750000000001 0.625 0.3343750000000001
16 0.6812500000000001 0.6390625 0.5 0.6390625 0.5000000000000001 0.784375 0.6812500000000001 0.784375
51 1 0.7718750000000002 0.8703125 0.7718750000000002 0.8703125 0.9 1 0.9
15 0.7203125000000001 0.9390625 0.5312500000000002 0.9390625 0.5312500000000002 1 0.7203125000000001 1
23 0.859375 0.6921875000000001 0.684375 0.6921875 0.6843750000000001 0.828125 0.859375 0.828125
17 1 0.010937500000000117 0.9296875 0.010937500000000114 0.9296875 0.13593750000000013 1 0.13593750000000013
1 1 0.14531250000000012 0.934375 0.14531250000000012 0.934375 0.2687500000000001 1 0.2687500000000001
30 1 6.123233995736766e-17 0 0 6.123233995736766e-17 1 1 1
3 1 0.41406250000000017 0.9546875 0.41406250000000017 0.9546875 0.5421875000000002 1 0.5421875000000002
42 1 0.6375000000000002 0.8609375 0.6375000000000002 0.8609375 0.7656250000000002 1 0.7656250000000002
58 0.646875 0.3343750000000001 0.4625 0.3343750000000001 0.4625 0.4828125 0.646875 0.4828125
57 0.6703125 0.4890625 0.4796875 0.4890625 0.4796875 0.6328125 0.6703125 0.6328125
55 0.7062500000000002 0.7875 0.5187500000000002 0.7875 0.5187500000000002 0.934375 0.7062500000000002 0.934375
19 0.840625 0.5468750000000001 0.6671875 0.546875 0.6671875 0.6843750000000001 0.840625 0.6843750000000002
41 0.9546875 0.2156250000000001 0.7875 0.2156250000000001 0.7875 0.3500000000000001 0.9546875 0.3500000000000001
47 0.5312500000000001 0.6265625 0.30156250000000007 0.6265625 0.30156250000000007 1 0.5312500000000002 1
2 1 0.2812500000000001 0.94375 0.2812500000000001 0.94375 0.40937500000000016 1 0.40937500000000016
52 0.9375 0.0031250000000001056 0.7828125 0.0031250000000000956 0.7828125 0.21250000000000008 0.9375 0.21250000000000008
59 1 0.9125 0.86875 0.9125 0.86875 1 1 1
10 0.8046875 0.2578125000000001 0.6390625 0.2578125000000001 0.6390625 0.39531250000000007 0.8046875 0.39531250000000007