19 0.7796875 0.2750000000000001 0.7328125 0.2750000000000001 0.7328125 0.30937500000000007 0.7796875 0.30937500000000007
57 0.8359375 0.2578125000000001 0.7890625 0.2578125000000001 0.7890625 0.2921875000000001 0.8359375 0.2921875000000001
38 0.684375 0.528125 0.640625 0.528125 0.640625 0.559375 0.684375 0.559375
55 0.821875 0.3343750000000001 0.775 0.3343750000000001 0.775 0.3687500000000001 0.821875 0.3687500000000001
52 0.7546875 0.13281250000000008 0.7046875 0.13281250000000008 0.7046875 0.1828125000000001 0.7546875 0.1828125000000001
1 0.6984375 0.1671875000000001 0.653125 0.1671875000000001 0.653125 0.2000000000000001 0.6984375 0.2000000000000001
53 0.703125 0.415625 0.6578125 0.415625 0.6578125 0.4484375 0.703125 0.4484375
47 0.8875 0.3000000000000001 0.80625 0.3000000000000001 0.80625 0.4906250000000002 0.8875 0.4906250000000002
46 0.7734375 0.6031250000000001 0.7171875 0.603125 0.7171875 0.6875000000000001 0.7734375 0.6875000000000002
6 0.6640625 0.3546875000000001 0.621875 0.3546875000000001 0.621875 0.3890625000000001 0.6640625 0.3890625000000001
14 0.8328125 0.5812500000000002 0.7859375 0.5812500000000002 0.7859375 0.6171875000000002 0.8328125 0.6171875000000002
17 0.7046875 0.1296875000000001 0.6609375 0.1296875000000001 0.6609375 0.16406250000000008 0.7046875 0.16406250000000008
37 0.7328125 0.5421875 0.6875 0.5421875 0.6875 0.5765625000000001 0.7328125 0.5765625000000002
49 0.915625 0.1265625000000001 0.865625 0.12656250000000008 0.865625 0.1734375000000001 0.915625 0.17343750000000013
10 0.79375 0.1984375000000001 0.746875 0.1984375000000001 0.746875 0.2312500000000001 0.79375 0.2312500000000001
21 0.73125 0.26250000000000007 0.6859375 0.26250000000000007 0.6859375 0.2968750000000001 0.73125 0.2968750000000001
13 0.909375 0.1718750000000001 0.859375 0.17187500000000008 0.859375 0.2078125000000001 0.909375 0.2078125000000001
23 0.7734375 0.3125000000000001 0.7265625 0.3125000000000001 0.7265625 0.3468750000000001 0.7734375 0.3468750000000001
54 0.678125 0.5640625 0.6328125 0.5640625 0.6328125 0.5984375 0.678125 0.5984375
51 0.7171875 0.3390625000000001 0.671875 0.3390625000000001 0.671875 0.37187500000000007 0.7171875 0.37187500000000007
7 0.6578125 0.3937500000000001 0.6140625 0.3937500000000001 0.6140625 0.4265625 0.6578125 0.4265625
4 0.6765625 0.2796875000000001 0.634375 0.2796875000000001 0.634375 0.3140625000000001 0.6765625 0.3140625000000001
36 0.6890625 0.4890625 0.646875 0.4890625 0.646875 0.521875 0.6890625 0.521875
25 0.7609375 0.3906250000000001 0.7140625 0.3906250000000001 0.7140625 0.4234375000000001 0.7609375 0.4234375000000002
20 0.61875 0.615625 0.5734375 0.615625 0.5734375 0.665625 0.61875 0.665625
3 0.684375 0.24218750000000008 0.640625 0.24218750000000008 0.640625 0.2765625000000001 0.684375 0.2765625000000001
35 0.8078125 0.4109375000000002 0.7609375 0.4109375000000002 0.7609375 0.44531250000000017 0.8078125 0.44531250000000017
58 0.8421875 0.21875000000000008 0.7953125 0.21875000000000008 0.7953125 0.2531250000000001 0.8421875 0.2531250000000001
40 0.7859375 0.5265625000000002 0.740625 0.5265625000000002 0.740625 0.5609375000000002 0.7859375 0.5609375000000002
24 0.765625 0.3515625000000001 0.7203125 0.3515625000000001 0.7203125 0.3843750000000001 0.765625 0.3843750000000001
8 0.6515625 0.43125 0.609375 0.43125 0.609375 0.4640625 0.6515625 0.4640625
28 0.7515625 0.4281250000000001 0.70625 0.428125 0.70625 0.4609375000000001 0.7515625 0.46093750000000017
34 0.778125 0.5640625000000001 0.734375 0.5640625000000001 0.734375 0.5984375000000002 0.778125 0.5984375000000002
12 0.7265625 0.5781250000000001 0.68125 0.578125 0.68125 0.6125 0.7265625 0.6125000000000002
22 0.7125 0.6375 0.6203125 0.6375 0.6203125 0.678125 0.7125 0.678125
31 0.7375 0.5046875000000001 0.69375 0.5046875 0.69375 0.5390625000000001 0.7375 0.5390625000000002
45 0.8046875 0.13281250000000008 0.7546875 0.13281250000000008 0.7546875 0.1921875000000001 0.8046875 0.1921875000000001
0 0.6390625 0.503125 0.596875 0.503125 0.596875 0.5359375 0.6390625 0.5359375
18 0.7921875 0.4890625000000002 0.746875 0.4890625000000002 0.746875 0.5234375000000002 0.7921875 0.5234375000000002
9 0.64375 0.4671875 0.603125 0.4671875 0.603125 0.5 0.64375 0.5
29 0.746875 0.4671875000000001 0.7 0.4671875 0.7 0.5000000000000001 0.746875 0.5000000000000002
41 0.7453125 0.18750000000000008 0.6984375 0.18750000000000008 0.6984375 0.2218750000000001 0.7453125 0.2218750000000001
32 0.846875 0.17968750000000008 0.8 0.17968750000000008 0.8 0.2140625000000001 0.846875 0.2140625000000001
33 0.8 0.4515625000000002 0.753125 0.4515625000000002 0.753125 0.4859375000000002 0.8 0.4859375000000002
30 0.95 0.09375000000000008 0.45625 0.09375000000000007 0.4562500000000001 1 0.95 1
50 0.8234375 0.6203125000000002 0.7703125 0.6203125000000002 0.7703125 0.6968750000000001 0.8234375 0.6968750000000001
11 0.625 0.5765625 0.584375 0.5765625 0.584375 0.609375 0.625 0.609375
42 0.725 0.30156250000000007 0.6796875 0.30156250000000007 0.6796875 0.3343750000000001 0.725 0.3343750000000001
44 0.859375 0.1312500000000001 0.809375 0.1312500000000001 0.809375 0.1750000000000001 0.859375 0.1750000000000001
2 0.690625 0.20468750000000008 0.646875 0.20468750000000008 0.646875 0.2390625000000001 0.690625 0.2390625000000001
5 0.671875 0.31718750000000007 0.6296875 0.31718750000000007 0.6296875 0.3515625000000001 0.671875 0.3515625000000001
26 0.71875 0.6140625 0.675 0.6140625 0.675 0.65 0.71875 0.65
59 0.7109375 0.3781250000000001 0.665625 0.3781250000000001 0.665625 0.409375 0.7109375 0.409375
27 0.696875 0.453125 0.653125 0.453125 0.653125 0.4859375 0.696875 0.4859375
48 0.63125 0.540625 0.590625 0.540625 0.590625 0.5734375 0.63125 0.5734375
56 0.7375 0.2250000000000001 0.6921875 0.2250000000000001 0.6921875 0.2593750000000001 0.7375 0.2593750000000001
39 0.671875 0.6015625 0.628125 0.6015625 0.628125 0.634375 0.671875 0.634375
43 0.7875 0.23593750000000008 0.740625 0.23593750000000008 0.740625 0.27031250000000007 0.7875 0.27031250000000007
15 0.8140625 0.3734375000000001 0.7671875 0.3734375000000001 0.7671875 0.4078125000000002 0.8140625 0.4078125000000002
16 0.828125 0.2968750000000001 0.78125 0.2968750000000001 0.78125 0.3312500000000001 0.828125 0.3312500000000001