51 0.3671875000000001 0.4359375 0.3203125000000001 0.4359375 0.3203125000000001 0.55 0.3671875000000001 0.55
57 0.2578125000000001 0.678125 0.2078125000000001 0.678125 0.2078125000000001 0.7921875 0.2578125000000001 0.7921875
29 0.53125 0.5578125 0.4859375 0.5578125 0.4859375 0.6703125 0.53125 0.6703125
31 0.5796875 0.5578125 0.5359375 0.5578125 0.5359375 0.6703125 0.5796875 0.6703125
24 0.3781250000000001 0.559375 0.33281250000000007 0.559375 0.33281250000000007 0.6734375 0.3781250000000001 0.6734375
6 0.3921875 0.31875000000000003 0.3453125 0.31875 0.3453125 0.4328125 0.3921875000000001 0.4328125
25 0.43125 0.5578125 0.3843750000000001 0.5578125 0.3843750000000001 0.6703125 0.43125 0.6703125
50 0.8 0.809375 0.7531250000000002 0.809375 0.7531250000000002 0.9234375 0.8 0.9234375
20 0.8015625 0.31718750000000007 0.7015625 0.31718750000000007 0.7015625 0.4312500000000001 0.8015625 0.4312500000000002
22 0.8015625 0.4359375000000001 0.721875 0.4359375 0.721875 0.6781250000000001 0.8015625 0.6781250000000002
56 0.2171875000000001 0.4359375 0.17031250000000003 0.4359375 0.17031250000000006 0.55 0.2171875000000001 0.55
48 0.6453125 0.31718750000000007 0.5984375 0.31718750000000007 0.5984375 0.4359375 0.6453125 0.4359375
10 0.1781250000000001 0.55625 0.1312500000000001 0.55625 0.1312500000000001 0.6703125 0.1781250000000001 0.6703125
15 0.4078125000000001 0.678125 0.3593750000000001 0.678125 0.3593750000000001 0.7953125 0.4078125000000002 0.7953125
43 0.22812500000000008 0.55625 0.18125000000000008 0.55625 0.18125000000000008 0.671875 0.22812500000000008 0.671875
12 0.6828125 0.559375 0.6359375 0.559375 0.6359375 0.6734375 0.6828125 0.6734375
27 0.51875 0.4375 0.4734375 0.4375 0.4734375 0.5484375 0.51875 0.5484375
23 0.3296875000000001 0.559375 0.2828125000000001 0.559375 0.2828125000000001 0.6734375 0.3296875000000001 0.6734375
0 0.5953125 0.31718750000000007 0.5484375 0.31718750000000007 0.5484375 0.4359375 0.5953125 0.4359375
17 0.08750000000000005 0.315625 0.040625000000000036 0.315625 0.04062500000000004 0.4328125 0.08750000000000005 0.4328125
28 0.48125 0.559375 0.4359375 0.559375 0.4359375 0.6734375 0.48125 0.6734375
49 0.0890625000000001 0.8015625 0.0390625000000001 0.8015625 0.039062500000000104 0.915625 0.08906250000000011 0.915625
1 0.14062500000000006 0.315625 0.09218750000000005 0.315625 0.09218750000000005 0.4328125 0.14062500000000006 0.4328125
59 0.41875 0.4359375 0.3703125000000001 0.4359375 0.3703125000000001 0.553125 0.41875 0.553125
4 0.290625 0.3171875 0.2453125 0.3171875 0.24531250000000004 0.43125 0.2906250000000001 0.43125
30 0.8140625 0.20468750000000005 0.029687500000000023 0.2046875 0.029687500000000068 0.95 0.8140625 0.95
7 0.4421875 0.31718750000000007 0.396875 0.31718750000000007 0.39687500000000003 0.434375 0.4421875 0.434375
2 0.19218750000000004 0.315625 0.14531250000000004 0.315625 0.14531250000000004 0.4328125 0.19218750000000004 0.4328125
44 0.10156250000000008 0.6765625 0.04062500000000008 0.6765625 0.04062500000000009 0.7921875 0.10156250000000008 0.7921875
41 0.16718750000000007 0.4359375 0.11718750000000004 0.4359375 0.11718750000000007 0.553125 0.1671875000000001 0.553125
21 0.2671875000000001 0.4359375 0.21875000000000008 0.4359375 0.21875000000000008 0.5546875 0.2671875000000001 0.5546875
45 0.1281250000000001 0.55625 0.040625000000000064 0.55625 0.04062500000000007 0.6703125 0.1281250000000001 0.6703125
58 0.20468750000000008 0.678125 0.15781250000000008 0.678125 0.15781250000000008 0.7953125 0.20468750000000008 0.7953125
11 0.6953125 0.3156250000000001 0.65 0.3156250000000001 0.65 0.4328125 0.6953125 0.4328125
38 0.6203125 0.4390625 0.5734375 0.4390625 0.5734375 0.5515625 0.6203125 0.5515625
14 0.6109375000000001 0.8015625 0.5640625000000001 0.8015625 0.5640625000000001 0.915625 0.6109375000000001 0.915625
55 0.3578125000000001 0.678125 0.3109375000000001 0.678125 0.3109375000000001 0.7953125 0.3578125000000001 0.7953125
9 0.5453125 0.31718750000000007 0.4984375 0.31718750000000007 0.4984375 0.434375 0.5453125 0.434375
26 0.7328125 0.5578125 0.6859375 0.5578125 0.6859375 0.6765625000000001 0.7328125 0.6765625000000002
52 0.11562500000000006 0.4359375 0.04062500000000006 0.4359375 0.040625000000000064 0.5484375 0.11562500000000009 0.5484375
37 0.63125 0.559375 0.5859375 0.559375 0.5859375 0.6734375 0.63125 0.6734375
33 0.5109375 0.678125 0.4609375 0.678125 0.4609375000000001 0.7984375 0.5109375000000002 0.7984375
40 0.6109375000000001 0.678125 0.5625 0.678125 0.5625000000000001 0.7921875 0.6109375000000001 0.7921875
39 0.7203125 0.4390625 0.6734375 0.4390625 0.6734375 0.553125 0.7203125 0.553125
3 0.24218750000000006 0.315625 0.19375000000000003 0.315625 0.19375000000000003 0.4328125 0.24218750000000008 0.4328125
5 0.34062500000000007 0.31875 0.2953125 0.31875 0.29531250000000003 0.4328125 0.34062500000000007 0.4328125
54 0.6703125 0.4375 0.6234375 0.4375 0.6234375 0.5546875 0.6703125 0.5546875
36 0.56875 0.4390625 0.521875 0.4390625 0.521875 0.5515625 0.56875 0.5515625
19 0.27812500000000007 0.559375 0.2312500000000001 0.559375 0.2312500000000001 0.6734375 0.27812500000000007 0.6734375
34 0.6625000000000001 0.678125 0.6140625 0.678125 0.6140625000000001 0.7953125 0.6625000000000002 0.7953125
35 0.45781250000000007 0.678125 0.4109375 0.678125 0.41093750000000007 0.7953125 0.4578125000000002 0.7953125
47 0.5625000000000002 0.7984375 0.24375000000000008 0.7984375 0.24375000000000008 0.9140625 0.5625000000000002 0.9140625
53 0.46875 0.4390625 0.421875 0.4390625 0.421875 0.553125 0.46875 0.553125
13 0.2453125000000001 0.8015625 0.19531250000000008 0.8015625 0.1953125000000001 0.915625 0.2453125000000001 0.915625
46 0.803125 0.6765625000000001 0.7125 0.6765625 0.7125000000000001 0.7984375000000001 0.803125 0.7984375000000001
42 0.31718750000000007 0.4390625 0.27031250000000007 0.4390625 0.27031250000000007 0.553125 0.31718750000000007 0.553125
32 0.1546875000000001 0.678125 0.10468750000000009 0.678125 0.10468750000000009 0.7953125 0.1546875000000001 0.7953125
8 0.49375 0.31718750000000007 0.446875 0.31718750000000007 0.446875 0.434375 0.49375 0.434375
18 0.5593750000000001 0.6796875 0.5125 0.6796875 0.5125000000000001 0.796875 0.5593750000000002 0.796875
16 0.3078125000000001 0.678125 0.2578125000000001 0.678125 0.2578125000000001 0.7953125 0.3078125000000001 0.7953125