42 0.803125 0.8078125 0.7250000000000002 0.8078125 0.7250000000000002 0.8390625 0.803125 0.8390625
50 0.5875 0.4328125 0.515625 0.4328125 0.515625 0.484375 0.5875 0.484375
28 0.70625 0.6109375 0.63125 0.6109375 0.63125 0.6390625 0.70625 0.6390625
8 0.8625 0.6171875000000002 0.7875 0.6171875000000002 0.7875 0.6453125000000002 0.8625 0.6453125000000002
37 0.734375 0.51875 0.6625 0.51875 0.6625 0.5468750000000001 0.734375 0.5468750000000002
16 0.6531250000000002 0.834375 0.5781250000000002 0.834375 0.5781250000000002 0.865625 0.6531250000000002 0.865625
34 0.659375 0.503125 0.5890625 0.503125 0.5890625 0.53125 0.659375 0.53125
52 0.8484375 0.9359375 0.7765625000000002 0.9359375 0.7765625000000002 0.9828125 0.8484375 0.9828125
32 0.6875000000000002 0.93125 0.6156250000000002 0.93125 0.6156250000000002 0.9515625 0.6875000000000002 0.9515625
3 0.9015625 0.8453125 0.8265625 0.8453125 0.8265625 0.8765625 0.9015625 0.8765625
35 0.6203125 0.6234375 0.5296875 0.6234375 0.5296875 0.6796875 0.6203125 0.6796875
2 0.9140625 0.8796875 0.8390625 0.8796875 0.8390625 0.909375 0.9140625 0.909375
4 0.8875 0.8125 0.8125 0.8125 0.8125 0.84375 0.8875 0.84375
9 0.871875 0.5875000000000001 0.8 0.5875000000000001 0.8 0.6171875000000002 0.871875 0.6171875000000002
17 0.928125 0.9421875 0.8578125 0.9421875 0.8578125 0.9796875 0.928125 0.9796875
47 0.5484375 0.6015625 0.4390625 0.6015625 0.4390625 0.7140625 0.5484375 0.7140625
39 0.8203125 0.47187500000000016 0.7484375 0.47187500000000016 0.7484375 0.5000000000000002 0.8203125 0.5000000000000002
14 0.565625 0.5640625 0.490625 0.5640625 0.490625 0.6015625 0.565625 0.6015625
43 0.7484375000000002 0.865625 0.6734375000000001 0.865625 0.6734375000000001 0.8953125 0.7484375000000002 0.8953125
47 0.5671875000000002 0.7328125 0.4390625000000002 0.7328125 0.4390625000000002 0.8515625 0.5671875000000002 0.8515625
15 0.6203125000000002 0.7703125 0.5390625000000002 0.7703125 0.5390625000000002 0.8046875 0.6203125000000002 0.8046875
22 0.821875 0.4328125000000001 0.6703125 0.4328125 0.6703125 0.4671875000000001 0.821875 0.4671875000000002
23 0.7187500000000002 0.8015625 0.6406250000000002 0.8015625 0.6406250000000002 0.8328125 0.7187500000000002 0.8328125
6 0.8484375 0.7421875000000002 0.7609375000000002 0.7421875000000002 0.7609375000000002 0.7828125000000001 0.8484375 0.7828125000000001
11 0.89375 0.4937500000000002 0.8234375 0.4937500000000002 0.8234375 0.5218750000000002 0.89375 0.5218750000000002
40 0.6515625 0.534375 0.5828125 0.534375 0.5828125 0.5625 0.6515625 0.5625
53 0.7796875 0.6234375000000001 0.7046875 0.6234375 0.7046875 0.6546875000000001 0.7796875 0.6546875000000002
30 0.9875 0.19531250000000008 0.421875 0.19531250000000006 0.4218750000000001 0.9953125 0.9875 0.9953125
1 0.921875 0.9109375 0.85 0.9109375 0.85 0.9390625 0.921875 0.9390625
38 0.809375 0.5328125000000001 0.7390625 0.5328125000000001 0.7390625 0.5609375000000002 0.809375 0.5609375000000002
29 0.71875 0.5796875 0.64375 0.5796875 0.64375 0.6078125 0.71875 0.6078125
18 0.6453125 0.5640625 0.5734375 0.5640625 0.5734375 0.5921875 0.6453125 0.5921875
49 0.6125000000000002 0.9484375 0.5375000000000002 0.9484375 0.5375000000000002 0.9875 0.6125000000000002 0.9875
59 0.7640625 0.6546875000000001 0.6828125 0.6546875 0.6828125 0.6937500000000001 0.7640625 0.6937500000000002
46 0.6640625 0.434375 0.59375 0.434375 0.59375 0.5 0.6640625 0.5
7 0.853125 0.6468750000000002 0.7609375 0.6468750000000002 0.7609375 0.7015625000000002 0.853125 0.7015625000000002
31 0.728125 0.5484375000000001 0.65625 0.5484375 0.65625 0.5765625000000001 0.728125 0.5765625000000002
56 0.834375 0.8703125 0.7593750000000001 0.8703125 0.7593750000000001 0.9015625 0.834375 0.9015625
44 0.6921875000000002 0.9546875 0.6218750000000002 0.9546875 0.6218750000000002 0.984375 0.6921875000000002 0.984375
0 0.8828125 0.5578125000000002 0.8078125 0.5578125000000002 0.8078125 0.5859375000000002 0.8828125 0.5859375000000002
51 0.7875000000000002 0.7515625000000001 0.6906250000000002 0.7515625 0.6906250000000002 0.809375 0.7875000000000002 0.809375
13 0.5843750000000002 0.8515625 0.5062500000000002 0.8515625 0.5062500000000002 0.8828125 0.5843750000000002 0.8828125
33 0.6328125 0.5953125 0.5578125 0.5953125 0.5578125 0.6265625 0.6328125 0.6265625
25 0.69375 0.6390625 0.60625 0.6390625 0.60625 0.6859375 0.69375 0.6859375
27 0.790625 0.5937500000000001 0.71875 0.59375 0.71875 0.6218750000000001 0.790625 0.6218750000000002
54 0.815625 0.5015625000000001 0.74375 0.5015625000000001 0.74375 0.5296875000000002 0.815625 0.5296875000000002
26 0.7453125 0.46562500000000007 0.6703125 0.465625 0.6703125 0.4843750000000001 0.7453125 0.48437500000000017
20 0.896875 0.4312500000000002 0.825 0.4312500000000002 0.825 0.4906250000000002 0.896875 0.4906250000000002
24 0.6984375000000002 0.7625 0.6109375000000001 0.7625 0.6109375000000001 0.8015625 0.6984375000000002 0.8015625
58 0.6796875000000002 0.8984375 0.6078125000000002 0.8984375 0.6078125000000002 0.928125 0.6796875000000002 0.928125
41 0.84375 0.903125 0.7687500000000002 0.903125 0.7687500000000002 0.934375 0.84375 0.934375
10 0.7578125000000002 0.896875 0.6859375000000002 0.896875 0.6859375000000002 0.9265625 0.7578125000000002 0.9265625
19 0.7375000000000002 0.8328125 0.6578125000000001 0.8328125 0.6578125000000001 0.8640625 0.7375000000000002 0.8640625
12 0.740625 0.4875000000000001 0.66875 0.4875 0.66875 0.5156250000000001 0.740625 0.5156250000000002
21 0.81875 0.8390625 0.7437500000000001 0.8390625 0.7437500000000001 0.8703125 0.81875 0.8703125
5 0.86875 0.7828125000000001 0.7937500000000002 0.7828125000000001 0.7937500000000002 0.8140625 0.86875 0.8140625
36 0.8015625 0.5640625000000001 0.7296875 0.5640625000000001 0.7296875 0.5921875000000002 0.8015625 0.5921875000000002
45 0.7671875000000001 0.9296875 0.6953125000000002 0.9296875 0.6953125000000002 0.9828125 0.7671875000000001 0.9828125
55 0.6375000000000002 0.803125 0.5593750000000002 0.803125 0.5593750000000002 0.8359375 0.6375000000000002 0.8359375
57 0.6687500000000002 0.865625 0.5937500000000002 0.865625 0.5937500000000002 0.896875 0.6687500000000002 0.896875
48 0.8890625 0.5250000000000001 0.8171875 0.5250000000000001 0.8171875 0.5531250000000002 0.8890625 0.5531250000000002