25 0.41875 0.3671875000000001 0.38750000000000007 0.3671875000000001 0.38750000000000007 0.4140625 0.41875 0.4140625
28 0.453125 0.3671875000000001 0.421875 0.3671875000000001 0.421875 0.4140625 0.453125 0.4140625
49 0.19218750000000004 0.4703125 0.15156250000000004 0.4703125 0.15156250000000004 0.5171875 0.19218750000000004 0.5171875
58 0.2609375000000001 0.41875 0.2296875000000001 0.41875 0.2296875000000001 0.465625 0.2609375000000001 0.465625
13 0.2953125000000001 0.4703125 0.26250000000000007 0.4703125 0.26250000000000007 0.51875 0.2953125000000001 0.51875
41 0.23750000000000004 0.3203125 0.20625 0.3203125 0.20625000000000004 0.365625 0.2375000000000001 0.365625
1 0.221875 0.271875 0.19218750000000004 0.271875 0.19218750000000004 0.315625 0.221875 0.315625
51 0.37500000000000006 0.31718750000000007 0.34375 0.3171875 0.34375000000000006 0.36406250000000007 0.3750000000000001 0.36406250000000007
42 0.34062500000000007 0.31875 0.309375 0.31875 0.30937500000000007 0.3640625 0.34062500000000007 0.3640625
29 0.4890625 0.3671875000000001 0.45625 0.3671875000000001 0.45625 0.4140625 0.4890625 0.4140625
14 0.509375 0.4703125 0.475 0.4703125 0.475 0.5171875 0.509375 0.5171875
6 0.39375 0.2671875 0.3625 0.2671875 0.3625 0.31093750000000003 0.39375 0.3109375000000001
32 0.22812500000000008 0.41875 0.19687500000000005 0.41875 0.19687500000000005 0.465625 0.22812500000000008 0.465625
31 0.5234375 0.3671875000000001 0.4921875 0.3671875000000001 0.4921875 0.4140625 0.5234375 0.4140625
26 0.6296875 0.3687500000000001 0.596875 0.3687500000000001 0.596875 0.4140625 0.6296875 0.4140625
9 0.496875 0.2656250000000001 0.465625 0.2656250000000001 0.465625 0.3109375000000001 0.496875 0.3109375000000001
40 0.5421875 0.41875 0.509375 0.41875 0.509375 0.465625 0.5421875 0.465625
12 0.59375 0.3687500000000001 0.5625 0.3687500000000001 0.5625 0.4140625 0.59375 0.4140625
48 0.5671875 0.2687500000000001 0.5359375 0.2687500000000001 0.5359375 0.3109375000000001 0.5671875 0.3109375000000001
27 0.4796875 0.31718750000000007 0.4484375 0.31718750000000007 0.4484375 0.3625000000000001 0.4796875 0.3625000000000001
39 0.61875 0.3187500000000001 0.5875 0.3187500000000001 0.5875 0.36406250000000007 0.61875 0.36406250000000007
54 0.584375 0.3187500000000001 0.553125 0.3187500000000001 0.553125 0.36406250000000007 0.584375 0.36406250000000007
15 0.4015625 0.41875 0.3671875000000001 0.41875 0.3671875000000001 0.465625 0.4015625 0.465625
21 0.30625 0.31875 0.275 0.31875 0.275 0.3640625 0.3062500000000001 0.3640625
52 0.20312500000000006 0.3203125 0.15625000000000006 0.3203125 0.15625000000000006 0.3671875 0.20312500000000008 0.3671875
47 0.4703125 0.46875 0.2984375000000001 0.46875 0.2984375000000001 0.5171875 0.4703125 0.5171875
18 0.50625 0.41875 0.4734375 0.41875 0.4734375 0.465625 0.50625 0.465625
3 0.2890625 0.26875 0.2578125 0.26875 0.2578125 0.3140625 0.2890625 0.3140625
11 0.6 0.2687500000000001 0.5703125 0.2687500000000001 0.5703125 0.3125000000000001 0.6 0.3125000000000001
5 0.3578125 0.26875 0.3265625 0.26875 0.3265625 0.3125 0.3578125 0.3125
17 0.18906250000000005 0.271875 0.15937500000000004 0.271875 0.15937500000000004 0.315625 0.18906250000000005 0.315625
10 0.2453125000000001 0.36875 0.2140625000000001 0.36875 0.2140625000000001 0.415625 0.2453125000000001 0.415625
24 0.3828125000000001 0.36718750000000006 0.3515625000000001 0.3671875 0.3515625000000001 0.4140625 0.3828125000000001 0.4140625
35 0.4359375 0.41875 0.403125 0.41875 0.403125 0.465625 0.4359375 0.465625
46 0.6359375 0.41875 0.5796875 0.41875 0.5796875 0.465625 0.6359375 0.465625
8 0.4625 0.2656250000000001 0.4296875 0.2656250000000001 0.4296875 0.3109375000000001 0.4625 0.3109375000000001
50 0.609375 0.46875 0.5453125 0.46875 0.5453125 0.5171875 0.609375 0.5171875
4 0.3234375 0.26875 0.2921875 0.26875 0.2921875 0.3125 0.3234375 0.3125
34 0.5765625 0.4203125 0.5453125 0.4203125 0.5453125 0.465625 0.5765625 0.465625
59 0.409375 0.31718750000000007 0.378125 0.31718750000000007 0.378125 0.3625000000000001 0.409375 0.3625000000000001
45 0.21093750000000008 0.3703125 0.15625000000000006 0.3703125 0.15625000000000006 0.415625 0.21093750000000008 0.415625
36 0.515625 0.31718750000000007 0.4828125 0.31718750000000007 0.4828125 0.3625000000000001 0.515625 0.3625000000000001
38 0.55 0.31718750000000007 0.51875 0.31718750000000007 0.51875 0.3625000000000001 0.55 0.3625000000000001
22 0.6609375 0.31718750000000007 0.621875 0.31718750000000007 0.621875 0.4140625 0.6609375 0.4140625
57 0.2953125000000001 0.41875 0.2640625000000001 0.41875 0.2640625000000001 0.465625 0.2953125000000001 0.465625
19 0.3140625000000001 0.36875 0.2828125000000001 0.36875 0.2828125000000001 0.4140625 0.3140625000000001 0.4140625
55 0.3656250000000001 0.41875 0.33281250000000007 0.41875 0.33281250000000007 0.465625 0.3656250000000001 0.465625
7 0.428125 0.2656250000000001 0.396875 0.2656250000000001 0.396875 0.3109375000000001 0.428125 0.3109375000000001
16 0.3296875000000001 0.41875 0.2984375000000001 0.41875 0.2984375000000001 0.465625 0.3296875000000001 0.465625
53 0.4453125 0.31718750000000007 0.4125 0.31718750000000007 0.4125 0.3625000000000001 0.4453125 0.3625000000000001
23 0.34843750000000007 0.36875 0.31718750000000007 0.36875 0.31718750000000007 0.4140625 0.34843750000000007 0.4140625
0 0.5328125 0.2671875000000001 0.5015625 0.2671875000000001 0.5015625 0.3109375000000001 0.5328125 0.3109375000000001
33 0.471875 0.4171875 0.4390625 0.4171875 0.4390625 0.465625 0.471875 0.465625
30 0.7921875 0.21718750000000003 0.14375000000000004 0.2171875 0.14375000000000004 0.5390625000000001 0.7921875 0.5390625000000002
44 0.19218750000000004 0.4203125 0.15312500000000004 0.4203125 0.15312500000000004 0.4671875 0.19218750000000004 0.4671875
2 0.2546875 0.2703125 0.225 0.2703125 0.225 0.3140625 0.2546875 0.3140625
20 0.6609375 0.2687500000000001 0.6046875 0.2687500000000001 0.6046875 0.3125000000000001 0.6609375 0.3125000000000001
43 0.2796875000000001 0.36875 0.2484375000000001 0.36875 0.2484375000000001 0.415625 0.2796875000000001 0.415625
37 0.559375 0.3671875000000001 0.528125 0.3671875000000001 0.528125 0.4140625 0.559375 0.4140625
56 0.27187500000000003 0.31875 0.240625 0.31875 0.24062500000000003 0.3640625 0.2718750000000001 0.3640625