2 0.3015625 0.13125000000000003 0.2046875 0.13125000000000003 0.2046875 0.16562500000000005 0.3015625 0.16562500000000005
47 0.821875 0.2015625000000001 0.6953125 0.2015625000000001 0.6953125 0.4640625000000001 0.821875 0.46406250000000016
53 0.428125 0.37500000000000006 0.3375000000000001 0.375 0.3375000000000001 0.409375 0.428125 0.409375
25 0.55 0.3390625000000001 0.453125 0.3390625000000001 0.453125 0.3734375000000001 0.55 0.3734375000000001
40 0.68125 0.4921875 0.578125 0.4921875 0.578125 0.5296875 0.68125 0.5296875
39 0.4421875 0.5921875 0.3437500000000001 0.5921875 0.3437500000000001 0.6265625 0.4421875 0.6265625
8 0.32500000000000007 0.3953125 0.21875000000000008 0.3953125 0.21875000000000008 0.4328125 0.32500000000000007 0.4328125
57 0.6671875 0.1750000000000001 0.56875 0.1750000000000001 0.56875 0.21093750000000008 0.6671875 0.21093750000000008
26 0.559375 0.603125 0.4625 0.603125 0.4625 0.6375 0.559375 0.6375
46 0.678125 0.58125 0.5796875 0.58125 0.5796875 0.69375 0.678125 0.69375
12 0.4375 0.5484375 0.3437500000000001 0.5484375 0.3437500000000001 0.5828125 0.4375 0.5828125
1 0.3 0.08593750000000003 0.2015625 0.08593750000000003 0.2015625 0.12031250000000004 0.3 0.12031250000000004
34 0.678125 0.5359375 0.5796875 0.5359375 0.5796875 0.571875 0.678125 0.571875
33 0.6796875 0.403125 0.5734375 0.403125 0.5734375 0.440625 0.6796875 0.440625
16 0.671875 0.22031250000000008 0.56875 0.22031250000000008 0.56875 0.2578125000000001 0.671875 0.2578125000000001
7 0.32031250000000006 0.3515625 0.2140625 0.3515625 0.21406250000000004 0.3890625 0.3203125000000001 0.3890625
58 0.665625 0.1296875000000001 0.5671875 0.1296875000000001 0.5671875 0.16406250000000008 0.665625 0.16406250000000008
41 0.41875 0.10468750000000004 0.321875 0.10468750000000004 0.321875 0.13906250000000003 0.41875 0.13906250000000003
21 0.4234375 0.19375000000000003 0.3265625 0.19375000000000003 0.3265625 0.22968750000000004 0.4234375 0.2296875000000001
14 0.809375 0.4687500000000001 0.7 0.46875 0.7 0.51875 0.809375 0.5187500000000002
9 0.3203125000000001 0.4390625 0.22031250000000008 0.4390625 0.22031250000000008 0.4765625 0.3203125000000001 0.4765625
59 0.425 0.3296875 0.334375 0.3296875 0.33437500000000003 0.36406250000000007 0.425 0.36406250000000007
56 0.41875 0.15000000000000005 0.325 0.15000000000000005 0.325 0.18437500000000004 0.41875 0.18437500000000004
30 0.9265625 5.836207402186604e-17 0.0265625 3.2529680602351567e-18 0.026562500000000062 1 0.9265625 1
28 0.55 0.3828125000000001 0.453125 0.3828125000000001 0.453125 0.4203125 0.55 0.4203125
45 0.5375 0.02812500000000006 0.4390625 0.028125000000000056 0.4390625 0.10000000000000005 0.5375 0.10000000000000005
32 0.6734375 0.08125000000000007 0.565625 0.08125000000000007 0.565625 0.1218750000000001 0.6734375 0.1218750000000001
44 0.6625 0.023437500000000076 0.5640625 0.023437500000000066 0.5640625 0.07343750000000007 0.6625 0.07343750000000009
4 0.3078125 0.21875 0.209375 0.21875 0.209375 0.2546875 0.3078125 0.2546875
43 0.54375 0.15625000000000006 0.4453125 0.15625000000000006 0.4453125 0.19062500000000004 0.54375 0.19062500000000004
15 0.671875 0.3109375000000001 0.571875 0.3109375000000001 0.571875 0.34843750000000007 0.671875 0.34843750000000007
10 0.5375 0.11093750000000005 0.44375 0.11093750000000005 0.44375 0.14531250000000004 0.5375 0.14531250000000004
0 0.3203125000000001 0.484375 0.2218750000000001 0.484375 0.2218750000000001 0.51875 0.3203125000000001 0.51875
52 0.4140625 0.03437500000000005 0.3203125 0.034375000000000044 0.3203125 0.09375000000000004 0.4140625 0.09375000000000004
24 0.5484375 0.2921875000000001 0.4515625 0.2921875000000001 0.4515625 0.3296875000000001 0.5484375 0.3296875000000001
49 0.7890625 0.01562500000000009 0.6859375 0.015625000000000083 0.6859375 0.08125000000000009 0.7890625 0.08125000000000009
36 0.5546875 0.515625 0.4578125 0.515625 0.4578125 0.55 0.5546875 0.55
27 0.4265625 0.41875 0.3375000000000001 0.41875 0.3375000000000001 0.453125 0.4265625 0.453125
48 0.3218750000000001 0.525 0.2250000000000001 0.525 0.2250000000000001 0.5625 0.3218750000000001 0.5625
18 0.678125 0.446875 0.575 0.446875 0.575 0.484375 0.678125 0.484375
6 0.315625 0.3078125 0.2125 0.3078125 0.2125 0.3453125 0.315625 0.3453125
55 0.6734375 0.2656250000000001 0.5703125 0.2656250000000001 0.5703125 0.3031250000000001 0.6734375 0.3031250000000001
5 0.3109375 0.2640625 0.2125 0.2640625 0.2125 0.3015625 0.3109375 0.3015625
38 0.4296875 0.4625 0.34062500000000007 0.4625 0.34062500000000007 0.496875 0.4296875 0.496875
17 0.29375 0.04062500000000003 0.2 0.04062500000000002 0.2 0.07500000000000004 0.29375 0.07500000000000004
31 0.553125 0.471875 0.45625 0.471875 0.45625 0.50625 0.553125 0.50625
23 0.54375 0.2484375000000001 0.45 0.2484375000000001 0.45 0.2828125000000001 0.54375 0.2828125000000001
3 0.3046875 0.17656250000000004 0.2046875 0.17656250000000004 0.2046875 0.2125 0.3046875 0.2125
50 0.8125 0.6375000000000001 0.703125 0.6375 0.703125 0.7000000000000001 0.8125 0.7000000000000002
19 0.5421875 0.20312500000000008 0.4484375 0.20312500000000008 0.4484375 0.2375000000000001 0.5421875 0.2375000000000001
13 0.8 0.1453125000000001 0.690625 0.1453125000000001 0.690625 0.19531250000000008 0.8 0.19531250000000008
37 0.5546875 0.559375 0.4609375 0.559375 0.4609375 0.59375 0.5546875 0.59375
42 0.4203125 0.24062500000000003 0.3296875 0.240625 0.3296875 0.275 0.4203125 0.2750000000000001
22 0.5671875 0.634375 0.3421875000000001 0.634375 0.3421875000000001 0.69375 0.5671875 0.69375
11 0.31718750000000007 0.5703125 0.22812500000000008 0.5703125 0.22812500000000008 0.603125 0.31718750000000007 0.603125
51 0.425 0.28437500000000004 0.33125 0.284375 0.33125 0.32031250000000006 0.425 0.3203125000000001
54 0.434375 0.50625 0.34062500000000007 0.50625 0.34062500000000007 0.540625 0.434375 0.540625
20 0.3187500000000001 0.6140625 0.2250000000000001 0.6140625 0.2250000000000001 0.690625 0.3187500000000001 0.690625
35 0.6734375 0.3578125000000001 0.575 0.3578125000000001 0.575 0.3937500000000001 0.6734375 0.3937500000000001
29 0.5484375 0.428125 0.4546875 0.428125 0.4546875 0.4625 0.5484375 0.4625