43 0.665625 0.18906250000000008 0.6125 0.18906250000000008 0.6125 0.23593750000000008 0.665625 0.23593750000000008
20 0.6343750000000001 0.75 0.5546875000000002 0.75 0.5546875000000002 0.86875 0.6343750000000001 0.86875
7 0.728125 0.4296875000000001 0.671875 0.4296875 0.671875 0.47343750000000007 0.728125 0.4734375000000002
23 0.634375 0.2828125000000001 0.58125 0.2828125000000001 0.58125 0.3296875000000001 0.634375 0.3296875000000001
3 0.7828125 0.24218750000000008 0.7328125 0.24218750000000008 0.7328125 0.28593750000000007 0.7828125 0.28593750000000007
47 0.53125 0.18281250000000004 0.353125 0.18281250000000004 0.353125 0.509375 0.53125 0.509375
28 0.5859375 0.43125 0.528125 0.43125 0.528125 0.478125 0.5859375 0.478125
38 0.6046875 0.59375 0.5453125 0.59375 0.5453125 0.64375 0.6046875 0.64375
16 0.584375 0.23437500000000008 0.53125 0.23437500000000008 0.53125 0.2843750000000001 0.584375 0.2843750000000001
50 0.3265625000000001 0.75 0.2484375000000001 0.75 0.2484375000000001 0.81875 0.3265625000000001 0.81875
44 0.6515625 0.04218750000000008 0.5984375 0.04218750000000008 0.5984375 0.10468750000000009 0.6515625 0.10468750000000009
36 0.6203125 0.5390625 0.5640625 0.5390625 0.5640625 0.5890625 0.6203125 0.5890625
9 0.696875 0.528125 0.6375 0.528125 0.6375 0.578125 0.696875 0.578125
26 0.4953125000000001 0.7078125 0.4234375 0.7078125 0.4234375000000001 0.7640625 0.49531250000000016 0.7640625
41 0.7421875 0.1546875000000001 0.6921875 0.1546875000000001 0.6921875 0.2015625000000001 0.7421875 0.2015625000000001
40 0.475 0.546875 0.415625 0.546875 0.415625 0.5984375 0.475 0.5984375
11 0.6531250000000001 0.6953125 0.590625 0.6953125 0.5906250000000001 0.74375 0.6531250000000002 0.74375
46 0.4375000000000001 0.665625 0.33281250000000007 0.665625 0.33281250000000007 0.8296875 0.43750000000000017 0.8296875
6 0.7421875 0.37968750000000007 0.6890625 0.37968750000000007 0.6890625 0.42656250000000007 0.7421875 0.4265625000000002
51 0.684375 0.3390625000000001 0.63125 0.3390625000000001 0.63125 0.3843750000000001 0.684375 0.3843750000000001
35 0.5328125 0.3843750000000001 0.4734375 0.3843750000000001 0.4734375 0.4359375 0.5328125 0.4359375
12 0.5125 0.6484375 0.45 0.6484375 0.45 0.7015625 0.5125 0.7015625
56 0.7265625 0.2000000000000001 0.6765625 0.2000000000000001 0.6765625 0.24375000000000008 0.7265625 0.24375000000000008
32 0.6328125 0.09687500000000007 0.584375 0.09687500000000007 0.584375 0.1468750000000001 0.6328125 0.1468750000000001
19 0.6484375 0.23593750000000008 0.5984375 0.23593750000000008 0.5984375 0.2828125000000001 0.6484375 0.2828125000000001
18 0.496875 0.490625 0.4328125 0.490625 0.4328125 0.54375 0.496875 0.54375
33 0.5140625 0.4359375 0.4515625 0.4359375 0.4515625 0.490625 0.5140625 0.490625
14 0.4140625 0.5109375 0.3343750000000001 0.5109375 0.3343750000000001 0.5859375 0.4140625 0.5859375
55 0.5671875 0.2843750000000001 0.5125 0.2843750000000001 0.5125 0.3343750000000001 0.5671875 0.3343750000000001
42 0.6984375 0.2921875000000001 0.6484375 0.2921875000000001 0.6484375 0.3390625000000001 0.6984375 0.3390625000000001
21 0.7125 0.24375000000000008 0.6625 0.24375000000000008 0.6625 0.2906250000000001 0.7125 0.2906250000000001
8 0.7125 0.478125 0.653125 0.478125 0.653125 0.5265625 0.7125 0.5265625
4 0.76875 0.2875000000000001 0.71875 0.2875000000000001 0.71875 0.3312500000000001 0.76875 0.3312500000000001
45 0.7046875 0.06875000000000009 0.6453125 0.06875000000000009 0.6453125 0.14843750000000008 0.7046875 0.14843750000000008
57 0.6015625 0.18750000000000008 0.5484375 0.18750000000000008 0.5484375 0.2375000000000001 0.6015625 0.2375000000000001
0 0.684375 0.58125 0.621875 0.58125 0.621875 0.63125 0.684375 0.63125
30 0.83125 0.0015625000000000615 0.171875 0.001562500000000021 0.17187500000000006 0.9109375 0.83125 0.9109375
17 0.815625 0.11562500000000009 0.7625 0.11562500000000009 0.7625 0.1531250000000001 0.815625 0.1531250000000001
5 0.7546875 0.33281250000000007 0.7015625 0.33281250000000007 0.7015625 0.37968750000000007 0.7546875 0.37968750000000007
31 0.55 0.5359375 0.490625 0.5359375 0.490625 0.5859375 0.55 0.5859375
59 0.6671875 0.38750000000000007 0.6171875 0.38750000000000007 0.6171875 0.434375 0.6671875 0.434375
29 0.56875 0.4828125 0.509375 0.4828125 0.509375 0.53125 0.56875 0.53125
49 0.5921875 0.01562500000000007 0.5421875 0.015625000000000066 0.5421875 0.07812500000000007 0.5921875 0.07812500000000007
53 0.653125 0.4375 0.5984375 0.4375 0.5984375 0.484375 0.653125 0.484375
37 0.53125 0.590625 0.46875 0.590625 0.46875 0.64375 0.53125 0.64375
2 0.796875 0.1984375000000001 0.746875 0.1984375000000001 0.746875 0.2390625000000001 0.796875 0.2390625000000001
58 0.615625 0.14218750000000008 0.565625 0.14218750000000008 0.565625 0.1921875000000001 0.615625 0.1921875000000001
13 0.553125 0.12656250000000008 0.49375 0.12656250000000005 0.49375 0.19218750000000007 0.553125 0.1921875000000001
24 0.6171875 0.3312500000000001 0.5640625 0.3312500000000001 0.5640625 0.3781250000000001 0.6171875 0.3781250000000001
10 0.6796875 0.1437500000000001 0.6296875 0.1437500000000001 0.6296875 0.1906250000000001 0.6796875 0.1906250000000001
34 0.45625 0.6046875 0.3921875000000001 0.6046875 0.3921875000000001 0.65625 0.45625 0.65625
25 0.6015625 0.3812500000000001 0.5484375 0.3812500000000001 0.5484375 0.428125 0.6015625 0.428125
22 0.5578125000000002 0.76875 0.40156250000000016 0.76875 0.40156250000000016 0.8546875 0.5578125000000002 0.8546875
39 0.5734375 0.7109375 0.5078125 0.7109375 0.5078125000000001 0.7609375 0.5734375000000002 0.7609375
54 0.590625 0.6515625 0.525 0.6515625 0.525 0.7015625 0.590625 0.7015625
48 0.6671875 0.6375 0.6078125 0.6375 0.6078125 0.6875 0.6671875 0.6875
15 0.5515625 0.33281250000000007 0.4953125 0.33281250000000007 0.4953125 0.3843750000000001 0.5515625 0.3843750000000001
27 0.6375 0.4875 0.58125 0.4875 0.58125 0.5359375 0.6375 0.5359375
1 0.80625 0.1546875000000001 0.759375 0.1546875000000001 0.759375 0.19531250000000008 0.80625 0.19531250000000008
52 0.7609375 0.09218750000000009 0.7078125 0.09218750000000009 0.7078125 0.15625000000000008 0.7609375 0.15625000000000008