25 0.575 0.10937500000000007 0.440625 0.10937500000000004 0.440625 0.18593750000000006 0.575 0.1859375000000001
44 0.4031250000000002 0.834375 0.26250000000000007 0.834375 0.26250000000000007 0.946875 0.4031250000000002 0.946875
52 0.7359375000000001 0.7953125000000001 0.5984375000000002 0.7953125 0.5984375000000002 0.9328125 0.7359375000000001 0.9328125
24 0.5734375 0.21875000000000008 0.4390625 0.21875000000000008 0.4390625 0.2968750000000001 0.5734375 0.2968750000000001
49 0.2312500000000001 0.840625 0.08593750000000011 0.840625 0.08593750000000011 0.95 0.2312500000000001 0.95
47 0.2515625 0.0015625000000000211 0.0984375 0.0015625000000000118 0.09843750000000004 0.5359375 0.2515625000000001 0.5359375
32 0.4093750000000001 0.725 0.2656250000000001 0.725 0.2656250000000001 0.80625 0.40937500000000016 0.80625
53 0.73125 0.03750000000000008 0.5984375 0.037500000000000075 0.5984375 0.11250000000000009 0.73125 0.11250000000000009
19 0.571875 0.440625 0.4375 0.440625 0.4375 0.521875 0.571875 0.521875
5 0.8875 0.3078125000000001 0.759375 0.3078125000000001 0.759375 0.3859375000000001 0.8875 0.3859375000000001
58 0.4078125 0.6109375 0.2656250000000001 0.6109375 0.2656250000000001 0.6921875 0.4078125 0.6921875
57 0.40625 0.496875 0.2640625000000001 0.496875 0.2640625000000001 0.578125 0.40625 0.578125
7 0.884375 0.0968750000000001 0.753125 0.09687500000000009 0.753125 0.17187500000000008 0.884375 0.17187500000000008
6 0.8859375 0.2000000000000001 0.7578125 0.2000000000000001 0.7578125 0.2765625000000001 0.8859375 0.2765625000000001
15 0.4125 0.15625000000000006 0.2703125 0.15625000000000006 0.2703125 0.23593750000000005 0.4125 0.23593750000000008
16 0.409375 0.38125000000000003 0.2687500000000001 0.38125 0.2687500000000001 0.4640625 0.409375 0.4640625
13 0.2375000000000001 0.553125 0.08437500000000006 0.553125 0.08437500000000007 0.671875 0.2375000000000001 0.671875
55 0.4109375 0.26875000000000004 0.2703125 0.26875 0.2703125 0.34687500000000004 0.4109375 0.3468750000000001
56 0.734375 0.58125 0.6 0.58125 0.6 0.6578125000000001 0.734375 0.6578125000000001
43 0.5734375 0.5546875 0.4359375 0.5546875 0.4359375 0.6328125 0.5734375 0.6328125
2 0.884375 0.6312500000000002 0.759375 0.6312500000000002 0.759375 0.7093750000000002 0.884375 0.7093750000000002
28 0.575 0.006250000000000061 0.440625 0.006250000000000052 0.440625 0.08125000000000006 0.575 0.08125000000000007
30 1 6.123233995736766e-17 0 0 6.084963783263412e-17 0.99375 1 0.99375
1 0.8828125 0.7406250000000002 0.7578125000000002 0.7406250000000002 0.7578125000000002 0.8140625 0.8828125 0.8140625
3 0.8875 0.5234375000000002 0.759375 0.5234375000000002 0.759375 0.6015625000000002 0.8875 0.6015625000000002
59 0.734375 0.1437500000000001 0.6 0.1437500000000001 0.6 0.21875000000000008 0.734375 0.21875000000000008
35 0.4125 0.051562500000000046 0.275 0.051562500000000046 0.275 0.12656250000000005 0.4125 0.12656250000000005
42 0.734375 0.3578125000000001 0.6015625 0.3578125000000001 0.6015625 0.4359375000000001 0.734375 0.4359375000000002
4 0.884375 0.41406250000000017 0.759375 0.41406250000000017 0.759375 0.49218750000000017 0.884375 0.49218750000000017
10 0.5734375 0.665625 0.4359375 0.665625 0.4359375000000001 0.74375 0.5734375000000002 0.74375
27 0.7296875 8.15155525682457e-17 0.6015625 7.367015901120797e-17 0.6015625 0.009375000000000081 0.7296875 0.009375000000000088
23 0.5734375 0.3296875000000001 0.4375 0.3296875000000001 0.4375 0.4078125 0.5734375 0.4078125
8 0.8828125 1.0017228114900615e-16 0.753125 9.223121206078505e-17 0.753125 0.0703125000000001 0.8828125 0.07031250000000011
17 0.8828125 0.8453125 0.7578125000000002 0.8453125 0.7578125000000002 0.9203125 0.8828125 0.9203125
51 0.73125 0.2515625000000001 0.6 0.2515625000000001 0.6 0.3265625000000001 0.73125 0.3265625000000001
41 0.7328125000000001 0.6875000000000001 0.59375 0.6875 0.5937500000000001 0.76875 0.7328125000000002 0.7687500000000002
21 0.734375 0.4687500000000001 0.6015625 0.46875 0.6015625 0.5468750000000001 0.734375 0.5468750000000002
45 0.5718750000000001 0.7734375 0.42968750000000017 0.7734375 0.42968750000000017 0.940625 0.5718750000000001 0.940625
33 0.4171875 4.267128690779059e-17 0.2796875 3.425184016365254e-17 0.2796875 0.01875000000000004 0.4171875 0.01875000000000005