44 0.815625 0.025000000000000095 0.753125 0.025000000000000088 0.753125 0.07031250000000008 0.815625 0.07031250000000008
27 0.6625 0.425 0.6015625 0.425 0.6015625 0.4609375 0.6625 0.4609375
48 0.590625 0.54375 0.525 0.54375 0.525 0.5796875 0.590625 0.5796875
24 0.740625 0.2953125000000001 0.678125 0.2953125000000001 0.678125 0.3312500000000001 0.740625 0.3312500000000001
53 0.665625 0.3765625000000001 0.6 0.3765625000000001 0.6 0.4140625 0.665625 0.4140625
41 0.665625 0.09375000000000008 0.6 0.09375000000000007 0.6 0.1312500000000001 0.665625 0.1312500000000001
6 0.590625 0.3062500000000001 0.525 0.3062500000000001 0.525 0.3453125000000001 0.590625 0.3453125000000001
26 0.740625 0.6250000000000001 0.678125 0.625 0.678125 0.6609375000000001 0.740625 0.6609375000000002
40 0.815625 0.5093750000000001 0.753125 0.5093750000000001 0.753125 0.5437500000000002 0.815625 0.5437500000000002
23 0.7390625 0.2500000000000001 0.678125 0.2500000000000001 0.678125 0.2843750000000001 0.7390625 0.2843750000000001
20 0.5875 0.6375 0.5265625 0.6375 0.5265625 0.721875 0.5875 0.721875
52 0.6625 0.025000000000000078 0.6015625 0.025000000000000078 0.6015625 0.08125000000000007 0.6625 0.08125000000000009
46 0.81875 0.6046875000000002 0.75625 0.6046875000000002 0.75625 0.7203125000000001 0.81875 0.7203125000000001
3 0.590625 0.16406250000000006 0.525 0.16406250000000006 0.525 0.2015625000000001 0.590625 0.2015625000000001
19 0.740625 0.2015625000000001 0.678125 0.2015625000000001 0.678125 0.23593750000000008 0.740625 0.23593750000000008
51 0.6625 0.2843750000000001 0.6 0.2843750000000001 0.6 0.3187500000000001 0.6625 0.3187500000000001
17 0.5875 0.02343750000000007 0.5265625 0.023437500000000066 0.5265625 0.057812500000000065 0.5875 0.057812500000000065
31 0.740625 0.4859375000000001 0.678125 0.4859375 0.678125 0.5203125000000001 0.740625 0.5203125000000002
28 0.740625 0.3906250000000001 0.678125 0.3906250000000001 0.678125 0.4250000000000001 0.740625 0.42500000000000016
42 0.665625 0.23593750000000008 0.6 0.23593750000000008 0.6 0.2718750000000001 0.665625 0.2718750000000001
49 0.8921875 0.021875000000000106 0.8296875 0.0218750000000001 0.8296875 0.08281250000000011 0.8921875 0.08281250000000011
18 0.8171875 0.46093750000000017 0.7546875 0.46093750000000017 0.7546875 0.4968750000000002 0.8171875 0.4968750000000002
15 0.8171875 0.3187500000000001 0.7515625 0.3187500000000001 0.7515625 0.35625000000000007 0.8171875 0.35625000000000007
33 0.8203125 0.4125000000000002 0.7546875 0.4125000000000002 0.7546875 0.4500000000000002 0.8203125 0.4500000000000002
43 0.740625 0.1546875000000001 0.678125 0.1546875000000001 0.678125 0.18906250000000008 0.740625 0.18906250000000008
38 0.6640625 0.5203125 0.6015625 0.5203125 0.6015625 0.55625 0.6640625 0.55625
11 0.5890625 0.590625 0.5265625 0.590625 0.5265625 0.625 0.5890625 0.625
9 0.590625 0.4484375 0.525 0.4484375 0.525 0.4859375 0.590625 0.4859375
14 0.89375 0.4828125000000002 0.83125 0.4828125000000002 0.83125 0.5328125000000001 0.89375 0.5328125000000001
12 0.740625 0.58125 0.678125 0.58125 0.678125 0.6156250000000001 0.740625 0.6156250000000002
8 0.590625 0.4015625 0.525 0.4015625 0.525 0.4390625 0.590625 0.4390625
16 0.815625 0.2234375000000001 0.753125 0.2234375000000001 0.753125 0.2609375000000001 0.815625 0.2609375000000001
10 0.7390625 0.10781250000000009 0.678125 0.10781250000000009 0.678125 0.14218750000000008 0.7390625 0.14218750000000008
22 0.74375 0.6625000000000001 0.5984375 0.6625 0.5984375 0.7234375000000001 0.74375 0.7234375000000002
32 0.8171875 0.0828125000000001 0.7546875 0.0828125000000001 0.7546875 0.11875000000000009 0.8171875 0.11875000000000009
55 0.815625 0.2718750000000001 0.753125 0.2718750000000001 0.753125 0.30937500000000007 0.815625 0.30937500000000007
30 0.9640625 0.00312500000000008 0.3453125 0.003125000000000042 0.3453125 1 0.9640625 1
45 0.740625 0.025000000000000085 0.678125 0.025000000000000078 0.678125 0.09375000000000008 0.740625 0.09375000000000008
58 0.815625 0.1312500000000001 0.753125 0.1312500000000001 0.753125 0.16562500000000008 0.815625 0.16562500000000008
7 0.5921875 0.3531250000000001 0.525 0.3531250000000001 0.525 0.3906250000000001 0.5921875 0.3906250000000001
36 0.6640625 0.471875 0.6015625 0.471875 0.6015625 0.509375 0.6640625 0.509375
56 0.6640625 0.14218750000000008 0.6015625 0.14218750000000008 0.6015625 0.1765625000000001 0.6640625 0.1765625000000001
57 0.815625 0.1781250000000001 0.753125 0.1781250000000001 0.753125 0.21250000000000008 0.815625 0.21250000000000008
2 0.5875 0.11875000000000006 0.525 0.11875000000000005 0.525 0.15312500000000007 0.5875 0.1531250000000001
37 0.740625 0.5328125000000001 0.678125 0.5328125 0.678125 0.5671875000000001 0.740625 0.5671875000000002
59 0.665625 0.3296875000000001 0.6 0.3296875000000001 0.6 0.3671875000000001 0.665625 0.3671875000000001
50 0.8953125 0.6640625000000002 0.8328125 0.6640625000000002 0.8328125 0.7250000000000002 0.8953125 0.7250000000000002
39 0.6671875 0.6140625 0.6015625 0.6140625 0.6015625 0.65 0.6671875 0.65
21 0.665625 0.18906250000000008 0.6 0.18906250000000008 0.6 0.2250000000000001 0.665625 0.2250000000000001
25 0.7390625 0.3421875000000001 0.6765625 0.3421875000000001 0.6765625 0.3781250000000001 0.7390625 0.3781250000000001
1 0.5890625 0.07187500000000006 0.5265625 0.07187500000000006 0.5265625 0.10625000000000007 0.5890625 0.1062500000000001
13 0.8921875 0.1546875000000001 0.8296875 0.1546875000000001 0.8296875 0.2015625000000001 0.8921875 0.2015625000000001
54 0.6671875 0.56875 0.6015625 0.56875 0.6015625 0.603125 0.6671875 0.603125
0 0.5890625 0.4953125 0.5234375 0.4953125 0.5234375 0.5328125 0.5890625 0.5328125
5 0.590625 0.2593750000000001 0.525 0.2593750000000001 0.525 0.2968750000000001 0.590625 0.2968750000000001
35 0.815625 0.3656250000000001 0.753125 0.3656250000000001 0.753125 0.4031250000000002 0.815625 0.4031250000000002
4 0.590625 0.21250000000000008 0.525 0.21250000000000008 0.525 0.2500000000000001 0.590625 0.2500000000000001
34 0.8171875 0.5562500000000001 0.7546875 0.5562500000000001 0.7546875 0.5906250000000002 0.8171875 0.5906250000000002
29 0.740625 0.4390625000000001 0.678125 0.4390625 0.678125 0.47343750000000007 0.740625 0.4734375000000002
47 0.8984375 0.21093750000000008 0.8296875 0.21093750000000008 0.8296875 0.47656250000000017 0.8984375 0.47656250000000017