32 0.5843750000000002 0.8953125 0.5343750000000002 0.8953125 0.5343750000000002 0.925 0.5843750000000002 0.925
19 0.6390625000000002 0.78125 0.5921875000000002 0.78125 0.5921875000000002 0.815625 0.6390625000000002 0.815625
23 0.6390625000000002 0.7390625 0.5906250000000002 0.7390625 0.5906250000000002 0.771875 0.6390625000000002 0.771875
4 0.7546875000000002 0.7718750000000001 0.7078125000000002 0.771875 0.7078125000000002 0.803125 0.7546875000000002 0.803125
10 0.6406250000000002 0.8703125 0.5937500000000002 0.8703125 0.5937500000000002 0.9015625 0.6406250000000002 0.9015625
47 0.5250000000000001 0.5546875 0.475 0.5546875 0.4750000000000001 0.8109375 0.5250000000000001 0.8109375
16 0.5828125000000002 0.7625 0.5359375000000002 0.7625 0.5359375000000002 0.796875 0.5828125000000002 0.796875
56 0.6968750000000001 0.8359375 0.6500000000000001 0.8359375 0.6500000000000001 0.8671875 0.6968750000000001 0.8671875
41 0.6968750000000001 0.8796875 0.6500000000000001 0.8796875 0.6500000000000001 0.9109375 0.6968750000000001 0.9109375
33 0.5796875 0.5859375 0.53125 0.5859375 0.53125 0.6234375 0.5796875 0.6234375
3 0.7546875000000002 0.8140625 0.7078125000000002 0.8140625 0.7078125000000002 0.8484375 0.7546875000000002 0.8484375
9 0.7484375 0.5562500000000001 0.7046875 0.55625 0.7046875 0.5875000000000001 0.7484375 0.5875000000000001
5 0.7546875000000002 0.7296875 0.7093750000000002 0.7296875 0.7093750000000002 0.7609375 0.7546875000000002 0.7609375000000002
39 0.690625 0.409375 0.640625 0.409375 0.640625 0.440625 0.690625 0.440625
51 0.6937500000000001 0.70625 0.646875 0.70625 0.6468750000000001 0.7375 0.6937500000000002 0.7375
12 0.634375 0.440625 0.5875 0.440625 0.5875 0.471875 0.634375 0.471875
54 0.690625 0.4515625 0.640625 0.4515625 0.640625 0.4828125 0.690625 0.4828125
18 0.5796875 0.5453125 0.5328125 0.5453125 0.5328125 0.5796875 0.5796875 0.5796875
2 0.7546875000000002 0.8578125 0.7093750000000002 0.8578125 0.7093750000000002 0.8890625 0.7546875000000002 0.8890625
48 0.7484375 0.4703125000000001 0.7046875 0.4703125 0.7046875 0.5015625000000001 0.7484375 0.5015625000000001
17 0.7546875000000002 0.946875 0.7125000000000001 0.946875 0.7125000000000001 0.9765625 0.7546875000000002 0.9765625
59 0.6953125 0.6640625 0.6484375 0.6640625 0.6484375 0.6953125 0.6953125 0.6953125
24 0.6375000000000001 0.6953125 0.590625 0.6953125 0.5906250000000001 0.7296875 0.6375000000000002 0.7296875
57 0.5828125000000002 0.8078125 0.5390625000000002 0.8078125 0.5390625000000002 0.8390625 0.5828125000000002 0.8390625
35 0.58125 0.628125 0.5296875 0.628125 0.5296875 0.665625 0.58125 0.665625
14 0.5234375 0.490625 0.4734375 0.490625 0.4734375 0.55 0.5234375 0.55
28 0.6375 0.6109375 0.590625 0.6109375 0.590625 0.6421875 0.6375 0.6421875
22 0.69375 0.3453125000000001 0.5859375 0.3453125000000001 0.5859375 0.3984375000000001 0.69375 0.3984375000000001
30 0.85 0.004687500000000076 0.3921875 0.004687500000000048 0.3921875 0.9953125 0.85 0.9953125
25 0.6375 0.653125 0.590625 0.653125 0.590625 0.6859375 0.6375 0.6859375
7 0.7515625 0.6421875000000001 0.70625 0.6421875 0.70625 0.6734375000000001 0.7515625 0.6734375000000001
44 0.5828125000000002 0.9390625 0.5390625000000002 0.9390625 0.5390625000000002 0.9828125 0.5828125000000002 0.9828125
29 0.6359375 0.565625 0.5890625 0.565625 0.5890625 0.6 0.6359375 0.6
34 0.578125 0.4609375 0.5328125 0.4609375 0.5328125 0.4953125 0.578125 0.4953125
53 0.69375 0.61875 0.64375 0.61875 0.64375 0.653125 0.69375 0.653125
27 0.6921875 0.5765625 0.646875 0.5765625 0.646875 0.609375 0.6921875 0.609375
38 0.690625 0.49375 0.64375 0.49375 0.64375 0.525 0.690625 0.525
1 0.7562500000000002 0.903125 0.7093750000000002 0.903125 0.7093750000000002 0.934375 0.7562500000000002 0.934375
50 0.5203125 0.3437500000000001 0.4734375 0.3437500000000001 0.4734375 0.4 0.5203125 0.4
6 0.753125 0.6859375000000001 0.7078125 0.6859375 0.7078125 0.7171875000000001 0.753125 0.7171875000000002
49 0.5265625000000002 0.9296875 0.4812500000000002 0.9296875 0.4812500000000002 0.9859375 0.5265625000000002 0.9859375
58 0.5828125000000002 0.8515625 0.5359375000000002 0.8515625 0.5359375000000002 0.88125 0.5828125000000002 0.88125
15 0.58125 0.6734375 0.534375 0.6734375 0.534375 0.7109375 0.58125 0.7109375
52 0.6968750000000001 0.9234375 0.6515625000000002 0.9234375 0.6515625000000002 0.9765625 0.6968750000000001 0.9765625
21 0.6968750000000001 0.790625 0.6500000000000001 0.790625 0.6500000000000001 0.825 0.6968750000000001 0.825
55 0.58125 0.7171875 0.534375 0.7171875 0.534375 0.7515625 0.5812500000000002 0.7515625
13 0.5265625000000002 0.8171875 0.47656250000000017 0.8171875 0.47656250000000017 0.875 0.5265625000000002 0.875
20 0.746875 0.3453125000000001 0.703125 0.3453125000000001 0.703125 0.4171875000000001 0.746875 0.41718750000000016
45 0.6406250000000002 0.9125 0.5921875000000002 0.9125 0.5921875000000002 0.978125 0.6406250000000002 0.978125
26 0.634375 0.3968750000000001 0.5859375 0.3968750000000001 0.5859375 0.43125 0.634375 0.43125
37 0.634375 0.48125 0.5875 0.48125 0.5875 0.5140625 0.634375 0.5140625
0 0.75 0.5125000000000001 0.70625 0.5125 0.70625 0.5453125000000001 0.75 0.5453125000000002
8 0.7515625 0.5984375000000001 0.7046875 0.5984375 0.7046875 0.6312500000000001 0.7515625 0.6312500000000002
11 0.746875 0.4296875000000001 0.703125 0.4296875 0.703125 0.4609375000000001 0.746875 0.46093750000000017
40 0.5796875 0.503125 0.5328125 0.503125 0.5328125 0.5375 0.5796875 0.5375
36 0.690625 0.5328125 0.64375 0.5328125 0.64375 0.5671875 0.690625 0.5671875
46 0.578125 0.3468750000000001 0.5328125 0.3468750000000001 0.5328125 0.453125 0.578125 0.453125
42 0.6953125000000002 0.746875 0.6484375000000002 0.746875 0.6484375000000002 0.78125 0.6953125000000002 0.78125
31 0.634375 0.525 0.5875 0.525 0.5875 0.55625 0.634375 0.55625
43 0.6406250000000002 0.8265625 0.5937500000000002 0.8265625 0.5937500000000002 0.859375 0.6406250000000002 0.859375