25 0.8828125 0.43281250000000016 0.8078125 0.43281250000000016 0.8078125 0.5640625000000001 0.8828125 0.5640625000000001
44 0.1703125000000001 0.6 0.05937500000000007 0.6 0.05937500000000008 0.7390625 0.1703125000000001 0.7390625
52 0.20937500000000003 0.2734375 0.07343750000000004 0.2734375 0.07343750000000004 0.4078125 0.2093750000000001 0.4078125
24 0.7765625 0.4312500000000001 0.6984375 0.43125 0.6984375 0.5640625000000001 0.7765625 0.5640625000000001
49 0.1640625000000001 0.76875 0.05625000000000009 0.76875 0.0562500000000001 0.9109375 0.16406250000000014 0.9109375
47 1 0.7500000000000001 0.4625000000000002 0.75 0.4625000000000002 0.8984375 1 0.8984375
32 0.2765625000000001 0.59375 0.1984375000000001 0.59375 0.1984375000000001 0.7359375 0.2765625000000001 0.7359375
53 0.953125 0.2765625000000001 0.8796875 0.2765625000000001 0.8796875 0.4078125000000002 0.953125 0.4078125000000002
19 0.5578125 0.434375 0.4765625 0.434375 0.4765625 0.5671875 0.5578125 0.5671875
5 0.6890625 0.12500000000000008 0.6125 0.12500000000000008 0.6125 0.2500000000000001 0.6890625 0.2500000000000001
58 0.3890625000000001 0.5953125 0.30937500000000007 0.5953125 0.30937500000000007 0.734375 0.3890625000000001 0.734375
57 0.5015625000000001 0.596875 0.4234375 0.596875 0.4234375000000001 0.7359375 0.5015625000000001 0.7359375
7 0.8953125 0.12656250000000008 0.821875 0.12656250000000008 0.821875 0.25468750000000007 0.8953125 0.25468750000000007
6 0.79375 0.12500000000000008 0.71875 0.12500000000000008 0.71875 0.2515625000000001 0.79375 0.2515625000000001
15 0.8375 0.5906250000000002 0.759375 0.5906250000000002 0.7593750000000001 0.7312500000000002 0.8375 0.7312500000000002
16 0.6156250000000001 0.59375 0.534375 0.59375 0.534375 0.7328125 0.6156250000000002 0.7328125
13 0.44843750000000016 0.7625 0.3312500000000001 0.7625 0.3312500000000001 0.9125 0.44843750000000016 0.9125
55 0.7281250000000001 0.5937500000000001 0.65 0.59375 0.6500000000000001 0.7312500000000001 0.7281250000000001 0.7312500000000002
56 0.41875 0.275 0.34375 0.275 0.34375000000000006 0.4078125 0.41875 0.4078125
43 0.446875 0.4328125 0.3687500000000001 0.4328125 0.3687500000000001 0.56875 0.446875 0.56875
2 0.3703125 0.12656250000000005 0.29375 0.12656250000000005 0.29375 0.25000000000000006 0.3703125 0.2500000000000001
28 0.9859375 0.4312500000000002 0.9109375 0.4312500000000002 0.9109375 0.5625000000000002 0.9859375 0.5625000000000002
30 1 6.199774420683476e-17 0.0125 1.5308084989341916e-18 0.012500000000000061 1 1 1
1 0.2625 0.12812500000000004 0.190625 0.12812500000000004 0.19062500000000002 0.25 0.2625 0.25
3 0.4765625 0.12343750000000005 0.4 0.12343750000000005 0.4 0.2500000000000001 0.4765625 0.2500000000000001
59 0.85 0.2750000000000001 0.775 0.2750000000000001 0.775 0.40625000000000017 0.85 0.40625000000000017
35 0.9421875 0.5906250000000002 0.8671875 0.5906250000000002 0.8671875 0.7265625000000002 0.9421875 0.7265625000000002
42 0.640625 0.2750000000000001 0.5625 0.2750000000000001 0.5625 0.4046875 0.640625 0.4046875
4 0.5828125 0.12656250000000008 0.50625 0.12656250000000005 0.50625 0.2500000000000001 0.5828125 0.2500000000000001
10 0.3359375000000001 0.4328125 0.2578125000000001 0.4328125 0.2578125000000001 0.56875 0.3359375000000001 0.56875
27 1 0.2796875000000001 0.98125 0.2796875000000001 0.98125 0.4046875000000002 1 0.4046875000000002
23 0.66875 0.4328125 0.590625 0.4328125 0.590625 0.565625 0.66875 0.565625
8 0.9953125 0.12968750000000012 0.921875 0.12968750000000012 0.921875 0.2562500000000001 0.9953125 0.2562500000000001
17 0.15937500000000002 0.128125 0.08437500000000002 0.128125 0.08437500000000002 0.25 0.15937500000000004 0.25
51 0.7453125 0.2765625000000001 0.6703125 0.2765625000000001 0.6703125 0.4062500000000001 0.7453125 0.40625000000000017
41 0.3140625 0.275 0.234375 0.275 0.23437500000000006 0.4125 0.3140625000000001 0.4125
21 0.5296875 0.2750000000000001 0.453125 0.2750000000000001 0.453125 0.4046875 0.5296875 0.4046875
45 0.2296875000000001 0.434375 0.06562500000000004 0.434375 0.06562500000000006 0.5734375 0.2296875000000001 0.5734375
33 1 0.5859375000000002 0.971875 0.5859375000000002 0.971875 0.7218750000000002 1 0.7218750000000002