11 0.540625 0.12500000000000006 0.4625 0.12500000000000006 0.4625 0.25468750000000007 0.540625 0.25468750000000007
14 0.7859375000000002 0.7906250000000001 0.6671875000000002 0.790625 0.6671875000000002 0.9484375 0.7859375000000002 0.9484375
47 1 0.7750000000000001 0.809375 0.7750000000000001 0.809375 0.928125 1 0.928125
8 0.975 0.1265625000000001 0.8984375 0.12656250000000008 0.8984375 0.2609375000000001 0.975 0.2609375000000001
39 0.4875 0.2906250000000001 0.403125 0.2906250000000001 0.403125 0.4296875 0.4875 0.4296875
9 0.8703125 0.12500000000000008 0.7953125 0.12500000000000008 0.7953125 0.2562500000000001 0.8703125 0.2562500000000001
27 0.9328125 0.2812500000000001 0.8546875 0.2812500000000001 0.8546875 0.4156250000000002 0.9328125 0.4156250000000002
31 0.8046875 0.4453125000000001 0.7140625 0.4453125 0.7140625 0.5859375000000001 0.8046875 0.5859375000000002
26 0.4578125 0.4484375 0.3734375000000001 0.4484375 0.3734375000000001 0.5875 0.4578125 0.5875
37 0.6890625 0.446875 0.6078125 0.446875 0.6078125 0.5890625 0.6890625 0.5890625
33 0.9765625 0.6078125000000002 0.8984375 0.6078125000000002 0.8984375 0.7546875000000002 0.9765625 0.7546875000000002
54 0.6 0.2828125000000001 0.5203125 0.2828125000000001 0.5203125 0.421875 0.6 0.421875
50 0.3421875000000001 0.7984375 0.21875000000000008 0.7984375 0.21875000000000008 0.9515625 0.3421875000000001 0.9515625
36 0.825 0.2796875000000001 0.74375 0.2796875000000001 0.74375 0.41718750000000016 0.825 0.41718750000000016
53 1 0.2812500000000001 0.9625 0.2812500000000001 0.9625 0.41718750000000016 1 0.41718750000000016
28 1 0.44062500000000016 0.9359375 0.44062500000000016 0.9359375 0.5828125000000002 1 0.5828125000000002
22 0.38125000000000003 0.28437500000000004 0.2296875 0.284375 0.22968750000000004 0.60625 0.3812500000000001 0.60625
29 0.9140625 0.4421875000000002 0.8359375 0.4421875000000002 0.8359375 0.5828125000000002 0.9140625 0.5828125000000002
18 0.8640625 0.6109375000000001 0.7828125 0.6109375000000001 0.7828125000000001 0.7562500000000002 0.8640625 0.7562500000000002
30 1 6.123233995736766e-17 0 0 6.123233995736766e-17 1 1 1
0 0.7625 0.12500000000000008 0.684375 0.12500000000000008 0.684375 0.2562500000000001 0.7625 0.2562500000000001
20 0.4421875 0.12812500000000004 0.2375 0.12812500000000004 0.2375 0.26250000000000007 0.4421875 0.26250000000000007
34 0.6343750000000001 0.6171875 0.55 0.6171875 0.55 0.7640625 0.6343750000000001 0.7640625
46 0.5218750000000001 0.61875 0.2234375000000001 0.61875 0.2234375000000001 0.76875 0.5218750000000002 0.76875
40 0.753125 0.6125 0.66875 0.6125 0.6687500000000001 0.7609375 0.7531250000000002 0.7609375000000002
48 0.6515625 0.12500000000000008 0.5734375 0.12500000000000008 0.5734375 0.2562500000000001 0.6515625 0.2562500000000001
12 0.571875 0.446875 0.490625 0.446875 0.490625 0.5890625 0.571875 0.5890625
38 0.7125 0.2796875000000001 0.6328125 0.2796875000000001 0.6328125 0.4171875 0.7125 0.4171875