5 0.31093750000000003 0.3296875 0.2875 0.3296875 0.28750000000000003 0.365625 0.3109375000000001 0.365625
56 0.22812500000000005 0.35625 0.2015625 0.35625 0.20156250000000003 0.39375 0.22812500000000008 0.39375
27 0.4140625 0.4 0.3906250000000001 0.4 0.3906250000000001 0.4375 0.4140625 0.4375
10 0.19531250000000006 0.4 0.16718750000000004 0.4 0.16718750000000004 0.4375 0.19531250000000006 0.4375
32 0.16562500000000005 0.440625 0.13437500000000005 0.440625 0.13437500000000005 0.4796875 0.16562500000000005 0.4796875
40 0.459375 0.5078125 0.434375 0.5078125 0.434375 0.546875 0.459375 0.546875
33 0.39531250000000007 0.4921875 0.3656250000000001 0.4921875 0.3656250000000001 0.5359375 0.39531250000000007 0.5359375
4 0.28125 0.31875 0.2578125 0.31875 0.2578125 0.3578125 0.28125 0.3578125
58 0.19687500000000005 0.446875 0.16718750000000004 0.446875 0.16718750000000004 0.4875 0.19687500000000005 0.4875
39 0.5421875 0.4265625 0.51875 0.4265625 0.51875 0.4703125 0.5421875 0.4703125
12 0.5140625 0.471875 0.490625 0.471875 0.490625 0.5109375 0.5140625 0.5109375
3 0.2515625 0.315625 0.2265625 0.315625 0.2265625 0.3546875 0.2515625 0.3546875
22 0.5890625 0.434375 0.55 0.434375 0.55 0.5296875 0.5890625 0.5296875
47 0.4140625 0.509375 0.21250000000000008 0.509375 0.21250000000000008 0.609375 0.4140625 0.609375
51 0.3203125000000001 0.3796875 0.2953125000000001 0.3796875 0.2953125000000001 0.415625 0.3203125000000001 0.415625
8 0.4046875 0.34843750000000007 0.38125 0.34843750000000007 0.38125000000000003 0.38750000000000007 0.4046875 0.38750000000000007
2 0.221875 0.309375 0.19687500000000005 0.309375 0.19687500000000005 0.346875 0.221875 0.346875
26 0.546875 0.478125 0.5234375 0.478125 0.5234375 0.5203125 0.546875 0.5203125
49 0.12812500000000004 0.4796875 0.07500000000000007 0.4796875 0.07500000000000007 0.540625 0.12812500000000004 0.540625
53 0.3828125000000001 0.3921875 0.3578125000000001 0.3921875 0.3578125000000001 0.4328125 0.3828125000000001 0.4328125
34 0.4953125 0.515625 0.46875 0.515625 0.46875 0.5578125 0.4953125 0.5578125
20 0.5921875 0.3843750000000001 0.5375 0.3843750000000001 0.5375 0.4265625 0.5921875 0.4265625
37 0.48125 0.4625 0.4578125 0.4625 0.4578125 0.5046875 0.48125 0.5046875
13 0.21250000000000008 0.4984375 0.16093750000000004 0.4984375 0.16093750000000007 0.5484375 0.21250000000000008 0.5484375
11 0.5296875 0.3750000000000001 0.50625 0.3750000000000001 0.50625 0.4140625 0.5296875 0.4140625
21 0.25781250000000006 0.3609375 0.23125 0.3609375 0.23125000000000004 0.4015625 0.2578125000000001 0.4015625
23 0.28593750000000007 0.421875 0.2609375000000001 0.421875 0.2609375000000001 0.459375 0.28593750000000007 0.459375
55 0.2953125000000001 0.4703125 0.2656250000000001 0.4703125 0.2656250000000001 0.509375 0.2953125000000001 0.509375
45 0.16250000000000003 0.3859375 0.10937500000000004 0.3859375 0.10937500000000004 0.4296875 0.16250000000000003 0.4296875
1 0.19218750000000004 0.3015625 0.16718750000000004 0.3015625 0.16718750000000004 0.340625 0.19218750000000004 0.340625
7 0.37500000000000006 0.34218750000000003 0.3515625 0.3421875 0.35156250000000006 0.37812500000000004 0.3750000000000001 0.3781250000000001
54 0.509375 0.4203125 0.4859375 0.4203125 0.4859375 0.459375 0.509375 0.459375
24 0.3203125000000001 0.428125 0.29375000000000007 0.428125 0.29375000000000007 0.4640625 0.3203125000000001 0.4640625
14 0.4671875 0.5578125 0.4171875 0.5578125 0.4171875 0.6125 0.4671875 0.6125
50 0.5875 0.584375 0.540625 0.584375 0.540625 0.6390625 0.5875 0.6390625
9 0.4359375 0.3546875000000001 0.4109375 0.3546875000000001 0.4109375 0.3921875000000001 0.4359375 0.3921875000000001
6 0.34375000000000006 0.3328125 0.31875 0.3328125 0.31875000000000003 0.375 0.3437500000000001 0.375
18 0.428125 0.5015625 0.4015625 0.5015625 0.4015625 0.540625 0.428125 0.540625
30 0.890625 0.22187500000000004 0.015625000000000028 0.221875 0.015625000000000066 0.85 0.890625 0.85
15 0.3296875000000001 0.4765625 0.3000000000000001 0.4765625 0.3000000000000001 0.51875 0.3296875000000001 0.51875
43 0.2250000000000001 0.4046875 0.19687500000000005 0.4046875 0.19687500000000005 0.44375 0.2250000000000001 0.44375
52 0.16718750000000004 0.3390625 0.12187500000000004 0.3390625 0.12187500000000004 0.38125 0.16718750000000004 0.38125
25 0.3515625000000001 0.434375 0.3265625000000001 0.434375 0.3265625000000001 0.475 0.3515625000000001 0.475
46 0.5859375 0.525 0.503125 0.525 0.503125 0.5765625 0.5859375 0.5765625
44 0.13437500000000005 0.428125 0.09218750000000005 0.428125 0.09218750000000006 0.471875 0.13437500000000005 0.471875
29 0.4171875 0.4484375 0.3906250000000001 0.4484375 0.3906250000000001 0.4890625 0.4171875 0.4890625
59 0.3515625000000001 0.3859375 0.32500000000000007 0.3859375 0.32500000000000007 0.4234375 0.3515625000000001 0.4234375
38 0.478125 0.4125 0.4546875 0.4125 0.4546875 0.4546875 0.478125 0.4546875
17 0.16093750000000004 0.2953125 0.13750000000000004 0.2953125 0.13750000000000004 0.3328125 0.16093750000000004 0.3328125
42 0.2890625000000001 0.371875 0.26250000000000007 0.371875 0.26250000000000007 0.4078125 0.2890625000000001 0.4078125
28 0.3843750000000001 0.44375 0.3578125000000001 0.44375 0.3578125000000001 0.4796875 0.3843750000000001 0.4796875
16 0.26250000000000007 0.4625 0.2328125000000001 0.4625 0.2328125000000001 0.503125 0.26250000000000007 0.503125
35 0.3609375000000001 0.4875 0.33281250000000007 0.4875 0.33281250000000007 0.5265625 0.3609375000000001 0.5265625
31 0.4484375 0.45625 0.425 0.45625 0.425 0.4953125 0.4484375 0.4953125
41 0.19843750000000004 0.3484375 0.17031250000000003 0.3484375 0.17031250000000003 0.3875 0.19843750000000004 0.3875
57 0.2296875000000001 0.4578125 0.2015625000000001 0.4578125 0.2015625000000001 0.49375 0.2296875000000001 0.49375
0 0.465625 0.3609375000000001 0.44375 0.3609375000000001 0.44375 0.4015625 0.465625 0.4015625
36 0.446875 0.4046875 0.421875 0.4046875 0.421875 0.4453125 0.446875 0.4453125
19 0.2562500000000001 0.4125 0.2296875000000001 0.4125 0.2296875000000001 0.4515625 0.2562500000000001 0.4515625
48 0.4984375 0.3687500000000001 0.475 0.3687500000000001 0.475 0.4078125 0.4984375 0.4078125