44 0.2000000000000001 0.4328125 0.14375000000000004 0.4328125 0.14375000000000004 0.5 0.2000000000000001 0.5
33 0.5796875 0.425 0.5359375 0.425 0.5359375 0.49375 0.5796875 0.49375
23 0.4125 0.35625000000000007 0.371875 0.35625000000000007 0.37187500000000007 0.4203125 0.4125 0.4203125
35 0.5328125 0.425 0.4890625 0.425 0.4890625 0.49375 0.5328125 0.49375
10 0.27343750000000006 0.3578125 0.23125 0.3578125 0.23125000000000004 0.4234375 0.2734375000000001 0.4234375
5 0.428125 0.2171875000000001 0.3875 0.2171875000000001 0.3875 0.2765625000000001 0.428125 0.2765625000000001
38 0.678125 0.2812500000000001 0.6375 0.2812500000000001 0.6375 0.3437500000000001 0.678125 0.3437500000000001
22 0.8453125 0.2812500000000001 0.7734375 0.2812500000000001 0.7734375 0.4187500000000002 0.8453125 0.4187500000000002
52 0.2234375 0.2890625 0.15781250000000005 0.2890625 0.15781250000000005 0.3515625 0.2234375 0.3515625
58 0.29375000000000007 0.43125 0.2500000000000001 0.43125 0.2500000000000001 0.5 0.29375000000000007 0.5
7 0.5171875 0.2171875000000001 0.4765625 0.2171875000000001 0.4765625 0.2750000000000001 0.5171875 0.2750000000000001
8 0.5625 0.2156250000000001 0.521875 0.2156250000000001 0.521875 0.2750000000000001 0.5625 0.2750000000000001
48 0.6984375 0.2156250000000001 0.6578125 0.2156250000000001 0.6578125 0.2734375000000001 0.6984375 0.2734375000000001
2 0.29375 0.2203125 0.253125 0.2203125 0.253125 0.2796875 0.29375 0.2796875
42 0.403125 0.28437500000000004 0.3625 0.284375 0.3625 0.34843750000000007 0.403125 0.34843750000000007
40 0.675 0.425 0.63125 0.425 0.63125 0.4921875 0.675 0.4921875
55 0.4359375 0.4265625 0.3921875000000001 0.4265625 0.3921875000000001 0.4953125 0.4359375 0.4953125
17 0.20625 0.225 0.16562500000000005 0.225 0.16562500000000005 0.28125 0.20625 0.28125
36 0.634375 0.2828125000000001 0.5921875 0.2828125000000001 0.5921875 0.3437500000000001 0.634375 0.3437500000000001
32 0.2468750000000001 0.43125 0.20312500000000008 0.43125 0.20312500000000008 0.5 0.2468750000000001 0.5
6 0.4734375 0.2171875000000001 0.4328125 0.2171875000000001 0.4328125 0.2750000000000001 0.4734375 0.2750000000000001
53 0.540625 0.2828125000000001 0.5 0.2828125000000001 0.5 0.3468750000000001 0.540625 0.3468750000000001
47 0.5828125 0.503125 0.3421875000000001 0.503125 0.3421875000000001 0.5890625 0.5828125 0.5890625
46 0.853125 0.4234375000000002 0.728125 0.4234375000000002 0.728125 0.4937500000000002 0.853125 0.4937500000000002
13 0.3359375000000001 0.50625 0.2921875000000001 0.50625 0.2921875000000001 0.590625 0.3359375000000001 0.590625
19 0.36562500000000003 0.35625000000000007 0.325 0.35625 0.32500000000000007 0.421875 0.3656250000000001 0.421875
9 0.6078125 0.2156250000000001 0.5671875 0.2156250000000001 0.5671875 0.2734375000000001 0.6078125 0.2734375000000001
59 0.4953125 0.2828125000000001 0.4546875 0.2828125000000001 0.4546875 0.3453125000000001 0.4953125 0.3453125000000001
51 0.4484375 0.2843750000000001 0.409375 0.2843750000000001 0.409375 0.3453125000000001 0.4484375 0.3453125000000001
1 0.25 0.2234375 0.209375 0.2234375 0.209375 0.28125 0.25 0.28125
49 0.19531250000000006 0.5078125 0.13593750000000004 0.5078125 0.13593750000000007 0.5921875 0.19531250000000008 0.5921875
15 0.484375 0.4265625 0.440625 0.4265625 0.440625 0.49375 0.484375 0.49375
34 0.7234375 0.425 0.6796875 0.425 0.6796875 0.4921875 0.7234375 0.4921875
39 0.7703125 0.2828125000000001 0.7296875 0.2828125000000001 0.7296875 0.3437500000000001 0.7703125 0.3437500000000001
28 0.553125 0.3515625000000001 0.5125 0.3515625000000001 0.5125 0.41875 0.553125 0.41875
25 0.50625 0.3531250000000001 0.465625 0.3531250000000001 0.465625 0.41875 0.50625 0.41875
4 0.3828125 0.21718750000000003 0.34375 0.2171875 0.34375 0.27656250000000004 0.3828125 0.2765625000000001
27 0.5875 0.2828125000000001 0.546875 0.2828125000000001 0.546875 0.3437500000000001 0.5875 0.3437500000000001
37 0.696875 0.3515625000000001 0.653125 0.3515625000000001 0.653125 0.4171875 0.696875 0.4171875
30 0.8828125 0.15781250000000005 0.1140625 0.1578125 0.11406250000000004 0.6078125000000001 0.8828125 0.6078125000000002
41 0.2671875 0.2875 0.225 0.2875 0.225 0.3515625 0.2671875 0.3515625
21 0.35625 0.284375 0.315625 0.284375 0.315625 0.346875 0.35625 0.346875
54 0.725 0.2812500000000001 0.684375 0.2812500000000001 0.684375 0.3453125000000001 0.725 0.3453125000000001
3 0.3390625 0.21875 0.2984375 0.21875 0.2984375 0.278125 0.3390625 0.278125
18 0.6265625 0.4234375 0.5828125 0.4234375 0.5828125 0.49375 0.6265625 0.49375
0 0.653125 0.2140625000000001 0.6125 0.2140625000000001 0.6125 0.2734375000000001 0.653125 0.2734375000000001
26 0.7890625 0.3515625000000001 0.7453125 0.3515625000000001 0.7453125 0.41718750000000016 0.7890625 0.41718750000000016
24 0.4578125 0.3531250000000001 0.4171875 0.3531250000000001 0.4171875 0.41875 0.4578125 0.41875
16 0.38750000000000007 0.4296875 0.3437500000000001 0.4296875 0.3437500000000001 0.496875 0.38750000000000007 0.496875
12 0.7421875 0.3515625000000001 0.6984375 0.3515625000000001 0.6984375 0.4171875000000001 0.7421875 0.41718750000000016
31 0.646875 0.3515625000000001 0.60625 0.3515625000000001 0.60625 0.4171875 0.646875 0.4171875
45 0.22812500000000005 0.359375 0.15156250000000004 0.359375 0.15156250000000004 0.425 0.22812500000000008 0.425
50 0.7296875 0.5015625000000001 0.6828125 0.5015625 0.6828125 0.5843750000000001 0.7296875 0.5843750000000002
56 0.3109375 0.2859375 0.2703125 0.2859375 0.2703125 0.35 0.3109375 0.35
20 0.83125 0.2156250000000001 0.746875 0.2156250000000001 0.746875 0.2750000000000001 0.83125 0.2750000000000001
11 0.7421875 0.2156250000000001 0.7015625 0.2156250000000001 0.7015625 0.2734375000000001 0.7421875 0.2734375000000001
14 0.63125 0.5015625 0.5859375 0.5015625 0.5859375 0.584375 0.63125 0.584375
57 0.34062500000000007 0.4296875 0.2968750000000001 0.4296875 0.2968750000000001 0.4984375 0.34062500000000007 0.4984375
43 0.32031250000000006 0.3578125 0.278125 0.3578125 0.27812500000000007 0.4234375 0.3203125000000001 0.4234375
29 0.6015625 0.3515625000000001 0.559375 0.3515625000000001 0.559375 0.4171875 0.6015625 0.4171875