14 0.4656250000000002 0.7421875 0.4156250000000002 0.7421875 0.4156250000000002 0.7890625 0.4656250000000002 0.7890625
29 0.4171875 0.634375 0.37968750000000007 0.634375 0.37968750000000007 0.6828125 0.4171875 0.6828125
2 0.14218750000000008 0.525 0.10468750000000004 0.525 0.10468750000000007 0.571875 0.14218750000000008 0.571875
13 0.1843750000000001 0.7390625 0.1375000000000001 0.7390625 0.1375000000000001 0.7875 0.1843750000000001 0.7875
27 0.40625 0.58125 0.3687500000000001 0.58125 0.3687500000000001 0.628125 0.40625 0.628125
56 0.1593750000000001 0.578125 0.12500000000000008 0.578125 0.12500000000000008 0.625 0.1593750000000001 0.625
22 0.628125 0.584375 0.575 0.584375 0.575 0.6875 0.628125 0.6875
53 0.3656250000000001 0.58125 0.3281250000000001 0.58125 0.3281250000000001 0.628125 0.3656250000000001 0.628125
43 0.1703125000000001 0.63125 0.13437500000000008 0.63125 0.13437500000000008 0.678125 0.1703125000000001 0.678125
51 0.2828125000000001 0.5796875 0.2468750000000001 0.5796875 0.2468750000000001 0.6265625 0.2828125000000001 0.6265625
6 0.3062500000000001 0.528125 0.27031250000000007 0.528125 0.27031250000000007 0.5734375 0.3062500000000001 0.5734375
47 0.4156250000000002 0.740625 0.18750000000000008 0.740625 0.18750000000000008 0.790625 0.4156250000000002 0.790625
10 0.1296875000000001 0.63125 0.09375000000000007 0.63125 0.09375000000000008 0.6765625 0.1296875000000001 0.6765625
37 0.496875 0.6359375 0.4609375 0.6359375 0.4609375 0.6828125 0.496875 0.6828125
34 0.5156250000000001 0.6890625 0.478125 0.6890625 0.4781250000000001 0.7359375 0.5156250000000002 0.7359375
24 0.29375000000000007 0.6328125 0.2562500000000001 0.6328125 0.2562500000000001 0.6796875 0.29375000000000007 0.6796875
12 0.5390625 0.6375 0.5015625 0.6375 0.5015625 0.684375 0.5390625 0.684375
11 0.5515625 0.53125 0.515625 0.53125 0.515625 0.578125 0.5515625 0.578125
30 0.99375 0.4078125000000001 4.9942627277728e-17 0.4078125 7.711447813380989e-17 0.8515625 0.99375 0.8515625
55 0.2718750000000001 0.6859375 0.23437500000000008 0.6859375 0.23437500000000008 0.7328125 0.2718750000000001 0.7328125
58 0.14843750000000008 0.684375 0.11250000000000009 0.684375 0.11250000000000009 0.73125 0.14843750000000008 0.73125
32 0.10781250000000009 0.6828125 0.07187500000000009 0.6828125 0.07187500000000009 0.728125 0.10781250000000009 0.728125
36 0.446875 0.5828125 0.409375 0.5828125 0.409375 0.6296875 0.446875 0.6296875
46 0.628125 0.6921875 0.521875 0.6921875 0.5218750000000001 0.7390625 0.6281250000000002 0.7390625
40 0.4750000000000001 0.6890625 0.4375 0.6890625 0.4375000000000001 0.7359375 0.4750000000000002 0.7359375
23 0.2531250000000001 0.6328125 0.2171875000000001 0.6328125 0.2171875000000001 0.6796875 0.2531250000000001 0.6796875
0 0.4703125 0.5296875 0.4328125 0.5296875 0.4328125 0.5765625 0.4703125 0.5765625
50 0.6281250000000002 0.7453125 0.5718750000000001 0.7453125 0.5718750000000001 0.79375 0.6281250000000002 0.79375
48 0.5109375 0.53125 0.4734375 0.53125 0.4734375 0.578125 0.5109375 0.578125
16 0.2296875000000001 0.684375 0.1921875000000001 0.684375 0.1921875000000001 0.73125 0.2296875000000001 0.73125
26 0.5796875 0.6375 0.5421875 0.6375 0.5421875 0.684375 0.5796875 0.684375
44 0.06562500000000009 0.6828125 0.025000000000000088 0.6828125 0.025000000000000088 0.7265625 0.06562500000000009 0.7265625
41 0.11875000000000009 0.578125 0.08125000000000007 0.578125 0.08125000000000007 0.625 0.11875000000000009 0.625
15 0.3125000000000001 0.6859375 0.2750000000000001 0.6859375 0.2750000000000001 0.7328125 0.3125000000000001 0.7328125
54 0.528125 0.584375 0.490625 0.584375 0.490625 0.63125 0.528125 0.63125
42 0.24218750000000008 0.5796875 0.2062500000000001 0.5796875 0.2062500000000001 0.6265625 0.24218750000000008 0.6265625
17 0.06093750000000007 0.525 0.025000000000000067 0.525 0.025000000000000067 0.5703125 0.06093750000000007 0.5703125
3 0.18437500000000007 0.5265625 0.14687500000000003 0.5265625 0.14687500000000006 0.5734375 0.1843750000000001 0.5734375
8 0.3906250000000001 0.5296875 0.3531250000000001 0.5296875 0.3531250000000001 0.5765625 0.3906250000000001 0.5765625
19 0.21093750000000008 0.63125 0.1750000000000001 0.63125 0.1750000000000001 0.678125 0.21093750000000008 0.678125
33 0.3937500000000001 0.6859375 0.35625000000000007 0.6859375 0.35625000000000007 0.7328125 0.3937500000000001 0.7328125
5 0.2656250000000001 0.5265625 0.22812500000000008 0.5265625 0.22812500000000008 0.5734375 0.2656250000000001 0.5734375
1 0.10156250000000007 0.525 0.06718750000000007 0.525 0.06718750000000007 0.571875 0.10156250000000008 0.571875
52 0.07812500000000007 0.5765625 0.025000000000000067 0.5765625 0.02500000000000007 0.6234375 0.07812500000000007 0.6234375
49 0.08125000000000009 0.7375 0.02656250000000009 0.7375 0.026562500000000093 0.7828125 0.08125000000000009 0.7828125
21 0.2000000000000001 0.578125 0.16406250000000008 0.578125 0.16406250000000008 0.625 0.2000000000000001 0.625
18 0.43437500000000007 0.6875 0.3968750000000001 0.6875 0.3968750000000001 0.7359375 0.4343750000000002 0.7359375
31 0.4578125 0.634375 0.4203125 0.634375 0.4203125 0.68125 0.4578125 0.68125
20 0.628125 0.5328125 0.55625 0.5328125 0.55625 0.5796875 0.628125 0.5796875
9 0.4296875 0.5296875 0.3921875000000001 0.5296875 0.3921875000000001 0.5765625 0.4296875 0.5765625
57 0.18750000000000008 0.6859375 0.1531250000000001 0.6859375 0.1531250000000001 0.73125 0.18750000000000008 0.73125
45 0.08906250000000007 0.6296875 0.025000000000000078 0.6296875 0.025000000000000078 0.6765625 0.08906250000000009 0.6765625
4 0.2234375000000001 0.5265625 0.18906250000000005 0.5265625 0.18906250000000008 0.5734375 0.2234375000000001 0.5734375
39 0.56875 0.584375 0.53125 0.584375 0.53125 0.6328125 0.56875 0.6328125
28 0.3765625000000001 0.634375 0.3390625000000001 0.634375 0.3390625000000001 0.68125 0.3765625000000001 0.68125
35 0.3531250000000001 0.6859375 0.3156250000000001 0.6859375 0.3156250000000001 0.7328125 0.3531250000000001 0.7328125
25 0.3343750000000001 0.6328125 0.2984375000000001 0.6328125 0.2984375000000001 0.6796875 0.3343750000000001 0.6796875
59 0.3234375000000001 0.5796875 0.2875000000000001 0.5796875 0.2875000000000001 0.6265625 0.3234375000000001 0.6265625
7 0.34843750000000007 0.528125 0.3125000000000001 0.528125 0.3125000000000001 0.575 0.34843750000000007 0.575
38 0.4859375 0.5828125 0.45 0.5828125 0.45 0.6296875 0.4859375 0.6296875