3 0.6750000000000002 0.90625 0.6140625000000002 0.90625 0.6140625000000002 0.9421875 0.6750000000000002 0.9421875
19 0.5265625000000002 0.8703125 0.46093750000000017 0.8703125 0.46093750000000017 0.90625 0.5265625000000002 0.90625
30 0.821875 6.515503673588653e-17 0.2421875 2.9659414666849956e-17 0.24218750000000006 1 0.821875 1
43 0.5250000000000001 0.91875 0.4625000000000002 0.91875 0.4625000000000002 0.953125 0.5250000000000001 0.953125
31 0.525 0.584375 0.4625 0.584375 0.4625 0.61875 0.525 0.61875
13 0.3765625000000001 0.9171875 0.3109375000000001 0.9171875 0.3109375000000001 0.9671875 0.3765625000000001 0.9671875
37 0.525 0.534375 0.4609375 0.534375 0.4609375 0.571875 0.525 0.571875
16 0.4515625000000002 0.8453125 0.3890625000000001 0.8453125 0.3890625000000001 0.8828125 0.4515625000000002 0.8828125
27 0.6 0.6421875 0.5390625 0.6421875 0.5390625 0.6765625 0.6 0.6765625
38 0.6015625 0.546875 0.5390625 0.546875 0.5390625 0.58125 0.6015625 0.58125
51 0.6015625000000002 0.7859375 0.5390625000000002 0.7859375 0.5390625000000002 0.8203125 0.6015625000000002 0.8203125
17 0.6750000000000002 0.9875 0.6140625000000002 0.9875 0.6140625000000002 1 0.6750000000000002 1
20 0.675 0.37968750000000007 0.6125 0.37968750000000007 0.6125 0.4640625 0.675 0.4640625
7 0.6718750000000001 0.715625 0.615625 0.715625 0.6156250000000001 0.7484375 0.6718750000000002 0.7484375
47 0.3765625000000001 0.615625 0.3062500000000001 0.615625 0.3062500000000001 0.909375 0.3765625000000001 0.909375
39 0.6015625 0.453125 0.5359375 0.453125 0.5359375 0.4875 0.6015625 0.4875
55 0.4515625000000002 0.7984375 0.3890625000000001 0.7984375 0.3890625000000001 0.834375 0.4515625000000002 0.834375
32 0.4515625000000002 0.984375 0.3890625000000001 0.984375 0.3890625000000001 1 0.4515625000000002 1
5 0.6734375000000001 0.809375 0.6156250000000002 0.809375 0.6156250000000002 0.84375 0.6734375000000001 0.84375
15 0.4515625000000002 0.7515625 0.3906250000000001 0.7515625 0.3906250000000001 0.7859375 0.4515625000000002 0.7859375
33 0.4484375 0.6546875 0.3859375000000001 0.6546875 0.3859375000000001 0.6921875 0.4484375 0.6921875
36 0.6 0.5953125 0.5375 0.5953125 0.5375 0.6296875 0.6 0.6296875
53 0.6015625 0.690625 0.5390625 0.690625 0.5390625 0.725 0.6015625 0.725
11 0.675 0.4765625 0.6125 0.4765625 0.6125 0.5109375 0.675 0.5109375
54 0.6015625 0.5 0.5359375 0.5 0.5359375 0.534375 0.6015625 0.534375
22 0.603125 0.3812500000000001 0.4625 0.3812500000000001 0.4625 0.440625 0.603125 0.440625
26 0.5265625 0.4421875 0.4609375 0.4421875 0.4609375 0.4765625 0.5265625 0.4765625
52 0.6000000000000002 0.975 0.5390625000000002 0.975 0.5390625000000002 1 0.6000000000000002 1
1 0.6765625000000002 0.9859375 0.6140625000000002 0.9859375 0.6140625000000002 1 0.6765625000000002 1
58 0.4515625000000002 0.9421875 0.3890625000000001 0.9421875 0.3890625000000001 0.9765625 0.4515625000000002 0.9765625
46 0.45 0.37968750000000007 0.38750000000000007 0.37968750000000007 0.38750000000000007 0.4984375 0.45 0.4984375
18 0.45 0.6078125 0.38750000000000007 0.6078125 0.38750000000000007 0.6421875 0.45 0.6421875
50 0.3750000000000001 0.37968750000000007 0.3125000000000001 0.3796875 0.3125000000000001 0.4296875 0.3750000000000001 0.4296875
48 0.6734375 0.525 0.6125 0.525 0.6125 0.559375 0.6734375 0.559375
59 0.6015625000000002 0.7390625 0.5390625000000002 0.7390625 0.5390625000000002 0.7734375 0.6015625000000002 0.7734375
12 0.5265625 0.4890625 0.4609375 0.4890625 0.4609375 0.5234375 0.5265625 0.5234375
14 0.3750000000000001 0.5578125 0.3125000000000001 0.5578125 0.3125000000000001 0.6109375 0.3750000000000001 0.6109375
28 0.525 0.6796875 0.4625 0.6796875 0.4625 0.7140625 0.525 0.7140625
34 0.45 0.5125 0.38750000000000007 0.5125 0.38750000000000007 0.546875 0.45 0.546875
23 0.5250000000000001 0.8234375 0.4625000000000002 0.8234375 0.4625000000000002 0.85625 0.5250000000000001 0.85625
35 0.45000000000000007 0.703125 0.3890625000000001 0.703125 0.3890625000000001 0.7375 0.4500000000000002 0.7375
6 0.6734375000000001 0.7609375 0.6156250000000002 0.7609375 0.6156250000000002 0.7953125 0.6734375000000001 0.7953125
29 0.525 0.63125 0.4625 0.63125 0.4625 0.665625 0.525 0.665625
56 0.6015625000000002 0.9296875 0.5390625000000002 0.9296875 0.5390625000000002 0.965625 0.6015625000000002 0.965625
41 0.6000000000000002 0.9765625 0.5375000000000002 0.9765625 0.5375000000000002 1 0.6000000000000002 1
57 0.4515625000000002 0.89375 0.3890625000000001 0.89375 0.3890625000000001 0.928125 0.4515625000000002 0.928125
40 0.4515625 0.559375 0.3890625000000001 0.559375 0.3890625000000001 0.59375 0.4515625 0.59375
0 0.675 0.571875 0.615625 0.571875 0.615625 0.60625 0.675 0.60625
25 0.5250000000000001 0.7265625 0.4625000000000002 0.7265625 0.4625000000000002 0.7609375 0.5250000000000001 0.7609375
42 0.6015625000000002 0.834375 0.5390625000000002 0.834375 0.5390625000000002 0.86875 0.6015625000000002 0.86875
49 0.3750000000000001 0.9796875 0.3125000000000001 0.9796875 0.3125000000000001 1 0.3750000000000001 1
21 0.6015625000000002 0.8828125 0.5390625000000002 0.8828125 0.5390625000000002 0.9171875 0.6015625000000002 0.9171875
8 0.6734375 0.6671875 0.615625 0.6671875 0.615625 0.7015625 0.6734375 0.7015625
24 0.5250000000000001 0.775 0.4625000000000002 0.775 0.4625000000000002 0.809375 0.5250000000000001 0.809375
10 0.5250000000000001 0.965625 0.4625000000000002 0.965625 0.4625000000000002 1 0.5250000000000001 1
2 0.6750000000000002 0.953125 0.6140625000000002 0.953125 0.6140625000000002 0.990625 0.6750000000000002 0.990625
9 0.6734375 0.61875 0.615625 0.61875 0.615625 0.653125 0.6734375 0.653125
44 0.4500000000000002 0.9796875 0.3890625000000001 0.9796875 0.3890625000000001 1 0.4500000000000002 1
45 0.5250000000000001 0.96875 0.46093750000000017 0.96875 0.46093750000000017 1 0.5250000000000001 1
4 0.6734375000000001 0.85625 0.6140625000000002 0.85625 0.6140625000000002 0.89375 0.6734375000000001 0.89375