27 0.9046875 0.5656250000000002 0.8015625 0.5656250000000002 0.8015625 0.6937500000000002 0.9046875 0.6937500000000002
40 0.990625 0.865625 0.8859375 0.865625 0.8859375 1 0.990625 1
49 0.07031250000000008 0.5390625 6.6016116516537e-17 0.5390625 7.424421219830829e-17 0.6734375 0.07031250000000008 0.6734375
2 0.38125 0.20312500000000006 0.278125 0.203125 0.278125 0.321875 0.38125 0.3218750000000001
37 1 0.7796875000000002 0.975 0.7796875000000002 0.975 0.9171875 1 0.9171875
6 0.7125 0.35625000000000007 0.609375 0.35625000000000007 0.609375 0.48125 0.7125 0.48125
23 0.5375 0.5140625 0.43125 0.5140625 0.43125 0.646875 0.5375 0.646875
36 0.996875 0.6093750000000002 0.89375 0.6093750000000002 0.89375 0.7421875000000002 0.996875 0.7421875000000002
47 0.7718750000000001 0.7078125000000001 0.2906250000000001 0.7078125 0.2906250000000001 1 0.7718750000000002 1
5 0.628125 0.3156250000000001 0.525 0.3156250000000001 0.525 0.440625 0.628125 0.440625
31 0.9859375 0.7328125000000002 0.8828125 0.7328125000000002 0.8828125 0.86875 0.9859375 0.86875
19 0.4515625 0.471875 0.3468750000000001 0.471875 0.3468750000000001 0.6046875 0.4515625 0.6046875
25 0.7125000000000001 0.6 0.6078125 0.6 0.6078125000000001 0.7328125 0.7125000000000001 0.7328125
52 0.22500000000000003 0.23125 0.08125000000000002 0.23125 0.08125000000000003 0.36875 0.2250000000000001 0.36875
21 0.471875 0.3656250000000001 0.3687500000000001 0.3656250000000001 0.3687500000000001 0.48125 0.471875 0.48125
7 0.8 0.39531250000000007 0.6984375 0.39531250000000007 0.6984375 0.5234375000000001 0.8 0.5234375000000002
17 0.2203125 0.13437500000000002 0.1234375 0.134375 0.12343750000000002 0.2484375 0.2203125 0.2484375
4 0.5453125 0.2765625000000001 0.4421875 0.2765625000000001 0.4421875 0.4 0.5453125 0.4
14 0.8671875 0.9390625 0.7609375000000002 0.9390625 0.7609375000000002 1 0.8671875 1
3 0.4625 0.24062500000000003 0.3609375 0.240625 0.3609375 0.35937500000000006 0.4625 0.3593750000000001
0 1 0.5140625000000002 0.9640625 0.5140625000000002 0.9640625 0.6484375000000002 1 0.6484375000000002
44 0.10937500000000007 0.43125 0.0031250000000000526 0.43125 0.0031250000000000605 0.5609375 0.10937500000000008 0.5609375
9 0.975 0.4781250000000002 0.8734375 0.4781250000000002 0.8734375 0.6062500000000002 0.975 0.6062500000000002
56 0.38593750000000004 0.32500000000000007 0.2859375 0.325 0.28593750000000007 0.44375 0.3859375000000001 0.44375
42 0.55625 0.4046875 0.4515625 0.4046875 0.4515625 0.5265625 0.55625 0.5265625
10 0.2843750000000001 0.39375 0.17968750000000006 0.39375 0.17968750000000006 0.5171875 0.2843750000000001 0.5171875
41 0.30625 0.2890625 0.2015625 0.2890625 0.20156250000000003 0.4078125 0.3062500000000001 0.4078125
53 0.815625 0.5234375000000001 0.7125 0.5234375 0.7125 0.6562500000000001 0.815625 0.6562500000000002
35 0.7109375000000002 0.7296875 0.6046875000000002 0.7296875 0.6046875000000002 0.865625 0.7109375000000002 0.865625
43 0.3656250000000001 0.434375 0.2609375000000001 0.434375 0.2609375000000001 0.5625 0.3656250000000001 0.5625
15 0.6234375000000001 0.684375 0.515625 0.684375 0.5156250000000001 0.821875 0.6234375000000002 0.821875
32 0.19062500000000007 0.4734375 0.08437500000000006 0.4734375 0.08437500000000006 0.603125 0.1906250000000001 0.603125
13 0.3218750000000001 0.6625 0.2171875000000001 0.6625 0.2171875000000001 0.8046875 0.3218750000000001 0.8046875
51 0.640625 0.44375 0.5375 0.44375 0.5375 0.56875 0.640625 0.56875
45 0.20156250000000003 0.3296875 0.04531250000000005 0.3296875 0.04531250000000005 0.4796875 0.2015625000000001 0.4796875
1 0.3 0.16718750000000004 0.2 0.16718750000000004 0.2 0.2828125 0.3 0.2828125
16 0.4468750000000001 0.6 0.34062500000000007 0.6 0.34062500000000007 0.73125 0.4468750000000002 0.73125
57 0.3593750000000001 0.55625 0.2531250000000001 0.55625 0.2531250000000001 0.6875 0.3593750000000001 0.6875
24 0.621875 0.55625 0.51875 0.55625 0.51875 0.690625 0.621875 0.690625
59 0.7265625 0.4843750000000001 0.6234375 0.484375 0.6234375 0.6109375000000001 0.7265625 0.6109375000000001
29 0.8921875 0.6875000000000002 0.7890625 0.6875000000000002 0.7890625000000001 0.821875 0.8921875 0.821875
55 0.5328125000000001 0.6421875 0.4265625 0.6421875 0.42656250000000007 0.775 0.5328125000000001 0.775
8 0.8859375 0.4343750000000002 0.7859375 0.4343750000000002 0.7859375 0.5656250000000002 0.8859375 0.5656250000000002
28 0.803125 0.6453125000000001 0.6984375 0.6453125 0.6984375 0.7781250000000001 0.803125 0.7781250000000002
18 0.8953125 0.81875 0.7906250000000001 0.81875 0.7906250000000001 0.9609375 0.8953125 0.9609375
58 0.2734375000000001 0.5140625 0.16875000000000004 0.5140625 0.16875000000000007 0.6453125 0.2734375000000001 0.6453125
33 0.8015625 0.7734375000000001 0.6968750000000001 0.7734375 0.6968750000000001 0.9171875 0.8015625 0.9171875