11 0.871875 0.4515625000000002 0.74375 0.4515625000000002 0.74375 0.5281250000000002 0.871875 0.5281250000000002
14 0.2171875000000001 0.6515625 0.06093750000000009 0.6515625 0.06093750000000009 0.7703125 0.2171875000000001 0.7703125
47 0.2328125000000001 0.790625 0.0828125000000001 0.790625 0.08281250000000011 1 0.2328125000000001 1
8 0.8703125 0.8796875 0.7390625000000002 0.8796875 0.7390625000000002 0.9546875 0.8703125 0.9546875
39 0.709375 0.3921875000000001 0.571875 0.3921875000000001 0.571875 0.4734375 0.709375 0.4734375
9 0.871875 0.7781250000000002 0.7437500000000001 0.7781250000000002 0.7437500000000001 0.853125 0.871875 0.853125
27 0.7171875000000002 0.8375 0.5859375000000002 0.8375 0.5859375000000002 0.9140625 0.7171875000000002 0.9140625
31 0.5562500000000001 0.696875 0.4171875 0.696875 0.4171875000000001 0.7875 0.5562500000000001 0.7875
26 0.5546875 0.36406250000000007 0.4171875 0.36406250000000007 0.4171875 0.4453125 0.5546875 0.4453125
37 0.55625 0.59375 0.415625 0.59375 0.415625 0.6734375 0.55625 0.6734375
33 0.39531250000000007 0.8796875 0.2515625000000001 0.8796875 0.2515625000000001 0.9578125 0.39531250000000007 0.9578125
54 0.7171875 0.5078125 0.5796875 0.5078125 0.5796875 0.5859375 0.7171875 0.5859375
7 0.8703125 0.984375 0.7390625000000002 0.984375 0.7390625000000002 1 0.8703125 1
50 0.209375 0.2109375 0.057812500000000024 0.2109375 0.05781250000000003 0.3328125 0.209375 0.3328125
36 0.7187500000000002 0.7265625 0.5843750000000002 0.7265625 0.5843750000000002 0.8078125 0.7187500000000002 0.8078125
53 0.7171875000000002 0.9421875 0.5828125000000002 0.9421875 0.5828125000000002 1 0.7171875000000002 1
28 0.5609375000000002 0.915625 0.4203125000000002 0.915625 0.4203125000000002 1 0.5609375000000002 1
25 0.5609375000000002 0.984375 0.4234375000000002 0.984375 0.4234375000000002 1 0.5609375000000002 1
22 0.7171875 0.22031250000000008 0.3984375 0.22031250000000008 0.39843750000000006 0.3703125000000001 0.7171875 0.3703125000000001
29 0.5609375000000002 0.81875 0.42187500000000017 0.81875 0.42187500000000017 0.89375 0.5609375000000002 0.89375
18 0.3937500000000001 0.7671875 0.2500000000000001 0.7671875 0.2500000000000001 0.846875 0.3937500000000001 0.846875
30 1 6.123233995736766e-17 0 0 6.123233995736766e-17 1 1 1
0 0.871875 0.6703125000000002 0.74375 0.6703125000000002 0.7437500000000001 0.7468750000000002 0.871875 0.7468750000000002
20 0.86875 0.22812500000000008 0.7375 0.22812500000000008 0.7375 0.42968750000000017 0.86875 0.42968750000000017
34 0.38750000000000007 0.5375 0.24375000000000008 0.5375 0.24375000000000008 0.61875 0.38750000000000007 0.61875
46 0.384375 0.21406250000000004 0.2375 0.2140625 0.23750000000000004 0.5078125 0.3843750000000001 0.5078125
35 0.4000000000000002 0.978125 0.2562500000000001 0.978125 0.2562500000000001 1 0.4000000000000002 1
40 0.3921875000000001 0.653125 0.2453125000000001 0.653125 0.2453125000000001 0.7375 0.3921875000000001 0.7375
48 0.8734375 0.5593750000000002 0.7421875 0.5593750000000002 0.7421875 0.6375000000000002 0.8734375 0.6375000000000002
12 0.55625 0.478125 0.415625 0.478125 0.415625 0.5578125 0.55625 0.5578125
59 0.7203125000000001 0.984375 0.5859375000000002 0.984375 0.5859375000000002 1 0.7203125000000001 1
38 0.7203125 0.61875 0.584375 0.61875 0.584375 0.696875 0.7203125 0.696875