0 0.653125 0.4421875 0.590625 0.4421875 0.590625 0.4796875 0.653125 0.4796875
1 0.653125 0.04218750000000008 0.590625 0.04218750000000008 0.590625 0.07656250000000007 0.653125 0.07656250000000009
12 0.5078125 0.521875 0.4453125 0.521875 0.4453125 0.5578125 0.5078125 0.5578125
2 0.6546875 0.08750000000000008 0.5921875 0.08750000000000006 0.5921875 0.1218750000000001 0.6546875 0.1218750000000001
37 0.5078125 0.475 0.4453125 0.475 0.4453125 0.5125 0.5078125 0.5125
46 0.4359375 0.54375 0.3703125000000001 0.54375 0.3703125000000001 0.65625 0.4359375 0.65625
47 0.36562500000000003 0.17343750000000005 0.2984375 0.17343750000000005 0.2984375 0.4265625 0.3656250000000001 0.4265625
14 0.3625000000000001 0.43125 0.3000000000000001 0.43125 0.3000000000000001 0.4796875 0.3625000000000001 0.4796875
31 0.509375 0.43125 0.446875 0.43125 0.446875 0.4671875 0.509375 0.4671875
48 0.6546875 0.4875 0.5890625 0.4875 0.5890625 0.525 0.6546875 0.525
7 0.653125 0.30937500000000007 0.5875 0.30937500000000007 0.5875 0.3468750000000001 0.653125 0.3468750000000001
57 0.4359375 0.14375000000000004 0.3765625 0.14375000000000004 0.3765625 0.17812500000000003 0.4359375 0.17812500000000003
3 0.653125 0.1312500000000001 0.590625 0.1312500000000001 0.590625 0.1687500000000001 0.653125 0.1687500000000001
13 0.3640625 0.12031250000000004 0.3015625 0.12031250000000004 0.3015625 0.16718750000000004 0.3640625 0.16718750000000004
40 0.4375 0.453125 0.3750000000000001 0.453125 0.3750000000000001 0.4890625 0.4375 0.4890625
27 0.5796875 0.3765625000000001 0.5203125 0.3765625000000001 0.5203125 0.4125 0.5796875 0.4125
39 0.58125 0.553125 0.515625 0.553125 0.515625 0.590625 0.58125 0.590625
33 0.4359375 0.36406250000000007 0.3703125000000001 0.36406250000000007 0.3703125000000001 0.4015625 0.4359375 0.4015625
5 0.6546875 0.21875000000000008 0.5890625 0.21875000000000008 0.5890625 0.2562500000000001 0.6546875 0.2562500000000001
11 0.6546875 0.5328125 0.590625 0.5328125 0.590625 0.5671875 0.6546875 0.5671875
17 0.6546875 7.63490738843428e-17 0.5921875 7.252205263700732e-17 0.5921875 0.031250000000000076 0.6546875 0.031250000000000076
53 0.58125 0.3312500000000001 0.51875 0.3312500000000001 0.51875 0.3671875000000001 0.58125 0.3671875000000001
23 0.50625 0.21093750000000008 0.446875 0.21093750000000008 0.446875 0.2453125000000001 0.50625 0.2453125000000001
9 0.6546875 0.3984375000000001 0.5890625 0.3984375000000001 0.5890625 0.4359375 0.6546875 0.4359375
45 0.50625 5.836207402186604e-17 0.446875 5.472640383689735e-17 0.446875 0.06562500000000006 0.50625 0.06562500000000007
20 0.6546875 0.5765625 0.590625 0.5765625 0.590625 0.6578125 0.6546875 0.6578125
35 0.4375 0.3203125000000001 0.375 0.3203125000000001 0.375 0.3578125000000001 0.4375 0.3578125000000001
41 0.58125 0.06406250000000006 0.51875 0.06406250000000006 0.51875 0.10156250000000007 0.58125 0.10156250000000008
49 0.3640625 4.066210075293946e-17 0.3 3.6739403974420595e-17 0.3 0.05468750000000004 0.3640625 0.05468750000000004
50 0.36406250000000007 0.596875 0.2984375000000001 0.596875 0.2984375000000001 0.659375 0.36406250000000007 0.659375
51 0.58125 0.24218750000000008 0.521875 0.24218750000000008 0.521875 0.27812500000000007 0.58125 0.27812500000000007
43 0.509375 0.12031250000000004 0.446875 0.12031250000000004 0.446875 0.15468750000000003 0.509375 0.15468750000000003
58 0.4375 0.09843750000000004 0.375 0.09843750000000004 0.375 0.13437500000000005 0.4375 0.13437500000000005
25 0.5078125 0.3000000000000001 0.4484375 0.3000000000000001 0.4484375 0.3343750000000001 0.5078125 0.3343750000000001
42 0.5828125 0.19843750000000007 0.5203125 0.19843750000000004 0.5203125 0.23437500000000008 0.5828125 0.23437500000000008
36 0.58125 0.4203125 0.51875 0.4203125 0.51875 0.4578125 0.58125 0.4578125
22 0.5828125 0.5984375 0.4421875 0.5984375 0.4421875 0.6578125 0.5828125 0.6578125
28 0.5078125 0.3437500000000001 0.4484375 0.3437500000000001 0.4484375 0.3781250000000001 0.5078125 0.3781250000000001
59 0.58125 0.2875000000000001 0.51875 0.2875000000000001 0.51875 0.3234375000000001 0.58125 0.3234375000000001
8 0.6546875 0.3531250000000001 0.5890625 0.3531250000000001 0.5890625 0.3906250000000001 0.6546875 0.3906250000000001
24 0.5078125 0.2531250000000001 0.4484375 0.2531250000000001 0.4484375 0.2906250000000001 0.5078125 0.2906250000000001
34 0.4359375 0.4984375 0.3734375000000001 0.4984375 0.3734375000000001 0.534375 0.4359375 0.534375
44 0.434375 4.9559925152994457e-17 0.375 4.592425496802575e-17 0.375 0.04375000000000005 0.434375 0.04375000000000005
19 0.5078125 0.16562500000000005 0.4484375 0.16562500000000005 0.4484375 0.2000000000000001 0.5078125 0.2000000000000001
32 0.4375 0.051562500000000046 0.375 0.051562500000000046 0.375 0.08906250000000004 0.4375 0.08906250000000004
52 0.58125 6.745124948428782e-17 0.5203125 6.371990376813572e-17 0.5203125 0.05312500000000007 0.58125 0.05312500000000007
16 0.4375 0.18593750000000003 0.375 0.18593750000000003 0.375 0.2234375000000001 0.4375 0.2234375000000001
26 0.5078125 0.565625 0.44375 0.565625 0.44375 0.603125 0.5078125 0.603125
55 0.4359375 0.2312500000000001 0.3765625 0.2312500000000001 0.3765625 0.2687500000000001 0.4359375 0.2687500000000001
29 0.509375 0.3890625000000001 0.446875 0.3890625000000001 0.446875 0.4234375 0.509375 0.4234375
30 0.7984375000000001 6.314585058103541e-17 0.2328125 2.8511308292649316e-17 0.23281250000000003 1 0.7984375000000001 1
10 0.5078125 0.07656250000000006 0.4484375 0.07656250000000005 0.4484375 0.11093750000000005 0.5078125 0.11093750000000005
38 0.5796875 0.465625 0.5203125 0.465625 0.5203125 0.5015625 0.5796875 0.5015625
6 0.6546875 0.2640625000000001 0.5890625 0.2640625000000001 0.5890625 0.3031250000000001 0.6546875 0.3031250000000001
4 0.6546875 0.1765625000000001 0.5890625 0.1765625000000001 0.5890625 0.21250000000000008 0.6546875 0.21250000000000008
15 0.4375 0.2750000000000001 0.375 0.2750000000000001 0.375 0.3125000000000001 0.4375 0.3125000000000001
18 0.4359375 0.4078125 0.3734375000000001 0.4078125 0.3734375000000001 0.4453125 0.4359375 0.4453125
54 0.58125 0.5109375 0.51875 0.5109375 0.51875 0.546875 0.58125 0.546875
56 0.5828125 0.10937500000000007 0.5203125 0.10937500000000004 0.5203125 0.14375000000000007 0.5828125 0.1437500000000001
21 0.58125 0.15468750000000006 0.51875 0.15468750000000003 0.51875 0.18906250000000008 0.58125 0.18906250000000008