5 0.290625 0.325 0.265625 0.325 0.265625 0.3609375 0.290625 0.3609375
56 0.20312500000000006 0.3515625 0.17500000000000004 0.3515625 0.17500000000000004 0.3921875 0.20312500000000008 0.3921875
27 0.3984375000000001 0.3984375000000001 0.37187500000000007 0.3984375000000001 0.37187500000000007 0.4375 0.3984375000000001 0.4375
10 0.17031250000000003 0.3984375 0.14062500000000006 0.3984375 0.14062500000000006 0.4375 0.17031250000000003 0.4375
32 0.13750000000000004 0.440625 0.10468750000000004 0.440625 0.10468750000000004 0.4828125 0.13750000000000004 0.4828125
40 0.4453125 0.5109375 0.41875 0.5109375 0.41875 0.5515625 0.4453125 0.5515625
33 0.3781250000000001 0.4953125 0.3468750000000001 0.4953125 0.3468750000000001 0.540625 0.3781250000000001 0.540625
4 0.259375 0.3140625 0.2328125 0.3140625 0.2328125 0.353125 0.259375 0.353125
58 0.17187500000000006 0.446875 0.14062500000000006 0.446875 0.14062500000000006 0.4890625 0.17187500000000006 0.4890625
39 0.53125 0.425 0.50625 0.425 0.50625 0.4703125 0.53125 0.4703125
12 0.5015625 0.4734375 0.4765625 0.4734375 0.4765625 0.515625 0.5015625 0.515625
3 0.228125 0.3109375 0.2015625 0.3109375 0.2015625 0.35 0.228125 0.35
22 0.58125 0.434375 0.540625 0.434375 0.540625 0.5328125 0.58125 0.5328125
47 0.3968750000000001 0.5125 0.18750000000000006 0.5125 0.18750000000000006 0.6171875 0.3968750000000001 0.6171875
51 0.2984375000000001 0.378125 0.2734375000000001 0.378125 0.2734375000000001 0.4140625 0.2984375000000001 0.4140625
8 0.38750000000000007 0.3453125000000001 0.3640625 0.3453125000000001 0.36406250000000007 0.3843750000000001 0.38750000000000007 0.3843750000000001
2 0.19687500000000005 0.303125 0.17187500000000006 0.303125 0.17187500000000006 0.3421875 0.19687500000000005 0.3421875
26 0.5359375 0.4796875 0.5109375 0.4796875 0.5109375 0.5234375 0.5359375 0.5234375
49 0.09843750000000007 0.4828125 0.04375000000000005 0.4828125 0.04375000000000006 0.546875 0.09843750000000007 0.546875
53 0.3656250000000001 0.39062500000000006 0.3390625000000001 0.390625 0.3390625000000001 0.4328125 0.3656250000000001 0.4328125
34 0.4828125 0.51875 0.45625 0.51875 0.45625 0.5625 0.4828125 0.5625
20 0.5828125 0.3812500000000001 0.5265625 0.3812500000000001 0.5265625 0.425 0.5828125 0.425
37 0.46875 0.4640625 0.4421875 0.4640625 0.4421875 0.5078125 0.46875 0.5078125
13 0.18750000000000006 0.5015625 0.13437500000000005 0.5015625 0.13437500000000008 0.553125 0.18750000000000008 0.553125
11 0.5171875 0.37187500000000007 0.49375 0.37187500000000007 0.49375 0.4125 0.5171875 0.4125
21 0.23437500000000006 0.3578125 0.2078125 0.3578125 0.20781250000000004 0.4 0.23437500000000008 0.4
23 0.2640625000000001 0.421875 0.2375000000000001 0.421875 0.2375000000000001 0.459375 0.2640625000000001 0.459375
55 0.2734375000000001 0.4703125 0.24218750000000008 0.4703125 0.24218750000000008 0.5125 0.2734375000000001 0.5125
45 0.13437500000000005 0.384375 0.07812500000000004 0.384375 0.07812500000000004 0.4296875 0.13437500000000005 0.4296875
1 0.16562500000000005 0.2953125 0.13906250000000003 0.2953125 0.13906250000000003 0.3359375 0.16562500000000005 0.3359375
7 0.35625000000000007 0.3375 0.33125 0.3375 0.33125000000000004 0.3765625 0.35625000000000007 0.3765625
54 0.4984375 0.4203125 0.471875 0.4203125 0.471875 0.459375 0.4984375 0.459375
24 0.3000000000000001 0.4265625 0.2734375000000001 0.4265625 0.2734375000000001 0.465625 0.3000000000000001 0.465625
14 0.4515625 0.5640625 0.4015625 0.5640625 0.4015625 0.6203125 0.4515625 0.6203125
50 0.578125 0.5921875 0.5296875 0.5921875 0.5296875 0.6484375 0.578125 0.6484375
9 0.4203125 0.3500000000000001 0.3953125 0.3500000000000001 0.39531250000000007 0.3906250000000001 0.4203125 0.3906250000000001
6 0.32343750000000004 0.328125 0.2984375 0.328125 0.2984375 0.371875 0.3234375000000001 0.371875
18 0.4109375 0.5046875 0.3843750000000001 0.5046875 0.3843750000000001 0.546875 0.4109375 0.546875
30 0.89375 0.21093750000000006 2.583239341951448e-17 0.2109375 6.611179204772041e-17 0.86875 0.89375 0.86875
15 0.3078125000000001 0.478125 0.27812500000000007 0.478125 0.27812500000000007 0.521875 0.3078125000000001 0.521875
43 0.2000000000000001 0.403125 0.17031250000000003 0.403125 0.17031250000000003 0.44375 0.2000000000000001 0.44375
52 0.13906250000000003 0.334375 0.09218750000000005 0.334375 0.09218750000000005 0.378125 0.13906250000000003 0.378125
25 0.33281250000000007 0.434375 0.3062500000000001 0.434375 0.3062500000000001 0.4765625 0.33281250000000007 0.4765625
46 0.5765625 0.5296875 0.4890625 0.5296875 0.4890625 0.5828125 0.5765625 0.5828125
44 0.10468750000000004 0.428125 0.06093750000000005 0.428125 0.060937500000000054 0.4734375 0.10468750000000004 0.4734375
29 0.4 0.4484375 0.3734375000000001 0.4484375 0.3734375000000001 0.490625 0.4 0.490625
59 0.33281250000000007 0.3828125 0.3062500000000001 0.3828125 0.3062500000000001 0.4234375 0.33281250000000007 0.4234375
38 0.4625 0.4109375 0.4390625 0.4109375 0.4390625 0.4546875 0.4625 0.4546875
17 0.13437500000000005 0.2890625 0.10781250000000005 0.2890625 0.10781250000000005 0.328125 0.13437500000000005 0.328125
42 0.2671875000000001 0.36875 0.2406250000000001 0.36875 0.2406250000000001 0.40625 0.2671875000000001 0.40625
28 0.3671875000000001 0.44375 0.34062500000000007 0.44375 0.34062500000000007 0.48125 0.3671875000000001 0.48125
16 0.2390625000000001 0.4640625 0.2078125000000001 0.4640625 0.2078125000000001 0.50625 0.2390625000000001 0.50625
35 0.3421875000000001 0.4890625 0.3125000000000001 0.4890625 0.3125000000000001 0.53125 0.3421875000000001 0.53125
31 0.4328125 0.45625 0.409375 0.45625 0.409375 0.4984375 0.4328125 0.4984375
41 0.17343750000000005 0.3453125 0.14375000000000004 0.3453125 0.14375000000000004 0.384375 0.17343750000000005 0.384375
57 0.20468750000000008 0.4578125 0.17500000000000004 0.4578125 0.17500000000000004 0.496875 0.20468750000000008 0.496875
0 0.453125 0.3578125000000001 0.4296875 0.3578125000000001 0.4296875 0.4 0.453125 0.4
36 0.4328125 0.403125 0.40625 0.403125 0.40625 0.4453125 0.4328125 0.4453125
19 0.2312500000000001 0.4109375 0.20468750000000008 0.4109375 0.20468750000000008 0.453125 0.2312500000000001 0.453125
48 0.4859375 0.3656250000000001 0.4609375 0.3656250000000001 0.4609375 0.4078125 0.4859375 0.4078125