23 0.5093750000000001 0.746875 0.4437500000000002 0.746875 0.4437500000000002 0.775 0.5093750000000001 0.775
40 0.58125 0.515625 0.5125 0.515625 0.5125 0.546875 0.58125 0.546875
33 0.590625 0.6 0.51875 0.6 0.51875 0.634375 0.590625 0.634375
58 0.5984375000000002 0.8578125 0.5312500000000002 0.8578125 0.5312500000000002 0.8890625 0.5984375000000002 0.8890625
4 0.34062500000000007 0.7734375 0.2750000000000001 0.7734375 0.2750000000000001 0.8046875 0.34062500000000007 0.8046875
49 0.6968750000000001 0.934375 0.6281250000000002 0.934375 0.6281250000000002 0.9921875 0.6968750000000001 0.9921875
27 0.409375 0.5921875 0.3468750000000001 0.5921875 0.3468750000000001 0.6203125 0.409375 0.6203125
14 0.6875 0.5015625 0.5984375 0.5015625 0.5984375 0.5609375 0.6875 0.5609375
25 0.5046875 0.6640625 0.4359375 0.6640625 0.4359375 0.6921875 0.5046875 0.6921875
45 0.5203125000000002 0.9140625 0.45312500000000017 0.9140625 0.45312500000000017 0.9765625 0.5203125000000002 0.9765625
9 0.3312500000000001 0.56875 0.2640625000000001 0.56875 0.2640625000000001 0.6 0.3312500000000001 0.6
41 0.4312500000000002 0.8765625 0.3578125000000001 0.8765625 0.3578125000000001 0.909375 0.4312500000000002 0.909375
31 0.503125 0.5375 0.425 0.5375 0.425 0.56875 0.503125 0.56875
43 0.5093750000000001 0.8296875 0.4468750000000002 0.8296875 0.4468750000000002 0.865625 0.5093750000000001 0.865625
34 0.578125 0.475 0.50625 0.475 0.50625 0.50625 0.578125 0.50625
0 0.3281250000000001 0.528125 0.2593750000000001 0.528125 0.2593750000000001 0.559375 0.3281250000000001 0.559375
6 0.33281250000000007 0.6921875 0.2671875000000001 0.6921875 0.2671875000000001 0.7203125 0.33281250000000007 0.7203125
1 0.3468750000000001 0.8953125 0.2812500000000001 0.8953125 0.2812500000000001 0.9265625 0.3468750000000001 0.9265625
54 0.40625 0.4671875 0.3375000000000001 0.4671875 0.3375000000000001 0.4984375 0.40625 0.4984375
10 0.5156250000000002 0.8734375 0.4421875000000002 0.8734375 0.4421875000000002 0.9046875 0.5156250000000002 0.9046875
17 0.34843750000000007 0.9359375 0.2890625000000001 0.9359375 0.2890625000000001 0.9671875 0.34843750000000007 0.9671875
18 0.58125 0.559375 0.5140625 0.559375 0.5140625 0.590625 0.58125 0.590625
35 0.5921875 0.64375 0.51875 0.64375 0.51875 0.675 0.5921875 0.675
38 0.4046875 0.5078125 0.3390625000000001 0.5078125 0.3390625000000001 0.5390625 0.4046875 0.5390625
51 0.4203125000000001 0.7125 0.3546875000000001 0.7125 0.3546875000000001 0.740625 0.4203125000000002 0.740625
57 0.5937500000000002 0.8140625 0.5218750000000002 0.8140625 0.5218750000000002 0.8453125 0.5937500000000002 0.8453125
11 0.3218750000000001 0.45 0.2500000000000001 0.45 0.2500000000000001 0.478125 0.3218750000000001 0.478125
7 0.3312500000000001 0.6484375 0.2656250000000001 0.6484375 0.2656250000000001 0.6796875 0.3312500000000001 0.6796875
15 0.5890625 0.6859375 0.521875 0.6859375 0.521875 0.7171875 0.5890625 0.7171875
16 0.5968750000000002 0.771875 0.5296875000000002 0.771875 0.5296875000000002 0.80625 0.5968750000000002 0.80625
56 0.4265625000000002 0.8375 0.3609375000000001 0.8375 0.3609375000000001 0.865625 0.4265625000000002 0.865625
39 0.409375 0.4265625 0.3359375000000001 0.4265625 0.3359375000000001 0.4578125 0.409375 0.4578125
32 0.6031250000000001 0.9 0.5359375000000002 0.9 0.5359375000000002 0.93125 0.6031250000000001 0.93125
37 0.496875 0.4953125 0.425 0.4953125 0.425 0.5296875 0.496875 0.5296875
50 0.675 0.34843750000000007 0.5875 0.34843750000000007 0.5875 0.4109375 0.675 0.4109375
19 0.5093750000000001 0.7875 0.4437500000000002 0.7875 0.4437500000000002 0.81875 0.5093750000000001 0.81875
52 0.43281250000000016 0.9171875 0.36406250000000007 0.9171875 0.36406250000000007 0.9703125 0.43281250000000016 0.9703125
47 0.690625 0.5625 0.6125 0.5625 0.6125 0.8203125 0.6906250000000002 0.8203125
42 0.4234375000000002 0.75625 0.3578125000000001 0.75625 0.3578125000000001 0.784375 0.4234375000000002 0.784375
28 0.5 0.621875 0.4265625 0.621875 0.4265625 0.653125 0.5 0.653125
22 0.4953125 0.3609375 0.328125 0.3609375 0.32812500000000006 0.4203125 0.4953125 0.4203125
30 0.7937500000000001 0.004687500000000053 0.071875 0.0046875000000000085 0.07187500000000006 1 0.7937500000000002 1
46 0.571875 0.35625000000000007 0.503125 0.35625000000000007 0.503125 0.4625 0.571875 0.4625
26 0.490625 0.4140625 0.4171875 0.4140625 0.4171875 0.4453125 0.490625 0.4453125
20 0.3218750000000001 0.36875 0.2468750000000001 0.36875 0.2468750000000001 0.440625 0.3218750000000001 0.440625
29 0.4984375 0.5796875 0.4296875 0.5796875 0.4296875 0.6109375 0.4984375 0.6109375
5 0.3390625000000001 0.7328125 0.2718750000000001 0.7328125 0.2718750000000001 0.7609375 0.3390625000000001 0.7609375
36 0.40625 0.546875 0.3437500000000001 0.546875 0.3437500000000001 0.58125 0.40625 0.58125
12 0.4921875 0.4546875 0.4203125 0.4546875 0.4203125 0.4859375 0.4921875 0.4859375
53 0.4109375 0.6296875 0.3453125000000001 0.6296875 0.3453125000000001 0.6609375 0.4109375 0.6609375
55 0.5921875000000002 0.728125 0.5265625000000002 0.728125 0.5265625000000002 0.759375 0.5921875000000002 0.759375
48 0.3218750000000001 0.490625 0.25468750000000007 0.490625 0.25468750000000007 0.51875 0.3218750000000001 0.51875
8 0.3312500000000001 0.6078125 0.26250000000000007 0.6078125 0.26250000000000007 0.6390625 0.3312500000000001 0.6390625
2 0.3468750000000001 0.8546875 0.2812500000000001 0.8546875 0.2812500000000001 0.8859375 0.3468750000000001 0.8859375
13 0.6875000000000002 0.825 0.6187500000000001 0.825 0.6187500000000001 0.884375 0.6875000000000002 0.884375
3 0.3437500000000001 0.8125 0.2765625000000001 0.8125 0.2765625000000001 0.84375 0.3437500000000001 0.84375
24 0.5078125000000001 0.703125 0.440625 0.703125 0.4406250000000001 0.734375 0.5078125000000002 0.734375
59 0.41875 0.6703125 0.3531250000000001 0.6703125 0.3531250000000001 0.7015625 0.41875 0.7015625
44 0.6031250000000001 0.940625 0.5375000000000002 0.940625 0.5375000000000002 0.9859375 0.6031250000000001 0.9859375
21 0.4265625000000002 0.7953125 0.36406250000000007 0.7953125 0.36406250000000007 0.8265625 0.4265625000000002 0.8265625