52 0.2671875 2.3153478546379642e-17 0.1109375 1.358592542804095e-17 0.1109375 0.10937500000000003 0.2671875 0.10937500000000004
47 1 1.0294687155332439e-16 0.68125 8.342906319191344e-17 0.68125 0.5609375000000001 1 0.5609375000000002
56 0.340625 0.2109375 0.203125 0.2109375 0.203125 0.3375 0.340625 0.3375
41 0.303125 0.09375000000000003 0.16875 0.09375000000000003 0.16875 0.221875 0.303125 0.221875
24 0.615625 0.5671875 0.4640625 0.5671875 0.4640625 0.7015625 0.615625 0.7015625
55 0.725 0.4421875 0.571875 0.4421875 0.571875 0.58125 0.725 0.58125
14 1 0.9625 0.909375 0.9625 0.909375 1 1 1
23 0.5734375 0.44375 0.4234375 0.44375 0.4234375 0.578125 0.5734375 0.578125
27 0.5781250000000002 0.9484375 0.43281250000000016 0.9484375 0.43281250000000016 1 0.5781250000000002 1
32 0.559375 0.0015625000000000593 0.409375 0.00156250000000005 0.409375 0.08281250000000005 0.559375 0.08281250000000007
2 0.19062500000000004 0.19062500000000002 0.06875000000000002 0.190625 0.06875000000000003 0.3140625 0.19062500000000004 0.3140625
28 0.7031250000000002 0.828125 0.5468750000000002 0.828125 0.5468750000000002 0.9625 0.7031250000000002 0.9625
25 0.6546875000000001 0.6953125 0.5078125 0.6953125 0.5078125000000001 0.8296875 0.6546875000000002 0.8296875
51 0.45625 0.5703125 0.3156250000000001 0.5703125 0.3156250000000001 0.696875 0.45625 0.696875
53 0.5406250000000001 0.8171875 0.3937500000000001 0.8171875 0.3937500000000001 0.9453125 0.5406250000000001 0.9453125
19 0.5296875 0.3203125000000001 0.3796875 0.3203125000000001 0.37968750000000007 0.453125 0.5296875 0.453125
7 0.3859375000000001 0.7796875 0.24218750000000008 0.7796875 0.24218750000000008 0.9015625 0.3859375000000001 0.9015625
1 0.153125 0.07500000000000001 0.029687500000000012 0.075 0.029687500000000016 0.2 0.15312500000000004 0.2
8 0.4234375000000002 0.903125 0.2765625000000001 0.903125 0.2765625000000001 1 0.4234375000000002 1
13 0.7984375 0.14843750000000008 0.6328125 0.14843750000000008 0.6328125 0.2921875000000001 0.7984375 0.2921875000000001
59 0.5000000000000001 0.690625 0.35625000000000007 0.690625 0.35625000000000007 0.8203125 0.5000000000000002 0.8203125
10 0.446875 0.07968750000000005 0.30625 0.07968750000000005 0.30625 0.21250000000000005 0.446875 0.21250000000000008
35 0.81875 0.7031250000000001 0.65625 0.703125 0.6562500000000001 0.840625 0.81875 0.840625
21 0.37812500000000004 0.33125000000000004 0.2453125 0.33125 0.24531250000000004 0.45625 0.3781250000000001 0.45625
4 0.2671875000000001 0.4234375 0.13437500000000005 0.4234375 0.13437500000000005 0.54375 0.2671875000000001 0.54375
18 0.9 0.9796875 0.7437500000000001 0.9796875 0.7437500000000001 1 0.9 1
15 0.775 0.5687500000000001 0.615625 0.56875 0.615625 0.7109375000000001 0.775 0.7109375000000002
3 0.22968750000000004 0.303125 0.10000000000000005 0.303125 0.10000000000000005 0.428125 0.2296875000000001 0.428125
33 0.8703125 0.8359375 0.7031250000000002 0.8359375 0.7031250000000002 0.975 0.8703125 0.975
6 0.3437500000000001 0.6578125 0.20468750000000008 0.6578125 0.20468750000000008 0.78125 0.3437500000000001 0.78125
57 0.6453125 0.19062500000000007 0.490625 0.19062500000000004 0.490625 0.3281250000000001 0.6453125 0.3281250000000001
22 1 0.965625 0.9046875 0.965625 0.9046875 1 1 1
47 1 0.2812500000000001 0.6765625 0.2812500000000001 0.6765625000000001 0.95625 1 0.95625
58 0.6 0.06406250000000005 0.45 0.06406250000000005 0.45 0.20468750000000008 0.6 0.20468750000000008
45 0.409375 3.9609669909922206e-17 0.2375 2.9085361479749636e-17 0.2375 0.09375000000000003 0.409375 0.09375000000000004
29 0.7375000000000002 0.9625 0.5843750000000002 0.9625 0.5843750000000002 1 0.7375000000000002 1
47 1 0.2562500000000001 0.6390625 0.2562500000000001 0.6390625000000001 0.971875 1 0.971875
43 0.4890625 0.19843750000000004 0.34375 0.19843750000000004 0.34375 0.33281250000000007 0.4890625 0.33281250000000007
17 0.1203125 0.0015625000000000072 1.9135106236677395e-19 0.0015625 5.357829746269671e-18 0.08593750000000001 0.1203125 0.08593750000000003
42 0.41875 0.4484375 0.2796875000000001 0.4484375 0.2796875000000001 0.5765625 0.41875 0.5765625
16 0.6875 0.3156250000000001 0.53125 0.3156250000000001 0.53125 0.453125 0.6875 0.453125
5 0.3062500000000001 0.5390625 0.17187500000000006 0.5390625 0.17187500000000006 0.6609375 0.3062500000000001 0.6609375