52 0.30625 2.8511308292649316e-17 0.159375 1.951780836141094e-17 0.159375 0.16875 0.30625 0.16875000000000004
47 1 1.0390362686515826e-16 0.696875 8.534257381558118e-17 0.696875 0.5937500000000001 1 0.5937500000000002
56 0.37500000000000006 0.26562500000000006 0.2453125 0.265625 0.24531250000000004 0.384375 0.3750000000000001 0.3843750000000001
41 0.340625 0.15312500000000004 0.2140625 0.15312500000000004 0.2140625 0.2734375 0.340625 0.2734375
24 0.6328125000000001 0.5984375 0.490625 0.5984375 0.4906250000000001 0.7265625 0.6328125000000002 0.7265625
55 0.7359375 0.48125000000000007 0.5921875 0.48125 0.5921875 0.6125 0.7359375 0.6125000000000002
14 1 0.971875 0.909375 0.971875 0.909375 1 1 1
23 0.59375 0.484375 0.453125 0.484375 0.453125 0.6109375 0.59375 0.6109375
27 0.5984375000000002 0.959375 0.46093750000000017 0.959375 0.46093750000000017 1 0.5984375000000002 1
32 0.58125 0.009375000000000062 0.440625 0.009375000000000053 0.440625 0.14375000000000007 0.58125 0.1437500000000001
2 0.234375 0.2453125 0.11875000000000005 0.2453125 0.11875000000000005 0.3609375 0.234375 0.3609375
28 0.7156250000000002 0.8453125 0.5687500000000002 0.8453125 0.5687500000000002 0.971875 0.7156250000000002 0.971875
25 0.6703125000000001 0.7203125 0.5328125 0.7203125 0.5328125000000001 0.8484375 0.6703125000000002 0.8484375
51 0.4828125 0.603125 0.3515625000000001 0.603125 0.3515625000000001 0.721875 0.4828125 0.721875
53 0.5625000000000002 0.8359375 0.4234375000000002 0.8359375 0.4234375000000002 0.95625 0.5625000000000002 0.95625
19 0.553125 0.3687500000000001 0.4125 0.3687500000000001 0.4125 0.49375 0.553125 0.49375
7 0.41718750000000016 0.8 0.2828125000000001 0.8 0.2828125000000001 0.915625 0.41718750000000016 0.915625
1 0.19843750000000002 0.1375 0.08281250000000002 0.1375 0.08281250000000002 0.2546875 0.19843750000000004 0.2546875
8 0.45312500000000017 0.915625 0.3156250000000001 0.915625 0.3156250000000001 1 0.45312500000000017 1
13 0.80625 0.20468750000000008 0.65 0.20468750000000008 0.65 0.34062500000000007 0.80625 0.34062500000000007
59 0.5250000000000001 0.7171875 0.3906250000000001 0.7171875 0.3906250000000001 0.8390625 0.5250000000000001 0.8390625
10 0.475 0.14062500000000006 0.3421875 0.14062500000000006 0.3421875 0.26562500000000006 0.475 0.2656250000000001
35 0.825 0.7281250000000001 0.6734375000000001 0.728125 0.6734375000000001 0.8578125 0.825 0.8578125
21 0.409375 0.3765625 0.2843750000000001 0.3765625 0.2843750000000001 0.4953125 0.409375 0.4953125
4 0.3062500000000001 0.4640625 0.18125000000000005 0.4640625 0.18125000000000008 0.5765625 0.3062500000000001 0.5765625
15 0.784375 0.6000000000000001 0.634375 0.6 0.6343750000000001 0.7343750000000001 0.7843750000000002 0.7343750000000002
3 0.27031250000000007 0.3515625 0.14843750000000006 0.3515625 0.14843750000000006 0.46875 0.27031250000000007 0.46875
33 0.871875 0.853125 0.7156250000000002 0.853125 0.7156250000000002 0.984375 0.871875 0.984375
6 0.37968750000000007 0.684375 0.2484375000000001 0.684375 0.2484375000000001 0.8 0.37968750000000007 0.8
57 0.6609375 0.24375000000000008 0.515625 0.24375000000000008 0.515625 0.3750000000000001 0.6609375 0.3750000000000001
22 1 0.975 0.90625 0.975 0.90625 1 1 1
47 1 0.3312500000000001 0.6921875 0.3312500000000001 0.6921875000000001 0.9671875 1 0.9671875
58 0.61875 0.12656250000000008 0.478125 0.12656250000000005 0.478125 0.2578125000000001 0.61875 0.2578125000000001
45 0.4390625 4.391506881317462e-17 0.278125 3.406048910128576e-17 0.278125 0.15468750000000003 0.4390625 0.15468750000000003
29 0.7484375000000002 0.971875 0.6046875000000002 0.971875 0.6046875000000002 1 0.7484375000000002 1
47 1 0.3062500000000001 0.65625 0.3062500000000001 0.6562500000000001 0.98125 1 0.98125
43 0.515625 0.2531250000000001 0.378125 0.2531250000000001 0.37812500000000004 0.3812500000000001 0.515625 0.3812500000000001
17 0.16875 0.029687500000000016 0.046875 0.029687500000000012 0.046875000000000014 0.146875 0.16875 0.146875
42 0.45 0.4875 0.3187500000000001 0.4875 0.3187500000000001 0.609375 0.45 0.609375
16 0.7015625 0.3625000000000001 0.5546875 0.3625000000000001 0.5546875 0.49375 0.7015625 0.49375
5 0.3437500000000001 0.5734375 0.2171875000000001 0.5734375 0.2171875000000001 0.6875 0.3437500000000001 0.6875