5 0.3859375 0.007812500000000043 0.3265625 0.007812500000000038 0.3265625 0.07031250000000004 0.3859375 0.07031250000000004
26 0.921875 0.1421875000000001 0.85 0.14218750000000008 0.85 0.2140625000000001 0.921875 0.2140625000000001
42 0.3484375 0.07812500000000004 0.2875 0.07812500000000004 0.2875 0.14375000000000004 0.3484375 0.14375000000000004
15 0.45 0.22656250000000008 0.3859375 0.22656250000000008 0.3859375 0.3000000000000001 0.45 0.3000000000000001
50 0.8109375 0.3031250000000001 0.7453125 0.3031250000000001 0.7453125 0.3781250000000001 0.8109375 0.3781250000000001
27 0.61875 0.07343750000000007 0.5609375 0.07343750000000007 0.5609375 0.1375000000000001 0.61875 0.1375000000000001
16 0.30625 0.2296875 0.2421875 0.2296875 0.2421875 0.3015625 0.30625 0.3015625
33 0.590625 0.2250000000000001 0.528125 0.2250000000000001 0.528125 0.3000000000000001 0.590625 0.3000000000000001
11 0.8484375 0.0046875000000001004 0.7890625 0.004687500000000097 0.7890625 0.0656250000000001 0.8484375 0.06562500000000011
45 0.08281250000000002 0.153125 1.8752404111943846e-17 0.153125 2.315347854637965e-17 0.225 0.08281250000000002 0.225
54 0.825 0.0718750000000001 0.7625 0.07187500000000009 0.7625 0.1390625000000001 0.825 0.1390625000000001
53 0.553125 0.07500000000000007 0.49375 0.07500000000000007 0.49375 0.14062500000000006 0.553125 0.14062500000000008
29 0.6390625 0.1468750000000001 0.5796875 0.1468750000000001 0.5796875 0.2171875000000001 0.6390625 0.2171875000000001
31 0.709375 0.14843750000000008 0.6484375 0.14843750000000008 0.6484375 0.2156250000000001 0.709375 0.2156250000000001
43 0.2234375 0.15468750000000003 0.159375 0.1546875 0.15937500000000002 0.221875 0.2234375 0.221875
7 0.5171875 0.0046875000000000605 0.459375 0.004687500000000057 0.459375 0.06875000000000006 0.5171875 0.06875000000000006
25 0.5 0.14843750000000006 0.440625 0.14843750000000006 0.440625 0.2171875000000001 0.5 0.2171875000000001
36 0.6875 0.07187500000000008 0.628125 0.07187500000000006 0.628125 0.1390625000000001 0.6875 0.1390625000000001
0 0.7171875 0.004687500000000084 0.6578125 0.0046875000000000805 0.6578125 0.0671875000000001 0.7171875 0.0671875000000001
52 0.07343750000000002 0.0765625 9.376202055971923e-18 0.0765625 1.3490249896857564e-17 0.14375 0.07343750000000002 0.14375
2 0.184375 0.01093750000000002 0.125 0.010937500000000017 0.125 0.07187500000000002 0.184375 0.07187500000000002
4 0.31875 0.010937500000000036 0.2609375 0.010937500000000034 0.2609375 0.07031250000000003 0.31875 0.07031250000000004
41 0.1453125 0.07968750000000001 0.0796875 0.0796875 0.07968750000000001 0.1453125 0.1453125 0.1453125
24 0.43125 0.15000000000000005 0.3703125 0.15000000000000005 0.3703125 0.21875000000000008 0.43125 0.21875000000000008
20 0.98125 0.0031250000000001125 0.8515625 0.0031250000000001043 0.8515625 0.06562500000000011 0.98125 0.06562500000000011
18 0.6609375 0.2234375000000001 0.596875 0.2234375000000001 0.596875 0.2968750000000001 0.6609375 0.2968750000000001
39 0.8921875 0.07343750000000011 0.828125 0.07343750000000011 0.828125 0.1375000000000001 0.8921875 0.1375000000000001
51 0.4140625 0.07812500000000004 0.35625 0.07812500000000004 0.35625 0.14062500000000006 0.4140625 0.14062500000000006
40 0.73125 0.2234375000000001 0.66875 0.2234375000000001 0.66875 0.29375000000000007 0.73125 0.29375000000000007
13 0.22968750000000004 0.3125 0.16406250000000006 0.3125 0.16406250000000006 0.3875 0.2296875000000001 0.3875
32 0.09218750000000003 0.234375 0.025000000000000033 0.234375 0.025000000000000033 0.30625 0.09218750000000005 0.30625
12 0.8484375 0.1453125000000001 0.784375 0.1453125000000001 0.784375 0.21250000000000008 0.8484375 0.21250000000000008
56 0.2125 0.07968750000000002 0.1515625 0.07968750000000002 0.1515625 0.1453125 0.2125 0.14531250000000004
1 0.1171875 0.01093750000000001 0.05625 0.010937500000000006 0.05625 0.07187500000000001 0.1171875 0.07187500000000002
48 0.78125 0.004687500000000093 0.721875 0.004687500000000089 0.721875 0.0671875000000001 0.78125 0.0671875000000001
46 1 0.21875000000000008 0.80625 0.21875000000000008 0.80625 0.2906250000000001 1 0.2906250000000001
47 0.5953125 0.30937500000000007 0.2359375 0.309375 0.23593750000000005 0.38593750000000004 0.5953125 0.3859375000000001
22 1 0.07031250000000012 0.890625 0.07031250000000011 0.890625 0.2140625000000001 1 0.2140625000000001
35 0.51875 0.22656250000000008 0.4578125 0.22656250000000008 0.4578125 0.2984375000000001 0.51875 0.2984375000000001
38 0.75625 0.07187500000000009 0.6953125 0.07187500000000009 0.6953125 0.1375000000000001 0.75625 0.1375000000000001
19 0.29375 0.15312500000000004 0.23125 0.15312500000000004 0.23125 0.2203125 0.29375 0.2203125
14 0.665625 0.3046875000000001 0.6015625 0.3046875000000001 0.6015625 0.3812500000000001 0.665625 0.3812500000000001
17 0.04843750000000001 0.009375000000000003 1.1481063742006436e-18 0.009375 4.975127621536122e-18 0.071875 0.04843750000000001 0.071875
9 0.65 0.004687500000000075 0.5921875 0.004687500000000072 0.5921875 0.06718750000000008 0.65 0.0671875000000001
57 0.234375 0.2296875 0.17187500000000006 0.2296875 0.17187500000000006 0.3015625 0.234375 0.3015625
6 0.453125 0.004687500000000052 0.39375 0.004687500000000048 0.39375 0.07031250000000004 0.453125 0.07031250000000004
23 0.3625 0.15156250000000004 0.3015625 0.15156250000000004 0.3015625 0.21875 0.3625 0.21875
8 0.584375 0.004687500000000068 0.521875 0.004687500000000064 0.521875 0.06875000000000006 0.584375 0.06875000000000006
55 0.378125 0.22812500000000005 0.3140625 0.228125 0.3140625 0.30000000000000004 0.378125 0.3000000000000001
58 0.16406250000000006 0.2328125 0.10000000000000005 0.2328125 0.10000000000000005 0.303125 0.16406250000000006 0.303125
59 0.484375 0.07656250000000006 0.425 0.07656250000000005 0.425 0.14062500000000006 0.484375 0.14062500000000006
34 0.803125 0.2218750000000001 0.7390625 0.2218750000000001 0.7390625 0.29375000000000007 0.803125 0.29375000000000007
10 0.153125 0.1546875 0.08906250000000002 0.1546875 0.08906250000000002 0.2234375 0.15312500000000004 0.2234375
3 0.253125 0.009375000000000026 0.1921875 0.009375000000000022 0.1921875 0.07187500000000002 0.253125 0.07187500000000002
21 0.2796875 0.07812500000000003 0.21875 0.07812500000000003 0.21875 0.14375000000000004 0.2796875 0.14375000000000004
30 1 6.123233995736766e-17 0 0 2.506698917004739e-17 0.4093750000000001 1 0.40937500000000016
28 0.5703125 0.14843750000000006 0.5109375 0.14843750000000006 0.5109375 0.2171875000000001 0.5703125 0.2171875000000001
37 0.7796875 0.1453125000000001 0.715625 0.1453125000000001 0.715625 0.2140625000000001 0.7796875 0.2140625000000001