43 0.8328125 0.37187500000000007 0.78125 0.37187500000000007 0.78125 0.4281250000000002 0.8328125 0.4281250000000002
20 0.21875000000000008 0.403125 0.09062500000000004 0.403125 0.09062500000000005 0.490625 0.21875000000000008 0.490625
7 0.56875 0.30156250000000007 0.5203125 0.30156250000000007 0.5203125 0.36406250000000007 0.56875 0.36406250000000007
23 0.7296875 0.4046875000000001 0.6796875 0.4046875 0.6796875 0.4609375000000001 0.7296875 0.46093750000000017
3 0.775 0.24218750000000008 0.728125 0.24218750000000008 0.728125 0.2968750000000001 0.775 0.2968750000000001
47 0.8390625 0.5171875000000001 0.48125 0.5171875 0.48125 0.7125000000000001 0.8390625 0.7125000000000001
28 0.5671875 0.4578125 0.515625 0.4578125 0.515625 0.5203125 0.5671875 0.5203125
38 0.3890625000000001 0.4375 0.3359375000000001 0.4375 0.3359375000000001 0.5015625 0.3890625000000001 0.5015625
16 0.78125 0.4593750000000002 0.728125 0.4593750000000002 0.728125 0.5156250000000002 0.78125 0.5156250000000002
50 0.22031250000000008 0.7421875 0.1437500000000001 0.7421875 0.1437500000000001 0.8265625 0.22031250000000008 0.8265625
44 0.99375 0.3859375000000001 0.925 0.3859375000000001 0.925 0.44531250000000017 0.99375 0.44531250000000017
36 0.45 0.4203125 0.3937500000000001 0.4203125 0.3937500000000001 0.4828125 0.45 0.4828125
9 0.4625 0.3359375000000001 0.40625 0.3359375000000001 0.40625 0.4015625 0.4625 0.4015625
26 0.2656250000000001 0.55625 0.20312500000000008 0.55625 0.20312500000000008 0.634375 0.2656250000000001 0.634375
41 0.86875 0.2875000000000001 0.81875 0.2875000000000001 0.81875 0.3437500000000001 0.86875 0.3437500000000001
40 0.440625 0.578125 0.3843750000000001 0.578125 0.3843750000000001 0.64375 0.440625 0.64375
11 0.27812500000000007 0.384375 0.2250000000000001 0.384375 0.2250000000000001 0.453125 0.27812500000000007 0.453125
46 0.3109375000000001 0.6203125 0.1312500000000001 0.6203125 0.1312500000000001 0.7359375 0.3109375000000001 0.7359375
6 0.6234375 0.2875000000000001 0.5734375 0.2875000000000001 0.5734375 0.3453125000000001 0.6234375 0.3453125000000001
51 0.66875 0.3515625000000001 0.61875 0.3515625000000001 0.61875 0.4078125 0.66875 0.4078125
35 0.61875 0.5171875 0.5625 0.5171875 0.5625 0.58125 0.61875 0.58125
12 0.3281250000000001 0.5375 0.2718750000000001 0.5375 0.2718750000000001 0.60625 0.3281250000000001 0.60625
56 0.8203125 0.3046875000000001 0.7734375 0.3046875000000001 0.7734375 0.3593750000000001 0.8203125 0.3593750000000001
32 0.934375 0.40625000000000017 0.878125 0.40625000000000017 0.878125 0.4593750000000002 0.934375 0.4593750000000002
19 0.78125 0.3890625000000001 0.7296875 0.3890625000000001 0.7296875 0.44531250000000017 0.78125 0.44531250000000017
18 0.503125 0.5546875 0.44375 0.5546875 0.44375 0.625 0.503125 0.625
33 0.5625 0.5359375 0.503125 0.5359375 0.503125 0.6046875 0.5625 0.6046875
14 0.4796875000000001 0.6453125 0.3984375000000001 0.6453125 0.3984375000000001 0.7328125 0.47968750000000016 0.7328125
55 0.7296875 0.4781250000000001 0.6734375 0.478125 0.6734375 0.5375000000000001 0.7296875 0.5375000000000002
42 0.7203125 0.3343750000000001 0.66875 0.3343750000000001 0.66875 0.3906250000000001 0.7203125 0.3906250000000001
21 0.771875 0.3187500000000001 0.721875 0.3187500000000001 0.721875 0.3750000000000001 0.771875 0.3750000000000001
8 0.5171875 0.3187500000000001 0.4640625 0.3187500000000001 0.4640625 0.3843750000000001 0.5171875 0.3843750000000001
4 0.725 0.2578125000000001 0.678125 0.2578125000000001 0.678125 0.3140625000000001 0.725 0.3140625000000001
45 0.965625 0.3265625000000001 0.878125 0.3265625000000001 0.878125 0.3921875000000001 0.965625 0.3921875000000001
57 0.834375 0.4421875000000002 0.78125 0.4421875000000002 0.78125 0.5000000000000002 0.834375 0.5000000000000002
0 0.403125 0.35156250000000006 0.346875 0.3515625 0.34687500000000004 0.41875 0.403125 0.41875
30 1 0.18750000000000006 0.043750000000000025 0.1875 0.04375000000000007 0.909375 1 0.909375
17 0.9125 0.20468750000000008 0.871875 0.20468750000000008 0.871875 0.2640625000000001 0.9125 0.2640625000000001
5 0.6734375 0.2734375000000001 0.6234375 0.2734375000000001 0.6234375 0.3312500000000001 0.6734375 0.3312500000000001
31 0.453125 0.4953125 0.3984375000000001 0.4953125 0.3984375000000001 0.5609375 0.453125 0.5609375
59 0.615625 0.3687500000000001 0.565625 0.3687500000000001 0.565625 0.425 0.615625 0.425
29 0.5109375 0.4765625 0.4578125 0.4765625 0.4578125 0.540625 0.5109375 0.540625
49 1 0.4500000000000002 0.953125 0.4500000000000002 0.953125 0.5062500000000002 1 0.5062500000000002
53 0.5609375 0.3843750000000001 0.509375 0.3843750000000001 0.509375 0.44375 0.5609375 0.44375
37 0.3921875000000001 0.5171875 0.3343750000000001 0.5171875 0.3343750000000001 0.5859375 0.3921875000000001 0.5859375
2 0.8234375 0.22656250000000008 0.7765625 0.22656250000000008 0.7765625 0.2828125000000001 0.8234375 0.2828125000000001
58 0.884375 0.4234375000000002 0.83125 0.4234375000000002 0.83125 0.47968750000000016 0.884375 0.47968750000000016
13 0.9015625 0.4937500000000002 0.8296875 0.4937500000000002 0.8296875 0.5578125000000002 0.9015625 0.5578125000000002
24 0.678125 0.4234375 0.6265625 0.4234375 0.6265625 0.48125 0.678125 0.48125
10 0.88125 0.3531250000000001 0.83125 0.3531250000000001 0.83125 0.40937500000000016 0.88125 0.40937500000000016
34 0.3781250000000001 0.6 0.3218750000000001 0.6 0.3218750000000001 0.6703125 0.3781250000000001 0.6703125
25 0.621875 0.440625 0.571875 0.440625 0.571875 0.5 0.621875 0.5
22 0.19843750000000007 0.4890625 0.10468750000000004 0.4890625 0.10468750000000007 0.6578125 0.1984375000000001 0.6578125
39 0.26250000000000007 0.471875 0.2062500000000001 0.471875 0.2062500000000001 0.54375 0.26250000000000007 0.54375
54 0.32500000000000007 0.453125 0.27031250000000007 0.453125 0.27031250000000007 0.525 0.32500000000000007 0.525
48 0.3421875000000001 0.36875 0.2875000000000001 0.36875 0.2875000000000001 0.434375 0.3421875000000001 0.434375
15 0.675 0.496875 0.61875 0.496875 0.61875 0.5578125 0.675 0.5578125
27 0.50625 0.4015625 0.453125 0.4015625 0.453125 0.4625 0.50625 0.4625
1 0.8703125 0.2156250000000001 0.825 0.2156250000000001 0.825 0.2671875000000001 0.8703125 0.2671875000000001
52 0.9390625 0.2671875000000001 0.86875 0.2671875000000001 0.86875 0.3265625000000001 0.9390625 0.3265625000000001