11 0.5625 0.29375000000000007 0.5328125 0.29375000000000007 0.5328125 0.3546875000000001 0.5625 0.3546875000000001
59 0.3421875000000001 0.36875 0.3125000000000001 0.36875 0.3125000000000001 0.4328125 0.3421875000000001 0.4328125
21 0.2234375000000001 0.36875 0.19375000000000003 0.36875 0.19375000000000003 0.4328125 0.2234375000000001 0.4328125
28 0.3921875000000001 0.4453125 0.36406250000000007 0.4453125 0.36406250000000007 0.509375 0.3921875000000001 0.509375
32 0.13281250000000006 0.5203125 0.10312500000000005 0.5203125 0.10312500000000006 0.5859375 0.13281250000000008 0.5859375
25 0.3531250000000001 0.4453125 0.3234375000000001 0.4453125 0.3234375000000001 0.5109375 0.3531250000000001 0.5109375
10 0.15156250000000004 0.4453125 0.12343750000000005 0.4453125 0.12343750000000005 0.509375 0.15156250000000004 0.509375
19 0.2328125000000001 0.4453125 0.20312500000000008 0.4453125 0.20312500000000008 0.509375 0.2328125000000001 0.509375
46 0.6421875 0.521875 0.5421875 0.521875 0.5421875 0.5859375 0.6421875 0.5859375
13 0.1937500000000001 0.59375 0.1515625000000001 0.59375 0.1515625000000001 0.6609375 0.1937500000000001 0.6609375
54 0.5421875 0.3671875000000001 0.5125 0.3671875000000001 0.5125 0.4328125 0.5421875 0.4328125
8 0.403125 0.2953125000000001 0.3734375 0.2953125000000001 0.3734375 0.3593750000000001 0.403125 0.3593750000000001
31 0.471875 0.4453125 0.44375 0.4453125 0.44375 0.509375 0.471875 0.509375
41 0.14375000000000004 0.36875 0.11250000000000004 0.36875 0.11250000000000004 0.4328125 0.14375000000000004 0.4328125
9 0.4421875 0.29375000000000007 0.4125 0.29375000000000007 0.4125 0.3578125000000001 0.4421875 0.3578125000000001
36 0.4640625 0.3687500000000001 0.43125 0.3687500000000001 0.43125 0.43125 0.4640625 0.43125
45 0.11562500000000005 0.44375 0.05468750000000004 0.44375 0.054687500000000056 0.5109375 0.11562500000000005 0.5109375
51 0.30156250000000007 0.36875 0.2718750000000001 0.36875 0.2718750000000001 0.43125 0.30156250000000007 0.43125
50 0.64375 0.596875 0.6 0.596875 0.6 0.6625 0.64375 0.6625
29 0.43125 0.4453125 0.403125 0.4453125 0.403125 0.509375 0.43125 0.509375
2 0.16093750000000004 0.2953125 0.13281250000000006 0.2953125 0.13281250000000006 0.359375 0.16093750000000004 0.359375
1 0.12031250000000004 0.2953125 0.09218750000000005 0.2953125 0.09218750000000005 0.359375 0.12031250000000004 0.359375
52 0.10156250000000004 0.371875 0.05312500000000005 0.371875 0.05312500000000005 0.434375 0.10156250000000004 0.434375
34 0.5328125 0.5203125 0.5015625 0.5203125 0.5015625 0.5828125 0.5328125 0.5828125
33 0.4125 0.5203125 0.3812500000000001 0.5203125 0.3812500000000001 0.5859375 0.4125 0.5859375
40 0.49375 0.5203125 0.4640625 0.5203125 0.4640625 0.5828125 0.49375 0.5828125
22 0.6421875 0.3671875000000001 0.5921875 0.3671875000000001 0.5921875 0.5125 0.6421875 0.5125
17 0.08125000000000004 0.2953125 0.05312500000000005 0.2953125 0.05312500000000005 0.3578125 0.08125000000000004 0.3578125
30 0.9578125 0.15625000000000006 0.042187500000000024 0.15625 0.04218750000000006 0.7000000000000001 0.9578125 0.7000000000000002
12 0.553125 0.4453125 0.5234375 0.4453125 0.5234375 0.5109375 0.553125 0.5109375
58 0.17187500000000006 0.5203125 0.14375000000000004 0.5203125 0.14375000000000007 0.584375 0.17187500000000008 0.584375
14 0.4953125 0.5953125 0.4515625 0.5953125 0.4515625 0.6625 0.4953125 0.6625
42 0.26250000000000007 0.36875 0.2328125000000001 0.36875 0.2328125000000001 0.4328125 0.26250000000000007 0.4328125
47 0.4453125 0.5953125 0.2000000000000001 0.5953125 0.2000000000000001 0.6640625 0.4453125 0.6640625
43 0.19218750000000004 0.4453125 0.16250000000000003 0.4453125 0.16250000000000003 0.5109375 0.19218750000000004 0.5109375
5 0.2828125 0.296875 0.253125 0.296875 0.253125 0.359375 0.2828125 0.359375
27 0.421875 0.3687500000000001 0.3937500000000001 0.3687500000000001 0.3937500000000001 0.43125 0.421875 0.43125
38 0.5015625 0.3687500000000001 0.4734375 0.3687500000000001 0.4734375 0.43125 0.5015625 0.43125
20 0.64375 0.2953125000000001 0.571875 0.2953125000000001 0.571875 0.3578125000000001 0.64375 0.3578125000000001
3 0.203125 0.2953125 0.17343750000000005 0.2953125 0.17343750000000005 0.359375 0.203125 0.359375
4 0.2421875 0.2953125 0.2140625 0.2953125 0.2140625 0.3578125 0.2421875 0.3578125
53 0.3828125000000001 0.36875 0.3515625000000001 0.36875 0.3515625000000001 0.4328125 0.3828125000000001 0.4328125
57 0.21250000000000008 0.5203125 0.18281250000000004 0.5203125 0.18281250000000007 0.584375 0.21250000000000008 0.584375
39 0.58125 0.3671875000000001 0.553125 0.3671875000000001 0.553125 0.4328125 0.58125 0.4328125
48 0.521875 0.29375000000000007 0.4921875 0.29375000000000007 0.4921875 0.3593750000000001 0.521875 0.3593750000000001
15 0.33281250000000007 0.51875 0.30156250000000007 0.51875 0.30156250000000007 0.5859375 0.33281250000000007 0.5859375
44 0.09375000000000007 0.521875 0.05312500000000007 0.521875 0.05312500000000007 0.5859375 0.09375000000000007 0.5859375
23 0.2718750000000001 0.4453125 0.24375000000000008 0.4453125 0.24375000000000008 0.5078125 0.2718750000000001 0.5078125
26 0.5921875 0.4453125 0.5625 0.4453125 0.5625 0.509375 0.5921875 0.509375
37 0.5125 0.4453125 0.48125 0.4453125 0.48125 0.5109375 0.5125 0.5109375
0 0.484375 0.29375000000000007 0.453125 0.29375000000000007 0.453125 0.3578125000000001 0.484375 0.3578125000000001
56 0.18281250000000004 0.36875 0.15312500000000004 0.36875 0.15312500000000004 0.434375 0.18281250000000004 0.434375
6 0.321875 0.2953125 0.2921875 0.2953125 0.2921875 0.3578125 0.321875 0.3578125
24 0.3125000000000001 0.4453125 0.2828125000000001 0.4453125 0.2828125000000001 0.509375 0.3125000000000001 0.509375
16 0.2531250000000001 0.5203125 0.2218750000000001 0.5203125 0.2218750000000001 0.5859375 0.2531250000000001 0.5859375
7 0.3625 0.2953125 0.3328125 0.2953125 0.3328125 0.359375 0.3625 0.359375
18 0.4515625 0.51875 0.4234375 0.51875 0.4234375 0.5828125 0.4515625 0.5828125
35 0.37187500000000007 0.51875 0.3421875000000001 0.51875 0.3421875000000001 0.5859375 0.37187500000000007 0.5859375
49 0.09375000000000008 0.596875 0.05312500000000007 0.596875 0.053125000000000075 0.6609375 0.09375000000000008 0.6609375
55 0.2921875000000001 0.51875 0.26250000000000007 0.51875 0.26250000000000007 0.584375 0.2921875000000001 0.584375