51 0.528125 0.6421875 0.459375 0.6421875 0.459375 0.6828125 0.528125 0.6828125
49 0.903125 0.8015625 0.828125 0.8015625 0.828125 0.859375 0.903125 0.859375
29 0.5015625 0.5015625 0.4421875 0.5015625 0.4421875 0.5390625 0.5015625 0.5390625
12 0.421875 0.39062500000000006 0.3593750000000001 0.390625 0.3593750000000001 0.43125 0.421875 0.43125
25 0.5578125 0.5765625 0.496875 0.5765625 0.496875 0.615625 0.5578125 0.615625
45 0.7562500000000002 0.8171875 0.6593750000000002 0.8171875 0.6593750000000002 0.8921875 0.7562500000000002 0.8921875
22 0.37343750000000003 0.31562500000000004 0.2484375 0.315625 0.24843750000000003 0.38750000000000007 0.3734375000000001 0.38750000000000007
52 0.6843750000000002 0.8453125 0.5953125000000001 0.8453125 0.5953125000000001 0.9078125 0.6843750000000002 0.9078125
21 0.5828125000000001 0.71875 0.509375 0.71875 0.5093750000000001 0.7609375 0.5828125000000002 0.7609375
6 0.4421875 0.6421875 0.3687500000000001 0.6421875 0.3687500000000001 0.6796875 0.4421875 0.6796875
55 0.665625 0.615625 0.60625 0.615625 0.60625 0.6578125 0.665625 0.6578125
1 0.5796875000000001 0.8390625 0.5093750000000001 0.8390625 0.5093750000000001 0.8796875 0.5796875000000001 0.8796875
57 0.7250000000000001 0.6953125 0.6640625 0.6953125 0.6640625000000001 0.7375 0.7250000000000002 0.7375
24 0.5859375 0.615625 0.5203125 0.615625 0.5203125 0.65625 0.5859375 0.65625
33 0.58125 0.4984375 0.5171875 0.4984375 0.5171875 0.540625 0.58125 0.540625
42 0.5546875 0.6796875 0.4828125 0.6796875 0.4828125 0.7203125 0.5546875 0.7203125
36 0.4171875 0.490625 0.3515625000000001 0.490625 0.3515625000000001 0.53125 0.4171875 0.53125
30 0.984375 6.027558464553379e-17 0 0 5.970153145843348e-17 0.975 0.984375 0.975
53 0.4734375 0.565625 0.4046875 0.565625 0.4046875 0.60625 0.4734375 0.60625
34 0.49375 0.3906250000000001 0.4375 0.3906250000000001 0.4375 0.428125 0.49375 0.428125
58 0.7578125000000002 0.7375 0.6921875000000002 0.7375 0.6921875000000002 0.7796875000000001 0.7578125000000002 0.7796875000000002
41 0.6390625000000002 0.8 0.5671875000000002 0.8 0.5671875000000002 0.84375 0.6390625000000002 0.84375
32 0.7890625000000002 0.7796875000000001 0.7203125000000001 0.7796875 0.7203125000000001 0.821875 0.7890625000000002 0.821875
3 0.5250000000000001 0.7578125 0.4515625000000002 0.7578125 0.4515625000000002 0.796875 0.5250000000000001 0.796875
2 0.5515625000000002 0.796875 0.4812500000000002 0.796875 0.4812500000000002 0.8375 0.5515625000000002 0.8375
40 0.521875 0.4265625 0.4625 0.4265625 0.4625 0.465625 0.521875 0.465625
5 0.4703125 0.6796875 0.4 0.6796875 0.4 0.7171875 0.4703125 0.7171875
46 0.4671875 0.2921875000000001 0.3671875 0.2921875000000001 0.36718750000000006 0.39531250000000007 0.4671875 0.39531250000000007
14 0.5953125 0.403125 0.5296875 0.403125 0.5296875 0.45625 0.5953125 0.45625
37 0.45 0.428125 0.38750000000000007 0.428125 0.38750000000000007 0.4671875 0.45 0.4671875
56 0.6093750000000002 0.7609375 0.5406250000000001 0.7609375 0.5406250000000001 0.8015625 0.6093750000000002 0.8015625
50 0.490625 0.2687500000000001 0.425 0.2687500000000001 0.425 0.3218750000000001 0.490625 0.3218750000000001
54 0.3671875000000001 0.41875 0.3000000000000001 0.41875 0.3000000000000001 0.4578125 0.3671875000000001 0.4578125
19 0.64375 0.69375 0.5796875 0.69375 0.5796875000000001 0.734375 0.6437500000000002 0.734375
59 0.4984375 0.6046875 0.4296875 0.6046875 0.4296875 0.6421875 0.4984375 0.6421875
43 0.6734375000000001 0.734375 0.6093750000000002 0.734375 0.6093750000000002 0.775 0.6734375000000001 0.775
27 0.4453125 0.528125 0.3765625000000001 0.528125 0.3765625000000001 0.56875 0.4453125 0.56875
26 0.39531250000000007 0.35625000000000007 0.3375 0.35625 0.3375 0.39687500000000003 0.39531250000000007 0.3968750000000001
20 0.26250000000000007 0.353125 0.17812500000000003 0.353125 0.17812500000000003 0.425 0.26250000000000007 0.425
8 0.3937500000000001 0.565625 0.3140625000000001 0.565625 0.3140625000000001 0.6 0.3937500000000001 0.6
31 0.475 0.4640625 0.4109375 0.4640625 0.4109375 0.503125 0.475 0.503125
38 0.3921875000000001 0.4546875 0.3265625000000001 0.4546875 0.3265625000000001 0.49375 0.3921875000000001 0.49375
15 0.6359375 0.575 0.571875 0.575 0.571875 0.621875 0.6359375 0.621875
11 0.2843750000000001 0.4234375 0.2218750000000001 0.4234375 0.2218750000000001 0.4578125 0.2843750000000001 0.4578125
47 0.7921875 0.4484375000000001 0.5578125 0.4484375 0.5578125 0.7015625000000001 0.7921875 0.7015625000000002
28 0.53125 0.5390625 0.4671875 0.5390625 0.4671875 0.5765625 0.53125 0.5765625
13 0.821875 0.6984375000000002 0.74375 0.6984375000000002 0.7437500000000001 0.7515625000000001 0.821875 0.7515625000000001
23 0.615625 0.6546875 0.5484375 0.6546875 0.5484375 0.6953125 0.615625 0.6953125
39 0.3390625000000001 0.3859375 0.2750000000000001 0.3859375 0.2750000000000001 0.4234375 0.3390625000000001 0.4234375
35 0.609375 0.5359375 0.54375 0.5359375 0.54375 0.5796875 0.609375 0.5796875
9 0.3656250000000001 0.528125 0.2906250000000001 0.528125 0.2906250000000001 0.5640625 0.3656250000000001 0.5640625
44 0.828125 0.821875 0.7484375000000002 0.821875 0.7484375000000002 0.875 0.828125 0.875
48 0.3140625000000001 0.45625 0.2468750000000001 0.45625 0.2468750000000001 0.49375 0.3140625000000001 0.49375
0 0.3375000000000001 0.4921875 0.2718750000000001 0.4921875 0.2718750000000001 0.5296875 0.3375000000000001 0.5296875
16 0.69375 0.6546875 0.634375 0.6546875 0.634375 0.6984375 0.69375 0.6984375
4 0.49687500000000007 0.71875 0.4265625 0.71875 0.42656250000000007 0.75625 0.4968750000000002 0.75625
17 0.6062500000000002 0.8828125 0.5359375000000002 0.8828125 0.5359375000000002 0.9203125 0.6062500000000002 0.9203125
7 0.4171875 0.6046875 0.3375000000000001 0.6046875 0.3375000000000001 0.6390625 0.4171875 0.6390625
18 0.55 0.4625 0.4875 0.4625 0.4875 0.5015625 0.55 0.5015625
10 0.7015625000000002 0.7765625 0.6343750000000001 0.7765625 0.6343750000000001 0.8171875 0.7015625000000002 0.8171875