11 0.3781250000000001 0.5125 0.3109375000000001 0.5125 0.3109375000000001 0.5453125 0.3781250000000001 0.5453125
59 0.4640625 0.2734375000000001 0.39375 0.2734375000000001 0.39375 0.3046875000000001 0.4640625 0.3046875000000001
21 0.4640625 0.14218750000000005 0.39375 0.14218750000000005 0.39375 0.17500000000000004 0.4640625 0.17500000000000004
28 0.546875 0.3281250000000001 0.4765625 0.3281250000000001 0.4765625 0.3593750000000001 0.546875 0.3593750000000001
32 0.6296875 0.043750000000000074 0.5578125 0.04375000000000007 0.5578125 0.07500000000000007 0.6296875 0.07500000000000007
25 0.5484375 0.2828125000000001 0.4765625 0.2828125000000001 0.4765625 0.3156250000000001 0.5484375 0.3156250000000001
10 0.546875 0.06562500000000007 0.4765625 0.06562500000000007 0.4765625 0.09687500000000007 0.546875 0.09687500000000007
19 0.546875 0.15156250000000007 0.4765625 0.15156250000000004 0.4765625 0.18437500000000007 0.546875 0.1843750000000001
46 0.6296875 0.5234375 0.559375 0.5234375 0.559375 0.6328125 0.6296875 0.6328125
13 0.7125 0.09687500000000009 0.6390625 0.09687500000000009 0.6390625 0.14218750000000008 0.7125 0.14218750000000008
54 0.4640625 0.490625 0.3921875000000001 0.490625 0.3921875000000001 0.525 0.4640625 0.525
8 0.38281250000000006 0.3375 0.3125 0.3375 0.31250000000000006 0.37031250000000004 0.3828125000000001 0.3703125000000001
31 0.546875 0.415625 0.4765625 0.415625 0.4765625 0.446875 0.546875 0.446875
41 0.4640625 0.053125000000000054 0.39375 0.05312500000000005 0.39375 0.08750000000000005 0.4640625 0.08750000000000006
9 0.3812500000000001 0.38125000000000003 0.3109375000000001 0.38125 0.3109375000000001 0.415625 0.3812500000000001 0.415625
36 0.4625 0.403125 0.3937500000000001 0.403125 0.3937500000000001 0.4375 0.4625 0.4375
45 0.5484375 6.266747292511846e-17 0.475 5.817072295949927e-17 0.475 0.056250000000000064 0.5484375 0.056250000000000064
51 0.4625 0.22812500000000008 0.39375 0.22812500000000008 0.39375 0.2593750000000001 0.4625 0.2593750000000001
50 0.7140625 0.5859375 0.6421875 0.5859375 0.6421875 0.6328125 0.7140625 0.6328125
29 0.546875 0.3703125000000001 0.4765625 0.3703125000000001 0.4765625 0.4015625 0.546875 0.4015625
2 0.3828125 0.07656250000000005 0.3125 0.07656250000000005 0.3125 0.10781250000000005 0.3828125 0.10781250000000005
1 0.3828125 0.032812500000000036 0.3125 0.032812500000000036 0.3125 0.06406250000000005 0.3828125 0.06406250000000005
52 0.465625 5.281289321322961e-17 0.396875 4.860316984116058e-17 0.396875 0.04218750000000005 0.465625 0.04218750000000006
34 0.6265625 0.4796875 0.5578125 0.4796875 0.5578125 0.5140625 0.6265625 0.5140625
33 0.6296875 0.3468750000000001 0.5578125 0.3468750000000001 0.5578125 0.3812500000000001 0.6296875 0.3812500000000001
40 0.6265625 0.4359375 0.5578125 0.4359375 0.5578125 0.46875 0.6265625 0.46875
22 0.5515625 0.578125 0.3921875000000001 0.578125 0.3921875000000001 0.6328125 0.5515625 0.6328125
17 0.38125 4.25756113766072e-17 0.3140625 3.846156353572156e-17 0.3140625 0.01875000000000004 0.38125 0.018750000000000044
30 0.7546875000000001 0.0015625000000000558 0.1609375 0.0015625000000000194 0.16093750000000007 0.9765625 0.7546875000000002 0.9765625
12 0.5484375 0.5015625 0.4765625 0.5015625 0.4765625 0.534375 0.5484375 0.534375
58 0.628125 0.08750000000000006 0.5578125 0.08750000000000006 0.5578125 0.11875000000000009 0.628125 0.11875000000000009
14 0.7140625 0.4234375 0.640625 0.4234375 0.640625 0.4703125 0.7140625 0.4703125
42 0.4640625 0.18593750000000003 0.39375 0.18593750000000003 0.39375 0.2171875000000001 0.4640625 0.2171875000000001
47 0.715625 0.14843750000000008 0.640625 0.14843750000000008 0.640625 0.4171875 0.715625 0.4171875
43 0.5484375 0.10937500000000007 0.4765625 0.10937500000000004 0.4765625 0.14062500000000006 0.5484375 0.14062500000000008
5 0.3828125 0.20625000000000004 0.3140625 0.20625 0.3140625 0.24062500000000003 0.3828125 0.2406250000000001
27 0.4625 0.3609375000000001 0.39375 0.3609375000000001 0.39375000000000004 0.3921875000000001 0.4625 0.3921875000000001
38 0.4625 0.4484375 0.3937500000000001 0.4484375 0.3937500000000001 0.4796875 0.4625 0.4796875
20 0.3812500000000001 0.55625 0.3125000000000001 0.55625 0.3125000000000001 0.634375 0.3812500000000001 0.634375
3 0.3828125 0.11875000000000005 0.3125 0.11875000000000005 0.3125 0.15156250000000004 0.3828125 0.15156250000000004
4 0.38125 0.16406250000000006 0.3140625 0.16406250000000006 0.3140625 0.19531250000000006 0.38125 0.19531250000000006
53 0.4640625 0.3156250000000001 0.39375 0.3156250000000001 0.39375 0.3500000000000001 0.4640625 0.3500000000000001
57 0.628125 0.1312500000000001 0.5578125 0.1312500000000001 0.5578125 0.1625000000000001 0.628125 0.1625000000000001
39 0.4640625 0.534375 0.3921875000000001 0.534375 0.3921875000000001 0.565625 0.4640625 0.565625
48 0.3828125000000001 0.46875 0.3109375000000001 0.46875 0.3109375000000001 0.503125 0.3828125000000001 0.503125
15 0.6296875 0.2609375000000001 0.55625 0.2609375000000001 0.55625 0.2953125000000001 0.6296875 0.2953125000000001
44 0.6296875 7.280907923055748e-17 0.559375 6.850368032730508e-17 0.559375 0.03281250000000007 0.6296875 0.03281250000000008
23 0.5453125 0.19687500000000008 0.478125 0.19687500000000005 0.478125 0.22812500000000008 0.5453125 0.22812500000000008
26 0.546875 0.5453125 0.4765625 0.5453125 0.4765625 0.5765625 0.546875 0.5765625
37 0.5484375 0.45625 0.4765625 0.45625 0.4765625 0.490625 0.5484375 0.490625
0 0.3812500000000001 0.425 0.3109375000000001 0.425 0.3109375000000001 0.459375 0.3812500000000001 0.459375
56 0.465625 0.09843750000000005 0.39375 0.09843750000000004 0.39375 0.13125000000000003 0.465625 0.13125000000000003
6 0.38125 0.25000000000000006 0.3125 0.25 0.3125 0.28437500000000004 0.38125 0.2843750000000001
24 0.546875 0.2390625000000001 0.4765625 0.2390625000000001 0.4765625 0.2718750000000001 0.546875 0.2718750000000001
16 0.6296875 0.17343750000000008 0.5578125 0.17343750000000008 0.5578125 0.2078125000000001 0.6296875 0.2078125000000001
7 0.3828125 0.29375000000000007 0.3125 0.29375 0.3125 0.32656250000000003 0.3828125 0.3265625000000001
18 0.6265625 0.3937500000000001 0.55625 0.3937500000000001 0.55625 0.425 0.6265625 0.425
35 0.6296875 0.3046875000000001 0.55625 0.3046875000000001 0.55625 0.3390625000000001 0.6296875 0.3390625000000001
49 0.7125 8.295068553599651e-17 0.6421875 7.864528663274409e-17 0.6421875 0.032812500000000085 0.7125 0.03281250000000009
55 0.628125 0.21875000000000008 0.55625 0.21875000000000008 0.55625 0.2515625000000001 0.628125 0.2515625000000001