51 0.7171875 0.440625 0.6703125 0.440625 0.6703125 0.5203125 0.7171875 0.5203125
49 0.9234375 0.86875 0.85625 0.86875 0.85625 0.95625 0.9234375 0.95625
29 0.55 0.4203125 0.50625 0.4203125 0.50625 0.4890625 0.55 0.4890625
12 0.425 0.32500000000000007 0.378125 0.32500000000000007 0.37812500000000004 0.3968750000000001 0.425 0.3968750000000001
25 0.6390625 0.484375 0.59375 0.484375 0.59375 0.55625 0.6390625 0.55625
45 0.9625 0.6734375000000001 0.875 0.6734375000000001 0.875 0.7859375000000002 0.9625 0.7859375000000002
22 0.3734375 0.19375000000000003 0.2890625 0.19375000000000003 0.2890625 0.34062500000000007 0.3734375 0.34062500000000007
52 0.978125 0.5984375000000002 0.90625 0.5984375000000002 0.90625 0.7015625000000002 0.978125 0.7015625000000002
21 0.809375 0.4984375000000002 0.759375 0.4984375000000002 0.759375 0.5828125000000002 0.809375 0.5828125000000002
6 0.7140625 0.3359375000000001 0.6703125 0.3359375000000001 0.6703125 0.4203125 0.7140625 0.4203125
55 0.6890625 0.6109375 0.6390625 0.6109375 0.6390625 0.6796875 0.6890625 0.6796875
1 0.946875 0.4984375000000002 0.9 0.4984375000000002 0.9 0.5796875000000001 0.946875 0.5796875000000001
57 0.7828125000000001 0.6781250000000002 0.7328125 0.6781250000000002 0.7328125000000001 0.7500000000000002 0.7828125000000001 0.7500000000000002
24 0.6859375 0.5109375 0.6375 0.5109375 0.6375 0.5875 0.6859375 0.5875
33 0.5515625 0.5078125 0.5015625 0.5078125 0.5015625 0.5828125 0.5515625 0.5828125
42 0.7625 0.4687500000000001 0.715625 0.46875 0.715625 0.5531250000000001 0.7625 0.5531250000000002
36 0.540625 0.3156250000000001 0.49375 0.3156250000000001 0.49375 0.3921875000000001 0.540625 0.3921875000000001
30 1 6.123233995736766e-17 0 0 6.123233995736766e-17 1 1 1
53 0.628125 0.3765625000000001 0.58125 0.3765625000000001 0.58125 0.45625 0.628125 0.45625
34 0.4203125 0.415625 0.3765625000000001 0.415625 0.3765625000000001 0.48125 0.4203125 0.48125
58 0.83125 0.7109375000000002 0.78125 0.7109375000000002 0.7812500000000001 0.7875000000000002 0.83125 0.7875000000000002
41 0.90625 0.5656250000000002 0.8546875 0.5656250000000002 0.8546875 0.6500000000000001 0.90625 0.6500000000000001
32 0.8796875 0.7437500000000001 0.8296875 0.7437500000000001 0.8296875 0.8234375 0.8796875 0.8234375
3 0.85 0.4312500000000002 0.8046875 0.4312500000000002 0.8046875 0.5156250000000002 0.85 0.5156250000000002
2 0.8984375 0.4656250000000002 0.8515625 0.4656250000000002 0.8515625 0.5468750000000002 0.8984375 0.5468750000000002
40 0.4640625 0.44375 0.41875 0.44375 0.41875 0.5125 0.4640625 0.5125
5 0.7578125 0.3703125000000001 0.7140625 0.3703125000000001 0.7140625 0.4515625000000001 0.7578125 0.4515625000000002
46 0.38281250000000006 0.33281250000000007 0.2640625 0.3328125 0.26406250000000003 0.4484375 0.3828125000000001 0.4484375
14 0.4546875 0.521875 0.3921875000000001 0.521875 0.3921875000000001 0.5984375 0.4546875 0.5984375
37 0.465625 0.35625000000000007 0.4203125 0.35625000000000007 0.4203125 0.428125 0.465625 0.428125
56 0.85625 0.5343750000000002 0.809375 0.5343750000000002 0.809375 0.6140625000000002 0.85625 0.6140625000000002
50 0.2968750000000001 0.4 0.23593750000000008 0.4 0.23593750000000008 0.4765625 0.2968750000000001 0.4765625
54 0.45625 0.25468750000000007 0.4109375 0.25468750000000007 0.4109375 0.33281250000000007 0.45625 0.33281250000000007
19 0.778125 0.5796875000000001 0.7296875 0.5796875000000001 0.7296875 0.6546875000000002 0.778125 0.6546875000000002
59 0.671875 0.40625 0.628125 0.40625 0.628125 0.4859375 0.671875 0.4859375
43 0.825 0.6140625000000002 0.778125 0.6140625000000002 0.778125 0.6890625000000001 0.825 0.6890625000000001
27 0.584375 0.3437500000000001 0.5375 0.3437500000000001 0.5375 0.4234375 0.584375 0.4234375
26 0.384375 0.29687500000000006 0.3375 0.296875 0.3375 0.36562500000000003 0.3843750000000001 0.3656250000000001
20 0.4171875 0.11250000000000004 0.3328125 0.11250000000000004 0.3328125 0.20937500000000003 0.4171875 0.2093750000000001
8 0.621875 0.27031250000000007 0.58125 0.27031250000000007 0.58125 0.3625000000000001 0.621875 0.3625000000000001
31 0.5078125 0.3828125000000001 0.4625 0.3828125000000001 0.4625 0.4578125 0.5078125 0.4578125
38 0.4984375 0.2843750000000001 0.453125 0.2843750000000001 0.453125 0.3609375000000001 0.4984375 0.3609375000000001
15 0.646875 0.571875 0.5921875 0.571875 0.5921875 0.646875 0.646875 0.646875
11 0.45625 0.16406250000000006 0.415625 0.16406250000000006 0.415625 0.23593750000000008 0.45625 0.23593750000000008
47 0.7390625000000001 0.5531250000000001 0.4453125 0.553125 0.4453125000000001 0.828125 0.7390625000000002 0.828125
28 0.59375 0.4484375 0.55 0.4484375 0.55 0.5234375 0.59375 0.5234375
13 0.7984375000000001 0.7703125000000002 0.7359375000000001 0.7703125000000002 0.7359375000000001 0.8609375 0.7984375000000001 0.8609375
23 0.73125 0.5437500000000001 0.684375 0.54375 0.684375 0.6218750000000001 0.73125 0.6218750000000002
39 0.415625 0.22656250000000008 0.371875 0.22656250000000008 0.371875 0.30156250000000007 0.415625 0.30156250000000007
35 0.596875 0.5375 0.546875 0.5375 0.546875 0.6140625 0.596875 0.6140625
9 0.5796875 0.24375000000000008 0.5390625 0.24375000000000008 0.5390625 0.3312500000000001 0.5796875 0.3312500000000001
44 0.9421875 0.7765625000000002 0.88125 0.7765625000000002 0.88125 0.86875 0.9421875 0.86875
48 0.496875 0.19218750000000004 0.4546875 0.19218750000000004 0.4546875 0.27031250000000007 0.496875 0.27031250000000007
0 0.5390625 0.2234375000000001 0.4953125 0.2234375000000001 0.4953125 0.3000000000000001 0.5390625 0.3000000000000001
16 0.7359375 0.6453125000000001 0.6859375 0.6453125 0.6859375 0.7140625 0.7359375 0.7140625000000002
4 0.803125 0.4031250000000002 0.7609375 0.4031250000000002 0.7609375 0.48437500000000017 0.803125 0.48437500000000017
17 0.9953125 0.5296875000000002 0.9515625 0.5296875000000002 0.9515625 0.6109375000000001 0.9953125 0.6109375000000001
7 0.6671875 0.3000000000000001 0.6265625 0.3000000000000001 0.6265625 0.3921875000000001 0.6671875 0.3921875000000001
18 0.50625 0.475 0.4609375 0.475 0.4609375 0.546875 0.50625 0.546875
10 0.8734375 0.6453125000000002 0.8265625 0.6453125000000002 0.8265625 0.7234375000000002 0.8734375 0.7234375000000002