15 0.3593750000000001 0.4796875 0.23437500000000008 0.4796875 0.23437500000000008 0.5359375 0.3593750000000001 0.5359375
32 0.225 0.23125 0.07812500000000003 0.23125 0.07812500000000003 0.2875 0.225 0.2875
31 0.4953125 0.2718750000000001 0.3703125 0.2718750000000001 0.3703125 0.32500000000000007 0.4953125 0.32500000000000007
53 0.6296875 0.4046875 0.5015625 0.4046875 0.5015625 0.4609375 0.6296875 0.4609375
33 0.35937500000000006 0.359375 0.234375 0.359375 0.23437500000000006 0.415625 0.3593750000000001 0.415625
34 0.3609375 0.18125000000000005 0.2359375 0.18125000000000005 0.2359375 0.2359375 0.3609375 0.2359375
4 0.7640625 0.6171875000000001 0.6390625 0.6171875 0.6390625 0.6703125000000001 0.7640625 0.6703125000000002
41 0.6265625000000001 0.7640625 0.5015625000000001 0.7640625 0.5015625000000001 0.8203125 0.6265625000000001 0.8203125
22 0.4984375 0.04687500000000005 0.3734375 0.04687500000000004 0.3734375 0.14687500000000003 0.4984375 0.14687500000000003
48 0.7640625 0.19687500000000008 0.6421875 0.19687500000000008 0.6421875 0.2515625000000001 0.7640625 0.2515625000000001
40 0.3609375 0.240625 0.2359375 0.240625 0.2359375 0.2953125 0.3609375 0.2953125
26 0.6296875 0.04843750000000007 0.5078125 0.048437500000000064 0.5078125 0.10156250000000007 0.6296875 0.10156250000000008
27 0.628125 0.3453125000000001 0.50625 0.3453125000000001 0.50625 0.4 0.628125 0.4
54 0.6328125 0.16718750000000007 0.5046875 0.16718750000000004 0.5046875 0.2218750000000001 0.6328125 0.2218750000000001
44 0.3609375000000001 0.7796875 0.2328125000000001 0.7796875 0.2328125000000001 0.9109375 0.3609375000000001 0.9109375
39 0.6296875 0.10781250000000006 0.5078125 0.10781250000000005 0.5078125 0.16093750000000007 0.6296875 0.1609375000000001
25 0.4921875 0.45 0.3703125000000001 0.45 0.3703125000000001 0.5046875 0.4921875 0.5046875
47 0.22656250000000008 0.3671875 0.07656250000000005 0.3671875 0.07656250000000006 0.6546875 0.22656250000000008 0.6546875
17 0.7593750000000001 0.85625 0.6375000000000002 0.85625 0.6375000000000002 0.9109375 0.7593750000000001 0.9109375
19 0.49375 0.6296875 0.3687500000000001 0.6296875 0.3687500000000001 0.6859375 0.49375 0.6859375
7 0.7625 0.43437500000000007 0.6375 0.434375 0.6375 0.48906250000000007 0.7625 0.4890625000000002
52 0.6265625000000001 0.8265625 0.5015625000000001 0.8265625 0.5015625000000001 0.9125 0.6265625000000001 0.9125
49 0.2218750000000001 0.85625 0.07500000000000011 0.85625 0.07500000000000011 0.9125 0.2218750000000001 0.9125
57 0.3578125000000001 0.659375 0.2328125000000001 0.659375 0.2328125000000001 0.715625 0.3578125000000001 0.715625
13 0.2234375000000001 0.659375 0.07656250000000009 0.659375 0.07656250000000009 0.73125 0.2234375000000001 0.73125
28 0.4953125 0.3906250000000001 0.3703125000000001 0.3906250000000001 0.3703125000000001 0.4453125 0.4953125 0.4453125
56 0.628125 0.70625 0.503125 0.70625 0.503125 0.7609375 0.6281250000000002 0.7609375
21 0.6265625 0.64375 0.5015625 0.64375 0.5015625 0.7 0.6265625 0.7
9 0.7609375 0.3156250000000001 0.6390625 0.3156250000000001 0.6390625 0.3703125000000001 0.7609375 0.3703125000000001
37 0.4953125 0.21250000000000008 0.3703125 0.21250000000000008 0.3703125 0.2656250000000001 0.4953125 0.2656250000000001
6 0.7609375 0.4953125000000001 0.6390625 0.4953125 0.6390625 0.5515625000000001 0.7609375 0.5515625000000002
3 0.7625000000000001 0.675 0.6375 0.675 0.6375000000000001 0.7312500000000001 0.7625000000000002 0.7312500000000002
55 0.3593750000000001 0.5390625 0.23437500000000008 0.5390625 0.23437500000000008 0.5953125 0.3593750000000001 0.5953125
46 0.3625 0.04531250000000004 0.2375 0.04531250000000003 0.2375 0.17500000000000004 0.3625 0.17500000000000004
0 0.7640625 0.2562500000000001 0.6390625 0.2562500000000001 0.6390625 0.3109375000000001 0.7640625 0.3109375000000001
30 0.915625 0.025000000000000057 0.0359375 0.025 0.03593750000000005 0.93125 0.915625 0.93125
36 0.628125 0.28593750000000007 0.503125 0.28593750000000007 0.503125 0.3421875000000001 0.628125 0.3421875000000001
11 0.765625 0.1390625000000001 0.64375 0.1390625000000001 0.64375 0.1921875000000001 0.765625 0.1921875000000001
1 0.7593750000000001 0.7953125000000001 0.6375000000000002 0.7953125 0.6375000000000002 0.85 0.7593750000000001 0.85
2 0.7625000000000002 0.7359375000000001 0.6375000000000002 0.7359375 0.6375000000000002 0.7906250000000001 0.7625000000000002 0.7906250000000001
58 0.35625000000000007 0.721875 0.2312500000000001 0.721875 0.2312500000000001 0.775 0.35625000000000007 0.775
59 0.628125 0.465625 0.503125 0.465625 0.503125 0.5203125 0.628125 0.5203125
12 0.496875 0.15156250000000004 0.371875 0.15156250000000004 0.371875 0.2062500000000001 0.496875 0.2062500000000001
5 0.7609375 0.5562500000000001 0.6390625 0.55625 0.6390625 0.6093750000000001 0.7609375 0.6093750000000002
45 0.4937500000000002 0.8109375 0.3687500000000001 0.8109375 0.3687500000000001 0.9109375 0.4937500000000002 0.9109375
42 0.6265625 0.5859375 0.5046875 0.5859375 0.5046875 0.640625 0.6265625 0.640625
20 0.765625 0.04687500000000008 0.64375 0.046875000000000076 0.64375 0.1312500000000001 0.765625 0.1312500000000001
35 0.3593750000000001 0.4203125 0.23437500000000008 0.4203125 0.23437500000000008 0.475 0.3593750000000001 0.475
8 0.759375 0.3765625000000001 0.6390625 0.3765625000000001 0.6390625 0.4296875000000001 0.759375 0.42968750000000017
16 0.3578125000000001 0.6 0.2328125000000001 0.6 0.2328125000000001 0.65625 0.3578125000000001 0.65625
18 0.3609375 0.3015625 0.2359375 0.3015625 0.2359375 0.3546875 0.3609375 0.3546875
51 0.6265625 0.5265625 0.5046875 0.5265625 0.5046875 0.5796875 0.6265625 0.5796875
29 0.4953125 0.3312500000000001 0.3703125 0.3312500000000001 0.37031250000000004 0.3843750000000001 0.4953125 0.3843750000000001
23 0.4921875 0.571875 0.3703125000000001 0.571875 0.3703125000000001 0.6265625 0.4921875 0.6265625
38 0.6296875 0.2250000000000001 0.5046875 0.2250000000000001 0.5046875 0.2812500000000001 0.6296875 0.2812500000000001
43 0.4937500000000001 0.690625 0.3687500000000001 0.690625 0.3687500000000001 0.746875 0.4937500000000002 0.746875
10 0.4906250000000002 0.75 0.3687500000000001 0.75 0.3687500000000001 0.80625 0.4906250000000002 0.80625
14 0.225 0.2921875 0.07968750000000005 0.2921875 0.07968750000000005 0.3625 0.225 0.3625
24 0.4921875 0.5109375 0.3703125000000001 0.5109375 0.3703125000000001 0.565625 0.4921875 0.565625