31 0.5171875 0.22812500000000008 0.4453125 0.22812500000000008 0.4453125 0.2843750000000001 0.5171875 0.2843750000000001
43 0.5562500000000001 0.7828125 0.48437500000000017 0.7828125 0.48437500000000017 0.8390625 0.5562500000000001 0.8390625
1 0.6703125000000002 0.9 0.6015625000000002 0.9 0.6015625000000002 0.953125 0.6703125000000002 0.953125
59 0.6546875 0.3828125000000001 0.584375 0.3828125000000001 0.584375 0.4421875 0.6546875 0.4421875
50 0.3671875 0.22343750000000004 0.2796875 0.2234375 0.2796875 0.2828125 0.3671875 0.2828125000000001
8 0.6890625 0.2906250000000001 0.61875 0.2906250000000001 0.61875 0.3468750000000001 0.6890625 0.3468750000000001
42 0.6500000000000001 0.69375 0.5828125 0.69375 0.5828125000000001 0.746875 0.6500000000000001 0.746875
45 0.5296875000000002 0.896875 0.44531250000000017 0.896875 0.44531250000000017 0.996875 0.5296875000000002 0.996875
53 0.634375 0.3312500000000001 0.5625 0.3312500000000001 0.5625 0.38750000000000007 0.634375 0.38750000000000007
41 0.6093750000000002 0.8640625 0.5375000000000002 0.8640625 0.5375000000000002 0.91875 0.6093750000000002 0.91875
13 0.4203125000000002 0.7328125 0.33281250000000007 0.7328125 0.33281250000000007 0.8046875 0.4203125000000002 0.8046875
57 0.49218750000000017 0.7453125 0.4203125000000002 0.7453125 0.4203125000000002 0.7984375 0.49218750000000017 0.7984375
9 0.6671875 0.2375000000000001 0.596875 0.2375000000000001 0.596875 0.2953125000000001 0.6671875 0.2953125000000001
2 0.6843750000000002 0.8421875 0.6187500000000001 0.8421875 0.6187500000000001 0.896875 0.6843750000000002 0.896875
32 0.4625000000000002 0.8609375 0.3906250000000001 0.8609375 0.3906250000000001 0.915625 0.4625000000000002 0.915625
12 0.471875 0.12343750000000005 0.4 0.12343750000000005 0.4 0.17968750000000006 0.471875 0.17968750000000006
58 0.47656250000000017 0.803125 0.4046875000000002 0.803125 0.4046875000000002 0.85625 0.47656250000000017 0.85625
20 0.5828125 0.007812500000000066 0.4984375 0.00781250000000006 0.4984375 0.08593750000000007 0.5828125 0.08593750000000007
34 0.4171875 0.16250000000000003 0.34375 0.16250000000000003 0.34375 0.21875000000000006 0.4171875 0.21875000000000008
0 0.646875 0.1859375000000001 0.575 0.1859375000000001 0.575 0.24218750000000008 0.646875 0.24218750000000008
55 0.521875 0.6328125 0.4515625 0.6328125 0.4515625 0.6859375 0.521875 0.6859375
26 0.4515625 0.07187500000000005 0.3765625 0.07187500000000005 0.3765625 0.12500000000000006 0.4515625 0.12500000000000006
35 0.50625 0.3750000000000001 0.43125 0.3750000000000001 0.43125 0.4328125 0.50625 0.4328125
38 0.56875 0.17343750000000008 0.496875 0.17343750000000005 0.496875 0.2296875000000001 0.56875 0.2296875000000001
49 0.3687500000000001 0.9234375 0.2843750000000001 0.9234375 0.2843750000000001 0.9828125 0.3687500000000001 0.9828125
22 0.5046875 0.01875000000000005 0.3625 0.018750000000000044 0.3625 0.07187500000000005 0.5046875 0.07187500000000006
18 0.4609375 0.2687500000000001 0.3875 0.2687500000000001 0.3875 0.32500000000000007 0.4609375 0.32500000000000007
3 0.7000000000000002 0.7875 0.6312500000000002 0.7875 0.6312500000000002 0.840625 0.7000000000000002 0.840625
10 0.5421875000000002 0.8421875 0.4703125000000002 0.8421875 0.4703125000000002 0.8953125 0.5421875000000002 0.8953125
54 0.546875 0.12187500000000007 0.4734375 0.12187500000000004 0.4734375 0.17812500000000006 0.546875 0.1781250000000001
51 0.6640625 0.6375 0.5953125 0.6375 0.5953125 0.690625 0.6640625 0.690625
24 0.6 0.6125 0.5296875 0.6125 0.5296875 0.6671875 0.6 0.6671875
23 0.584375 0.6703125 0.515625 0.6703125 0.515625 0.7234375 0.584375 0.7234375
17 0.6593750000000002 0.9578125 0.5890625000000002 0.9578125 0.5890625000000002 1 0.6593750000000002 1
47 0.453125 0.34062500000000007 0.33125 0.340625 0.33125000000000004 0.48125 0.453125 0.48125
5 0.7250000000000001 0.675 0.659375 0.675 0.659375 0.728125 0.7250000000000002 0.728125
16 0.5078125000000001 0.6875 0.4359375 0.6875 0.4359375000000001 0.74375 0.5078125000000002 0.74375
39 0.525 0.07187500000000005 0.453125 0.07187500000000005 0.453125 0.12500000000000006 0.525 0.12500000000000006
4 0.7140625000000002 0.73125 0.6453125000000002 0.73125 0.6453125000000002 0.784375 0.7140625000000002 0.784375
36 0.590625 0.22656250000000008 0.51875 0.22656250000000008 0.51875 0.2828125000000001 0.590625 0.2828125000000001
25 0.5828125 0.3859375000000001 0.5109375 0.3859375000000001 0.5109375 0.4453125 0.5828125 0.4453125
37 0.4953125 0.17500000000000004 0.421875 0.17500000000000004 0.421875 0.2312500000000001 0.4953125 0.2312500000000001
14 0.3984375 0.27656250000000004 0.303125 0.2765625 0.303125 0.34843750000000007 0.3984375 0.34843750000000007
33 0.4828125 0.3203125000000001 0.4078125 0.3203125000000001 0.4078125 0.37968750000000007 0.4828125 0.37968750000000007
56 0.6234375000000002 0.80625 0.5546875000000002 0.80625 0.5546875000000002 0.859375 0.6234375000000002 0.859375
15 0.5375 0.5734375 0.465625 0.5734375 0.465625 0.6296875 0.5375 0.6296875
6 0.734375 0.3937500000000001 0.6625 0.3937500000000001 0.6625 0.4531250000000001 0.734375 0.45312500000000017
30 0.8953125 0.5437500000000001 0.23437500000000008 0.54375 0.23437500000000008 1 0.8953125 1
11 0.6046875 0.08437500000000006 0.5328125 0.08437500000000006 0.5328125 0.13750000000000007 0.6046875 0.1375000000000001
7 0.7109375 0.34062500000000007 0.6390625 0.34062500000000007 0.6390625 0.3968750000000001 0.7109375 0.3968750000000001
28 0.5609375 0.33281250000000007 0.490625 0.33281250000000007 0.490625 0.3890625000000001 0.5609375 0.3890625000000001
48 0.625 0.13437500000000008 0.553125 0.13437500000000008 0.553125 0.1906250000000001 0.625 0.1906250000000001
27 0.6125 0.2796875000000001 0.5421875 0.2796875000000001 0.5421875 0.3359375000000001 0.6125 0.3359375000000001
52 0.5953125000000001 0.9203125 0.5156250000000002 0.9203125 0.5156250000000002 1 0.5953125000000001 1
29 0.5390625 0.2812500000000001 0.4671875 0.2812500000000001 0.4671875 0.3375000000000001 0.5390625 0.3375000000000001
19 0.5703125000000002 0.728125 0.5000000000000002 0.728125 0.5000000000000002 0.78125 0.5703125000000002 0.78125
46 0.3921875 0.04375000000000004 0.2890625 0.04375000000000003 0.2890625 0.16562500000000005 0.3921875 0.16562500000000005
40 0.4390625 0.2156250000000001 0.365625 0.2156250000000001 0.365625 0.2718750000000001 0.4390625 0.2718750000000001
21 0.6375000000000002 0.7515625 0.5687500000000002 0.7515625 0.5687500000000002 0.8046875 0.6375000000000002 0.8046875
30 0.871875 6.295449951866863e-17 0.15625 1.9135106236677395e-17 0.15625000000000003 0.5046875000000001 0.871875 0.5046875000000002
44 0.44843750000000016 0.9171875 0.37187500000000007 0.9171875 0.37187500000000007 0.990625 0.44843750000000016 0.990625
47 0.4593750000000001 0.590625 0.3531250000000001 0.590625 0.3531250000000001 0.73125 0.4593750000000002 0.73125