52 0.43125 0.018750000000000048 0.31875 0.018750000000000037 0.31875 0.10625000000000004 0.43125 0.10625000000000004
44 0.6796875 0.007812500000000076 0.565625 0.00781250000000007 0.565625 0.14218750000000008 0.6796875 0.14218750000000008
29 0.571875 0.5625 0.453125 0.5625 0.453125 0.625 0.571875 0.625
6 0.3125000000000001 0.39375 0.19687500000000005 0.39375 0.19687500000000005 0.4546875 0.3125000000000001 0.4546875
45 0.55625 0.012500000000000061 0.44375 0.012500000000000056 0.44375 0.11406250000000007 0.55625 0.1140625000000001
35 0.6984375 0.459375 0.5796875 0.459375 0.5796875 0.5203125 0.6984375 0.5203125
48 0.3140625000000001 0.721875 0.19531250000000008 0.721875 0.19531250000000008 0.7875 0.3140625000000001 0.7875
53 0.440625 0.4859375 0.3234375000000001 0.4859375 0.3234375000000001 0.5453125 0.440625 0.5453125
31 0.5734375 0.6296875 0.4546875 0.6296875 0.4546875 0.6921875 0.5734375 0.6921875
23 0.5640625 0.3031250000000001 0.45 0.3031250000000001 0.45 0.3609375000000001 0.5640625 0.3609375000000001
40 0.703125 0.6625 0.584375 0.6625 0.584375 0.725 0.703125 0.725
43 0.559375 0.17968750000000006 0.446875 0.17968750000000006 0.446875 0.23593750000000008 0.559375 0.23593750000000008
34 0.7109375000000002 0.7296875 0.5890625000000002 0.7296875 0.5890625000000002 0.7953125 0.7109375000000002 0.7953125
26 0.44843750000000016 0.896875 0.3265625000000001 0.896875 0.3265625000000001 0.9640625 0.44843750000000016 0.9640625
39 0.44531250000000017 0.825 0.3265625000000001 0.825 0.3265625000000001 0.890625 0.44531250000000017 0.890625
7 0.3140625000000001 0.4578125 0.19687500000000005 0.4578125 0.19687500000000005 0.5171875 0.3140625000000001 0.5171875
56 0.4328125 0.16875000000000004 0.3203125 0.16875000000000004 0.3203125 0.22500000000000003 0.4328125 0.2250000000000001
36 0.4421875 0.6171875 0.32500000000000007 0.6171875 0.32500000000000007 0.6796875 0.4421875 0.6796875
2 0.3109375 0.14218750000000005 0.1984375 0.14218750000000005 0.19843750000000002 0.2 0.3109375 0.2
54 0.44531250000000017 0.7546875 0.3265625000000001 0.7546875 0.3265625000000001 0.8171875 0.44531250000000017 0.8171875
11 0.3125000000000001 0.7921875 0.1937500000000001 0.7921875 0.1937500000000001 0.85625 0.3125000000000001 0.85625
47 0.8484375 0.3906250000000001 0.7046875 0.3906250000000001 0.7046875 0.5765625000000001 0.8484375 0.5765625000000002
50 0.859375 0.6656250000000001 0.71875 0.665625 0.7187500000000001 0.7312500000000001 0.859375 0.7312500000000002
19 0.5625 0.2406250000000001 0.4484375 0.2406250000000001 0.4484375 0.2984375000000001 0.5625 0.2984375000000001
0 0.3140625000000001 0.6546875 0.19531250000000008 0.6546875 0.19531250000000008 0.7171875 0.3140625000000001 0.7171875
41 0.434375 0.10781250000000005 0.321875 0.10781250000000005 0.321875 0.16562500000000005 0.434375 0.16562500000000005
17 0.3109375 0.02500000000000003 0.203125 0.025000000000000022 0.203125 0.07812500000000003 0.3109375 0.07812500000000004
12 0.5781250000000002 0.7671875 0.4593750000000002 0.7671875 0.4593750000000002 0.8328125 0.5781250000000002 0.8328125
38 0.4437500000000001 0.6859375 0.32500000000000007 0.6859375 0.32500000000000007 0.7484375 0.4437500000000002 0.7484375
16 0.6890625 0.2671875000000001 0.575 0.2671875000000001 0.575 0.3265625000000001 0.6890625 0.3265625000000001
5 0.31250000000000006 0.3296875 0.19843750000000004 0.3296875 0.19843750000000004 0.3890625 0.3125000000000001 0.3890625
14 0.8546875 0.5796875000000001 0.7140625 0.5796875 0.7140625 0.6609375000000001 0.8546875 0.6609375000000002
51 0.4359375 0.35625000000000007 0.321875 0.35625 0.321875 0.4140625 0.4359375 0.4140625
25 0.5671875 0.4328125 0.45 0.4328125 0.45 0.4921875 0.5671875 0.4921875
58 0.6828125 0.1437500000000001 0.5703125 0.1437500000000001 0.5703125 0.2000000000000001 0.6828125 0.2000000000000001
22 0.5843750000000002 0.8390625 0.46093750000000017 0.8390625 0.46093750000000017 0.9625 0.5843750000000002 0.9625
15 0.69375 0.3937500000000001 0.578125 0.3937500000000001 0.578125 0.45625 0.69375 0.45625
42 0.4359375 0.29218750000000004 0.321875 0.2921875 0.321875 0.35000000000000003 0.4359375 0.3500000000000001
30 0.9875 6.046693570790056e-17 0 0 6.123233995736766e-17 1 0.9875 1
8 0.3140625000000001 0.521875 0.19687500000000005 0.521875 0.19687500000000008 0.5828125 0.3140625000000001 0.5828125
10 0.55625 0.11718750000000007 0.446875 0.11718750000000004 0.446875 0.17343750000000008 0.55625 0.17343750000000008
49 0.8203125 0.0015625000000000922 0.6875 0.001562500000000084 0.6875 0.0578125000000001 0.8203125 0.057812500000000114
46 0.7203125000000001 0.8015625 0.5921875000000002 0.8015625 0.5921875000000002 0.9609375 0.7203125000000001 0.9609375
28 0.56875 0.4984375 0.4515625 0.4984375 0.4515625 0.5578125 0.56875 0.5578125
24 0.565625 0.3671875000000001 0.4484375 0.3671875000000001 0.4484375 0.4265625 0.565625 0.4265625
9 0.3140625000000001 0.5875 0.19687500000000008 0.5875 0.19687500000000008 0.65 0.3140625000000001 0.65
18 0.7015625 0.5921875 0.5828125 0.5921875 0.5828125 0.6546875 0.7015625 0.6546875
4 0.3125 0.2671875 0.19843750000000004 0.2671875 0.19843750000000004 0.3234375 0.3125 0.3234375
27 0.440625 0.55 0.3234375000000001 0.55 0.3234375000000001 0.6125 0.440625 0.6125
57 0.6859375 0.20468750000000008 0.5703125 0.20468750000000008 0.5703125 0.2640625000000001 0.6859375 0.2640625000000001
3 0.3109375 0.2046875 0.19843750000000004 0.2046875 0.19843750000000004 0.2625 0.3109375 0.2625
1 0.3109375 0.08437500000000003 0.2015625 0.08437500000000002 0.2015625 0.13906250000000003 0.3109375 0.13906250000000003
20 0.31718750000000007 0.8609375 0.19531250000000008 0.8609375 0.1953125000000001 0.9671875 0.31718750000000007 0.9671875
21 0.4359375 0.22968750000000004 0.321875 0.2296875 0.321875 0.28750000000000003 0.4359375 0.2875000000000001
55 0.6890625 0.3312500000000001 0.575 0.3312500000000001 0.575 0.3906250000000001 0.6890625 0.3906250000000001
37 0.5765625000000001 0.6984375 0.4578125 0.6984375 0.45781250000000007 0.7609375 0.5765625000000002 0.7609375
33 0.7 0.525 0.58125 0.525 0.58125 0.5875 0.7 0.5875
59 0.4390625 0.4203125 0.3234375000000001 0.4203125 0.3234375000000001 0.4796875 0.4390625 0.4796875