41 0.13906250000000003 0.234375 0.09531250000000002 0.234375 0.09531250000000004 0.3171875 0.13906250000000003 0.3171875
38 0.546875 0.2375000000000001 0.50625 0.2375000000000001 0.50625 0.31718750000000007 0.546875 0.31718750000000007
25 0.37968750000000007 0.32343750000000004 0.3390625 0.3234375 0.33906250000000004 0.4015625 0.37968750000000007 0.4015625
52 0.09062500000000004 0.2328125 0.028125000000000032 0.2328125 0.028125000000000032 0.315625 0.09062500000000004 0.315625
35 0.403125 0.4109375 0.3625000000000001 0.4109375 0.3625000000000001 0.490625 0.403125 0.490625
24 0.33437500000000003 0.321875 0.2921875 0.321875 0.29218750000000004 0.403125 0.3343750000000001 0.403125
30 1 0.040625000000000064 0.014062500000000006 0.040625 0.014062500000000042 0.6312500000000001 1 0.6312500000000002
1 0.11562500000000002 0.14375 0.07343750000000002 0.14375 0.07343750000000002 0.2265625 0.11562500000000005 0.2265625
32 0.12656250000000005 0.4125 0.08437500000000005 0.4125 0.08437500000000006 0.4953125 0.12656250000000005 0.4953125
0 0.525 0.14843750000000006 0.484375 0.14843750000000006 0.484375 0.2296875000000001 0.525 0.2296875000000001
48 0.5671875 0.15000000000000008 0.528125 0.15000000000000005 0.528125 0.2312500000000001 0.5671875 0.2312500000000001
47 0.484375 0.496875 0.19843750000000004 0.496875 0.19843750000000007 0.584375 0.484375 0.584375
16 0.2656250000000001 0.4125 0.2218750000000001 0.4125 0.2218750000000001 0.4921875 0.2656250000000001 0.4921875
15 0.3578125000000001 0.4109375 0.3156250000000001 0.4109375 0.3156250000000001 0.490625 0.3578125000000001 0.490625
54 0.5890625 0.2375000000000001 0.55 0.2375000000000001 0.55 0.3156250000000001 0.5890625 0.3156250000000001
57 0.21875000000000008 0.4140625 0.17812500000000003 0.4140625 0.17812500000000003 0.49375 0.21875000000000008 0.49375
46 0.6984375 0.4046875 0.5828125 0.4046875 0.5828125 0.48125 0.6984375 0.48125
56 0.18437500000000004 0.234375 0.14218750000000005 0.234375 0.14218750000000005 0.315625 0.18437500000000004 0.315625
11 0.6109375 0.15000000000000008 0.571875 0.15000000000000008 0.571875 0.2296875000000001 0.6109375 0.2296875000000001
55 0.3125000000000001 0.4125 0.27031250000000007 0.4125 0.27031250000000007 0.49375 0.3125000000000001 0.49375
21 0.23125 0.234375 0.18906250000000005 0.234375 0.18906250000000005 0.315625 0.23125 0.315625
18 0.4921875 0.4078125 0.4515625 0.4078125 0.4515625 0.4875 0.4921875 0.4875
45 0.10156250000000004 0.321875 0.026562500000000044 0.321875 0.026562500000000044 0.4046875 0.10156250000000004 0.4046875
59 0.36875 0.23593750000000005 0.328125 0.2359375 0.328125 0.31562500000000004 0.36875 0.3156250000000001
20 0.696875 0.15000000000000008 0.6140625 0.15000000000000008 0.6140625 0.2296875000000001 0.696875 0.2296875000000001
9 0.4796875 0.14687500000000003 0.440625 0.14687500000000003 0.440625 0.2296875000000001 0.4796875 0.2296875000000001
3 0.2078125 0.14375000000000002 0.165625 0.14375 0.16562500000000002 0.2265625 0.2078125 0.2265625
22 0.696875 0.3203125000000001 0.603125 0.3203125000000001 0.603125 0.3984375000000001 0.696875 0.3984375000000001
29 0.4703125 0.3218750000000001 0.4296875 0.3218750000000001 0.4296875 0.4015625 0.4703125 0.4015625
4 0.253125 0.14531250000000004 0.2125 0.14531250000000004 0.2125 0.225 0.253125 0.225
43 0.19531250000000006 0.3234375 0.15312500000000004 0.3234375 0.15312500000000004 0.4046875 0.19531250000000006 0.4046875
44 0.07812500000000006 0.4125 0.026562500000000055 0.4125 0.026562500000000055 0.49375 0.07812500000000007 0.49375
53 0.4140625 0.23593750000000008 0.3734375 0.23593750000000008 0.3734375 0.31718750000000007 0.4140625 0.31718750000000007
40 0.5359375 0.4078125 0.496875 0.4078125 0.496875 0.4859375 0.5359375 0.4859375
51 0.321875 0.2359375 0.28125 0.2359375 0.28125 0.315625 0.321875 0.315625
31 0.5140625 0.3218750000000001 0.4734375 0.3218750000000001 0.4734375 0.4015625 0.5140625 0.4015625
37 0.5578125 0.3234375000000001 0.5171875 0.3234375000000001 0.5171875 0.4015625 0.5578125 0.4015625
49 0.07968750000000006 0.5015625 0.025000000000000067 0.5015625 0.025000000000000067 0.5859375 0.07968750000000006 0.5859375
28 0.4265625 0.3234375000000001 0.3859375 0.3234375000000001 0.38593750000000004 0.4015625 0.4265625 0.4015625
42 0.2765625 0.2359375 0.234375 0.2359375 0.234375 0.3171875 0.2765625 0.3171875
58 0.17343750000000005 0.4140625 0.13125000000000003 0.4140625 0.13125000000000003 0.49375 0.17343750000000005 0.49375
50 0.7 0.490625 0.646875 0.490625 0.646875 0.5703125 0.7 0.5703125
6 0.346875 0.14687500000000003 0.3046875 0.14687500000000003 0.3046875 0.2265625 0.346875 0.2265625
12 0.6015625 0.3218750000000001 0.5609375 0.3218750000000001 0.5609375 0.4015625 0.6015625 0.4015625
19 0.24218750000000006 0.321875 0.2 0.321875 0.20000000000000004 0.4046875 0.24218750000000008 0.4046875
2 0.16250000000000003 0.14375 0.1203125 0.14375 0.12031250000000002 0.2265625 0.16250000000000003 0.2265625
23 0.28750000000000003 0.3234375 0.246875 0.3234375 0.24687500000000004 0.4046875 0.2875000000000001 0.4046875
33 0.4484375 0.4078125 0.40625 0.4078125 0.40625 0.490625 0.4484375 0.490625
27 0.4578125 0.2375000000000001 0.4171875 0.2375000000000001 0.4171875 0.3140625000000001 0.4578125 0.3140625000000001
36 0.5015625 0.2375000000000001 0.4625 0.2375000000000001 0.4625 0.3156250000000001 0.5015625 0.3156250000000001
10 0.15000000000000005 0.3234375 0.10781250000000005 0.3234375 0.10781250000000005 0.4046875 0.15000000000000005 0.4046875
5 0.3 0.14531250000000004 0.2578125 0.14531250000000004 0.2578125 0.2265625 0.3 0.2265625
8 0.434375 0.14687500000000003 0.39375 0.14687500000000003 0.39375 0.22812500000000008 0.434375 0.22812500000000008
34 0.5796875 0.4078125 0.5390625 0.4078125 0.5390625 0.4859375 0.5796875 0.4859375
7 0.390625 0.14687500000000003 0.35 0.14687500000000003 0.35 0.22812500000000005 0.390625 0.22812500000000008
17 0.06718750000000002 0.146875 0.026562500000000024 0.146875 0.026562500000000024 0.2265625 0.06718750000000002 0.2265625
26 0.6984375 0.2375000000000001 0.6359375 0.2375000000000001 0.6359375 0.3156250000000001 0.6984375 0.3156250000000001
14 0.5375 0.49375 0.4859375 0.49375 0.4859375 0.5734375 0.5375 0.5734375
13 0.19687500000000008 0.5 0.14218750000000005 0.5 0.14218750000000008 0.5828125 0.19687500000000008 0.5828125
39 0.6328125 0.2375000000000001 0.59375 0.2375000000000001 0.59375 0.3140625000000001 0.6328125 0.3140625000000001