10 0.8734375 0.4187500000000002 0.8203125 0.4187500000000002 0.8203125 0.5203125000000002 0.8734375 0.5203125000000002
15 0.6 0.534375 0.5421875 0.534375 0.5421875 0.640625 0.6 0.640625
29 0.4375 0.4203125 0.3781250000000001 0.4203125 0.3781250000000001 0.5265625 0.4375 0.5265625
24 0.6296875 0.41875 0.5734375 0.41875 0.5734375 0.5234375 0.6296875 0.5234375
9 0.4171875 0.18906250000000005 0.3578125 0.18906250000000005 0.3578125 0.29375000000000007 0.4171875 0.29375000000000007
12 0.2375000000000001 0.421875 0.17500000000000004 0.421875 0.17500000000000004 0.53125 0.2375000000000001 0.53125
25 0.565625 0.4203125 0.509375 0.4203125 0.509375 0.525 0.565625 0.525
48 0.2859375 0.18593750000000003 0.2234375 0.18593750000000003 0.2234375 0.2921875 0.2859375 0.2921875
46 0.20468750000000008 0.540625 0.05156250000000007 0.540625 0.05156250000000008 0.653125 0.20468750000000008 0.653125
8 0.4828125 0.19062500000000004 0.4234375 0.19062500000000004 0.4234375 0.29375000000000007 0.4828125 0.29375000000000007
42 0.703125 0.3062500000000001 0.6484375 0.3062500000000001 0.6484375 0.409375 0.703125 0.409375
4 0.73125 0.19531250000000008 0.6765625 0.19531250000000008 0.6765625 0.2968750000000001 0.73125 0.2968750000000001
59 0.5796875 0.3046875000000001 0.521875 0.3046875000000001 0.521875 0.409375 0.5796875 0.409375
31 0.37187500000000007 0.4203125 0.3125000000000001 0.4203125 0.3125000000000001 0.5265625 0.37187500000000007 0.5265625
21 0.765625 0.3062500000000001 0.7109375 0.3062500000000001 0.7109375 0.4093750000000001 0.765625 0.40937500000000016
7 0.5453125 0.19218750000000007 0.4875 0.19218750000000004 0.4875 0.2953125000000001 0.5453125 0.2953125000000001
11 0.2171875 0.184375 0.15468750000000003 0.184375 0.15468750000000003 0.290625 0.2171875 0.290625
43 0.8140625 0.4187500000000002 0.7578125 0.4187500000000002 0.7578125 0.5218750000000002 0.8140625 0.5218750000000002
13 0.8046875 0.6453125000000002 0.7328125 0.6453125000000002 0.7328125000000001 0.7406250000000002 0.8046875 0.7406250000000002
2 0.853125 0.19687500000000008 0.8 0.19687500000000008 0.8 0.2968750000000001 0.853125 0.2968750000000001
52 0.975 0.3062500000000001 0.890625 0.3062500000000001 0.890625 0.40937500000000016 0.975 0.40937500000000016
37 0.3046875000000001 0.4234375 0.2453125000000001 0.4234375 0.2453125000000001 0.5296875 0.3046875000000001 0.5296875
55 0.6625 0.5328125 0.6046875 0.5328125 0.6046875 0.6375 0.6625 0.6375
19 0.753125 0.41875000000000007 0.696875 0.41875 0.696875 0.5234375000000001 0.753125 0.5234375000000002
34 0.2734375000000001 0.540625 0.21093750000000008 0.540625 0.21093750000000008 0.646875 0.2734375000000001 0.646875
30 1 0.06718750000000007 0.023437500000000007 0.0671875 0.023437500000000056 0.8703125 1 0.8703125
56 0.825 0.3062500000000001 0.771875 0.3062500000000001 0.771875 0.40937500000000016 0.825 0.40937500000000016
5 0.6703125 0.1937500000000001 0.6140625 0.1937500000000001 0.6140625 0.2968750000000001 0.6703125 0.2968750000000001
0 0.353125 0.18750000000000006 0.2921875 0.18750000000000006 0.2921875 0.29375 0.353125 0.29375
20 0.14687500000000003 0.184375 0.04687500000000002 0.184375 0.04687500000000003 0.29375 0.14687500000000003 0.29375
54 0.25312500000000004 0.3046875 0.19062500000000004 0.3046875 0.19062500000000004 0.4109375 0.2531250000000001 0.4109375
57 0.7859375 0.5312500000000002 0.7296875 0.5312500000000002 0.7296875 0.6343750000000001 0.7859375 0.6343750000000001
23 0.6921875 0.41875 0.6359375 0.41875 0.6359375 0.5234375 0.6921875 0.5234375
35 0.5375 0.534375 0.478125 0.534375 0.478125 0.640625 0.5375 0.640625
6 0.6078125 0.1921875000000001 0.55 0.1921875000000001 0.55 0.2953125000000001 0.6078125 0.2953125000000001
45 0.978125 0.4187500000000002 0.8796875 0.4187500000000002 0.8796875 0.5187500000000002 0.978125 0.5187500000000002
38 0.32031250000000006 0.3046875 0.2578125 0.3046875 0.25781250000000006 0.4109375 0.3203125000000001 0.4109375
28 0.5015625 0.4203125 0.44375 0.4203125 0.44375 0.5265625 0.5015625 0.5265625
16 0.725 0.534375 0.6671875 0.534375 0.6671875 0.6375 0.725 0.6375
44 0.9796875 0.5265625000000002 0.8484375 0.5265625000000002 0.8484375 0.6296875000000002 0.9796875 0.6296875000000002
14 0.4171875000000001 0.653125 0.3375000000000001 0.653125 0.3375000000000001 0.7796875 0.41718750000000016 0.7796875
3 0.7953125 0.19531250000000008 0.7390625 0.19531250000000008 0.7390625 0.2968750000000001 0.7953125 0.2968750000000001
39 0.18437500000000004 0.303125 0.12187500000000004 0.303125 0.12187500000000004 0.409375 0.18437500000000004 0.409375
33 0.4734375 0.5359375 0.4125 0.5359375 0.4125 0.6453125 0.4734375 0.6453125
17 0.971875 0.2000000000000001 0.91875 0.2000000000000001 0.91875 0.2968750000000001 0.971875 0.2968750000000001
49 0.984375 0.6375000000000002 0.9296875 0.6375000000000002 0.9296875 0.7562500000000002 0.984375 0.7562500000000002
41 0.8859375 0.3078125000000001 0.8296875 0.3078125000000001 0.8296875 0.4109375000000002 0.8859375 0.4109375000000002
27 0.4515625 0.3031250000000001 0.39375 0.3031250000000001 0.39375000000000004 0.4078125 0.4515625 0.4078125
53 0.5140625 0.3046875000000001 0.4578125 0.3046875000000001 0.4578125 0.409375 0.5140625 0.409375
58 0.846875 0.5296875000000002 0.7921875 0.5296875000000002 0.7921875 0.6312500000000002 0.846875 0.6312500000000002
51 0.6421875 0.3046875000000001 0.5859375 0.3046875000000001 0.5859375 0.4078125 0.6421875 0.4078125
50 0.3343750000000001 0.65625 0.2718750000000001 0.65625 0.2718750000000001 0.7828125 0.3343750000000001 0.7828125
22 0.16875000000000004 0.421875 0.050000000000000044 0.421875 0.05000000000000006 0.5328125 0.16875000000000004 0.5328125
18 0.40625 0.5359375 0.3468750000000001 0.5359375 0.3468750000000001 0.6421875 0.40625 0.6421875
26 0.11250000000000004 0.3015625 0.050000000000000044 0.3015625 0.050000000000000044 0.4109375 0.11250000000000004 0.4109375
1 0.9125 0.2000000000000001 0.859375 0.2000000000000001 0.859375 0.2968750000000001 0.9125 0.2968750000000001
47 0.7265625000000001 0.6453125000000001 0.421875 0.6453125 0.4218750000000001 0.7781250000000001 0.7265625000000002 0.7781250000000002
36 0.38750000000000007 0.30468750000000006 0.325 0.3046875 0.32500000000000007 0.4109375 0.38750000000000007 0.4109375
40 0.3421875000000001 0.5375 0.2796875000000001 0.5375 0.2796875000000001 0.64375 0.3421875000000001 0.64375