48 0.5859375 0.3109375000000001 0.5484375 0.3109375000000001 0.5484375 0.3921875000000001 0.5859375 0.3921875000000001
23 0.2812500000000001 0.4984375 0.2468750000000001 0.4984375 0.2468750000000001 0.5703125 0.2812500000000001 0.5703125
36 0.509375 0.40625 0.4734375 0.40625 0.4734375 0.48125 0.509375 0.48125
45 0.10156250000000007 0.4984375 0.03281250000000006 0.4984375 0.032812500000000064 0.5703125 0.10156250000000008 0.5703125
52 0.09375000000000006 0.4140625 0.037500000000000054 0.4140625 0.037500000000000054 0.4859375 0.09375000000000007 0.4859375
20 0.740625 0.3078125000000001 0.646875 0.3078125000000001 0.646875 0.3890625000000001 0.740625 0.3890625000000001
25 0.3734375000000001 0.4953125 0.3390625000000001 0.4953125 0.3390625000000001 0.56875 0.3734375000000001 0.56875
27 0.459375 0.40625 0.425 0.40625 0.425 0.48125 0.459375 0.48125
29 0.4703125 0.49375 0.434375 0.49375 0.434375 0.5703125 0.4703125 0.5703125
46 0.7375 0.5875000000000001 0.60625 0.5875 0.60625 0.6703125000000001 0.7375 0.6703125000000002
39 0.6609375 0.4015625 0.6234375 0.4015625 0.6234375 0.4796875 0.6609375 0.4796875
56 0.18281250000000004 0.4109375 0.14843750000000006 0.4109375 0.14843750000000006 0.484375 0.18281250000000004 0.484375
22 0.7375 0.4953125000000001 0.63125 0.4953125 0.63125 0.5765625000000001 0.7375 0.5765625000000002
58 0.1609375000000001 0.5859375 0.12656250000000008 0.5859375 0.12656250000000008 0.6546875 0.1609375000000001 0.6546875
21 0.22656250000000008 0.4109375 0.19218750000000004 0.4109375 0.19218750000000004 0.484375 0.22656250000000008 0.484375
44 0.07343750000000007 0.5828125 0.026562500000000065 0.5828125 0.026562500000000072 0.6546875 0.07343750000000009 0.6546875
4 0.25312500000000004 0.3203125 0.2171875 0.3203125 0.21718750000000003 0.3984375 0.2531250000000001 0.3984375
19 0.23593750000000008 0.4984375 0.2000000000000001 0.4984375 0.2000000000000001 0.5703125 0.23593750000000008 0.5703125
32 0.11718750000000008 0.584375 0.08281250000000007 0.584375 0.08281250000000008 0.6546875 0.11718750000000008 0.6546875
43 0.18906250000000008 0.496875 0.15468750000000003 0.496875 0.15468750000000006 0.56875 0.18906250000000008 0.56875
30 0.9875 0.07812500000000006 0.010937500000000008 0.078125 0.01093750000000006 0.9015625 0.9875 0.9015625
33 0.4421875 0.5828125 0.4046875 0.5828125 0.4046875 0.6609375 0.4421875 0.6609375
7 0.39062500000000006 0.31562500000000004 0.3546875 0.315625 0.35468750000000004 0.39687500000000003 0.3906250000000001 0.3968750000000001
0 0.5359375 0.3109375000000001 0.4984375 0.3109375000000001 0.4984375 0.3921875000000001 0.5359375 0.3921875000000001
51 0.3187500000000001 0.4078125 0.2843750000000001 0.4078125 0.2843750000000001 0.48125 0.3187500000000001 0.48125
17 0.07343750000000004 0.328125 0.042187500000000044 0.328125 0.042187500000000044 0.4015625 0.07343750000000004 0.4015625
13 0.1906250000000001 0.66875 0.1453125000000001 0.66875 0.1453125000000001 0.7484375 0.1906250000000001 0.7484375
42 0.2734375000000001 0.409375 0.2390625000000001 0.409375 0.2390625000000001 0.484375 0.2734375000000001 0.484375
47 0.4640625000000001 0.6671875 0.2015625000000001 0.6671875 0.2015625000000001 0.771875 0.46406250000000016 0.771875
8 0.4390625 0.3140625000000001 0.4015625 0.3140625000000001 0.4015625 0.39531250000000007 0.4390625 0.39531250000000007
54 0.609375 0.403125 0.571875 0.403125 0.571875 0.4828125 0.609375 0.4828125
11 0.6375 0.3078125000000001 0.6 0.3078125000000001 0.6 0.3890625000000001 0.6375 0.3890625000000001
55 0.3000000000000001 0.5828125 0.2640625000000001 0.5828125 0.2640625000000001 0.6578125 0.3000000000000001 0.6578125
6 0.3453125 0.3171875 0.309375 0.3171875 0.30937500000000007 0.3953125 0.3453125000000001 0.3953125
50 0.7343750000000001 0.6812500000000001 0.665625 0.68125 0.6656250000000001 0.7718750000000001 0.7343750000000002 0.7718750000000002
18 0.490625 0.584375 0.453125 0.584375 0.453125 0.659375 0.490625 0.659375
28 0.421875 0.49375 0.3859375000000001 0.49375 0.3859375000000001 0.5703125 0.421875 0.5703125
26 0.7390625 0.4000000000000001 0.675 0.4 0.675 0.4828125000000001 0.7390625 0.4828125000000002
15 0.3468750000000001 0.5828125 0.30937500000000007 0.5828125 0.30937500000000007 0.6578125 0.3468750000000001 0.6578125
37 0.5703125 0.4953125 0.5328125 0.4953125 0.5328125 0.571875 0.5703125 0.571875
59 0.3656250000000001 0.4078125 0.3296875000000001 0.4078125 0.3296875000000001 0.4828125 0.3656250000000001 0.4828125
38 0.559375 0.4046875 0.5234375 0.4046875 0.5234375 0.48125 0.559375 0.48125
24 0.3265625000000001 0.496875 0.2921875000000001 0.496875 0.2921875000000001 0.5703125 0.3265625000000001 0.5703125
5 0.2984375 0.31875 0.2640625 0.31875 0.26406250000000003 0.3953125 0.2984375000000001 0.3953125
14 0.5234375000000001 0.675 0.4734375 0.675 0.47343750000000007 0.7609375 0.5234375000000002 0.7609375
31 0.51875 0.49375 0.4828125 0.49375 0.4828125 0.5703125 0.51875 0.5703125
53 0.4140625 0.40625 0.3781250000000001 0.40625 0.3781250000000001 0.4828125 0.4140625 0.4828125
9 0.4859375 0.3125000000000001 0.4484375 0.3125000000000001 0.4484375 0.3937500000000001 0.4859375 0.3937500000000001
34 0.590625 0.5859375 0.553125 0.5859375 0.553125 0.6609375 0.590625 0.6609375
10 0.14687500000000006 0.4984375 0.11250000000000004 0.4984375 0.11250000000000007 0.5703125 0.1468750000000001 0.5703125
40 0.5390625 0.584375 0.503125 0.584375 0.503125 0.6609375 0.5390625 0.6609375
1 0.11562500000000005 0.3265625 0.08437500000000005 0.3265625 0.08437500000000005 0.3984375 0.11562500000000005 0.3984375
41 0.13750000000000004 0.4125 0.10312500000000005 0.4125 0.10312500000000005 0.484375 0.13750000000000004 0.484375
16 0.25468750000000007 0.584375 0.2171875000000001 0.584375 0.2171875000000001 0.65625 0.25468750000000007 0.65625
35 0.3937500000000001 0.584375 0.35625000000000007 0.584375 0.35625000000000007 0.659375 0.3937500000000001 0.659375
57 0.2078125000000001 0.584375 0.17343750000000008 0.584375 0.17343750000000008 0.6546875 0.2078125000000001 0.6546875
2 0.16093750000000004 0.3234375 0.12812500000000004 0.3234375 0.12812500000000004 0.4 0.16093750000000004 0.4
3 0.20781250000000004 0.321875 0.17187500000000006 0.321875 0.17187500000000006 0.4 0.2078125000000001 0.4
12 0.6203125 0.49375 0.5828125 0.49375 0.5828125 0.571875 0.6203125 0.571875
49 0.07656250000000009 0.6671875 0.023437500000000083 0.6671875 0.023437500000000087 0.746875 0.07656250000000009 0.746875