10 0.14687500000000003 0.3609375 0.08750000000000005 0.3609375 0.08750000000000005 0.4734375 0.14687500000000003 0.4734375
15 0.453125 0.490625 0.3890625000000001 0.490625 0.3890625000000001 0.6078125 0.453125 0.6078125
29 0.634375 0.3625000000000001 0.56875 0.3625000000000001 0.56875 0.48125 0.634375 0.48125
24 0.41875 0.36406250000000007 0.35625000000000007 0.3640625 0.35625000000000007 0.4796875 0.41875 0.4796875
9 0.6546875 0.10937500000000008 0.5890625 0.10937500000000008 0.5890625 0.2250000000000001 0.6546875 0.2250000000000001
12 0.8578125 0.3656250000000001 0.7890625 0.3656250000000001 0.7890625 0.4859375000000002 0.8578125 0.4859375000000002
25 0.4890625 0.36406250000000007 0.4265625 0.36406250000000007 0.4265625 0.4796875 0.4890625 0.4796875
48 0.8046875 0.1062500000000001 0.7359375 0.1062500000000001 0.7359375 0.2234375000000001 0.8046875 0.2234375000000001
46 0.99375 0.4968750000000002 0.825 0.4968750000000002 0.825 0.6218750000000002 0.99375 0.6218750000000002
8 0.584375 0.11093750000000006 0.51875 0.11093750000000005 0.51875 0.2234375000000001 0.584375 0.2234375000000001
42 0.334375 0.2375 0.275 0.2375 0.275 0.353125 0.334375 0.353125
4 0.303125 0.11562500000000005 0.24375 0.11562500000000005 0.24375 0.228125 0.303125 0.228125
59 0.475 0.2375000000000001 0.4125 0.2375000000000001 0.4125 0.3531250000000001 0.475 0.3531250000000001
31 0.70625 0.36406250000000007 0.640625 0.36406250000000007 0.640625 0.48125 0.70625 0.48125
21 0.2671875 0.2375 0.2078125 0.2375 0.2078125 0.353125 0.2671875 0.353125
7 0.5125 0.11250000000000004 0.45 0.11250000000000004 0.45 0.2250000000000001 0.5125 0.2250000000000001
11 0.8796875 0.10312500000000009 0.8109375 0.10312500000000009 0.8109375 0.2218750000000001 0.8796875 0.2218750000000001
43 0.2140625000000001 0.3640625 0.15312500000000004 0.3640625 0.15312500000000004 0.4765625 0.2140625000000001 0.4765625
13 0.24218750000000008 0.6125 0.16406250000000008 0.6125 0.16406250000000008 0.71875 0.24218750000000008 0.71875
2 0.16875 0.1171875 0.109375 0.1171875 0.10937500000000003 0.2265625 0.16875000000000004 0.2265625
52 0.06875000000000003 0.2375 2.9085361479749636e-17 0.2375 3.6165350787320275e-17 0.353125 0.06875000000000005 0.353125
37 0.78125 0.3671875000000001 0.715625 0.3671875000000001 0.715625 0.4843750000000001 0.78125 0.48437500000000017
55 0.3828125000000001 0.4890625 0.3187500000000001 0.4890625 0.3187500000000001 0.6046875 0.3828125000000001 0.6046875
19 0.2828125 0.3625 0.2203125 0.3625 0.22031250000000005 0.478125 0.2828125000000001 0.478125
34 0.8171875 0.4968750000000002 0.7484375 0.4968750000000002 0.7484375 0.6156250000000002 0.8171875 0.6156250000000002
30 1 6.123233995736766e-17 0 0 5.2717217682046225e-17 0.8609375 1 0.8609375
56 0.2 0.2390625 0.14062500000000006 0.2390625 0.14062500000000006 0.3515625 0.2 0.3515625
5 0.3734375 0.11406250000000004 0.3109375 0.11406250000000004 0.3109375 0.22968750000000004 0.3734375 0.2296875000000001
0 0.7296875 0.10781250000000009 0.6625 0.10781250000000009 0.6625 0.2250000000000001 0.7296875 0.2250000000000001
20 0.9984375 0.1031250000000001 0.8890625 0.10312500000000009 0.8890625 0.2234375000000001 0.9984375 0.2234375000000001
54 0.840625 0.23593750000000008 0.771875 0.23593750000000008 0.771875 0.3546875000000001 0.840625 0.3546875000000001
57 0.2453125000000001 0.4859375 0.18437500000000004 0.4859375 0.18437500000000007 0.6015625 0.2453125000000001 0.6015625
23 0.35000000000000003 0.3625 0.2890625 0.3625 0.28906250000000006 0.478125 0.3500000000000001 0.478125
35 0.5234375 0.490625 0.4578125 0.490625 0.4578125 0.6078125 0.5234375 0.6078125
6 0.44375 0.11250000000000004 0.3796875 0.11250000000000004 0.3796875 0.22812500000000008 0.44375 0.22812500000000008
45 0.08125000000000006 0.3625 4.4393446469091554e-17 0.3625 5.1186409183112024e-17 0.4734375 0.08125000000000007 0.4734375
38 0.7671875 0.23593750000000008 0.6984375 0.23593750000000008 0.6984375 0.3546875000000001 0.7671875 0.3546875000000001
28 0.5609375 0.3625000000000001 0.4984375 0.3625000000000001 0.4984375 0.48125 0.5609375 0.48125
16 0.3140625000000001 0.4890625 0.2515625000000001 0.4890625 0.2515625000000001 0.6046875 0.3140625000000001 0.6046875
44 0.11406250000000007 0.48125 5.893612720896637e-17 0.48125 6.592044098535362e-17 0.5953125 0.1140625000000001 0.5953125
14 0.6781250000000001 0.621875 0.590625 0.621875 0.5906250000000001 0.7625 0.6781250000000002 0.7625
3 0.2375 0.11562500000000002 0.175 0.115625 0.17500000000000002 0.228125 0.2375 0.228125
39 0.915625 0.23437500000000008 0.846875 0.23437500000000008 0.846875 0.3531250000000001 0.915625 0.3531250000000001
33 0.596875 0.4921875 0.5296875 0.4921875 0.5296875 0.6125 0.596875 0.6125
17 0.03750000000000002 0.121875 1.492538286460837e-17 0.121875 2.143131898507868e-17 0.228125 0.03750000000000003 0.228125
49 0.025000000000000085 0.603125 7.386151007357474e-17 0.603125 8.199393022416264e-17 0.7359375 0.025000000000000088 0.7359375
41 0.13437500000000005 0.2390625 0.07343750000000002 0.2390625 0.07343750000000003 0.3546875 0.13437500000000005 0.3546875
27 0.6171875 0.23593750000000008 0.553125 0.23593750000000008 0.553125 0.3515625000000001 0.6171875 0.3515625000000001
53 0.5453125 0.2375000000000001 0.4828125 0.2375000000000001 0.4828125 0.3531250000000001 0.5453125 0.3531250000000001
58 0.17656250000000007 0.4859375 0.11718750000000004 0.4859375 0.11718750000000007 0.5984375 0.1765625000000001 0.5984375
51 0.403125 0.23593750000000005 0.3421875 0.2359375 0.3421875 0.35156250000000006 0.403125 0.3515625000000001
50 0.7515625000000001 0.6250000000000001 0.6828125 0.625 0.6828125 0.7656250000000001 0.7515625000000001 0.7656250000000002
22 0.9953125 0.3656250000000001 0.8640625 0.3656250000000001 0.8640625 0.48750000000000016 0.9953125 0.48750000000000016
18 0.6671875 0.4921875 0.6015625 0.4921875 0.6015625 0.609375 0.6671875 0.609375
26 0.9953125 0.23437500000000008 0.9265625 0.23437500000000008 0.9265625 0.3546875000000001 0.9953125 0.3546875000000001
1 0.10156250000000003 0.1203125 0.04531250000000001 0.1203125 0.04531250000000002 0.228125 0.10156250000000004 0.228125
47 0.5859375000000001 0.6125 0.2500000000000001 0.6125 0.2500000000000001 0.759375 0.5859375000000002 0.759375
36 0.6921875 0.23593750000000008 0.6234375 0.23593750000000008 0.6234375 0.3531250000000001 0.6921875 0.3531250000000001
40 0.7421875 0.4937500000000001 0.6734375 0.49375 0.6734375 0.6109375000000001 0.7421875 0.6109375000000001