50 0.525 0.5171875 0.4734375 0.5171875 0.4734375 0.6046875 0.525 0.6046875
6 0.240625 0.19687500000000005 0.2125 0.19687500000000005 0.2125 0.2625 0.240625 0.2625
32 0.045312500000000054 0.4265625 0.010937500000000053 0.4265625 0.010937500000000057 0.49375 0.045312500000000054 0.49375
11 0.453125 0.2000000000000001 0.425 0.2000000000000001 0.425 0.2687500000000001 0.453125 0.2687500000000001
29 0.3296875 0.35625 0.3015625 0.35625 0.30156250000000007 0.421875 0.3296875000000001 0.421875
46 0.5234375 0.4390625 0.4296875 0.4390625 0.4296875 0.50625 0.5234375 0.50625
20 0.521875 0.2015625000000001 0.4609375 0.2015625000000001 0.4609375 0.2718750000000001 0.521875 0.2718750000000001
1 0.06562500000000002 0.1921875 0.035937500000000025 0.1921875 0.035937500000000025 0.2578125 0.06562500000000002 0.2578125
55 0.19687500000000005 0.4296875 0.16406250000000006 0.4296875 0.16406250000000006 0.4984375 0.19687500000000005 0.4984375
24 0.22031250000000005 0.3515625 0.19062500000000004 0.3515625 0.19062500000000004 0.41875 0.22031250000000008 0.41875
45 0.03906250000000005 0.346875 4.247993584542381e-17 0.346875 4.649830815512606e-17 0.4125 0.039062500000000056 0.4125
10 0.07500000000000004 0.3484375 0.043750000000000046 0.3484375 0.04375000000000005 0.4140625 0.07500000000000004 0.4140625
26 0.4765625 0.3578125000000001 0.45 0.3578125000000001 0.45 0.4234375 0.4765625 0.4234375
41 0.07500000000000004 0.2703125 0.04375000000000003 0.2703125 0.04375000000000004 0.334375 0.07500000000000004 0.334375
8 0.3109375 0.19843750000000004 0.2828125 0.19843750000000004 0.2828125 0.265625 0.3109375 0.265625
43 0.11093750000000005 0.35 0.07968750000000005 0.35 0.07968750000000005 0.415625 0.11093750000000005 0.415625
59 0.253125 0.275 0.225 0.275 0.225 0.340625 0.253125 0.340625
47 0.3218750000000001 0.509375 0.10625000000000004 0.509375 0.10625000000000007 0.609375 0.3218750000000001 0.609375
48 0.4171875 0.20468750000000008 0.390625 0.20468750000000008 0.390625 0.2687500000000001 0.4171875 0.2687500000000001
19 0.14687500000000003 0.35 0.11718750000000004 0.35 0.11718750000000004 0.415625 0.14687500000000003 0.415625
25 0.25625000000000003 0.353125 0.228125 0.353125 0.22812500000000005 0.41875 0.2562500000000001 0.41875
4 0.17031250000000003 0.1953125 0.14218750000000005 0.1953125 0.14218750000000005 0.2609375 0.17031250000000003 0.2609375
22 0.5234375 0.27812500000000007 0.478125 0.27812500000000007 0.478125 0.4296875 0.5234375 0.4296875
58 0.08281250000000005 0.428125 0.050000000000000044 0.428125 0.05000000000000006 0.4953125 0.08281250000000007 0.4953125
13 0.10156250000000007 0.50625 0.05937500000000007 0.50625 0.05937500000000007 0.5890625 0.10156250000000008 0.5890625
40 0.3828125000000001 0.4375 0.3546875000000001 0.4375 0.3546875000000001 0.503125 0.3828125000000001 0.503125
27 0.3265625 0.2765625 0.2984375 0.2765625 0.2984375 0.3421875 0.3265625 0.3421875
53 0.290625 0.275 0.2609375 0.275 0.2609375 0.340625 0.290625 0.340625
2 0.09843750000000002 0.1921875 0.07031250000000003 0.1921875 0.07031250000000003 0.2578125 0.09843750000000002 0.2578125
34 0.4203125 0.4375 0.3906250000000001 0.4375 0.3906250000000001 0.503125 0.4203125 0.503125
35 0.27031250000000007 0.434375 0.2390625000000001 0.434375 0.2390625000000001 0.5015625 0.27031250000000007 0.5015625
31 0.36718750000000006 0.35625000000000007 0.3390625 0.35625 0.33906250000000004 0.421875 0.3671875000000001 0.421875
12 0.440625 0.3578125000000001 0.4125 0.3578125000000001 0.4125 0.4234375 0.440625 0.4234375
57 0.12031250000000004 0.4296875 0.08750000000000005 0.4296875 0.08750000000000005 0.4953125 0.12031250000000004 0.4953125
37 0.4046875 0.3578125000000001 0.3765625 0.3578125000000001 0.3765625 0.4234375 0.4046875 0.4234375
21 0.14531250000000004 0.271875 0.11562500000000005 0.271875 0.11562500000000005 0.3375 0.14531250000000004 0.3375
51 0.2171875 0.2734375 0.18906250000000005 0.2734375 0.18906250000000005 0.3375 0.2171875 0.3375
54 0.4328125 0.2796875000000001 0.40625 0.2796875000000001 0.40625 0.3468750000000001 0.4328125 0.3468750000000001
44 0.023437500000000056 0.425 5.204748896376251e-17 0.425 5.625721233583154e-17 0.49375 0.023437500000000062 0.49375
18 0.3437500000000001 0.434375 0.3156250000000001 0.434375 0.3156250000000001 0.5015625 0.3437500000000001 0.5015625
52 0.03906250000000004 0.26875 3.2912382727085115e-17 0.26875 3.683507950560398e-17 0.3328125 0.03906250000000004 0.3328125
36 0.3625 0.278125 0.334375 0.278125 0.334375 0.3421875 0.3625 0.3421875
5 0.2046875 0.19843750000000002 0.17656250000000004 0.1984375 0.17656250000000004 0.259375 0.2046875 0.259375
9 0.346875 0.19843750000000004 0.31875 0.19843750000000004 0.31875 0.265625 0.346875 0.265625
0 0.3828125 0.20000000000000004 0.3546875 0.2 0.3546875 0.2671875 0.3828125 0.2671875000000001
17 0.029687500000000026 0.184375 0.0015625000000000229 0.184375 0.001562500000000027 0.25625 0.029687500000000033 0.25625
7 0.275 0.19843750000000004 0.246875 0.19843750000000004 0.246875 0.2640625 0.275 0.2640625
15 0.2328125000000001 0.4328125 0.2000000000000001 0.4328125 0.2000000000000001 0.5 0.2328125000000001 0.5
28 0.29375000000000007 0.3546875 0.2640625 0.3546875 0.26406250000000003 0.4203125 0.29375000000000007 0.4203125
30 0.8390625 0.07343750000000006 8.993499931238374e-18 0.0734375 4.6881010279859617e-17 0.6921875000000001 0.8390625 0.6921875000000002
3 0.13437500000000005 0.1921875 0.10625000000000004 0.1921875 0.10625000000000004 0.259375 0.13437500000000005 0.259375
38 0.396875 0.2796875000000001 0.3703125 0.2796875000000001 0.3703125 0.3437500000000001 0.396875 0.3437500000000001
16 0.15937500000000004 0.4296875 0.12500000000000006 0.4296875 0.12500000000000006 0.496875 0.15937500000000004 0.496875
33 0.3078125000000001 0.434375 0.2765625000000001 0.434375 0.2765625000000001 0.5015625 0.3078125000000001 0.5015625
23 0.18281250000000004 0.35 0.15468750000000003 0.35 0.15468750000000003 0.4171875 0.18281250000000004 0.4171875
39 0.46875 0.2796875000000001 0.4421875 0.2796875000000001 0.4421875 0.3468750000000001 0.46875 0.3468750000000001
49 0.023437500000000066 0.50625 6.199774420683476e-17 0.50625 6.687719629718749e-17 0.5859375 0.023437500000000073 0.5859375
14 0.3703125000000001 0.5125 0.3296875000000001 0.5125 0.3296875000000001 0.5953125 0.3703125000000001 0.5953125
42 0.18125000000000005 0.271875 0.15156250000000004 0.271875 0.15156250000000004 0.3375 0.18125000000000005 0.3375
56 0.10937500000000004 0.2703125 0.07968750000000002 0.2703125 0.07968750000000004 0.3375 0.10937500000000004 0.3375