25 0.5265625 0.3234375000000001 0.4578125 0.3234375000000001 0.4578125 0.3515625000000001 0.5265625 0.3515625000000001
40 0.446875 0.4453125 0.3781250000000001 0.4453125 0.3781250000000001 0.4734375 0.446875 0.4734375
24 0.528125 0.28593750000000007 0.459375 0.28593750000000007 0.459375 0.31718750000000007 0.528125 0.31718750000000007
12 0.5234375 0.4984375 0.453125 0.4984375 0.453125 0.5265625 0.5234375 0.5265625
1 0.684375 0.12031250000000009 0.615625 0.12031250000000009 0.615625 0.14843750000000008 0.684375 0.14843750000000008
30 0.83125 0.06875000000000006 0.221875 0.06875000000000002 0.22187500000000004 0.89375 0.83125 0.89375
31 0.525 0.428125 0.45625 0.428125 0.45625 0.45625 0.525 0.45625
59 0.6046875 0.3156250000000001 0.5359375 0.3156250000000001 0.5359375 0.3437500000000001 0.6046875 0.3437500000000001
41 0.603125 0.13437500000000008 0.5328125 0.13437500000000005 0.5328125 0.16562500000000008 0.603125 0.16562500000000008
6 0.6828125 0.2984375000000001 0.6125 0.2984375000000001 0.6125 0.3265625000000001 0.6828125 0.3265625000000001
55 0.45 0.2671875000000001 0.378125 0.2671875000000001 0.378125 0.2984375000000001 0.45 0.2984375000000001
4 0.684375 0.22656250000000008 0.615625 0.22656250000000008 0.615625 0.25468750000000007 0.684375 0.25468750000000007
13 0.3703125 0.17343750000000005 0.2921875 0.17343750000000005 0.2921875 0.21250000000000005 0.3703125 0.21250000000000008
54 0.5984375 0.490625 0.5328125 0.490625 0.5328125 0.51875 0.5984375 0.51875
36 0.6 0.4203125 0.534375 0.4203125 0.534375 0.4515625 0.6 0.4515625
19 0.5265625 0.2156250000000001 0.4546875 0.2156250000000001 0.4546875 0.2468750000000001 0.5265625 0.2468750000000001
45 0.528125 0.07968750000000006 0.4546875 0.07968750000000006 0.4546875 0.14062500000000006 0.528125 0.14062500000000006
46 0.44375 0.515625 0.3750000000000001 0.515625 0.3750000000000001 0.60625 0.44375 0.60625
15 0.45 0.30156250000000007 0.378125 0.30156250000000007 0.378125 0.33281250000000007 0.45 0.33281250000000007
28 0.525 0.3593750000000001 0.4546875 0.3593750000000001 0.4546875 0.38750000000000007 0.525 0.38750000000000007
52 0.6046875 0.08125000000000007 0.5359375 0.08125000000000007 0.5359375 0.13125000000000006 0.6046875 0.1312500000000001
21 0.6046875 0.2078125000000001 0.534375 0.2078125000000001 0.534375 0.2390625000000001 0.6046875 0.2390625000000001
39 0.5984375 0.5234375 0.53125 0.5234375 0.53125 0.5515625 0.5984375 0.5515625
34 0.4453125 0.48125 0.3781250000000001 0.48125 0.3781250000000001 0.509375 0.4453125 0.509375
11 0.6765625 0.5078125 0.6109375 0.5078125 0.6109375 0.5359375 0.6765625 0.5359375
18 0.4484375 0.409375 0.37968750000000007 0.409375 0.37968750000000007 0.4375 0.4484375 0.4375
58 0.4484375 0.15937500000000004 0.3765625 0.15937500000000004 0.3765625 0.18750000000000006 0.4484375 0.18750000000000006
37 0.5234375 0.4625 0.45625 0.4625 0.45625 0.4921875 0.5234375 0.4921875
53 0.603125 0.3500000000000001 0.5359375 0.3500000000000001 0.5359375 0.3781250000000001 0.603125 0.3781250000000001
57 0.4484375 0.19531250000000006 0.3765625 0.19531250000000006 0.3765625 0.22656250000000008 0.4484375 0.22656250000000008
3 0.6859375 0.1906250000000001 0.6125 0.1906250000000001 0.6125 0.21875000000000008 0.6859375 0.21875000000000008
51 0.6046875 0.2796875000000001 0.5375 0.2796875000000001 0.5375 0.3078125000000001 0.6046875 0.3078125000000001
47 0.37343750000000003 0.22031250000000005 0.2796875 0.2203125 0.27968750000000003 0.4203125 0.3734375000000001 0.4203125
2 0.6859375 0.1546875000000001 0.6125 0.1546875000000001 0.6125 0.1828125000000001 0.6859375 0.1828125000000001
10 0.528125 0.14375000000000004 0.45625 0.14375000000000004 0.45625 0.17500000000000004 0.528125 0.17500000000000004
8 0.6796875 0.3671875000000001 0.609375 0.3671875000000001 0.609375 0.39531250000000007 0.6796875 0.39531250000000007
32 0.4484375 0.12187500000000004 0.378125 0.12187500000000004 0.378125 0.15625000000000006 0.4484375 0.15625000000000006
50 0.3671875000000001 0.5578125 0.28593750000000007 0.5578125 0.28593750000000007 0.6078125 0.3671875000000001 0.6078125
48 0.678125 0.471875 0.609375 0.471875 0.609375 0.5 0.678125 0.5
16 0.4484375 0.2312500000000001 0.375 0.2312500000000001 0.375 0.2640625000000001 0.4484375 0.2640625000000001
44 0.44375 0.07500000000000004 0.378125 0.07500000000000004 0.378125 0.11562500000000005 0.44375 0.11562500000000005
14 0.3703125000000001 0.425 0.2921875000000001 0.425 0.2921875000000001 0.465625 0.3703125000000001 0.465625
0 0.678125 0.4375 0.609375 0.4375 0.609375 0.4671875 0.678125 0.4671875
7 0.6828125 0.33281250000000007 0.6109375 0.33281250000000007 0.6109375 0.3609375000000001 0.6828125 0.3609375000000001
38 0.6 0.45625 0.534375 0.45625 0.534375 0.484375 0.6 0.484375
27 0.603125 0.3859375000000001 0.5375 0.3859375000000001 0.5375 0.4140625 0.603125 0.4140625
33 0.4484375 0.3734375000000001 0.3750000000000001 0.3734375000000001 0.3750000000000001 0.4046875 0.4484375 0.4046875
26 0.5234375 0.5328125 0.4546875 0.5328125 0.4546875 0.5625 0.5234375 0.5625
23 0.528125 0.2515625000000001 0.4578125 0.2515625000000001 0.4578125 0.2796875000000001 0.528125 0.2796875000000001
35 0.4484375 0.3375000000000001 0.3765625 0.3375000000000001 0.3765625 0.3687500000000001 0.4484375 0.3687500000000001
29 0.5265625 0.3921875000000001 0.45625 0.3921875000000001 0.45625 0.4234375 0.5265625 0.4234375
43 0.528125 0.17968750000000006 0.4546875 0.17968750000000006 0.4546875 0.21093750000000008 0.528125 0.21093750000000008
56 0.6046875 0.17187500000000006 0.53125 0.17187500000000006 0.53125 0.20312500000000008 0.6046875 0.20312500000000008
17 0.684375 0.08281250000000008 0.61875 0.08281250000000007 0.61875 0.11250000000000009 0.684375 0.11250000000000009
5 0.684375 0.26250000000000007 0.6109375 0.26250000000000007 0.6109375 0.2906250000000001 0.684375 0.2906250000000001
20 0.6765625 0.54375 0.60625 0.54375 0.60625 0.60625 0.6765625 0.60625
9 0.68125 0.4015625 0.6109375 0.4015625 0.6109375 0.4296875 0.68125 0.4296875
22 0.6 0.559375 0.4484375 0.559375 0.4484375 0.60625 0.6 0.60625
49 0.36875 0.07500000000000004 0.29375 0.07500000000000004 0.29375 0.12187500000000004 0.36875 0.12187500000000004
42 0.6046875 0.24375000000000008 0.5359375 0.24375000000000008 0.5359375 0.2734375000000001 0.6046875 0.2734375000000001