28 0.3640625 0.03750000000000004 0.2953125 0.03750000000000003 0.2953125 0.13750000000000004 0.3640625 0.13750000000000004
42 0.3921875 0.35468750000000004 0.3234375 0.3546875 0.32343750000000004 0.45 0.3921875000000001 0.45
33 0.4078125 4.592425496802574e-17 0.3421875 4.190588265832349e-17 0.3421875 0.04687500000000004 0.4078125 0.04687500000000004
51 0.36250000000000004 0.271875 0.2953125 0.271875 0.29531250000000003 0.365625 0.3625000000000001 0.365625
17 0.46406250000000016 0.7984375 0.38750000000000007 0.7984375 0.38750000000000007 0.8890625 0.46406250000000016 0.8890625
56 0.4546875 0.5296875 0.3859375000000001 0.5296875 0.3859375000000001 0.6234375 0.4546875 0.6234375
58 0.6015625 0.4640625 0.53125 0.4640625 0.53125 0.5640625 0.6015625 0.5640625
57 0.5640625 0.3750000000000001 0.4984375 0.3750000000000001 0.4984375 0.46875 0.5640625 0.46875
23 0.4515625 0.2875000000000001 0.3828125 0.2875000000000001 0.38281250000000006 0.3843750000000001 0.4515625 0.3843750000000001
7 0.25625 0.19531250000000003 0.18125000000000005 0.1953125 0.18125000000000005 0.2796875 0.25625 0.2796875
25 0.390625 0.12187500000000004 0.321875 0.12187500000000004 0.321875 0.21718750000000003 0.390625 0.2171875000000001
43 0.515625 0.4640625 0.440625 0.4640625 0.440625 0.5671875 0.515625 0.5671875
45 0.6093750000000001 0.6515625 0.503125 0.6515625 0.503125 0.8171875 0.6093750000000002 0.8171875
52 0.5375000000000001 0.7109375 0.44375 0.7109375 0.4437500000000001 0.8546875 0.5375000000000002 0.8546875
0 0.1765625 0.0015625000000000174 0.1078125 0.001562500000000013 0.1078125 0.048437500000000015 0.1765625 0.04843750000000002
59 0.3328125 0.18906250000000005 0.2640625 0.18906250000000005 0.2640625 0.284375 0.3328125 0.284375
15 0.46875 0.11093750000000005 0.403125 0.11093750000000005 0.403125 0.2171875000000001 0.46875 0.2171875000000001
29 0.3296875 3.654805291205382e-17 0.2671875 3.2721031664718344e-17 0.2671875 0.05156250000000003 0.3296875 0.051562500000000046
32 0.634375 0.553125 0.5625 0.553125 0.5625 0.65625 0.634375 0.65625
19 0.4828125 0.3734375000000001 0.4140625 0.3734375000000001 0.4140625 0.4734375 0.4828125 0.4734375
27 0.2734375 0.029687500000000026 0.2109375 0.029687500000000023 0.2109375 0.12343750000000005 0.2734375 0.12343750000000005
2 0.403125 0.61875 0.32500000000000007 0.61875 0.32500000000000007 0.70625 0.403125 0.70625
4 0.3421875000000001 0.44375 0.2671875000000001 0.44375 0.2671875000000001 0.53125 0.3421875000000001 0.53125
21 0.4265625 0.4390625 0.3515625000000001 0.4390625 0.3515625000000001 0.5390625 0.4265625 0.5390625
8 0.228125 0.11562500000000002 0.15625 0.115625 0.15625000000000003 0.2 0.228125 0.2
36 0.2515625 2.6789148731348354e-17 0.1859375 2.27707764216461e-17 0.1859375 0.04062500000000003 0.2515625 0.040625000000000036
16 0.534375 0.2812500000000001 0.4671875 0.2812500000000001 0.4671875 0.3859375000000001 0.534375 0.3859375000000001
24 0.421875 0.20312500000000006 0.353125 0.203125 0.353125 0.30312500000000003 0.421875 0.3031250000000001
9 0.203125 0.039062500000000014 0.13125 0.039062500000000014 0.13125 0.12343750000000002 0.203125 0.12343750000000005
44 0.6796875000000001 0.6515625 0.5921875 0.6515625 0.5921875000000001 0.7734375 0.6796875000000002 0.7734375
1 0.4328125000000001 0.7078125 0.3578125000000001 0.7078125 0.3578125000000001 0.7953125 0.43281250000000016 0.7953125
35 0.4359375 0.02968750000000005 0.375 0.029687500000000044 0.375 0.12968750000000004 0.4359375 0.12968750000000004
6 0.28437500000000004 0.2765625 0.209375 0.2765625 0.20937500000000003 0.3640625 0.2843750000000001 0.3640625
13 0.6625 0.34843750000000007 0.565625 0.34843750000000007 0.565625 0.4703125 0.6625 0.4703125
47 0.6296875 6.352855270576895e-17 0.4078125 4.9942627277728e-17 0.4078125 0.3437500000000001 0.6296875 0.3437500000000001
55 0.496875 0.19687500000000005 0.434375 0.19687500000000005 0.434375 0.2984375000000001 0.496875 0.2984375000000001
41 0.490625 0.6171875 0.4125 0.6171875 0.4125 0.71875 0.490625 0.71875
53 0.3046875 0.10937500000000004 0.2390625 0.10937500000000004 0.2390625 0.2 0.3046875 0.2
10 0.5484375 0.5546875 0.4765625 0.5546875 0.4765625 0.6484375 0.5484375 0.6484375
30 0.909375 5.57788346799146e-17 0.0015625 1.9135106236677395e-19 0.00156250000000006 0.98125 0.909375 0.98125
3 0.3734375000000001 0.5296875 0.2953125000000001 0.5296875 0.2953125000000001 0.6203125 0.3734375000000001 0.6203125
49 0.7656250000000001 0.5828125000000001 0.6546875 0.5828125 0.6546875000000001 0.7343750000000001 0.7656250000000002 0.7343750000000002
5 0.31562500000000004 0.359375 0.240625 0.359375 0.24062500000000003 0.446875 0.3156250000000001 0.446875