4 0.859375 0.3078125000000001 0.8296875 0.3078125000000001 0.8296875 0.3765625000000001 0.859375 0.3765625000000001
31 0.65625 0.465625 0.625 0.465625 0.625 0.534375 0.65625 0.534375
58 0.921875 0.5343750000000002 0.890625 0.5343750000000002 0.890625 0.6000000000000002 0.921875 0.6000000000000002
20 0.540625 0.3265625000000001 0.471875 0.3265625000000001 0.471875 0.39531250000000007 0.540625 0.39531250000000007
22 0.5234375 0.4015625 0.4765625 0.4015625 0.4765625 0.5453125 0.5234375 0.5453125
21 0.8765625 0.3843750000000001 0.8453125 0.3843750000000001 0.8453125 0.45312500000000017 0.8765625 0.45312500000000017
36 0.6625 0.39531250000000007 0.63125 0.39531250000000007 0.63125 0.4609375 0.6625 0.4609375
18 0.671875 0.540625 0.640625 0.540625 0.640625 0.6125 0.671875 0.6125
0 0.646875 0.3187500000000001 0.6140625 0.3187500000000001 0.6140625 0.38750000000000007 0.646875 0.38750000000000007
1 0.9703125 0.3031250000000001 0.9359375 0.3031250000000001 0.9359375 0.37187500000000007 0.9703125 0.37187500000000007
40 0.6375 0.5421875 0.60625 0.5421875 0.60625 0.6078125 0.6375 0.6078125
33 0.7078125 0.540625 0.6734375 0.540625 0.6734375 0.6140625 0.7078125 0.6140625
37 0.6203125 0.4703125 0.590625 0.4703125 0.590625 0.5359375 0.6203125 0.5359375
35 0.740625 0.5390625000000001 0.709375 0.5390625 0.709375 0.6125 0.740625 0.6125000000000002
45 1 0.45625000000000016 0.94375 0.45625000000000016 0.94375 0.5250000000000001 1 0.5250000000000001
50 0.51875 0.6265625 0.478125 0.6265625 0.478125 0.6984375 0.51875 0.6984375
38 0.628125 0.3937500000000001 0.596875 0.3937500000000001 0.596875 0.4625 0.628125 0.4625
54 0.59375 0.3968750000000001 0.5625 0.3968750000000001 0.5625 0.465625 0.59375 0.465625
14 0.65 0.6171875 0.6078125 0.6171875 0.6078125 0.690625 0.65 0.690625
3 0.896875 0.3046875000000001 0.86875 0.3046875000000001 0.86875 0.3765625000000001 0.896875 0.3765625000000001
11 0.5765625 0.3234375000000001 0.5453125 0.3234375000000001 0.5453125 0.3890625000000001 0.5765625 0.3890625000000001
34 0.603125 0.5421875 0.571875 0.5421875 0.571875 0.6140625 0.603125 0.6140625
48 0.6109375 0.3218750000000001 0.58125 0.3218750000000001 0.58125 0.38750000000000007 0.6109375 0.38750000000000007
19 0.86875 0.46093750000000017 0.8375 0.46093750000000017 0.8375 0.5296875000000002 0.86875 0.5296875000000002
17 1 0.3046875000000001 0.978125 0.3046875000000001 0.978125 0.3734375000000001 1 0.3734375000000001
49 1 0.6093750000000002 0.9609375 0.6093750000000002 0.9609375 0.6812500000000001 1 0.6812500000000001
29 0.6890625 0.465625 0.6578125 0.465625 0.6578125 0.534375 0.6890625 0.534375
27 0.696875 0.3906250000000001 0.665625 0.3906250000000001 0.665625 0.459375 0.696875 0.459375
12 0.5859375 0.471875 0.5546875 0.471875 0.5546875 0.540625 0.5859375 0.540625
51 0.8046875 0.3859375000000001 0.7734375 0.3859375000000001 0.7734375 0.4546875000000002 0.8046875 0.4546875000000002
10 0.9421875 0.45625000000000016 0.9078125 0.45625000000000016 0.9078125 0.5250000000000001 0.9421875 0.5250000000000001
53 0.7328125 0.3890625000000001 0.7015625 0.3890625000000001 0.7015625 0.4609375000000001 0.7328125 0.46093750000000017
47 0.86875 0.6171875000000001 0.6515625 0.6171875 0.6515625 0.7140625 0.86875 0.7140625000000002
13 0.9125 0.6109375000000001 0.871875 0.6109375000000001 0.871875 0.6828125000000002 0.9125 0.6828125000000002
15 0.778125 0.5375000000000002 0.74375 0.5375000000000002 0.74375 0.6109375000000001 0.778125 0.6109375000000001
16 0.8484375 0.5375000000000002 0.8171875 0.5375000000000002 0.8171875 0.6093750000000002 0.8484375 0.6093750000000002
8 0.7171875 0.3156250000000001 0.6859375 0.3156250000000001 0.6859375 0.38750000000000007 0.7171875 0.38750000000000007
25 0.7609375 0.46406250000000016 0.7296875 0.46406250000000016 0.7296875 0.5328125000000001 0.7609375 0.5328125000000001
23 0.83125 0.46093750000000017 0.8 0.46093750000000017 0.8 0.5296875000000002 0.83125 0.5296875000000002
55 0.8125 0.5375000000000002 0.7796875 0.5375000000000002 0.7796875 0.6093750000000002 0.8125 0.6093750000000002
41 0.9515625 0.3812500000000001 0.915625 0.3812500000000001 0.915625 0.4500000000000002 0.9515625 0.4500000000000002
43 0.9046875 0.4593750000000002 0.871875 0.4593750000000002 0.871875 0.5281250000000002 0.9046875 0.5281250000000002
44 0.996875 0.5312500000000002 0.9265625 0.5312500000000002 0.9265625 0.6031250000000001 0.996875 0.6031250000000001
6 0.7875 0.3109375000000001 0.7546875 0.3109375000000001 0.7546875 0.3828125000000001 0.7875 0.3828125000000001
2 0.934375 0.3062500000000001 0.903125 0.3062500000000001 0.903125 0.3750000000000001 0.934375 0.3750000000000001
26 0.5515625 0.4765625 0.5203125 0.4765625 0.5203125 0.5421875 0.5515625 0.5421875
5 0.8234375 0.30937500000000007 0.7921875 0.30937500000000007 0.7921875 0.3812500000000001 0.8234375 0.3812500000000001
59 0.76875 0.3890625000000001 0.7375 0.3890625000000001 0.7375 0.4578125000000002 0.76875 0.4578125000000002
46 0.5671875 0.55 0.4765625 0.55 0.4765625 0.615625 0.5671875 0.615625
56 0.9140625 0.3812500000000001 0.88125 0.3812500000000001 0.88125 0.45312500000000017 0.9140625 0.45312500000000017
42 0.8421875 0.3859375000000001 0.8078125 0.3859375000000001 0.8078125 0.4546875000000002 0.8421875 0.4546875000000002
9 0.68125 0.31718750000000007 0.65 0.31718750000000007 0.65 0.3859375000000001 0.68125 0.3859375000000001
39 0.559375 0.3968750000000001 0.528125 0.3968750000000001 0.528125 0.4703125 0.559375 0.4703125
57 0.884375 0.5375000000000002 0.853125 0.5375000000000002 0.853125 0.6062500000000002 0.884375 0.6062500000000002
30 1 0.1625000000000001 0.1875 0.16250000000000003 0.18750000000000006 0.7703125000000001 1 0.7703125000000002
7 0.7515625 0.3140625000000001 0.7203125 0.3140625000000001 0.7203125 0.3828125000000001 0.7515625 0.3828125000000001
24 0.796875 0.4625000000000002 0.765625 0.4625000000000002 0.765625 0.5312500000000002 0.796875 0.5312500000000002
28 0.7234375 0.4671875 0.69375 0.4671875 0.69375 0.5328125 0.7234375 0.5328125
52 1 0.37968750000000007 0.953125 0.37968750000000007 0.953125 0.4515625000000002 1 0.4515625000000002