18 0.6578125 0.625 0.6078125 0.625 0.6078125 0.66875 0.6578125 0.66875
37 0.75 0.5765625000000001 0.7 0.5765625 0.7 0.6203125 0.75 0.6203125000000002
14 0.7234375 0.675 0.6515625 0.675 0.6515625 0.721875 0.7234375 0.721875
32 0.14218750000000008 0.63125 0.09218750000000006 0.63125 0.09218750000000007 0.675 0.14218750000000008 0.675
15 0.465625 0.628125 0.4140625 0.628125 0.4140625 0.671875 0.465625 0.671875
28 0.5578125 0.578125 0.5078125 0.578125 0.5078125 0.621875 0.5578125 0.621875
8 0.5734375 0.4828125 0.5234375 0.4828125 0.5234375 0.5265625 0.5734375 0.5265625
3 0.2578125000000001 0.4859375 0.2078125000000001 0.4859375 0.2078125000000001 0.5296875 0.2578125000000001 0.5296875
25 0.4953125 0.5796875 0.4453125 0.5796875 0.4453125 0.6234375 0.4953125 0.6234375
56 0.22656250000000008 0.534375 0.17656250000000004 0.534375 0.17656250000000007 0.578125 0.22656250000000008 0.578125
23 0.36406250000000007 0.5796875 0.3156250000000001 0.5796875 0.3156250000000001 0.6234375 0.36406250000000007 0.6234375
1 0.12812500000000004 0.4875 0.07968750000000006 0.4875 0.07968750000000006 0.5296875 0.12812500000000004 0.5296875
55 0.4015625 0.628125 0.3515625000000001 0.628125 0.3515625000000001 0.671875 0.4015625 0.671875
48 0.7625 0.4828125000000001 0.7125 0.4828125 0.7125 0.5250000000000001 0.7625 0.5250000000000001
4 0.3203125000000001 0.4859375 0.27031250000000007 0.4859375 0.27031250000000007 0.5296875 0.3203125000000001 0.5296875
34 0.7859375 0.6250000000000002 0.7359375 0.6250000000000002 0.7359375 0.6687500000000002 0.7859375 0.6687500000000002
41 0.15937500000000007 0.534375 0.10937500000000004 0.534375 0.10937500000000007 0.578125 0.1593750000000001 0.578125
54 0.796875 0.5281250000000002 0.7453125 0.5281250000000002 0.7453125 0.5718750000000001 0.796875 0.5718750000000001
59 0.4796875 0.53125 0.4296875 0.53125 0.4296875 0.575 0.4796875 0.575
7 0.509375 0.484375 0.4609375 0.484375 0.4609375 0.528125 0.509375 0.528125
47 0.6421875 0.6765625 0.25468750000000007 0.6765625 0.25468750000000007 0.725 0.6421875 0.725
46 0.965625 0.6250000000000002 0.803125 0.6250000000000002 0.803125 0.6687500000000002 0.965625 0.6687500000000002
13 0.24218750000000008 0.678125 0.17343750000000008 0.678125 0.17343750000000008 0.725 0.24218750000000008 0.725
11 0.8234375 0.4812500000000002 0.775 0.4812500000000002 0.775 0.5234375000000002 0.8234375 0.5234375000000002
43 0.23593750000000008 0.58125 0.18906250000000008 0.58125 0.18906250000000008 0.625 0.23593750000000008 0.625
12 0.815625 0.5765625000000002 0.765625 0.5765625000000002 0.765625 0.6203125000000002 0.815625 0.6203125000000002
24 0.4296875 0.5796875 0.37968750000000007 0.5796875 0.37968750000000007 0.6234375 0.4296875 0.6234375
51 0.4140625 0.53125 0.3656250000000001 0.53125 0.3656250000000001 0.575 0.4140625 0.575
44 0.07812500000000008 0.6328125 0.009375000000000078 0.6328125 0.009375000000000081 0.6765625 0.07812500000000008 0.6765625
52 0.09531250000000006 0.5359375 0.014062500000000066 0.5359375 0.01406250000000007 0.5796875 0.09531250000000006 0.5796875
22 0.9609375 0.5765625000000002 0.825 0.5765625000000002 0.825 0.6203125000000002 0.9609375 0.6203125000000002
58 0.2062500000000001 0.6296875 0.15781250000000008 0.6296875 0.15781250000000008 0.6734375 0.2062500000000001 0.6734375
33 0.59375 0.6265625 0.54375 0.6265625 0.54375 0.6703125 0.59375 0.6703125
45 0.11093750000000009 0.5828125 0.012500000000000072 0.5828125 0.012500000000000075 0.6265625 0.11093750000000009 0.6265625
9 0.6359375 0.4828125 0.5859375 0.4828125 0.5859375 0.525 0.6359375 0.525
39 0.8609375 0.5281250000000002 0.8109375 0.5281250000000002 0.8109375 0.5718750000000001 0.8609375 0.5718750000000001
0 0.7 0.48125 0.65 0.48125 0.65 0.525 0.7 0.525
49 0.07968750000000009 0.68125 0.007812500000000083 0.68125 0.007812500000000087 0.728125 0.07968750000000009 0.728125
17 0.06562500000000007 0.4890625 0.015625000000000062 0.4890625 0.015625000000000062 0.5328125 0.06562500000000007 0.5328125
31 0.6859375 0.5765625 0.6359375 0.5765625 0.6359375 0.6203125 0.6859375 0.6203125
21 0.2890625000000001 0.5328125 0.2390625000000001 0.5328125 0.2390625000000001 0.5765625 0.2890625000000001 0.5765625
38 0.7328125 0.5281250000000001 0.6828125 0.528125 0.6828125 0.5718750000000001 0.7328125 0.5718750000000001
40 0.7203125 0.625 0.671875 0.625 0.671875 0.66875 0.7203125 0.66875
50 0.971875 0.6734375000000001 0.896875 0.6734375000000001 0.896875 0.7203125000000001 0.971875 0.7203125000000001
42 0.3515625000000001 0.5328125 0.30156250000000007 0.5328125 0.30156250000000007 0.5765625 0.3515625000000001 0.5765625
57 0.2750000000000001 0.6296875 0.2218750000000001 0.6296875 0.2218750000000001 0.6734375 0.2750000000000001 0.6734375
16 0.3375000000000001 0.628125 0.28593750000000007 0.628125 0.28593750000000007 0.671875 0.3375000000000001 0.671875
26 0.9578125 0.5281250000000002 0.8765625 0.5281250000000002 0.8765625 0.5718750000000001 0.9578125 0.5718750000000001
29 0.6203125 0.578125 0.5734375 0.578125 0.5734375 0.621875 0.6203125 0.621875
30 1 0.39687500000000003 4.860316984116058e-17 0.396875 7.060854201333958e-17 0.7562500000000001 1 0.7562500000000002
6 0.446875 0.4859375 0.3968750000000001 0.4859375 0.3968750000000001 0.5265625 0.446875 0.5265625
53 0.5421875 0.53125 0.4921875 0.53125 0.4921875 0.575 0.5421875 0.575
20 0.9578125 0.47968750000000016 0.8390625 0.47968750000000016 0.8390625 0.5234375000000002 0.9578125 0.5234375000000002
10 0.17343750000000008 0.5828125 0.12343750000000009 0.5828125 0.12343750000000009 0.6265625 0.17343750000000008 0.6265625
36 0.6703125 0.5296875 0.6171875 0.5296875 0.6171875 0.5734375 0.6703125 0.5734375
19 0.3031250000000001 0.58125 0.2531250000000001 0.58125 0.2531250000000001 0.625 0.3031250000000001 0.625
2 0.19375000000000003 0.4875 0.14375000000000004 0.4875 0.14375000000000004 0.53125 0.19375000000000003 0.53125
27 0.603125 0.53125 0.55625 0.53125 0.55625 0.5734375 0.603125 0.5734375
35 0.5296875 0.6265625 0.4796875 0.6265625 0.4796875 0.6703125 0.5296875 0.6703125
5 0.3843750000000001 0.4859375 0.3343750000000001 0.4859375 0.3343750000000001 0.528125 0.3843750000000001 0.528125