29 0.3515625000000001 0.5078125 0.3140625000000001 0.5078125 0.3140625000000001 0.6078125 0.3515625000000001 0.6078125
57 0.08437500000000007 0.625 0.050000000000000065 0.625 0.05000000000000008 0.728125 0.08437500000000009 0.728125
58 0.03750000000000008 0.625 0.0015625000000000764 0.625 0.001562500000000083 0.7296875 0.03750000000000009 0.7296875
15 0.2296875000000001 0.621875 0.1921875000000001 0.621875 0.1921875000000001 0.728125 0.2296875000000001 0.728125
37 0.44375 0.5078125 0.4078125 0.5078125 0.4078125 0.60625 0.44375 0.60625
6 0.22187500000000004 0.2671875 0.18750000000000006 0.2671875 0.18750000000000006 0.371875 0.2218750000000001 0.371875
9 0.36406250000000007 0.2671875 0.328125 0.2671875 0.32812500000000006 0.37187500000000007 0.36406250000000007 0.37187500000000007
0 0.4109375 0.2671875000000001 0.375 0.2671875000000001 0.37500000000000006 0.37187500000000007 0.4109375 0.37187500000000007
20 0.5984375 0.2640625000000001 0.515625 0.2640625000000001 0.515625 0.3687500000000001 0.5984375 0.3687500000000001
35 0.27812500000000007 0.621875 0.2406250000000001 0.621875 0.2406250000000001 0.728125 0.27812500000000007 0.728125
41 0.017187500000000057 0.3875 4.7455063466959936e-17 0.3875 5.376964852506348e-17 0.490625 0.01718750000000006 0.490625
21 0.10156250000000004 0.3859375 0.06562500000000004 0.3859375 0.06562500000000006 0.490625 0.10156250000000004 0.490625
22 0.5984375 0.5078125 0.503125 0.5078125 0.503125 0.6109375 0.5984375 0.6109375
38 0.4328125 0.3890625000000001 0.3968750000000001 0.3890625000000001 0.3968750000000001 0.4890625 0.4328125 0.4890625
51 0.19531250000000006 0.3859375 0.16093750000000004 0.3859375 0.16093750000000004 0.4875 0.19531250000000006 0.4875
36 0.3859375000000001 0.38906250000000003 0.34843750000000007 0.3890625 0.34843750000000007 0.4890625 0.3859375000000001 0.4890625
33 0.32500000000000007 0.621875 0.2875000000000001 0.621875 0.2875000000000001 0.7296875 0.32500000000000007 0.7296875
31 0.3968750000000001 0.5078125 0.3593750000000001 0.5078125 0.3593750000000001 0.60625 0.3968750000000001 0.60625
42 0.14843750000000006 0.3859375 0.11406250000000004 0.3859375 0.11406250000000004 0.4875 0.14843750000000006 0.4875
50 0.6015625000000002 0.7484375 0.5406250000000001 0.7484375 0.5406250000000001 0.85625 0.6015625000000002 0.85625
56 0.054687500000000056 0.3859375 0.01875000000000005 0.3859375 0.018750000000000055 0.4890625 0.05468750000000007 0.4890625
2 0.03125000000000004 0.2671875 3.2721031664718344e-17 0.2671875 3.903561672282188e-17 0.3703125 0.03125000000000004 0.3703125
16 0.13437500000000008 0.625 0.09687500000000007 0.625 0.09687500000000007 0.728125 0.13437500000000008 0.728125
1 0.01718750000000004 0.271875 3.329508485181867e-17 0.271875 3.9418318847555435e-17 0.371875 0.017187500000000043 0.371875
12 0.4921875 0.5078125 0.45625 0.5078125 0.45625 0.60625 0.4921875 0.60625
14 0.40937500000000016 0.746875 0.3609375000000001 0.746875 0.3609375000000001 0.8515625 0.40937500000000016 0.8515625
24 0.2062500000000001 0.5078125 0.17031250000000003 0.5078125 0.17031250000000006 0.6078125 0.2062500000000001 0.6078125
47 0.3468750000000001 0.74375 0.0828125000000001 0.74375 0.0828125000000001 0.8703125 0.3468750000000001 0.8703125
32 0.018750000000000083 0.625 7.654042494670958e-17 0.625 8.285501000481311e-17 0.728125 0.01875000000000009 0.728125
54 0.4796875 0.38750000000000007 0.44375 0.38750000000000007 0.44375 0.490625 0.4796875 0.490625
25 0.2531250000000001 0.5078125 0.21875000000000008 0.5078125 0.21875000000000008 0.6078125 0.2531250000000001 0.6078125
23 0.15937500000000007 0.5078125 0.12500000000000006 0.5078125 0.12500000000000006 0.6109375 0.1593750000000001 0.6109375
30 0.9828125 0.07968750000000005 9.75890418070547e-18 0.0796875 6.266747292511846e-17 0.94375 0.9828125 0.94375
19 0.11250000000000007 0.5046875 0.07656250000000006 0.5046875 0.07656250000000006 0.609375 0.11250000000000009 0.609375
26 0.5984375 0.3921875000000001 0.5390625 0.3921875000000001 0.5390625 0.4890625 0.5984375 0.4890625
34 0.4671875000000001 0.6234375 0.43125 0.6234375 0.4312500000000001 0.7265625 0.4671875000000002 0.7265625
55 0.1828125000000001 0.625 0.1468750000000001 0.625 0.1468750000000001 0.7265625 0.1828125000000001 0.7265625
40 0.4203125000000001 0.6234375 0.3859375000000001 0.6234375 0.3859375000000001 0.728125 0.4203125000000002 0.728125
39 0.5265625 0.38750000000000007 0.490625 0.38750000000000007 0.490625 0.4890625 0.5265625 0.4890625
11 0.503125 0.2671875000000001 0.46875 0.2671875000000001 0.46875 0.3671875000000001 0.503125 0.3671875000000001
3 0.08125000000000003 0.2671875 0.04375000000000003 0.2671875 0.04375000000000004 0.371875 0.08125000000000004 0.371875
17 0.015625000000000038 0.2734375 3.348643591418544e-17 0.2734375 3.951399437873882e-17 0.371875 0.015625000000000045 0.371875
5 0.17343750000000005 0.265625 0.13906250000000003 0.265625 0.13906250000000003 0.3703125 0.17343750000000005 0.3703125
28 0.30156250000000007 0.50625 0.2656250000000001 0.50625 0.2656250000000001 0.609375 0.30156250000000007 0.609375
53 0.2921875000000001 0.3859375 0.2562500000000001 0.3859375 0.2562500000000001 0.4890625 0.2921875000000001 0.4890625
59 0.24218750000000008 0.3859375 0.2078125000000001 0.3859375 0.2078125000000001 0.4875 0.24218750000000008 0.4875
18 0.3734375000000001 0.6234375 0.3359375000000001 0.6234375 0.3359375000000001 0.728125 0.3734375000000001 0.728125
7 0.2671875 0.265625 0.2328125 0.265625 0.23281250000000003 0.371875 0.2671875000000001 0.371875
52 0.02968750000000005 0.390625 4.7837765591693485e-17 0.390625 5.415235064979703e-17 0.49375 0.029687500000000054 0.49375
43 0.06562500000000007 0.50625 0.028125000000000067 0.50625 0.028125000000000074 0.609375 0.06562500000000007 0.609375
46 0.6015625000000001 0.63125 0.4828125 0.63125 0.4828125000000001 0.7296875 0.6015625000000002 0.7296875
13 0.0734375000000001 0.746875 0.025000000000000088 0.746875 0.025000000000000095 0.853125 0.07343750000000011 0.853125
8 0.31562500000000004 0.2671875 0.2796875 0.2671875 0.27968750000000003 0.3734375 0.3156250000000001 0.3734375
4 0.12812500000000004 0.265625 0.09218750000000002 0.265625 0.09218750000000003 0.371875 0.12812500000000004 0.371875
49 0.028125000000000094 0.7484375 9.165715887368473e-17 0.7484375 9.778039286942148e-17 0.8484375 0.0281250000000001 0.8484375
10 0.018750000000000065 0.50625 6.199774420683476e-17 0.50625 6.831232926493829e-17 0.609375 0.018750000000000072 0.609375
45 0.03437500000000007 0.5109375 6.257179739393508e-17 0.5109375 6.879070692085523e-17 0.6125 0.03437500000000008 0.6125
44 0.023437500000000083 0.625 7.654042494670958e-17 0.625 8.342906319191344e-17 0.7375 0.02343750000000009 0.7375
27 0.3390625000000001 0.3875 0.3031250000000001 0.3875 0.3031250000000001 0.4875 0.3390625000000001 0.4875
48 0.45625 0.2687500000000001 0.421875 0.2687500000000001 0.421875 0.37187500000000007 0.45625 0.37187500000000007