36 0.578125 0.4390625 0.5 0.4390625 0.5 0.4703125 0.578125 0.4703125
15 0.3828125 0.30000000000000004 0.2984375 0.3 0.2984375 0.33437500000000003 0.3828125 0.3343750000000001
3 0.65625 0.15781250000000008 0.565625 0.15781250000000008 0.565625 0.1921875000000001 0.65625 0.1921875000000001
34 0.3984375000000001 0.5140625 0.3203125000000001 0.5140625 0.3203125000000001 0.5484375 0.3984375000000001 0.5484375
17 0.640625 0.02968750000000007 0.5625 0.029687500000000068 0.5625 0.060937500000000075 0.640625 0.06093750000000009
54 0.584375 0.5234375 0.50625 0.5234375 0.50625 0.5546875 0.584375 0.5546875
44 0.359375 0.023437500000000038 0.275 0.023437500000000035 0.275 0.06718750000000004 0.359375 0.06718750000000004
13 0.275 0.14375000000000004 0.1875 0.14375000000000004 0.18750000000000003 0.18906250000000005 0.275 0.18906250000000005
41 0.55625 0.08906250000000007 0.46875 0.08906250000000007 0.46875 0.12656250000000008 0.55625 0.12656250000000008
4 0.659375 0.20312500000000008 0.571875 0.20312500000000008 0.571875 0.23593750000000008 0.659375 0.23593750000000008
5 0.6625 0.2468750000000001 0.578125 0.2468750000000001 0.578125 0.2812500000000001 0.6625 0.2812500000000001
21 0.5609375 0.18125000000000008 0.4796875 0.18125000000000005 0.4796875 0.2140625000000001 0.5609375 0.2140625000000001
20 0.6859375 0.5828125 0.6015625 0.5828125 0.6015625 0.6578125 0.6859375 0.6578125
52 0.5515625 0.02812500000000006 0.4640625 0.028125000000000056 0.4640625 0.08281250000000007 0.5515625 0.08281250000000007
40 0.39531250000000007 0.475 0.3140625000000001 0.475 0.3140625000000001 0.50625 0.39531250000000007 0.50625
18 0.3921875000000001 0.43125 0.3109375000000001 0.43125 0.3109375000000001 0.4625 0.3921875000000001 0.4625
12 0.4953125 0.5359375 0.4140625 0.5359375 0.4140625 0.5671875 0.4953125 0.5671875
16 0.375 0.21093750000000006 0.29375 0.2109375 0.29375 0.24531250000000004 0.375 0.2453125000000001
51 0.5671875 0.2687500000000001 0.4890625 0.2687500000000001 0.4890625 0.3000000000000001 0.5671875 0.3000000000000001
47 0.29375000000000007 0.19687500000000002 0.17812500000000003 0.196875 0.17812500000000003 0.44375 0.29375000000000007 0.44375
6 0.6640625 0.2890625000000001 0.5796875 0.2890625000000001 0.5796875 0.3234375000000001 0.6640625 0.3234375000000001
37 0.4890625 0.4921875 0.4109375 0.4921875 0.4109375 0.525 0.4890625 0.525
42 0.565625 0.2250000000000001 0.484375 0.2250000000000001 0.484375 0.2578125000000001 0.565625 0.2578125000000001
39 0.5859375 0.565625 0.5078125 0.565625 0.5078125 0.596875 0.5859375 0.596875
32 0.3640625 0.07812500000000004 0.2796875 0.07812500000000004 0.2796875 0.11250000000000004 0.3640625 0.11250000000000004
58 0.36875 0.12187500000000004 0.28125 0.12187500000000004 0.28125 0.15468750000000003 0.36875 0.15468750000000003
1 0.6484375 0.06718750000000008 0.5640625 0.06718750000000007 0.5640625 0.10156250000000008 0.6484375 0.10156250000000008
50 0.3125000000000001 0.6125 0.2250000000000001 0.6125 0.2250000000000001 0.66875 0.3125000000000001 0.66875
46 0.4046875 0.5578125 0.3203125000000001 0.5578125 0.3203125000000001 0.665625 0.4046875 0.665625
10 0.45625 0.10312500000000005 0.371875 0.10312500000000005 0.371875 0.13437500000000005 0.45625 0.13437500000000005
48 0.675 0.5 0.59375 0.5 0.59375 0.5328125 0.675 0.5328125
28 0.48125 0.3656250000000001 0.4 0.3656250000000001 0.4 0.3984375000000001 0.48125 0.3984375000000001
26 0.5890625 0.60625 0.5109375 0.60625 0.5109375 0.659375 0.5890625 0.659375
22 0.496875 0.5765625 0.415625 0.5765625 0.415625 0.6609375 0.496875 0.6609375
33 0.3890625000000001 0.38593750000000004 0.3046875000000001 0.3859375 0.3046875000000001 0.4203125 0.3890625000000001 0.4203125
45 0.45625 0.02500000000000005 0.36875 0.025000000000000043 0.36875 0.09375000000000006 0.45625 0.09375000000000007
25 0.4765625 0.3234375000000001 0.3984375 0.3234375000000001 0.3984375 0.3546875000000001 0.4765625 0.3546875000000001
56 0.5546875 0.13750000000000007 0.4765625 0.13750000000000004 0.4765625 0.16875000000000007 0.5546875 0.1687500000000001
8 0.66875 0.3750000000000001 0.584375 0.3750000000000001 0.584375 0.409375 0.66875 0.409375
57 0.371875 0.16718750000000004 0.2875 0.16718750000000004 0.2875 0.20156250000000003 0.371875 0.2015625000000001
23 0.4703125 0.23593750000000008 0.3890625 0.23593750000000008 0.3890625 0.2671875000000001 0.4703125 0.2671875000000001
11 0.6796875 0.54375 0.5984375 0.54375 0.5984375 0.575 0.6796875 0.575
49 0.2640625 0.02031250000000003 0.1796875 0.02031250000000002 0.1796875 0.07343750000000002 0.2640625 0.07343750000000002
53 0.5734375 0.3531250000000001 0.4921875 0.3531250000000001 0.4921875 0.3859375000000001 0.5734375 0.3859375000000001
27 0.575 0.3968750000000001 0.496875 0.3968750000000001 0.496875 0.428125 0.575 0.428125
0 0.6765625 0.4578125 0.5921875 0.4578125 0.5921875 0.4921875 0.6765625 0.4921875
7 0.66875 0.33281250000000007 0.58125 0.33281250000000007 0.58125 0.36406250000000007 0.66875 0.36406250000000007
31 0.4859375 0.45 0.4078125 0.45 0.4078125 0.48125 0.4859375 0.48125
14 0.30156250000000007 0.453125 0.2140625000000001 0.453125 0.2140625000000001 0.496875 0.30156250000000007 0.496875
35 0.38593750000000004 0.34375000000000006 0.3015625 0.34375 0.30156250000000007 0.37812500000000004 0.3859375000000001 0.3781250000000001
24 0.475 0.27812500000000007 0.39375 0.27812500000000007 0.39375 0.3109375000000001 0.475 0.3109375000000001
19 0.4671875 0.19218750000000004 0.3859375 0.19218750000000004 0.3859375 0.2234375000000001 0.4671875 0.2234375000000001
30 0.8265625 0.01562500000000006 0.1171875 0.015625000000000017 0.11718750000000007 1 0.8265625 1
59 0.5703125 0.3125000000000001 0.4921875 0.3125000000000001 0.4921875 0.3437500000000001 0.5703125 0.3437500000000001
43 0.465625 0.14687500000000003 0.378125 0.14687500000000003 0.378125 0.18125000000000005 0.465625 0.18125000000000005
29 0.4859375 0.409375 0.4046875 0.409375 0.4046875 0.4421875 0.4859375 0.4421875
9 0.6703125 0.4171875 0.5890625 0.4171875 0.5890625 0.4515625 0.6703125 0.4515625
38 0.5828125 0.48125 0.5015625 0.48125 0.5015625 0.5125 0.5828125 0.5125
55 0.3796875 0.25625000000000003 0.2984375 0.25625 0.2984375 0.28906250000000006 0.3796875 0.2890625000000001
2 0.653125 0.11562500000000009 0.565625 0.11562500000000009 0.565625 0.1468750000000001 0.653125 0.1468750000000001