36 0.6390625 0.440625 0.5609375 0.440625 0.5609375 0.471875 0.6390625 0.471875
15 0.44375 0.30156250000000007 0.359375 0.3015625 0.359375 0.33593750000000006 0.44375 0.3359375000000001
3 0.71875 0.1593750000000001 0.628125 0.1593750000000001 0.628125 0.1937500000000001 0.71875 0.1937500000000001
34 0.459375 0.515625 0.3812500000000001 0.515625 0.3812500000000001 0.55 0.459375 0.55
17 0.7015625 0.032812500000000085 0.6234375 0.03281250000000008 0.6234375 0.06406250000000008 0.7015625 0.06406250000000009
54 0.6453125 0.525 0.5671875 0.525 0.5671875 0.55625 0.6453125 0.55625
44 0.4203125 0.02500000000000005 0.3359375 0.025000000000000043 0.3359375 0.06875000000000005 0.4203125 0.06875000000000005
13 0.3359375 0.14531250000000004 0.2484375 0.14531250000000004 0.2484375 0.19062500000000004 0.3359375 0.19062500000000004
41 0.61875 0.09062500000000007 0.53125 0.09062500000000007 0.53125 0.12812500000000007 0.61875 0.1281250000000001
4 0.721875 0.20468750000000008 0.634375 0.20468750000000008 0.634375 0.2375000000000001 0.721875 0.2375000000000001
5 0.7234375 0.2484375000000001 0.6390625 0.2484375000000001 0.6390625 0.2828125000000001 0.7234375 0.2828125000000001
21 0.621875 0.18281250000000007 0.540625 0.18281250000000004 0.540625 0.2156250000000001 0.621875 0.2156250000000001
20 0.7484375 0.5843750000000001 0.6640625 0.584375 0.6640625 0.659375 0.7484375 0.6593750000000002
52 0.6125 0.03125000000000007 0.525 0.03125000000000007 0.525 0.08593750000000007 0.6125 0.08593750000000007
40 0.4578125 0.475 0.3765625000000001 0.475 0.3765625000000001 0.50625 0.4578125 0.50625
18 0.453125 0.4328125 0.37187500000000007 0.4328125 0.37187500000000007 0.4640625 0.453125 0.4640625
12 0.55625 0.5375 0.475 0.5375 0.475 0.56875 0.55625 0.56875
16 0.4375 0.21406250000000004 0.35625 0.2140625 0.35625 0.24843750000000003 0.4375 0.2484375000000001
51 0.628125 0.2718750000000001 0.55 0.2718750000000001 0.55 0.3031250000000001 0.628125 0.3031250000000001
47 0.35468750000000004 0.19843750000000004 0.2390625 0.19843750000000004 0.23906250000000004 0.4453125 0.3546875000000001 0.4453125
6 0.7265625 0.2906250000000001 0.6421875 0.2906250000000001 0.6421875 0.32500000000000007 0.7265625 0.32500000000000007
37 0.5515625 0.49375 0.4734375 0.49375 0.4734375 0.5265625 0.5515625 0.5265625
42 0.628125 0.22812500000000008 0.546875 0.22812500000000008 0.546875 0.2609375000000001 0.628125 0.2609375000000001
39 0.6484375 0.5671875 0.5703125 0.5671875 0.5703125 0.5984375 0.6484375 0.5984375
32 0.425 0.07968750000000005 0.340625 0.07968750000000005 0.340625 0.11406250000000004 0.425 0.11406250000000004
58 0.43125 0.12500000000000006 0.34375 0.12500000000000006 0.34375 0.15781250000000005 0.43125 0.15781250000000005
1 0.7109375 0.07031250000000008 0.6265625 0.07031250000000007 0.6265625 0.10468750000000009 0.7109375 0.10468750000000009
50 0.3750000000000001 0.6140625 0.2875000000000001 0.6140625 0.2875000000000001 0.6703125 0.3750000000000001 0.6703125
46 0.4671875 0.559375 0.3828125000000001 0.559375 0.3828125000000001 0.665625 0.4671875 0.665625
10 0.51875 0.10468750000000004 0.434375 0.10468750000000004 0.434375 0.13593750000000004 0.51875 0.13593750000000004
48 0.7375 0.5015625000000001 0.65625 0.5015625 0.65625 0.534375 0.7375 0.5343750000000002
28 0.5421875 0.3671875000000001 0.4609375 0.3671875000000001 0.4609375 0.4 0.5421875 0.4
26 0.6515625 0.6078125 0.5734375 0.6078125 0.5734375 0.6609375 0.6515625 0.6609375
22 0.559375 0.578125 0.478125 0.578125 0.478125 0.6625 0.559375 0.6625
33 0.45 0.38750000000000007 0.3656250000000001 0.38750000000000007 0.3656250000000001 0.421875 0.45 0.421875
45 0.5171875 0.02812500000000006 0.4296875 0.028125000000000056 0.4296875 0.09687500000000006 0.5171875 0.09687500000000007
25 0.5390625 0.32500000000000007 0.4609375 0.32500000000000007 0.4609375 0.35625000000000007 0.5390625 0.35625000000000007
56 0.6171875 0.13906250000000006 0.5390625 0.13906250000000003 0.5390625 0.17031250000000006 0.6171875 0.1703125000000001
8 0.73125 0.3765625000000001 0.646875 0.3765625000000001 0.646875 0.41093750000000007 0.73125 0.4109375000000002
57 0.434375 0.16875000000000004 0.35 0.16875000000000004 0.35 0.20312500000000006 0.434375 0.20312500000000008
23 0.53125 0.2390625000000001 0.45 0.2390625000000001 0.45 0.27031250000000007 0.53125 0.27031250000000007
11 0.7421875 0.5453125000000001 0.6609375 0.5453125 0.6609375 0.5765625000000001 0.7421875 0.5765625000000002
49 0.325 0.023437500000000035 0.240625 0.023437500000000028 0.240625 0.07656250000000003 0.325 0.07656250000000005
53 0.634375 0.35625000000000007 0.553125 0.35625000000000007 0.553125 0.3890625000000001 0.634375 0.3890625000000001
27 0.6375 0.4 0.559375 0.4 0.559375 0.43125 0.6375 0.43125
0 0.7375 0.4593750000000001 0.653125 0.459375 0.653125 0.4937500000000001 0.7375 0.4937500000000002
7 0.73125 0.3343750000000001 0.64375 0.3343750000000001 0.64375 0.3656250000000001 0.73125 0.3656250000000001
31 0.5484375 0.4515625 0.4703125 0.4515625 0.4703125 0.4828125 0.5484375 0.4828125
14 0.36406250000000007 0.4546875 0.2765625000000001 0.4546875 0.2765625000000001 0.4984375 0.36406250000000007 0.4984375
35 0.4484375 0.3453125000000001 0.3640625 0.3453125000000001 0.36406250000000007 0.37968750000000007 0.4484375 0.37968750000000007
24 0.5359375 0.2812500000000001 0.4546875 0.2812500000000001 0.4546875 0.3140625000000001 0.5359375 0.3140625000000001
19 0.5296875 0.19375000000000003 0.4484375 0.19375000000000003 0.4484375 0.2250000000000001 0.5296875 0.2250000000000001
30 0.8890625 0.018750000000000065 0.1796875 0.018750000000000024 0.17968750000000006 1 0.8890625 1
59 0.63125 0.3140625000000001 0.553125 0.3140625000000001 0.553125 0.3453125000000001 0.63125 0.3453125000000001
43 0.5265625 0.14843750000000006 0.4390625 0.14843750000000006 0.4390625 0.18281250000000004 0.5265625 0.18281250000000004
29 0.546875 0.4109375 0.465625 0.4109375 0.465625 0.44375 0.546875 0.44375
9 0.73125 0.41875000000000007 0.65 0.41875 0.65 0.4531250000000001 0.73125 0.45312500000000017
38 0.64375 0.4828125 0.5625 0.4828125 0.5625 0.5140625 0.64375 0.5140625
55 0.4421875 0.25781250000000006 0.3609375 0.2578125 0.3609375 0.290625 0.4421875 0.2906250000000001
2 0.715625 0.11875000000000009 0.628125 0.11875000000000009 0.628125 0.15000000000000008 0.715625 0.15000000000000008