35 0.5984375 0.4734375 0.4609375 0.4734375 0.4609375 0.5328125 0.5984375 0.5328125
21 0.30937500000000007 0.759375 0.17187500000000008 0.759375 0.17187500000000008 0.8296875 0.30937500000000007 0.8296875
20 0.17187500000000003 0.1765625 0.05312500000000002 0.1765625 0.05312500000000002 0.2515625 0.17187500000000006 0.2515625
27 0.30156250000000007 0.43125 0.17812500000000003 0.43125 0.17812500000000003 0.4875 0.30156250000000007 0.4875
11 0.16875000000000004 0.2546875 0.050000000000000024 0.2546875 0.05000000000000003 0.3078125 0.16875000000000004 0.3078125
40 0.5765625 0.2968750000000001 0.4546875 0.2968750000000001 0.4546875 0.3531250000000001 0.5765625 0.3531250000000001
1 0.14375000000000013 0.9703125 0.0031250000000001194 0.9703125 0.0031250000000001207 1 0.14375000000000013 1
7 0.16250000000000006 0.540625 0.034375000000000065 0.540625 0.03437500000000007 0.6 0.1625000000000001 0.6
22 0.4296875 0.14218750000000005 0.303125 0.14218750000000005 0.303125 0.22968750000000004 0.4296875 0.2296875000000001
43 0.47187500000000016 0.796875 0.3281250000000001 0.796875 0.3281250000000001 0.871875 0.47187500000000016 0.871875
55 0.6125 0.6015625 0.478125 0.6015625 0.478125 0.6671875 0.6125 0.6671875
39 0.3015625 0.2125 0.17968750000000006 0.2125 0.17968750000000006 0.2625 0.3015625 0.2625
38 0.30156250000000007 0.3171875 0.17968750000000006 0.3171875 0.17968750000000006 0.3703125 0.30156250000000007 0.3703125
36 0.30156250000000007 0.371875 0.17968750000000006 0.371875 0.17968750000000006 0.428125 0.30156250000000007 0.428125
14 0.7515625 0.3265625000000001 0.6015625 0.3265625000000001 0.6015625 0.4015625000000001 0.7515625 0.40156250000000016
44 0.6625000000000002 0.896875 0.5000000000000002 0.896875 0.5000000000000002 1 0.6625000000000002 1
29 0.44375 0.4 0.3203125000000001 0.4 0.3203125000000001 0.45625 0.44375 0.45625
42 0.3062500000000001 0.6859375 0.1750000000000001 0.6859375 0.1750000000000001 0.7515625 0.3062500000000001 0.7515625
34 0.5734375 0.24218750000000008 0.4515625 0.24218750000000008 0.4515625 0.2984375000000001 0.5734375 0.2984375000000001
26 0.3015625 0.15937500000000004 0.1859375 0.15937500000000004 0.18593750000000003 0.2125 0.3015625 0.2125
41 0.3156250000000001 0.9109375 0.16562500000000013 0.9109375 0.16562500000000013 0.9890625 0.3156250000000001 0.9890625
23 0.4609375 0.653125 0.3265625000000001 0.653125 0.3265625000000001 0.71875 0.4609375 0.71875
59 0.3031250000000001 0.5515625 0.1765625000000001 0.5515625 0.1765625000000001 0.6140625 0.3031250000000001 0.6140625
49 0.865625 0.984375 0.6828125000000002 0.984375 0.6828125000000002 1 0.865625 1
57 0.6296875000000002 0.7421875 0.4890625000000002 0.7421875 0.4890625000000002 0.8140625 0.6296875000000002 0.8140625
5 0.15781250000000008 0.6703125 0.023437500000000083 0.6703125 0.023437500000000087 0.7375 0.15781250000000008 0.7375
18 0.58125 0.3546875000000001 0.4546875 0.3546875000000001 0.4546875 0.4109375 0.58125 0.4109375
47 0.803125 0.4015625000000001 0.61875 0.4015625 0.61875 0.7234375000000001 0.803125 0.7234375000000002
46 0.5671875 0.12656250000000008 0.44375 0.12656250000000005 0.44375 0.24218750000000008 0.5671875 0.24218750000000008
25 0.4515625 0.521875 0.3234375000000001 0.521875 0.3234375000000001 0.584375 0.4515625 0.584375
2 0.1500000000000001 0.890625 0.009375000000000109 0.890625 0.009375000000000114 0.965625 0.15000000000000013 0.965625
6 0.1593750000000001 0.6015625 0.028125000000000077 0.6015625 0.028125000000000077 0.6671875 0.1593750000000001 0.6671875
3 0.1515625000000001 0.8140625 0.0140625000000001 0.8140625 0.014062500000000106 0.8859375 0.1515625000000001 0.8859375
45 0.4890625000000002 0.953125 0.3343750000000001 0.953125 0.3343750000000001 1 0.4890625000000002 1
28 0.446875 0.4578125 0.3203125000000001 0.4578125 0.3203125000000001 0.5171875 0.446875 0.5171875
8 0.16562500000000005 0.48125 0.037500000000000054 0.48125 0.03750000000000006 0.5375 0.16562500000000005 0.5375
37 0.4390625 0.28437500000000004 0.3171875 0.284375 0.3171875 0.34062500000000007 0.4390625 0.34062500000000007
50 0.7390625 0.27031250000000007 0.6078125 0.27031250000000007 0.6078125 0.3296875000000001 0.7390625 0.3296875000000001
48 0.16875000000000004 0.3078125 0.050000000000000044 0.3078125 0.050000000000000044 0.3609375 0.16875000000000004 0.3609375
56 0.30937500000000007 0.8359375 0.16562500000000008 0.8359375 0.16562500000000008 0.90625 0.30937500000000007 0.90625
0 0.16875000000000004 0.3625 0.04687500000000004 0.3625 0.04687500000000005 0.41875 0.16875000000000004 0.41875
24 0.4546875 0.584375 0.3265625000000001 0.584375 0.3265625000000001 0.65 0.4546875 0.65
51 0.30156250000000007 0.61875 0.1750000000000001 0.61875 0.1750000000000001 0.68125 0.30156250000000007 0.68125
9 0.16562500000000005 0.4203125 0.04218750000000006 0.4203125 0.04218750000000006 0.4765625 0.16562500000000005 0.4765625
58 0.6375000000000002 0.821875 0.4937500000000002 0.821875 0.4937500000000002 0.89375 0.6375000000000002 0.89375
19 0.4671875000000001 0.721875 0.3296875000000001 0.721875 0.3296875000000001 0.79375 0.4671875000000002 0.79375
30 0.9234375 5.65442389293817e-17 0 0 6.123233995736766e-17 1 0.9234375 1
33 0.5921875 0.4109375 0.4640625 0.4109375 0.4640625 0.4703125 0.5921875 0.4703125
54 0.3015625 0.2625 0.17968750000000006 0.2625 0.17968750000000006 0.315625 0.3015625 0.315625
4 0.1515625000000001 0.740625 0.020312500000000087 0.740625 0.020312500000000094 0.8078125 0.1515625000000001 0.8078125
10 0.4750000000000002 0.875 0.3312500000000001 0.875 0.3312500000000001 0.95 0.4750000000000002 0.95
16 0.6203125 0.6703125 0.4859375 0.6703125 0.4859375000000001 0.740625 0.6203125000000002 0.740625
13 0.8203125 0.7234375000000001 0.6515625 0.7234375 0.6515625 0.8171875 0.8203125 0.8171875
53 0.3031250000000001 0.490625 0.17656250000000004 0.490625 0.17656250000000007 0.55 0.3031250000000001 0.55
15 0.6046875 0.5359375 0.4734375 0.5359375 0.4734375 0.6015625 0.6046875 0.6015625
12 0.4328125 0.23281250000000003 0.3140625 0.2328125 0.3140625 0.28593750000000007 0.4328125 0.28593750000000007
31 0.4390625 0.34218750000000003 0.3203125 0.3421875 0.32031250000000006 0.39843750000000006 0.4390625 0.3984375000000001