42 0.2562500000000001 0.415625 0.2234375000000001 0.415625 0.2234375000000001 0.515625 0.2562500000000001 0.515625
35 0.3750000000000001 0.6359375 0.34062500000000007 0.6359375 0.34062500000000007 0.7328125 0.3750000000000001 0.7328125
8 0.40625 0.3078125000000001 0.371875 0.3078125000000001 0.37187500000000007 0.4046875 0.40625 0.4046875
59 0.3421875000000001 0.415625 0.30937500000000007 0.415625 0.30937500000000007 0.5125 0.3421875000000001 0.5125
36 0.4703125 0.41875 0.4375 0.41875 0.4375 0.5109375 0.4703125 0.5109375
14 0.4906250000000002 0.746875 0.4468750000000002 0.746875 0.4468750000000002 0.846875 0.4906250000000002 0.846875
50 0.6609375000000002 0.74375 0.6062500000000002 0.74375 0.6062500000000002 0.8453125 0.6609375000000002 0.8453125
22 0.6609375 0.4140625 0.6078125 0.4140625 0.6078125 0.6265625 0.6609375 0.6265625
40 0.5015625000000001 0.6328125 0.46875 0.6328125 0.4687500000000001 0.73125 0.5015625000000001 0.73125
19 0.2250000000000001 0.5265625 0.19218750000000004 0.5265625 0.19218750000000007 0.6265625 0.2250000000000001 0.6265625
52 0.08437500000000006 0.4171875 0.028125000000000056 0.4171875 0.02812500000000006 0.515625 0.08437500000000006 0.515625
47 0.44062500000000016 0.740625 0.1984375000000001 0.740625 0.1984375000000001 0.8640625 0.44062500000000016 0.8640625
12 0.565625 0.5234375 0.5328125 0.5234375 0.5328125 0.6234375 0.565625 0.6234375
34 0.5437500000000001 0.6359375 0.5109375 0.6359375 0.5109375 0.73125 0.5437500000000002 0.73125
26 0.60625 0.525 0.575 0.525 0.575 0.6234375 0.60625 0.6234375
57 0.20312500000000008 0.6390625 0.1703125000000001 0.6390625 0.1703125000000001 0.7328125 0.20312500000000008 0.7328125
18 0.4593750000000001 0.6328125 0.4265625 0.6328125 0.42656250000000007 0.73125 0.4593750000000002 0.73125
49 0.0812500000000001 0.753125 0.025000000000000088 0.753125 0.025000000000000095 0.8515625 0.08125000000000011 0.8515625
48 0.5328125 0.3109375000000001 0.5 0.3109375000000001 0.5 0.4046875 0.5328125 0.4046875
7 0.36406250000000007 0.30781250000000004 0.3296875 0.3078125 0.3296875 0.4046875 0.36406250000000007 0.4046875
31 0.4796875 0.5234375 0.446875 0.5234375 0.446875 0.6203125 0.4796875 0.6203125
25 0.3531250000000001 0.5234375 0.3203125000000001 0.5234375 0.3203125000000001 0.6234375 0.3531250000000001 0.6234375
43 0.18125000000000008 0.5265625 0.14687500000000003 0.5265625 0.14687500000000006 0.6265625 0.18125000000000008 0.6265625
3 0.19062500000000004 0.30625 0.15625000000000006 0.30625 0.15625000000000006 0.40625 0.19062500000000004 0.40625
30 0.99375 0.12812500000000007 0.018750000000000017 0.128125 0.018750000000000065 0.8953125 0.99375 0.8953125
6 0.321875 0.3078125 0.2875 0.3078125 0.28750000000000003 0.4046875 0.3218750000000001 0.4046875
16 0.2453125000000001 0.6359375 0.21250000000000008 0.6359375 0.21250000000000008 0.7359375 0.2453125000000001 0.7359375
1 0.10468750000000004 0.3078125 0.07187500000000005 0.3078125 0.07187500000000005 0.403125 0.10468750000000004 0.403125
24 0.3109375000000001 0.5203125 0.2765625000000001 0.5203125 0.2765625000000001 0.6234375 0.3109375000000001 0.6234375
37 0.521875 0.5265625 0.4890625 0.5265625 0.4890625 0.6203125 0.521875 0.6203125
10 0.13906250000000006 0.5234375 0.10468750000000004 0.5234375 0.10468750000000007 0.625 0.1390625000000001 0.625
11 0.5765625 0.3078125000000001 0.5421875 0.3078125000000001 0.5421875 0.403125 0.5765625 0.403125
9 0.45 0.3078125000000001 0.415625 0.3078125000000001 0.415625 0.4046875 0.45 0.4046875
56 0.17031250000000003 0.4125 0.13750000000000004 0.4125 0.13750000000000004 0.5125 0.17031250000000003 0.5125
23 0.2671875000000001 0.5234375 0.23593750000000008 0.5234375 0.23593750000000008 0.6234375 0.2671875000000001 0.6234375
5 0.27812500000000007 0.3078125 0.2453125 0.3078125 0.24531250000000004 0.4046875 0.27812500000000007 0.4046875
4 0.23437500000000006 0.3046875 0.2015625 0.3046875 0.20156250000000003 0.403125 0.23437500000000008 0.403125
20 0.6609375 0.3125000000000001 0.5859375 0.3125000000000001 0.5859375 0.4078125 0.6609375 0.4078125
2 0.14687500000000003 0.30625 0.11406250000000004 0.30625 0.11406250000000004 0.40625 0.14687500000000003 0.40625
46 0.659375 0.6359375 0.5546875 0.6359375 0.5546875000000001 0.7328125 0.6593750000000002 0.7328125
29 0.4390625 0.5234375 0.4046875 0.5234375 0.4046875 0.6203125 0.4390625 0.6203125
58 0.1593750000000001 0.6359375 0.12500000000000008 0.6359375 0.12500000000000008 0.7359375 0.1593750000000001 0.7359375
39 0.5953125 0.41875 0.5625 0.41875 0.5625 0.5125 0.5953125 0.5125
0 0.490625 0.3109375000000001 0.45625 0.3109375000000001 0.45625 0.4046875 0.490625 0.4046875
54 0.5546875 0.415625 0.521875 0.415625 0.521875 0.5125 0.5546875 0.5125
15 0.33281250000000007 0.634375 0.2984375000000001 0.634375 0.2984375000000001 0.734375 0.33281250000000007 0.734375
51 0.3000000000000001 0.415625 0.2671875000000001 0.415625 0.2671875000000001 0.509375 0.3000000000000001 0.509375
55 0.2890625000000001 0.634375 0.2562500000000001 0.634375 0.2562500000000001 0.734375 0.2890625000000001 0.734375
21 0.21250000000000008 0.415625 0.17968750000000006 0.415625 0.17968750000000006 0.515625 0.21250000000000008 0.515625
38 0.5125 0.41875 0.48125 0.41875 0.48125 0.5125 0.5125 0.5125
27 0.4265625 0.415625 0.39531250000000007 0.415625 0.39531250000000007 0.509375 0.4265625 0.509375
13 0.1906250000000001 0.7515625 0.1468750000000001 0.7515625 0.1468750000000001 0.8515625 0.1906250000000001 0.8515625
44 0.07187500000000009 0.6390625 0.02656250000000008 0.6390625 0.026562500000000083 0.7390625 0.07187500000000009 0.7390625
41 0.12656250000000005 0.415625 0.09218750000000005 0.415625 0.09218750000000006 0.5125 0.12656250000000005 0.5125
45 0.09531250000000006 0.5265625 0.028125000000000067 0.5265625 0.028125000000000074 0.6265625 0.09531250000000006 0.6265625
33 0.4156250000000001 0.634375 0.3828125000000001 0.634375 0.3828125000000001 0.734375 0.4156250000000002 0.734375
28 0.39531250000000007 0.5234375 0.3625000000000001 0.5234375 0.3625000000000001 0.6203125 0.39531250000000007 0.6203125
17 0.06093750000000005 0.3078125 0.026562500000000034 0.3078125 0.026562500000000037 0.403125 0.06093750000000005 0.403125
32 0.11718750000000008 0.6359375 0.08125000000000009 0.6359375 0.08125000000000009 0.7328125 0.11718750000000008 0.7328125
53 0.3859375000000001 0.415625 0.3515625000000001 0.415625 0.3515625000000001 0.509375 0.3859375000000001 0.509375