14 0.46562500000000007 0.690625 0.41875 0.690625 0.41875000000000007 0.753125 0.4656250000000002 0.753125
40 0.4765625 0.6234375 0.4421875 0.6234375 0.4421875 0.6828125 0.4765625 0.6828125
44 0.021875000000000082 0.6265625 7.673177600907635e-17 0.6265625 8.036744619404506e-17 0.6859375 0.021875000000000082 0.6859375
55 0.2500000000000001 0.6234375 0.2156250000000001 0.6234375 0.2156250000000001 0.6828125 0.2500000000000001 0.6828125
31 0.4546875 0.55625 0.4203125 0.55625 0.4203125 0.615625 0.4546875 0.615625
52 0.03437500000000006 0.490625 6.008423358316702e-17 0.490625 6.371990376813574e-17 0.55 0.034375000000000065 0.55
10 0.09062500000000007 0.55625 0.056250000000000064 0.55625 0.056250000000000064 0.61875 0.09062500000000007 0.61875
24 0.2718750000000001 0.5546875 0.2375000000000001 0.5546875 0.2375000000000001 0.615625 0.2718750000000001 0.615625
18 0.43125 0.625 0.3968750000000001 0.625 0.3968750000000001 0.6828125 0.43125 0.6828125
0 0.465625 0.421875 0.43125 0.421875 0.43125 0.4828125 0.465625 0.4828125
32 0.06718750000000008 0.6265625 0.03281250000000008 0.6265625 0.032812500000000085 0.6859375 0.0671875000000001 0.6859375
49 0.03281250000000009 0.69375 0.0015625000000000847 0.69375 0.0015625000000000888 0.759375 0.03281250000000009 0.759375
6 0.2843750000000001 0.4234375 0.2500000000000001 0.4234375 0.2500000000000001 0.4828125 0.2843750000000001 0.4828125
11 0.5578125 0.4234375 0.5234375 0.4234375 0.5234375 0.48125 0.5578125 0.48125
50 0.6484375000000001 0.69375 0.5890625 0.69375 0.5890625 0.75625 0.6484375000000002 0.75625
38 0.4890625 0.490625 0.4546875 0.490625 0.4546875 0.5484375 0.4890625 0.5484375
37 0.5 0.55625 0.465625 0.55625 0.465625 0.615625 0.5 0.615625
3 0.14687500000000003 0.425 0.11250000000000004 0.425 0.11250000000000004 0.4859375 0.14687500000000003 0.4859375
57 0.1593750000000001 0.625 0.12500000000000008 0.625 0.12500000000000008 0.684375 0.1593750000000001 0.684375
16 0.20468750000000008 0.625 0.1703125000000001 0.625 0.1703125000000001 0.684375 0.20468750000000008 0.684375
46 0.646875 0.6265625 0.534375 0.6265625 0.534375 0.6859375 0.646875 0.6859375
42 0.2171875000000001 0.490625 0.18281250000000004 0.490625 0.18281250000000007 0.55 0.2171875000000001 0.55
54 0.534375 0.490625 0.5015625 0.490625 0.5015625 0.5484375 0.534375 0.5484375
45 0.045312500000000075 0.55625 6.812097820257152e-17 0.55625 7.185232391872362e-17 0.6171875 0.045312500000000075 0.6171875
48 0.5109375 0.4234375 0.4765625 0.4234375 0.4765625 0.4828125 0.5109375 0.4828125
12 0.5453125 0.55625 0.5109375 0.55625 0.5109375 0.6171875 0.5453125 0.6171875
15 0.2953125000000001 0.625 0.2609375000000001 0.625 0.2609375000000001 0.684375 0.2953125000000001 0.684375
19 0.18125000000000008 0.5546875 0.1468750000000001 0.5546875 0.1468750000000001 0.6171875 0.18125000000000008 0.6171875
35 0.34062500000000007 0.625 0.3062500000000001 0.625 0.3062500000000001 0.684375 0.34062500000000007 0.684375
1 0.05625000000000006 0.421875 0.02187500000000005 0.421875 0.021875000000000054 0.48125 0.056250000000000064 0.48125
33 0.3859375000000001 0.6234375 0.3515625000000001 0.6234375 0.3515625000000001 0.6828125 0.3859375000000001 0.6828125
13 0.1468750000000001 0.6921875 0.10156250000000008 0.6921875 0.10156250000000008 0.75625 0.1468750000000001 0.75625
4 0.19375000000000003 0.4234375 0.15937500000000004 0.4234375 0.15937500000000004 0.4828125 0.19375000000000003 0.4828125
39 0.578125 0.4890625 0.54375 0.4890625 0.54375 0.5484375 0.578125 0.5484375
2 0.10156250000000004 0.4234375 0.06718750000000004 0.4234375 0.06718750000000005 0.4828125 0.10156250000000004 0.4828125
30 0.9984375 0.31250000000000006 3.827021247335479e-17 0.3125 6.764260054665459e-17 0.7921875 0.9984375 0.7921875000000002
29 0.409375 0.5546875 0.3750000000000001 0.5546875 0.3750000000000001 0.615625 0.409375 0.615625
25 0.3187500000000001 0.55625 0.2843750000000001 0.55625 0.2843750000000001 0.615625 0.3187500000000001 0.615625
34 0.521875 0.6234375 0.4875 0.6234375 0.4875 0.6828125 0.521875 0.6828125
20 0.646875 0.425 0.56875 0.425 0.56875 0.484375 0.646875 0.484375
51 0.2609375000000001 0.4890625 0.22656250000000008 0.4890625 0.22656250000000008 0.5484375 0.2609375000000001 0.5484375
47 0.41093750000000007 0.690625 0.15625000000000008 0.690625 0.15625000000000008 0.76875 0.4109375000000002 0.76875
43 0.1359375000000001 0.55625 0.10156250000000008 0.55625 0.10156250000000008 0.6171875 0.1359375000000001 0.6171875
56 0.12500000000000006 0.4890625 0.09062500000000007 0.4890625 0.09062500000000007 0.55 0.12500000000000008 0.55
59 0.3078125000000001 0.4890625 0.2734375000000001 0.4890625 0.2734375000000001 0.5484375 0.3078125000000001 0.5484375
58 0.11250000000000009 0.6265625 0.07968750000000006 0.6265625 0.07968750000000008 0.6859375 0.11250000000000009 0.6859375
22 0.6484375 0.4875 0.5890625 0.4875 0.5890625 0.6203125 0.6484375 0.6203125
28 0.3625000000000001 0.55625 0.3281250000000001 0.55625 0.3281250000000001 0.615625 0.3625000000000001 0.615625
36 0.44375 0.490625 0.409375 0.490625 0.409375 0.55 0.44375 0.55
26 0.5890625 0.55625 0.5546875 0.55625 0.5546875 0.6171875 0.5890625 0.6171875
53 0.3531250000000001 0.4890625 0.3187500000000001 0.4890625 0.3187500000000001 0.5484375 0.3531250000000001 0.5484375
21 0.17031250000000006 0.490625 0.13593750000000004 0.490625 0.13593750000000007 0.55 0.1703125000000001 0.55
23 0.22656250000000008 0.55625 0.1937500000000001 0.55625 0.1937500000000001 0.615625 0.22656250000000008 0.615625
9 0.421875 0.4234375 0.3859375000000001 0.4234375 0.3859375000000001 0.4828125 0.421875 0.4828125
41 0.07968750000000006 0.490625 0.04375000000000005 0.490625 0.04375000000000006 0.5515625 0.07968750000000006 0.5515625
7 0.3296875000000001 0.4234375 0.2953125000000001 0.4234375 0.2953125000000001 0.4828125 0.3296875000000001 0.4828125
27 0.3968750000000001 0.4890625 0.36406250000000007 0.4890625 0.36406250000000007 0.5484375 0.3968750000000001 0.5484375
5 0.2390625000000001 0.4234375 0.20468750000000008 0.4234375 0.20468750000000008 0.484375 0.2390625000000001 0.484375
17 0.009375000000000055 0.4234375 5.1856137901395736e-17 0.4234375 5.5491808086364444e-17 0.4828125 0.009375000000000059 0.4828125
8 0.3765625000000001 0.4234375 0.3390625000000001 0.4234375 0.3390625000000001 0.484375 0.3765625000000001 0.484375