14 0.5640625000000001 0.7390625 0.5156250000000002 0.7390625 0.5156250000000002 0.8046875 0.5640625000000001 0.8046875
40 0.5406250000000001 0.66875 0.5046875 0.66875 0.5046875000000001 0.7296875 0.5406250000000001 0.7296875
44 1 0.6703125000000002 0.9796875 0.6703125000000002 0.9796875 0.7328125000000002 1 0.7328125000000002
55 0.7765625 0.6687500000000002 0.740625 0.6687500000000002 0.7406250000000001 0.7312500000000002 0.7765625000000002 0.7312500000000002
31 0.5625 0.5984375 0.528125 0.5984375 0.528125 0.659375 0.5625 0.659375
52 1 0.5281250000000002 0.965625 0.5281250000000002 0.965625 0.5906250000000002 1 0.5906250000000002
10 0.9421875 0.5968750000000002 0.90625 0.5968750000000002 0.90625 0.6625000000000002 0.9421875 0.6625000000000002
24 0.7546875 0.596875 0.71875 0.596875 0.71875 0.659375 0.7546875 0.6593750000000002
18 0.5875000000000001 0.6703125 0.5515625 0.6703125 0.5515625000000001 0.7296875 0.5875000000000001 0.7296875
0 0.553125 0.4578125 0.515625 0.4578125 0.515625 0.5203125 0.553125 0.5203125
32 0.9671875 0.6718750000000002 0.93125 0.6718750000000002 0.93125 0.7328125000000002 0.9671875 0.7328125000000002
49 1 0.7406250000000002 0.96875 0.7406250000000002 0.96875 0.809375 1 0.809375
6 0.740625 0.4593750000000001 0.7046875 0.459375 0.7046875 0.5218750000000001 0.740625 0.5218750000000002
11 0.45625 0.459375 0.4203125 0.459375 0.4203125 0.51875 0.45625 0.51875
50 0.38750000000000007 0.740625 0.32500000000000007 0.740625 0.32500000000000007 0.80625 0.38750000000000007 0.80625
38 0.5265625 0.5296875 0.490625 0.5296875 0.490625 0.5890625 0.5265625 0.5890625
37 0.515625 0.596875 0.4796875 0.596875 0.4796875 0.659375 0.515625 0.659375
3 0.8859375 0.46093750000000017 0.8484375 0.46093750000000017 0.8484375 0.5234375000000002 0.8859375 0.5234375000000002
57 0.8703125 0.6703125000000002 0.8359375 0.6703125000000002 0.8359375 0.7312500000000002 0.8703125 0.7312500000000002
16 0.825 0.6703125000000002 0.7890625 0.6703125000000002 0.7890625000000001 0.7312500000000002 0.825 0.7312500000000002
46 0.4437500000000001 0.6703125 0.32500000000000007 0.6703125 0.32500000000000007 0.7328125 0.4437500000000002 0.7328125
42 0.8109375 0.5281250000000002 0.7765625 0.5281250000000002 0.7765625 0.5906250000000002 0.8109375 0.5906250000000002
54 0.478125 0.5296875 0.44375 0.5296875 0.44375 0.5890625 0.478125 0.5890625
45 1 0.5968750000000002 0.9546875 0.5968750000000002 0.9546875 0.6609375000000002 1 0.6609375000000002
48 0.5046875 0.459375 0.46875 0.459375 0.46875 0.521875 0.5046875 0.521875
12 0.46875 0.5984375 0.43125 0.5984375 0.43125 0.6609375 0.46875 0.6609375
15 0.7296875 0.6703125000000001 0.69375 0.6703125 0.6937500000000001 0.7312500000000001 0.7296875000000002 0.7312500000000002
19 0.8484375 0.5953125000000001 0.8125 0.5953125000000001 0.8125 0.6609375000000002 0.8484375 0.6609375000000002
35 0.6828125 0.6703125 0.6453125 0.6703125 0.6453125000000001 0.73125 0.6828125000000002 0.73125
1 0.9796875 0.4578125000000002 0.94375 0.4578125000000002 0.94375 0.5203125000000002 0.9796875 0.5203125000000002
33 0.6359375 0.66875 0.5984375 0.66875 0.5984375000000001 0.73125 0.6359375000000002 0.73125
13 0.8953125 0.7406250000000002 0.8484375 0.7406250000000002 0.8484375 0.80625 0.8953125 0.80625
4 0.834375 0.4593750000000002 0.8 0.4593750000000002 0.8 0.5203125000000002 0.834375 0.5203125000000002
39 0.434375 0.528125 0.3968750000000001 0.528125 0.3968750000000001 0.590625 0.434375 0.590625
2 0.9328125 0.4593750000000002 0.8953125 0.4593750000000002 0.8953125 0.5218750000000002 0.9328125 0.5218750000000002
30 1 0.34375000000000006 4.209723372069027e-17 0.34375 7.271340369937409e-17 0.84375 1 0.84375
29 0.6109375 0.596875 0.5734375 0.596875 0.5734375 0.659375 0.6109375 0.659375
25 0.7046875 0.596875 0.6703125 0.596875 0.6703125 0.659375 0.7046875 0.659375
34 0.4937500000000001 0.66875 0.45625 0.66875 0.4562500000000001 0.73125 0.4937500000000002 0.73125
20 0.4078125 0.4609375 0.32500000000000007 0.4609375 0.32500000000000007 0.521875 0.4078125 0.521875
51 0.7640625 0.5281250000000002 0.7296875 0.5281250000000002 0.7296875 0.5890625000000002 0.7640625 0.5890625000000002
47 0.8390625 0.7375 0.5734375000000002 0.7375 0.5734375000000002 0.8203125 0.8390625 0.8203125
43 0.896875 0.5984375000000002 0.859375 0.5984375000000002 0.859375 0.6609375000000002 0.896875 0.6609375000000002
56 0.909375 0.5281250000000002 0.871875 0.5281250000000002 0.871875 0.5906250000000002 0.909375 0.5906250000000002
59 0.7171875 0.528125 0.68125 0.528125 0.68125 0.590625 0.7171875 0.590625
58 0.91875 0.6718750000000002 0.884375 0.6718750000000002 0.884375 0.7328125000000002 0.91875 0.7328125000000002
22 0.3859375000000001 0.5265625 0.32500000000000007 0.5265625 0.32500000000000007 0.6640625 0.3859375000000001 0.6640625
28 0.659375 0.596875 0.621875 0.596875 0.621875 0.659375 0.659375 0.659375
36 0.575 0.5296875 0.5390625 0.5296875 0.5390625 0.590625 0.575 0.590625
26 0.421875 0.5984375 0.3859375000000001 0.5984375 0.3859375000000001 0.6609375 0.421875 0.6609375
53 0.6703125 0.528125 0.634375 0.528125 0.634375 0.590625 0.6703125 0.590625
21 0.859375 0.5281250000000002 0.825 0.5281250000000002 0.825 0.5906250000000002 0.859375 0.5906250000000002
23 0.7984375 0.5968750000000002 0.7640625 0.5968750000000002 0.7640625 0.6593750000000002 0.7984375 0.6593750000000002
9 0.6 0.459375 0.5625 0.459375 0.5625 0.521875 0.6 0.521875
41 0.95625 0.5296875000000002 0.91875 0.5296875000000002 0.91875 0.5921875000000002 0.95625 0.5921875000000002
7 0.69375 0.459375 0.659375 0.459375 0.659375 0.521875 0.69375 0.521875
27 0.621875 0.528125 0.5875 0.528125 0.5875 0.5890625 0.621875 0.5890625
5 0.7890625 0.4593750000000002 0.7515625 0.4593750000000002 0.7515625 0.5218750000000002 0.7890625 0.5218750000000002
17 1 0.4593750000000002 0.990625 0.4593750000000002 0.990625 0.5203125000000002 1 0.5203125000000002
8 0.646875 0.459375 0.609375 0.459375 0.609375 0.521875 0.646875 0.521875