46 0.6625 6.773827607783798e-17 0.44375 5.43437017121638e-17 0.44375 0.2875000000000001 0.6625 0.2875000000000001
50 0.4015625 0.001562500000000036 0.1890625 0.0015625000000000229 0.1890625 0.12031250000000004 0.4015625 0.12031250000000004
18 0.675 0.5390625 0.453125 0.5390625 0.453125 0.6296875 0.675 0.6296875
12 0.925 0.2515625000000001 0.703125 0.2515625000000001 0.703125 0.3359375000000001 0.925 0.3359375000000001
35 0.6781250000000002 0.7703125 0.4656250000000002 0.7703125 0.4656250000000002 0.8578125 0.6781250000000002 0.8578125
33 0.6781250000000001 0.6546875 0.459375 0.6546875 0.4593750000000001 0.7421875 0.6781250000000002 0.7421875
14 0.4171875 0.428125 0.2015625000000001 0.428125 0.2015625000000001 0.54375 0.4171875 0.54375
24 0.946875 0.9484375 0.7218750000000002 0.9484375 0.7218750000000002 1 0.946875 1
34 0.6671875 0.3125000000000001 0.4515625 0.3125000000000001 0.4515625 0.4 0.6671875 0.4
22 1 0.0015625000000001027 0.678125 0.0015625000000000834 0.678125 0.1328125000000001 1 0.13281250000000014
15 0.6812500000000001 0.890625 0.46875000000000017 0.890625 0.46875000000000017 0.975 0.6812500000000001 0.975
47 0.4250000000000001 0.5609375 0.21250000000000008 0.5609375 0.21250000000000008 1 0.42500000000000016 1
31 0.93125 0.48125000000000007 0.709375 0.48125 0.709375 0.5687500000000001 0.93125 0.5687500000000002
25 0.94375 0.83125 0.7187500000000002 0.83125 0.7187500000000002 0.915625 0.94375 0.915625
37 0.928125 0.3671875000000001 0.709375 0.3671875000000001 0.709375 0.4562500000000001 0.928125 0.45625000000000016
29 0.934375 0.5937500000000001 0.709375 0.59375 0.709375 0.6828125 0.934375 0.6828125000000002
28 0.940625 0.7140625 0.721875 0.7140625 0.721875 0.8015625 0.940625 0.8015625
40 0.6703125 0.4265625 0.4546875 0.4265625 0.4546875 0.515625 0.6703125 0.515625
30 1 6.123233995736766e-17 0 0 6.123233995736766e-17 1 1 1
26 0.915625 0.13906250000000012 0.69375 0.1390625000000001 0.69375 0.2234375000000001 0.915625 0.2234375000000001