14 0.6046875 0.55625 0.5515625 0.55625 0.5515625 0.61875 0.6046875 0.61875
11 0.4984375 0.2718750000000001 0.4609375 0.2718750000000001 0.4609375 0.3281250000000001 0.4984375 0.3281250000000001
40 0.590625 0.4859375 0.5515625 0.4859375 0.5515625 0.5453125 0.590625 0.5453125
57 0.9703125 0.49218750000000017 0.9328125 0.49218750000000017 0.9328125 0.5484375000000001 0.9703125 0.5484375000000001
9 0.6609375 0.2718750000000001 0.6203125 0.2718750000000001 0.6203125 0.3312500000000001 0.6609375 0.3312500000000001
33 0.6984375 0.4875 0.6578125 0.4875 0.6578125 0.546875 0.6984375 0.546875
27 0.6859375 0.3468750000000001 0.646875 0.3468750000000001 0.646875 0.4 0.6859375 0.4
6 0.821875 0.2718750000000001 0.78125 0.2718750000000001 0.78125 0.3312500000000001 0.821875 0.3312500000000001
37 0.565625 0.4140625 0.5265625 0.4140625 0.5265625 0.4734375 0.565625 0.4734375
56 1 0.34843750000000007 0.9734375 0.34843750000000007 0.9734375 0.4046875000000002 1 0.4046875000000002
0 0.60625 0.27031250000000007 0.565625 0.27031250000000007 0.565625 0.3296875000000001 0.60625 0.3296875000000001
5 0.8765625 0.2750000000000001 0.8359375 0.2750000000000001 0.8359375 0.3312500000000001 0.8765625 0.3312500000000001
50 0.40625 0.5546875 0.3500000000000001 0.5546875 0.3500000000000001 0.6171875 0.40625 0.6171875
54 0.525 0.3453125000000001 0.4859375 0.3453125000000001 0.4859375 0.4015625 0.525 0.4015625
53 0.7390625 0.3468750000000001 0.7015625 0.3468750000000001 0.7015625 0.40312500000000007 0.7390625 0.4031250000000002
21 0.9578125 0.3453125000000001 0.91875 0.3453125000000001 0.91875 0.4046875000000002 0.9578125 0.4046875000000002
22 0.4171875 0.34062500000000007 0.3546875 0.340625 0.35468750000000004 0.475 0.4171875 0.475
36 0.6328125 0.3468750000000001 0.5921875 0.3468750000000001 0.5921875 0.4 0.6328125 0.4
34 0.5390625 0.484375 0.4984375 0.484375 0.4984375 0.54375 0.5390625 0.54375
25 0.7796875 0.41718750000000016 0.7421875 0.41718750000000016 0.7421875 0.4734375000000002 0.7796875 0.4734375000000002
13 1 0.5640625000000001 0.9546875 0.5640625000000001 0.9546875 0.6281250000000002 1 0.6281250000000002
38 0.5796875 0.3453125000000001 0.540625 0.3453125000000001 0.540625 0.4015625 0.5796875 0.4015625
15 0.8078125 0.4890625000000002 0.7671875 0.4890625000000002 0.7671875 0.5484375000000001 0.8078125 0.5484375000000001
19 0.9421875 0.4203125000000002 0.903125 0.4203125000000002 0.903125 0.47656250000000017 0.9421875 0.47656250000000017
51 0.846875 0.3468750000000001 0.809375 0.3468750000000001 0.809375 0.4031250000000002 0.846875 0.4031250000000002
3 0.9859375 0.2750000000000001 0.946875 0.2750000000000001 0.946875 0.3343750000000001 0.9859375 0.3343750000000001
30 1 0.12812500000000007 1.5690787114075464e-17 0.128125 5.109073365192865e-17 0.70625 1 0.7062500000000002
23 0.8875 0.4187500000000002 0.85 0.4187500000000002 0.85 0.4750000000000002 0.8875 0.4750000000000002
29 0.6703125 0.4171875 0.63125 0.4171875 0.63125 0.4734375 0.6703125 0.4734375
18 0.6453125 0.4859375 0.6046875 0.4859375 0.6046875 0.5453125 0.6453125 0.5453125
59 0.79375 0.3468750000000001 0.75625 0.3468750000000001 0.75625 0.4031250000000002 0.79375 0.4031250000000002
39 0.471875 0.3437500000000001 0.434375 0.3437500000000001 0.434375 0.4 0.471875 0.4
12 0.5125 0.415625 0.4734375 0.415625 0.4734375 0.471875 0.5125 0.471875
4 0.9296875 0.2750000000000001 0.890625 0.2750000000000001 0.890625 0.3312500000000001 0.9296875 0.3312500000000001
47 0.946875 0.5593750000000001 0.6171875 0.559375 0.6171875 0.6250000000000001 0.946875 0.6250000000000002
42 0.9015625 0.34843750000000007 0.8640625 0.34843750000000007 0.8640625 0.4046875000000002 0.9015625 0.4046875000000002
26 0.4578125 0.4140625 0.4203125 0.4140625 0.4203125 0.4703125 0.4578125 0.4703125
55 0.8625 0.4890625000000002 0.821875 0.4890625000000002 0.821875 0.5484375000000001 0.8625 0.5484375000000001
16 0.915625 0.4906250000000002 0.878125 0.4906250000000002 0.878125 0.5500000000000002 0.915625 0.5500000000000002
20 0.446875 0.27187500000000003 0.35625 0.271875 0.35625 0.32812500000000006 0.446875 0.3281250000000001
58 1 0.49531250000000016 0.9875 0.49531250000000016 0.9875 0.5515625000000002 1 0.5515625000000002
24 0.834375 0.4187500000000002 0.7953125 0.4187500000000002 0.7953125 0.4750000000000002 0.834375 0.4750000000000002
28 0.725 0.415625 0.6859375 0.415625 0.6859375 0.471875 0.725 0.471875
8 0.7140625 0.2734375000000001 0.6734375 0.2734375000000001 0.6734375 0.33281250000000007 0.7140625 0.33281250000000007
35 0.7515625 0.4875000000000001 0.7109375 0.4875 0.7109375 0.5468750000000001 0.7515625 0.5468750000000002
48 0.553125 0.2750000000000001 0.5125 0.2750000000000001 0.5125 0.3312500000000001 0.553125 0.3312500000000001
7 0.7671875 0.2734375000000001 0.728125 0.2734375000000001 0.728125 0.33281250000000007 0.7671875 0.33281250000000007
46 0.484375 0.4828125 0.3531250000000001 0.4828125 0.3531250000000001 0.5421875 0.484375 0.5421875
43 0.9984375 0.4203125000000002 0.959375 0.4203125000000002 0.959375 0.47656250000000017 0.9984375 0.47656250000000017
31 0.6171875 0.4171875 0.5796875 0.4171875 0.5796875 0.4734375 0.6171875 0.4734375