34 0.5515625 0.37187500000000007 0.475 0.37187500000000007 0.475 0.4078125 0.5515625 0.4078125
37 0.4625 0.39531250000000007 0.3890625000000001 0.39531250000000007 0.3890625000000001 0.4296875 0.4625 0.4296875
51 0.3625000000000001 0.6296875 0.2906250000000001 0.6296875 0.2906250000000001 0.6671875 0.3625000000000001 0.6671875
47 0.6359375 0.4734375 0.553125 0.4734375 0.5531250000000001 0.7609375 0.6359375000000002 0.7609375
14 0.6390625 0.4171875 0.5609375 0.4171875 0.5609375 0.465625 0.6390625 0.465625
18 0.54375 0.4640625 0.4703125 0.4640625 0.4703125 0.496875 0.54375 0.496875
32 0.5328125000000001 0.8328125 0.4578125000000002 0.8328125 0.4578125000000002 0.8703125 0.5328125000000001 0.8703125
23 0.45 0.6671875 0.3750000000000001 0.6671875 0.3750000000000001 0.7046875 0.45 0.7046875
53 0.3687500000000001 0.540625 0.2968750000000001 0.540625 0.2968750000000001 0.5765625 0.3687500000000001 0.5765625
8 0.2890625000000001 0.515625 0.21093750000000008 0.515625 0.21093750000000008 0.553125 0.2890625000000001 0.553125
54 0.38125000000000003 0.3609375 0.3046875 0.3609375 0.30468750000000006 0.39531250000000007 0.3812500000000001 0.39531250000000007
5 0.27812500000000007 0.65 0.20468750000000008 0.65 0.20468750000000008 0.6875 0.27812500000000007 0.6875
10 0.44531250000000017 0.80625 0.3703125000000001 0.80625 0.3703125000000001 0.84375 0.44531250000000017 0.84375
28 0.4546875 0.53125 0.3828125000000001 0.53125 0.3828125000000001 0.565625 0.4546875 0.565625
29 0.45625 0.484375 0.3843750000000001 0.484375 0.3843750000000001 0.5203125 0.45625 0.5203125
24 0.45 0.621875 0.3781250000000001 0.621875 0.3781250000000001 0.6578125 0.45 0.6578125
11 0.29531250000000003 0.334375 0.2203125 0.334375 0.22031250000000005 0.371875 0.2953125000000001 0.371875
4 0.2750000000000001 0.696875 0.2015625000000001 0.696875 0.2015625000000001 0.734375 0.2750000000000001 0.734375
41 0.3593750000000001 0.8140625 0.2812500000000001 0.8140625 0.2812500000000001 0.8546875 0.3593750000000001 0.8546875
45 0.4500000000000002 0.8609375 0.3671875000000001 0.8609375 0.3671875000000001 0.928125 0.4500000000000002 0.928125
50 0.65 0.2453125000000001 0.56875 0.2453125000000001 0.56875 0.2953125000000001 0.65 0.2953125000000001
7 0.2843750000000001 0.559375 0.2078125000000001 0.559375 0.2078125000000001 0.596875 0.2843750000000001 0.596875
17 0.2671875000000001 0.8765625 0.1921875000000001 0.8765625 0.19218750000000012 0.91875 0.2671875000000001 0.91875
38 0.3750000000000001 0.4046875 0.3031250000000001 0.4046875 0.3031250000000001 0.4390625 0.3750000000000001 0.4390625
20 0.29375 0.246875 0.221875 0.246875 0.221875 0.328125 0.29375 0.328125
6 0.2828125000000001 0.6046875 0.2062500000000001 0.6046875 0.2062500000000001 0.6421875 0.2828125000000001 0.6421875
25 0.453125 0.5765625 0.3812500000000001 0.5765625 0.3812500000000001 0.6109375 0.453125 0.6109375
55 0.5390625 0.6453125 0.4640625 0.6453125 0.4640625 0.6828125 0.5390625 0.6828125
26 0.46875 0.3031250000000001 0.3921875 0.3031250000000001 0.3921875 0.3390625000000001 0.46875 0.3390625000000001
30 0.7156250000000001 4.8985871965894137e-17 0.084375 1.0332957367805793e-17 0.08437500000000006 1 0.7156250000000002 1
49 0.6328125000000002 0.878125 0.5453125000000002 0.878125 0.5453125000000002 0.934375 0.6328125000000002 0.934375
58 0.5343750000000002 0.7859375 0.4593750000000002 0.7859375 0.4593750000000002 0.8234375 0.5343750000000002 0.8234375
9 0.2890625000000001 0.4703125 0.2140625000000001 0.4703125 0.2140625000000001 0.5078125 0.2890625000000001 0.5078125
16 0.5375000000000001 0.6921875 0.4640625 0.6921875 0.4640625000000001 0.7296875 0.5375000000000002 0.7296875
2 0.2734375000000001 0.7875 0.19531250000000008 0.7875 0.19531250000000008 0.828125 0.2734375000000001 0.828125
56 0.3609375000000001 0.76875 0.2828125000000001 0.76875 0.2828125000000001 0.8078125 0.3609375000000001 0.8078125
19 0.45000000000000007 0.7109375 0.3734375000000001 0.7109375 0.3734375000000001 0.7515625 0.4500000000000002 0.7515625
43 0.4468750000000002 0.7609375 0.3734375000000001 0.7609375 0.3734375000000001 0.796875 0.4468750000000002 0.796875
3 0.2734375000000001 0.740625 0.1984375000000001 0.740625 0.1984375000000001 0.78125 0.2734375000000001 0.78125
42 0.3625000000000001 0.6765625 0.2890625000000001 0.6765625 0.2890625000000001 0.7140625 0.3625000000000001 0.7140625
46 0.5546875 0.2484375000000001 0.4765625 0.2484375000000001 0.4765625 0.3625000000000001 0.5546875 0.3625000000000001
57 0.5359375000000002 0.7390625 0.4593750000000002 0.7390625 0.4593750000000002 0.7765625 0.5359375000000002 0.7765625
12 0.465625 0.34843750000000007 0.390625 0.34843750000000007 0.39062500000000006 0.3843750000000001 0.465625 0.3843750000000001
15 0.5421875 0.5984375 0.4671875 0.5984375 0.4671875 0.6359375 0.5421875 0.6359375
27 0.3687500000000001 0.49375 0.2984375000000001 0.49375 0.2984375000000001 0.528125 0.3687500000000001 0.528125
21 0.3625000000000001 0.7203125 0.28593750000000007 0.7203125 0.28593750000000007 0.7609375 0.3625000000000001 0.7609375
33 0.546875 0.5078125 0.46875 0.5078125 0.46875 0.5453125 0.546875 0.5453125
0 0.2921875000000001 0.425 0.2156250000000001 0.425 0.2156250000000001 0.4640625 0.2921875000000001 0.4640625
48 0.2906250000000001 0.38125 0.21875000000000008 0.38125 0.21875000000000008 0.41875 0.2906250000000001 0.41875
44 0.5359375000000002 0.878125 0.4578125000000002 0.878125 0.4578125000000002 0.9296875 0.5359375000000002 0.9296875
13 0.6343750000000001 0.765625 0.5484375000000001 0.765625 0.5484375000000001 0.8140625 0.6343750000000001 0.8140625
59 0.3656250000000001 0.5859375 0.29375000000000007 0.5859375 0.29375000000000007 0.6203125 0.3656250000000001 0.6203125
39 0.38125 0.31718750000000007 0.3046875 0.3171875 0.3046875 0.35156250000000006 0.38125 0.3515625000000001
1 0.27031250000000007 0.83125 0.1937500000000001 0.83125 0.1937500000000001 0.871875 0.27031250000000007 0.871875
36 0.37187500000000007 0.4484375 0.3000000000000001 0.4484375 0.3000000000000001 0.4859375 0.37187500000000007 0.4859375
52 0.3578125000000001 0.8609375 0.2796875000000001 0.8609375 0.2796875000000001 0.9234375 0.3578125000000001 0.9234375
31 0.459375 0.4390625 0.3859375000000001 0.4390625 0.3859375000000001 0.4734375 0.459375 0.4734375
40 0.5484375 0.4171875 0.475 0.4171875 0.475 0.4515625 0.5484375 0.4515625
22 0.4765625 0.24531250000000004 0.3078125 0.2453125 0.3078125 0.30625 0.4765625 0.3062500000000001
35 0.54375 0.553125 0.46875 0.553125 0.46875 0.590625 0.54375 0.590625