46 0.27812500000000007 0.3890625 0.02187500000000005 0.3890625 0.02187500000000006 0.5828125 0.27812500000000007 0.5828125
50 0.1312500000000001 0.61875 0.028125000000000077 0.61875 0.028125000000000087 0.80625 0.1312500000000001 0.80625
18 0.58125 0.3781250000000001 0.5015625 0.3781250000000001 0.5015625 0.571875 0.58125 0.571875
12 0.321875 0.15781250000000005 0.246875 0.15781250000000005 0.246875 0.3515625 0.321875 0.3515625
35 0.7828125 0.3750000000000001 0.70625 0.3750000000000001 0.70625 0.5625000000000001 0.7828125 0.5625000000000002
33 0.68125 0.3750000000000001 0.603125 0.3750000000000001 0.603125 0.5671875 0.68125 0.5671875
14 0.5046875000000001 0.6046875 0.403125 0.6046875 0.40312500000000007 0.79375 0.5046875000000002 0.79375
24 0.9375 0.13906250000000012 0.8640625 0.1390625000000001 0.8640625 0.3359375000000001 0.9375 0.3359375000000001
34 0.3781250000000001 0.384375 0.30156250000000007 0.384375 0.30156250000000007 0.575 0.3781250000000001 0.575
22 0.14218750000000002 9.471877587155312e-18 0.0125 1.5308084989341916e-18 0.012500000000000022 0.375 0.14218750000000005 0.375
15 0.8859375 0.37187500000000007 0.8125 0.37187500000000007 0.8125 0.5593750000000002 0.8859375 0.5593750000000002
47 0.990625 0.5984375000000001 0.521875 0.5984375 0.5218750000000001 0.7859375000000001 0.990625 0.7859375000000002
31 0.528125 0.15156250000000004 0.45 0.15156250000000004 0.45 0.3453125000000001 0.528125 0.3453125000000001
25 0.834375 0.1390625000000001 0.759375 0.1390625000000001 0.759375 0.3390625000000001 0.834375 0.3390625000000001
37 0.428125 0.15468750000000003 0.35 0.15468750000000003 0.35 0.34843750000000007 0.428125 0.34843750000000007
55 0.990625 0.3671875000000001 0.9140625 0.3671875000000001 0.9140625 0.5546875000000002 0.990625 0.5546875000000002
29 0.628125 0.14843750000000008 0.55 0.14843750000000008 0.55 0.34843750000000007 0.628125 0.34843750000000007
28 0.7328125 0.14218750000000008 0.65625 0.14218750000000008 0.65625 0.3359375000000001 0.7328125 0.3359375000000001
40 0.4796875 0.3812500000000001 0.4015625 0.3812500000000001 0.4015625 0.5703125 0.4796875 0.5703125
30 1 6.123233995736766e-17 0 0 6.046693570790056e-17 0.9875 1 0.9875
23 1 0.13281250000000014 0.9625 0.13281250000000014 0.9625 0.3296875000000001 1 0.3296875000000001
26 0.2234375 0.16562500000000002 0.1484375 0.165625 0.14843750000000003 0.359375 0.2234375 0.359375