14 0.4640625 0.5203125 0.4234375 0.5203125 0.4234375 0.5625 0.4640625 0.5625
50 0.6109375 0.521875 0.5625 0.521875 0.5625 0.5640625 0.6109375 0.5640625
47 0.41875 0.51875 0.2062500000000001 0.51875 0.2062500000000001 0.5640625 0.41875 0.5640625
53 0.37187500000000007 0.37500000000000006 0.3453125000000001 0.375 0.3453125000000001 0.4140625 0.37187500000000007 0.4140625
8 0.39062500000000006 0.3296875000000001 0.3640625 0.3296875000000001 0.36406250000000007 0.3687500000000001 0.3906250000000001 0.3687500000000001
42 0.26250000000000007 0.375 0.23437500000000008 0.375 0.23437500000000008 0.4109375 0.26250000000000007 0.4109375
10 0.15781250000000005 0.4203125 0.12968750000000004 0.4203125 0.12968750000000004 0.4609375 0.15781250000000005 0.4609375
9 0.428125 0.3296875000000001 0.4 0.3296875000000001 0.4 0.3687500000000001 0.428125 0.3687500000000001
43 0.19375000000000003 0.4203125 0.16718750000000004 0.4203125 0.16718750000000004 0.4609375 0.19375000000000003 0.4609375
1 0.13437500000000005 0.3265625 0.10781250000000005 0.3265625 0.10781250000000005 0.3609375 0.13437500000000005 0.3609375
46 0.609375 0.4734375 0.51875 0.4734375 0.51875 0.5125 0.609375 0.5125
30 0.90625 0.26093750000000004 0.04531250000000003 0.2609375 0.045312500000000054 0.6015625000000001 0.90625 0.6015625000000002
37 0.490625 0.425 0.4609375 0.425 0.4609375 0.4640625 0.490625 0.4640625
25 0.3437500000000001 0.4234375 0.3156250000000001 0.4234375 0.3156250000000001 0.4625 0.3437500000000001 0.4625
35 0.3609375000000001 0.4703125 0.33281250000000007 0.4703125 0.33281250000000007 0.509375 0.3609375000000001 0.509375
36 0.4453125 0.3781250000000001 0.4171875 0.3781250000000001 0.4171875 0.4140625 0.4453125 0.4140625
18 0.4359375 0.471875 0.4078125 0.471875 0.4078125 0.5109375 0.4359375 0.5109375
12 0.5265625 0.425 0.4984375 0.425 0.4984375 0.4671875 0.5265625 0.4671875
26 0.5640625 0.4265625 0.5328125 0.4265625 0.5328125 0.4671875 0.5640625 0.4671875
23 0.2687500000000001 0.4234375 0.24218750000000008 0.4234375 0.24218750000000008 0.4625 0.2687500000000001 0.4625
22 0.6078125 0.3765625000000001 0.5609375 0.3765625000000001 0.5609375 0.4703125 0.6078125 0.4703125
49 0.10312500000000006 0.51875 0.05156250000000007 0.51875 0.05156250000000007 0.559375 0.10312500000000009 0.559375
54 0.5171875 0.3781250000000001 0.4890625 0.3781250000000001 0.4890625 0.41875 0.5171875 0.41875
21 0.2250000000000001 0.375 0.19843750000000004 0.375 0.19843750000000004 0.4109375 0.2250000000000001 0.4109375
44 0.09687500000000007 0.46875 0.056250000000000064 0.46875 0.056250000000000064 0.5078125 0.09687500000000007 0.5078125
56 0.18906250000000005 0.3734375 0.16093750000000004 0.3734375 0.16093750000000004 0.4109375 0.18906250000000005 0.4109375
0 0.4640625 0.3296875000000001 0.4359375 0.3296875000000001 0.4359375 0.3703125000000001 0.4640625 0.3703125000000001
5 0.28125000000000006 0.3265625 0.2546875 0.3265625 0.25468750000000007 0.3640625 0.2812500000000001 0.3640625
33 0.3984375000000001 0.4703125 0.3687500000000001 0.4703125 0.3687500000000001 0.5125 0.3984375000000001 0.5125
32 0.13437500000000005 0.46875 0.10468750000000004 0.46875 0.10468750000000004 0.50625 0.13437500000000005 0.50625
57 0.2093750000000001 0.46875 0.18125000000000005 0.46875 0.18125000000000005 0.5078125 0.2093750000000001 0.5078125
52 0.11406250000000004 0.3734375 0.06718750000000004 0.3734375 0.06718750000000004 0.4109375 0.11406250000000004 0.4109375
29 0.4171875 0.4234375 0.3890625000000001 0.4234375 0.3890625000000001 0.4625 0.4171875 0.4625
39 0.5546875 0.3781250000000001 0.5265625 0.3781250000000001 0.5265625 0.4203125 0.5546875 0.4203125
3 0.2078125 0.3265625 0.18125000000000005 0.3265625 0.18125000000000005 0.3625 0.2078125 0.3625
6 0.31875000000000003 0.328125 0.2921875 0.328125 0.29218750000000004 0.365625 0.3187500000000001 0.365625
59 0.3359375000000001 0.3734375 0.3078125000000001 0.3734375 0.3078125000000001 0.4125 0.3359375000000001 0.4125
24 0.3062500000000001 0.421875 0.27812500000000007 0.421875 0.27812500000000007 0.4609375 0.3062500000000001 0.4609375
11 0.5359375 0.33281250000000007 0.509375 0.33281250000000007 0.509375 0.3687500000000001 0.5359375 0.3687500000000001
48 0.5 0.33281250000000007 0.471875 0.33281250000000007 0.471875 0.37187500000000007 0.5 0.37187500000000007
15 0.3234375000000001 0.4703125 0.2953125000000001 0.4703125 0.2953125000000001 0.509375 0.3234375000000001 0.509375
55 0.28593750000000007 0.4671875 0.2578125000000001 0.4671875 0.2578125000000001 0.5078125 0.28593750000000007 0.5078125
4 0.24375 0.3265625 0.21875 0.3265625 0.21875 0.3625 0.24375 0.3625
19 0.2312500000000001 0.421875 0.20468750000000008 0.421875 0.20468750000000008 0.4609375 0.2312500000000001 0.4609375
38 0.48125 0.3781250000000001 0.453125 0.3781250000000001 0.453125 0.4171875 0.48125 0.4171875
7 0.35468750000000004 0.328125 0.328125 0.328125 0.32812500000000006 0.365625 0.3546875000000001 0.365625
41 0.15156250000000004 0.3765625 0.12500000000000006 0.3765625 0.12500000000000006 0.4140625 0.15156250000000004 0.4140625
40 0.471875 0.471875 0.44375 0.471875 0.44375 0.5125 0.471875 0.5125
13 0.19843750000000007 0.5171875 0.15937500000000004 0.5171875 0.15937500000000007 0.559375 0.1984375000000001 0.559375
31 0.4546875 0.425 0.4265625 0.425 0.4265625 0.4640625 0.4546875 0.4640625
16 0.2484375000000001 0.46875 0.22031250000000008 0.46875 0.22031250000000008 0.5078125 0.2484375000000001 0.5078125
28 0.3812500000000001 0.421875 0.3531250000000001 0.421875 0.3531250000000001 0.4625 0.3812500000000001 0.4625
20 0.60625 0.33281250000000007 0.5453125 0.33281250000000007 0.5453125 0.37187500000000007 0.60625 0.37187500000000007
17 0.09687500000000004 0.3265625 0.07187500000000005 0.3265625 0.07187500000000005 0.3609375 0.09687500000000004 0.3609375
27 0.409375 0.3781250000000001 0.3812500000000001 0.3781250000000001 0.3812500000000001 0.4140625 0.409375 0.4140625
45 0.11093750000000005 0.421875 0.06250000000000004 0.421875 0.06250000000000006 0.4609375 0.11093750000000005 0.4609375
58 0.17187500000000006 0.46875 0.14375000000000004 0.46875 0.14375000000000004 0.5078125 0.17187500000000006 0.5078125
34 0.509375 0.471875 0.4796875 0.471875 0.4796875 0.5140625 0.509375 0.5140625
51 0.2984375000000001 0.375 0.2718750000000001 0.375 0.2718750000000001 0.4109375 0.2984375000000001 0.4109375
2 0.17187500000000006 0.3296875 0.14531250000000004 0.3296875 0.14531250000000004 0.3640625 0.17187500000000006 0.3640625