11 0.4265625000000002 0.7625 0.34062500000000007 0.7625 0.34062500000000007 0.821875 0.4265625000000002 0.821875
12 0.6343750000000001 0.7875 0.5437500000000002 0.7875 0.5437500000000002 0.85 0.6343750000000001 0.85
26 0.6343750000000001 0.7046875 0.54375 0.7046875 0.5437500000000001 0.76875 0.6343750000000001 0.76875
39 0.534375 0.7234375 0.446875 0.7234375 0.4468750000000001 0.7859375 0.5343750000000002 0.7859375
30 0.9578125 6.831232926493829e-17 0.1578125 1.932645729904417e-17 0.15781250000000008 1 0.9578125 1
48 0.42968750000000017 0.8390625 0.3421875000000001 0.8390625 0.3421875000000001 0.9015625 0.42968750000000017 0.9015625
20 0.4296875000000001 0.6015625 0.3421875000000001 0.6015625 0.3421875000000001 0.746875 0.42968750000000017 0.746875
36 0.5312500000000002 0.959375 0.4437500000000002 0.959375 0.4437500000000002 1 0.5312500000000002 1
46 0.7546875000000001 0.5953125000000001 0.6546875 0.5953125 0.6546875000000001 0.8171875 0.7546875000000002 0.8171875
22 0.6359375 0.6015625 0.4390625 0.6015625 0.4390625 0.7078125 0.6359375 0.7078125
0 0.42968750000000017 0.9140625 0.3421875000000001 0.9140625 0.3421875000000001 0.9796875 0.42968750000000017 0.9796875
37 0.6359375000000002 0.8671875 0.5453125000000002 0.8671875 0.5453125000000002 0.9296875 0.6359375000000002 0.9296875
47 1 0.3687500000000001 0.8859375 0.3687500000000001 0.8859375 1 1 1
14 0.8578125 0.909375 0.7609375000000002 0.909375 0.7609375000000002 0.9984375 0.8578125 0.9984375
54 0.5312500000000002 0.8046875 0.4421875000000002 0.8046875 0.4421875000000002 0.8671875 0.5312500000000002 0.8671875
34 0.7437500000000001 0.8296875 0.6500000000000001 0.8296875 0.6500000000000001 0.89375 0.7437500000000001 0.89375
18 0.7484375000000002 0.9859375 0.6546875000000002 0.9859375 0.6546875000000002 1 0.7484375000000002 1
31 0.6359375000000002 0.9453125 0.5468750000000002 0.9453125 0.5468750000000002 1 0.6359375000000002 1
38 0.5296875000000002 0.88125 0.4421875000000002 0.88125 0.4421875000000002 0.94375 0.5296875000000002 0.94375
40 0.7437500000000001 0.9078125 0.6515625000000002 0.9078125 0.6515625000000002 0.971875 0.7437500000000001 0.971875
50 0.8546875 0.6046875000000002 0.7578125 0.6046875000000002 0.7578125 0.6937500000000002 0.8546875 0.6937500000000002