49 0.05312500000000009 0.678125 0.004687500000000083 0.678125 0.004687500000000088 0.75625 0.05312500000000009 0.75625
27 0.4828125 0.4 0.44375 0.4 0.44375 0.478125 0.4828125 0.478125
51 0.32500000000000007 0.4 0.28593750000000007 0.4 0.28593750000000007 0.4796875 0.32500000000000007 0.4796875
45 0.07812500000000007 0.4953125 0.0015625000000000604 0.4953125 0.0015625000000000651 0.575 0.07812500000000007 0.575
12 0.6515625 0.4921875 0.6109375 0.4921875 0.6109375 0.575 0.6515625 0.575
37 0.6 0.49375 0.559375 0.49375 0.559375 0.5734375 0.6 0.5734375
20 0.771875 0.3078125000000001 0.6765625 0.3078125000000001 0.6765625 0.3890625000000001 0.771875 0.3890625000000001
18 0.521875 0.584375 0.48125 0.584375 0.48125 0.665625 0.521875 0.665625
58 0.15625000000000008 0.5859375 0.11875000000000009 0.5859375 0.11875000000000009 0.6640625 0.15625000000000008 0.6640625
56 0.16718750000000004 0.4 0.12968750000000004 0.4 0.12968750000000004 0.4796875 0.16718750000000004 0.4796875
48 0.6140625 0.3078125000000001 0.571875 0.3078125000000001 0.571875 0.3890625000000001 0.6140625 0.3890625000000001
3 0.19218750000000004 0.309375 0.15156250000000004 0.309375 0.15156250000000004 0.390625 0.19218750000000004 0.390625
16 0.2609375000000001 0.5859375 0.2218750000000001 0.5859375 0.2218750000000001 0.6640625 0.2609375000000001 0.6640625
40 0.5734375 0.584375 0.534375 0.584375 0.534375 0.665625 0.5734375 0.665625
46 0.7703125 0.5843750000000001 0.6390625 0.584375 0.6390625 0.6671875 0.7703125 0.6671875000000002
7 0.403125 0.30781250000000004 0.3625 0.3078125 0.36250000000000004 0.39062500000000006 0.403125 0.3906250000000001
53 0.4296875 0.4 0.3890625000000001 0.4 0.3890625000000001 0.48125 0.4296875 0.48125
28 0.44375 0.49375 0.403125 0.49375 0.403125 0.5734375 0.44375 0.5734375
34 0.6265625 0.584375 0.5859375 0.584375 0.5859375 0.665625 0.6265625 0.665625
22 0.76875 0.3984375000000001 0.703125 0.3984375000000001 0.703125 0.5718750000000001 0.76875 0.5718750000000001
39 0.6921875 0.4 0.6484375 0.4 0.6484375 0.4828125 0.6921875 0.4828125
52 0.06250000000000006 0.4015625 4.91772230282609e-17 0.4015625 5.405667511861364e-17 0.48125 0.06250000000000007 0.48125
31 0.546875 0.49375 0.5078125 0.49375 0.5078125 0.5734375 0.546875 0.5734375
42 0.2718750000000001 0.4 0.2328125000000001 0.4 0.2328125000000001 0.4796875 0.2718750000000001 0.4796875
10 0.12812500000000007 0.49375 0.09062500000000007 0.49375 0.09062500000000007 0.5734375 0.1281250000000001 0.5734375
17 0.03125000000000004 0.309375 3.788751034862124e-17 0.309375 4.2766962438973974e-17 0.3890625 0.03125000000000004 0.3890625
38 0.5875 0.4 0.5453125 0.4 0.5453125 0.4796875 0.5875 0.4796875
55 0.3140625000000001 0.584375 0.2734375000000001 0.584375 0.2734375000000001 0.6640625 0.3140625000000001 0.6640625
33 0.471875 0.584375 0.4296875 0.584375 0.4296875 0.665625 0.471875 0.665625
11 0.665625 0.3078125000000001 0.625 0.3078125000000001 0.625 0.38750000000000007 0.665625 0.38750000000000007
32 0.10468750000000009 0.584375 0.06562500000000007 0.584375 0.06562500000000007 0.665625 0.10468750000000009 0.665625
44 0.05000000000000008 0.5859375 0.0015625000000000714 0.5859375 0.0015625000000000764 0.665625 0.050000000000000086 0.665625
6 0.35156250000000006 0.3078125 0.3109375 0.3078125 0.31093750000000003 0.3890625 0.3515625000000001 0.3890625
23 0.28593750000000007 0.49375 0.2484375000000001 0.49375 0.2484375000000001 0.5734375 0.28593750000000007 0.5734375
13 0.1828125000000001 0.678125 0.1312500000000001 0.678125 0.1312500000000001 0.75625 0.1828125000000001 0.75625
47 0.5125000000000001 0.675 0.1906250000000001 0.675 0.1906250000000001 0.759375 0.5125000000000002 0.759375
8 0.45625 0.3078125000000001 0.415625 0.3078125000000001 0.415625 0.3906250000000001 0.45625 0.3906250000000001
29 0.4953125 0.4921875 0.4546875 0.4921875 0.4546875 0.5734375 0.4953125 0.5734375
0 0.5625 0.3062500000000001 0.51875 0.3062500000000001 0.51875 0.3890625000000001 0.5625 0.3890625000000001
25 0.3906250000000001 0.49375 0.3515625000000001 0.49375 0.3515625000000001 0.5734375 0.3906250000000001 0.5734375
36 0.534375 0.4 0.49375 0.4 0.49375 0.48125 0.534375 0.48125
1 0.08593750000000004 0.309375 0.048437500000000036 0.309375 0.048437500000000036 0.3890625 0.08593750000000004 0.3890625
50 0.76875 0.6781250000000001 0.7140625 0.678125 0.7140625 0.7578125000000001 0.7687500000000002 0.7578125000000002
35 0.41875 0.584375 0.3781250000000001 0.584375 0.3781250000000001 0.665625 0.41875 0.665625
15 0.3656250000000001 0.584375 0.3265625000000001 0.584375 0.3265625000000001 0.665625 0.3656250000000001 0.665625
2 0.13906250000000003 0.309375 0.10156250000000004 0.309375 0.10156250000000004 0.390625 0.13906250000000003 0.390625
9 0.5078125 0.3078125000000001 0.4671875 0.3078125000000001 0.4671875 0.3890625000000001 0.5078125 0.3890625000000001
19 0.2328125000000001 0.49375 0.19531250000000006 0.49375 0.19531250000000006 0.5734375 0.2328125000000001 0.5734375
59 0.3765625000000001 0.4 0.3375000000000001 0.4 0.3375000000000001 0.48125 0.3765625000000001 0.48125
24 0.3375000000000001 0.49375 0.2984375000000001 0.49375 0.2984375000000001 0.571875 0.3375000000000001 0.571875
57 0.2093750000000001 0.5859375 0.17187500000000008 0.5859375 0.17187500000000008 0.6640625 0.2093750000000001 0.6640625
21 0.2218750000000001 0.4 0.18281250000000004 0.4 0.18281250000000004 0.48125 0.2218750000000001 0.48125
26 0.703125 0.4921875 0.6625 0.4921875 0.6625 0.5734375 0.703125 0.5734375
54 0.6390625 0.4 0.5984375 0.4 0.5984375 0.48125 0.6390625 0.48125
41 0.11406250000000004 0.4015625 0.07656250000000005 0.4015625 0.07656250000000006 0.48125 0.11406250000000004 0.48125
4 0.24531250000000004 0.3078125 0.20625 0.3078125 0.20625000000000004 0.3890625 0.2453125000000001 0.3890625
5 0.2984375 0.309375 0.2578125 0.309375 0.25781250000000006 0.390625 0.2984375000000001 0.390625
43 0.18125000000000008 0.49375 0.14218750000000005 0.49375 0.14218750000000008 0.5734375 0.18125000000000008 0.5734375
30 1 0.16093750000000007 1.9709159423777714e-17 0.1609375 5.807504742831589e-17 0.7875000000000001 1 0.7875000000000002
14 0.5750000000000001 0.6765625 0.5203125 0.6765625 0.5203125000000001 0.7578125 0.5750000000000002 0.7578125