10 0.7046875 0.23437500000000008 0.4828125 0.23437500000000008 0.4828125 0.3500000000000001 0.7046875 0.3500000000000001
24 0.6937500000000002 0.8046875 0.46875000000000017 0.8046875 0.46875000000000017 0.9265625 0.6937500000000002 0.9265625
41 0.921875 0.21093750000000008 0.709375 0.21093750000000008 0.709375 0.3234375000000001 0.921875 0.3234375000000001
51 0.903125 0.7593750000000001 0.7078125000000002 0.759375 0.7078125000000002 0.871875 0.903125 0.871875
55 0.46093750000000017 0.7515625 0.2234375000000001 0.7515625 0.2234375000000001 0.8765625 0.46093750000000017 0.8765625
59 0.8953125 0.8890625 0.7031250000000002 0.8890625 0.7031250000000002 1 0.8953125 1
57 0.4609375 0.4546875 0.22031250000000008 0.4546875 0.22031250000000008 0.5734375 0.4609375 0.5734375
32 0.4640625 0.15156250000000004 0.2234375 0.15156250000000004 0.2234375 0.27343750000000006 0.4640625 0.2734375000000001
21 0.909375 0.48906250000000007 0.7015625 0.4890625 0.7015625 0.5984375000000001 0.909375 0.5984375000000002
58 0.4625 0.30312500000000003 0.221875 0.303125 0.22187500000000004 0.425 0.4625 0.425
47 0.2015625000000001 0.5421875 6.639881864127056e-17 0.5421875 9.443174927800294e-17 1 0.2015625000000001 1
16 0.4609375000000001 0.6046875 0.22656250000000008 0.6046875 0.22656250000000008 0.7265625 0.46093750000000017 0.7265625
56 0.9140625 0.3500000000000001 0.7140625 0.3500000000000001 0.7140625 0.4593750000000001 0.9140625 0.4593750000000002
45 0.7078125 0.0015625000000000736 0.49375 0.0015625000000000604 0.49375 0.2140625000000001 0.7078125 0.2140625000000001
44 0.471875 4.305398903252414e-17 0.23125 2.8319957230282545e-17 0.23125 0.12500000000000006 0.471875 0.12500000000000006
43 0.7015625 0.3812500000000001 0.4765625 0.3812500000000001 0.4765625 0.496875 0.7015625 0.496875
52 0.9265625 1.0151173858557357e-16 0.73125 8.955229718765019e-17 0.73125 0.1875000000000001 0.9265625 0.18750000000000014
19 0.6984375 0.5234375 0.4671875 0.5234375 0.4671875 0.640625 0.6984375 0.640625
23 0.6984375 0.665625 0.465625 0.665625 0.46562500000000007 0.784375 0.6984375000000002 0.784375
49 0.20625 1.262917011620708e-17 0 0 6.410260589286928e-18 0.10468750000000002 0.20625 0.10468750000000004
15 0.45312500000000017 0.89375 0.22812500000000008 0.89375 0.22812500000000008 1 0.45312500000000017 1
25 0.6796875000000002 0.9390625 0.4828125000000002 0.9390625 0.4828125000000002 1 0.6796875000000002 1
13 0.20468750000000005 0.3390625 0.0015625000000000417 0.3390625 0.0015625000000000521 0.5078125 0.20468750000000008 0.5078125
42 0.9078125 0.6234375000000001 0.7078125 0.6234375 0.7078125000000001 0.7359375000000001 0.9078125 0.7359375000000001