37 0.521875 0.50625 0.4921875 0.50625 0.4921875 0.571875 0.521875 0.571875
16 0.2765625000000001 0.575 0.2453125000000001 0.575 0.2453125000000001 0.640625 0.2765625000000001 0.640625
33 0.4265625 0.578125 0.39531250000000007 0.578125 0.39531250000000007 0.6453125 0.4265625 0.6453125
6 0.3453125 0.35 0.3140625 0.35 0.3140625 0.4140625 0.3453125000000001 0.4140625
24 0.33281250000000007 0.5 0.3031250000000001 0.5 0.3031250000000001 0.5640625 0.33281250000000007 0.5640625
17 0.11562500000000005 0.34375 0.08750000000000005 0.34375 0.08750000000000005 0.4078125 0.11562500000000005 0.4078125
53 0.4 0.425 0.3687500000000001 0.425 0.3687500000000001 0.490625 0.4 0.490625
4 0.26875000000000004 0.346875 0.2390625 0.346875 0.23906250000000004 0.4109375 0.2687500000000001 0.4109375
45 0.13281250000000006 0.496875 0.08437500000000006 0.496875 0.08437500000000006 0.5625 0.13281250000000008 0.5625
49 0.12343750000000009 0.65 0.08125000000000009 0.65 0.08125000000000009 0.715625 0.12343750000000009 0.715625
18 0.465625 0.578125 0.4359375 0.578125 0.4359375 0.6453125 0.465625 0.6453125
9 0.459375 0.3531250000000001 0.4265625 0.3531250000000001 0.4265625 0.41875 0.459375 0.41875
28 0.4078125 0.5015625 0.3781250000000001 0.5015625 0.3781250000000001 0.5671875 0.4078125 0.5671875
21 0.2484375000000001 0.421875 0.21875000000000008 0.421875 0.21875000000000008 0.4875 0.2484375000000001 0.4875
22 0.6453125 0.4296875 0.5953125 0.4296875 0.5953125 0.5765625 0.6453125 0.5765625
31 0.484375 0.5046875 0.4546875 0.5046875 0.4546875 0.5703125 0.484375 0.5703125
29 0.446875 0.5015625 0.4171875 0.5015625 0.4171875 0.5671875 0.446875 0.5671875
0 0.4953125 0.3515625000000001 0.4640625 0.3515625000000001 0.4640625 0.41875 0.4953125 0.41875
41 0.17187500000000006 0.41875 0.14218750000000005 0.41875 0.14218750000000005 0.4859375 0.17187500000000006 0.4859375
1 0.15312500000000004 0.3453125 0.12500000000000006 0.3453125 0.12500000000000006 0.4078125 0.15312500000000004 0.4078125
35 0.3890625000000001 0.578125 0.3578125000000001 0.578125 0.3578125000000001 0.64375 0.3890625000000001 0.64375
36 0.4765625 0.428125 0.4453125 0.428125 0.4453125 0.4921875 0.4765625 0.4921875
26 0.596875 0.50625 0.565625 0.50625 0.565625 0.5734375 0.596875 0.5734375
38 0.5140625 0.4296875 0.4828125 0.4296875 0.4828125 0.4953125 0.5140625 0.4953125
34 0.5390625 0.58125 0.509375 0.58125 0.509375 0.6484375 0.5390625 0.6484375
23 0.29375000000000007 0.4984375 0.2656250000000001 0.4984375 0.2656250000000001 0.5640625 0.29375000000000007 0.5640625
40 0.5015625 0.58125 0.4734375 0.58125 0.4734375 0.6453125 0.5015625 0.6453125
48 0.5328125 0.3546875000000001 0.5015625 0.3546875000000001 0.5015625 0.421875 0.5328125 0.421875
10 0.17968750000000006 0.496875 0.15000000000000005 0.496875 0.15000000000000008 0.5625 0.17968750000000008 0.5625
59 0.3625000000000001 0.4265625 0.33281250000000007 0.4265625 0.33281250000000007 0.490625 0.3625000000000001 0.490625
39 0.5890625 0.4296875 0.5578125 0.4296875 0.5578125 0.496875 0.5890625 0.496875
51 0.32500000000000007 0.4234375 0.2953125000000001 0.4234375 0.2953125000000001 0.4890625 0.32500000000000007 0.4890625
56 0.2093750000000001 0.41875 0.17968750000000006 0.41875 0.17968750000000006 0.4890625 0.2093750000000001 0.4890625
58 0.1984375000000001 0.5734375 0.1687500000000001 0.5734375 0.1687500000000001 0.6390625 0.1984375000000001 0.6390625
8 0.4203125 0.3515625000000001 0.3890625 0.3515625000000001 0.38906250000000003 0.4171875 0.4203125 0.4171875
7 0.38281250000000006 0.35156250000000006 0.3515625 0.3515625 0.35156250000000006 0.4171875 0.3828125000000001 0.4171875
47 0.45625 0.6515625 0.2218750000000001 0.6515625 0.2218750000000001 0.721875 0.45625 0.721875
50 0.6453125000000001 0.6609375 0.603125 0.6609375 0.6031250000000001 0.7296875 0.6453125000000002 0.7296875
13 0.2156250000000001 0.65 0.1765625000000001 0.65 0.1765625000000001 0.7171875 0.2156250000000001 0.7171875
32 0.1609375000000001 0.5734375 0.1312500000000001 0.5734375 0.1312500000000001 0.640625 0.1609375000000001 0.640625
43 0.21875000000000008 0.4984375 0.18906250000000005 0.4984375 0.18906250000000008 0.5640625 0.21875000000000008 0.5640625
11 0.5703125 0.3546875000000001 0.540625 0.3546875000000001 0.540625 0.4203125 0.5703125 0.4203125
30 0.975 0.15312500000000007 0.009375000000000019 0.153125 0.009375000000000062 0.8640625 0.975 0.8640625
5 0.30781250000000004 0.3484375 0.2765625 0.3484375 0.27656250000000004 0.4140625 0.3078125000000001 0.4140625
42 0.28593750000000007 0.4234375 0.2562500000000001 0.4234375 0.2562500000000001 0.4890625 0.28593750000000007 0.4890625
20 0.646875 0.35625000000000007 0.5765625 0.35625000000000007 0.5765625 0.421875 0.646875 0.421875
54 0.5515625 0.4296875 0.5203125 0.4296875 0.5203125 0.4953125 0.5515625 0.4953125
57 0.23593750000000008 0.575 0.2078125000000001 0.575 0.2078125000000001 0.6390625 0.23593750000000008 0.6390625
44 0.12343750000000009 0.575 0.08437500000000006 0.575 0.08437500000000007 0.6390625 0.12343750000000009 0.6390625
3 0.22968750000000004 0.3453125 0.2 0.3453125 0.20000000000000004 0.409375 0.2296875000000001 0.409375
46 0.6453125 0.584375 0.546875 0.584375 0.546875 0.65 0.6453125 0.65
52 0.13437500000000005 0.4203125 0.08437500000000005 0.4203125 0.08437500000000006 0.4859375 0.13437500000000005 0.4859375
27 0.4375 0.4265625 0.40625 0.4265625 0.40625 0.490625 0.4375 0.490625
55 0.3140625000000001 0.575 0.2828125000000001 0.575 0.2828125000000001 0.640625 0.3140625000000001 0.640625
15 0.3515625000000001 0.5765625 0.3203125000000001 0.5765625 0.3203125000000001 0.6421875 0.3515625000000001 0.6421875
2 0.19218750000000004 0.3453125 0.16250000000000003 0.3453125 0.16250000000000003 0.409375 0.19218750000000004 0.409375
12 0.559375 0.5046875 0.5296875 0.5046875 0.5296875 0.571875 0.559375 0.571875
19 0.2562500000000001 0.496875 0.22656250000000008 0.496875 0.22656250000000008 0.5640625 0.2562500000000001 0.5640625
25 0.3703125000000001 0.5 0.34062500000000007 0.5 0.34062500000000007 0.565625 0.3703125000000001 0.565625
14 0.503125 0.6578125 0.4625 0.6578125 0.4625 0.7234375 0.503125 0.7234375