38 0.6671875 0.6515625 0.5640625 0.6515625 0.5640625 0.7046875 0.6671875 0.7046875
14 0.28593750000000007 0.6265625 0.17187500000000008 0.6265625 0.17187500000000008 0.6828125 0.28593750000000007 0.6828125
37 0.5437500000000001 0.6734375 0.44375 0.6734375 0.4437500000000001 0.7265625 0.5437500000000002 0.7265625
15 0.4203125 0.35937500000000006 0.3171875 0.359375 0.31718750000000007 0.4125 0.4203125 0.4125
47 0.29531250000000003 0.16875 0.1796875 0.16875 0.17968750000000006 0.6140625 0.2953125000000001 0.6140625
43 0.5484375 0.11718750000000007 0.4453125 0.11718750000000004 0.4453125 0.17031250000000006 0.5484375 0.1703125000000001
13 0.296875 0.08593750000000003 0.178125 0.08593750000000003 0.178125 0.1609375 0.296875 0.16093750000000004
50 0.2875000000000001 0.771875 0.17187500000000008 0.771875 0.17187500000000008 0.8296875 0.2875000000000001 0.8296875
25 0.546875 0.39531250000000007 0.4453125 0.39531250000000007 0.4453125 0.4453125 0.546875 0.4453125
31 0.546875 0.603125 0.4421875 0.603125 0.4421875 0.65625 0.546875 0.65625
12 0.5437500000000002 0.74375 0.4437500000000002 0.74375 0.4437500000000002 0.796875 0.5437500000000002 0.796875
34 0.41875000000000007 0.7125 0.3140625000000001 0.7125 0.3140625000000001 0.765625 0.4187500000000002 0.765625
5 0.78125 0.2828125000000001 0.68125 0.2828125000000001 0.68125 0.3343750000000001 0.78125 0.3343750000000001
46 0.4187500000000002 0.7828125 0.3125000000000001 0.7828125 0.3125000000000001 0.8921875 0.4187500000000002 0.8921875
6 0.78125 0.34843750000000007 0.68125 0.34843750000000007 0.68125 0.4000000000000001 0.78125 0.4000000000000002
40 0.41875 0.6421875 0.3125000000000001 0.6421875 0.3125000000000001 0.6953125 0.41875 0.6953125
39 0.6609375000000002 0.790625 0.5671875000000002 0.790625 0.5671875000000002 0.8421875 0.6609375000000002 0.8421875
56 0.6671875 0.10937500000000008 0.5703125 0.10937500000000008 0.5703125 0.1593750000000001 0.6671875 0.1593750000000001
57 0.4234375 0.14531250000000004 0.3140625 0.14531250000000004 0.3140625 0.19843750000000004 0.4234375 0.19843750000000004
33 0.41875 0.4984375 0.30937500000000007 0.4984375 0.30937500000000007 0.553125 0.41875 0.553125
45 0.54375 6.027558464553379e-17 0.440625 5.3960999587430256e-17 0.440625 0.04375000000000006 0.54375 0.04375000000000007
16 0.4234375 0.21406250000000004 0.3109375 0.2140625 0.3109375 0.27031250000000007 0.4234375 0.27031250000000007
21 0.665625 0.1765625000000001 0.56875 0.1765625000000001 0.56875 0.22812500000000008 0.665625 0.22812500000000008
53 0.6640625 0.4484375 0.5671875 0.4484375 0.5671875 0.4984375 0.6640625 0.4984375
20 0.7812500000000002 0.815625 0.6843750000000002 0.815625 0.6843750000000002 0.9375 0.7812500000000002 0.9375
52 0.665625 7.539231857250894e-17 0.565625 6.926908457677216e-17 0.565625 0.03281250000000007 0.665625 0.03281250000000008
4 0.78125 0.2156250000000001 0.6828125 0.2156250000000001 0.6828125 0.2656250000000001 0.78125 0.2656250000000001
54 0.6671875 0.7203125 0.565625 0.7203125 0.565625 0.7734375 0.6671875000000002 0.7734375
26 0.5421875000000002 0.8125 0.4421875000000002 0.8125 0.4421875000000002 0.865625 0.5421875000000002 0.865625
32 0.41875 0.004687500000000045 0.315625 0.004687500000000039 0.315625 0.057812500000000044 0.41875 0.057812500000000044
23 0.5484375 0.2562500000000001 0.446875 0.2562500000000001 0.446875 0.3078125000000001 0.5484375 0.3078125000000001
41 0.665625 0.04062500000000007 0.565625 0.040625000000000064 0.565625 0.09375000000000008 0.665625 0.09375000000000008
44 0.4234375 4.525452624974203e-17 0.315625 3.865291459808834e-17 0.315625 0.026562500000000044 0.4234375 0.026562500000000055
8 0.7796875 0.4828125000000001 0.6796875 0.4828125 0.6796875 0.534375 0.7796875 0.5343750000000002
2 0.778125 0.0828125000000001 0.68125 0.0828125000000001 0.68125 0.1359375000000001 0.778125 0.1359375000000001
18 0.41875 0.5703125 0.3109375000000001 0.5703125 0.3109375000000001 0.6234375 0.41875 0.6234375
48 0.7781250000000001 0.6828125 0.68125 0.6828125 0.6812500000000001 0.7328125000000001 0.7781250000000002 0.7328125000000002
0 0.78125 0.6156250000000001 0.68125 0.615625 0.68125 0.6687500000000001 0.78125 0.6687500000000002
7 0.7796875 0.4156250000000001 0.6796875 0.415625 0.6796875 0.46562500000000007 0.7796875 0.4656250000000002
55 0.4234375 0.28750000000000003 0.3140625 0.2875 0.3140625 0.34062500000000007 0.4234375 0.34062500000000007
22 0.6656250000000001 0.8515625 0.43750000000000017 0.8515625 0.43750000000000017 0.9546875 0.6656250000000001 0.9546875
11 0.7812500000000002 0.7500000000000001 0.6843750000000002 0.75 0.6843750000000002 0.803125 0.7812500000000002 0.803125
59 0.665625 0.3812500000000001 0.56875 0.3812500000000001 0.56875 0.43125 0.665625 0.43125
58 0.4203125 0.07500000000000004 0.3140625 0.07500000000000004 0.3140625 0.12812500000000004 0.4203125 0.12812500000000004
51 0.665625 0.3125000000000001 0.571875 0.3125000000000001 0.571875 0.3625000000000001 0.665625 0.3625000000000001
49 0.2953125 2.918103701093302e-17 0.18125 2.2196723234545777e-17 0.18125 0.026562500000000027 0.2953125 0.026562500000000034
10 0.546875 0.048437500000000064 0.446875 0.04843750000000006 0.446875 0.10156250000000007 0.546875 0.10156250000000008
9 0.7796875 0.5484375000000001 0.6796875 0.5484375 0.6796875 0.6000000000000001 0.7796875 0.6000000000000002
30 0.8125 5.415235064979703e-17 0.071875 8.802148868871602e-18 0.07187500000000006 1 0.8125 1
17 0.7734375 8.916959506291665e-17 0.6828125 8.362041425428021e-17 0.6828125 0.014062500000000089 0.7734375 0.014062500000000094
36 0.665625 0.584375 0.5625 0.584375 0.5625 0.6359375 0.665625 0.6359375
1 0.7828125 0.01562500000000009 0.6859375 0.015625000000000083 0.6859375 0.0671875000000001 0.7828125 0.0671875000000001
19 0.5484375 0.18593750000000006 0.4453125 0.18593750000000003 0.4453125 0.2375000000000001 0.5484375 0.2375000000000001
3 0.7796875 0.14843750000000008 0.68125 0.14843750000000008 0.68125 0.2015625000000001 0.7796875 0.2015625000000001
42 0.665625 0.2453125000000001 0.571875 0.2453125000000001 0.571875 0.2953125000000001 0.665625 0.2953125000000001
28 0.5453125 0.465625 0.4453125 0.465625 0.4453125 0.5140625 0.5453125 0.5140625
29 0.5453125 0.534375 0.4453125 0.534375 0.4453125 0.584375 0.5453125 0.584375
35 0.41875 0.4296875 0.3140625000000001 0.4296875 0.3140625000000001 0.48125 0.41875 0.48125
27 0.6640625 0.5171875 0.5703125 0.5171875 0.5703125 0.5671875 0.6640625 0.5671875
24 0.5484375 0.3265625000000001 0.4453125 0.3265625000000001 0.4453125 0.3765625000000001 0.5484375 0.3765625000000001