56 0.8546875 0.45312500000000017 0.81875 0.45312500000000017 0.81875 0.5406250000000001 0.8546875 0.5406250000000001
3 0.834375 0.3578125000000001 0.7953125 0.3578125000000001 0.7953125 0.44531250000000017 0.834375 0.44531250000000017
4 0.790625 0.3578125000000001 0.753125 0.3578125000000001 0.753125 0.44531250000000017 0.790625 0.44531250000000017
19 0.8015625 0.5515625000000002 0.7640625 0.5515625000000002 0.7640625 0.6390625000000002 0.8015625 0.6390625000000002
21 0.8109375 0.45312500000000017 0.775 0.45312500000000017 0.775 0.5406250000000001 0.8109375 0.5406250000000001
33 0.6125 0.65 0.5765625 0.65 0.5765625000000001 0.734375 0.6125000000000002 0.734375
59 0.6859375 0.453125 0.65 0.453125 0.65 0.5375 0.6859375 0.5375
7 0.6640625 0.3578125000000001 0.628125 0.3578125000000001 0.628125 0.4453125 0.6640625 0.4453125
5 0.7484375 0.3578125000000001 0.7125 0.3578125000000001 0.7125 0.4453125000000001 0.7484375 0.44531250000000017
13 0.85625 0.7453125000000002 0.8078125 0.7453125000000002 0.8078125 0.8359375 0.85625 0.8359375
58 0.8640625 0.6500000000000001 0.8296875 0.6500000000000001 0.8296875 0.7343750000000002 0.8640625 0.7343750000000002
45 0.9609375 0.5515625000000002 0.9 0.5515625000000002 0.9 0.6421875000000001 0.9609375 0.6421875000000001
46 0.4453125000000001 0.65 0.3359375000000001 0.65 0.3359375000000001 0.7375 0.44531250000000017 0.7375
32 0.9078125 0.6500000000000001 0.8703125 0.6500000000000001 0.8703125 0.7375000000000002 0.9078125 0.7375000000000002
14 0.5390625000000002 0.7484375 0.4906250000000002 0.7484375 0.4906250000000002 0.8359375 0.5390625000000002 0.8359375
54 0.4734375 0.453125 0.4390625 0.453125 0.4390625 0.540625 0.4734375 0.540625
27 0.6015625 0.453125 0.5671875 0.453125 0.5671875 0.5375 0.6015625 0.5375
41 0.896875 0.45312500000000017 0.8609375 0.45312500000000017 0.8609375 0.5406250000000001 0.896875 0.5406250000000001
38 0.515625 0.453125 0.48125 0.453125 0.48125 0.5375 0.515625 0.5375
43 0.84375 0.5515625000000002 0.8078125 0.5515625000000002 0.8078125 0.6359375000000002 0.84375 0.6359375000000002
23 0.759375 0.5515625000000001 0.7234375 0.5515625 0.7234375 0.6359375 0.759375 0.6359375000000002
17 0.959375 0.3578125000000001 0.9234375 0.3578125000000001 0.9234375 0.4421875000000002 0.959375 0.4421875000000002
47 0.8015625 0.7484375000000001 0.5421875000000002 0.7484375 0.5421875000000002 0.8359375 0.8015625 0.8359375
16 0.7796875000000001 0.6500000000000001 0.74375 0.6500000000000001 0.7437500000000001 0.7343750000000002 0.7796875000000002 0.7343750000000002
49 0.959375 0.7484375000000002 0.9109375 0.7484375000000002 0.9109375 0.8359375 0.959375 0.8359375
57 0.821875 0.6500000000000001 0.7859375 0.6500000000000001 0.7859375000000001 0.7343750000000002 0.821875 0.7343750000000002
24 0.7171875 0.5515625 0.6796875 0.5515625 0.6796875 0.6390625 0.7171875 0.6390625
2 0.875 0.3578125000000001 0.8390625 0.3578125000000001 0.8390625 0.44531250000000017 0.875 0.44531250000000017
9 0.5796875 0.3578125000000001 0.5421875 0.3578125000000001 0.5421875 0.4421875 0.5796875 0.4421875
35 0.6546875000000001 0.65 0.6171875 0.65 0.6171875000000001 0.7375 0.6546875000000002 0.7375
30 1 0.11406250000000007 1.3968627552774498e-17 0.1140625 6.735557395310443e-17 0.9859375 1 0.9859375
22 0.3906250000000001 0.4484375 0.3359375000000001 0.4484375 0.3359375000000001 0.6390625 0.3906250000000001 0.6390625
40 0.5265625 0.65 0.490625 0.65 0.4906250000000001 0.734375 0.5265625000000002 0.734375
52 0.959375 0.45625000000000016 0.903125 0.45625000000000016 0.903125 0.5406250000000001 0.959375 0.5406250000000001
15 0.6968750000000001 0.65 0.659375 0.65 0.659375 0.734375 0.6968750000000001 0.734375
20 0.4109375 0.35781250000000003 0.3328125 0.3578125 0.33281250000000007 0.4421875 0.4109375 0.4421875
36 0.5578125 0.453125 0.5234375 0.453125 0.5234375 0.540625 0.5578125 0.540625
8 0.6234375 0.3578125000000001 0.5859375 0.3578125000000001 0.5859375 0.4453125 0.6234375 0.4453125
34 0.4859375000000001 0.65 0.45 0.65 0.45000000000000007 0.734375 0.4859375000000002 0.734375
42 0.76875 0.45625000000000016 0.7328125 0.45625000000000016 0.7328125 0.5406250000000001 0.76875 0.5406250000000001
44 0.959375 0.6500000000000001 0.9109375 0.6500000000000001 0.9109375 0.7375000000000002 0.959375 0.7375000000000002
28 0.6328125 0.5515625 0.5984375 0.5515625 0.5984375 0.6390625 0.6328125 0.6390625
51 0.7265625 0.4531250000000001 0.690625 0.453125 0.690625 0.5406250000000001 0.7265625 0.5406250000000001
6 0.70625 0.3578125000000001 0.66875 0.3578125000000001 0.66875 0.4453125 0.70625 0.4453125
1 0.9171875 0.3578125000000001 0.8796875 0.3578125000000001 0.8796875 0.44531250000000017 0.9171875 0.44531250000000017
31 0.5484375 0.5515625 0.5125 0.5515625 0.5125 0.6359375 0.5484375 0.6359375
0 0.5375 0.3578125000000001 0.5 0.3578125000000001 0.5 0.4421875 0.5375 0.4421875
39 0.4328125 0.453125 0.3968750000000001 0.453125 0.3968750000000001 0.5375 0.4328125 0.5375
12 0.4640625 0.5515625 0.428125 0.5515625 0.428125 0.6390625 0.4640625 0.6390625
29 0.5921875 0.5515625 0.5546875 0.5515625 0.5546875 0.6390625 0.5921875 0.6390625
26 0.4234375 0.5515625 0.38750000000000007 0.5515625 0.38750000000000007 0.6359375 0.4234375 0.6359375
48 0.4953125 0.3578125000000001 0.459375 0.3578125000000001 0.459375 0.4421875 0.4953125 0.4421875
37 0.50625 0.5515625 0.4703125 0.5515625 0.4703125 0.6359375 0.50625 0.6359375
55 0.7375 0.6500000000000001 0.7015625 0.65 0.7015625000000001 0.7343750000000001 0.7375000000000002 0.7343750000000002
11 0.4546875 0.3578125000000001 0.41875 0.3578125000000001 0.41875 0.4421875 0.4546875 0.4421875
18 0.5687500000000001 0.65 0.534375 0.65 0.534375 0.734375 0.5687500000000002 0.734375
53 0.64375 0.453125 0.6078125 0.453125 0.6078125 0.540625 0.64375 0.540625
50 0.3828125000000001 0.7484375 0.3343750000000001 0.7484375 0.3343750000000001 0.8359375 0.3828125000000001 0.8359375
10 0.8875 0.5515625000000002 0.85 0.5515625000000002 0.85 0.6390625000000002 0.8875 0.6390625000000002
25 0.675 0.5515625 0.6390625 0.5515625 0.6390625 0.6390625 0.675 0.6390625