37 0.5015625 0.525 0.4328125 0.525 0.4328125 0.55625 0.5015625 0.55625
16 0.4296875 0.26562500000000006 0.3609375 0.265625 0.3609375 0.2984375 0.4296875 0.2984375000000001
33 0.425 0.425 0.35625000000000007 0.425 0.35625000000000007 0.4578125 0.425 0.4578125
6 0.6640625 0.3390625000000001 0.596875 0.3390625000000001 0.596875 0.37187500000000007 0.6640625 0.37187500000000007
24 0.5078125 0.3265625000000001 0.440625 0.3265625000000001 0.440625 0.3578125000000001 0.5078125 0.3578125000000001
17 0.671875 0.10000000000000009 0.6046875 0.10000000000000009 0.6046875 0.1312500000000001 0.671875 0.1312500000000001
53 0.5859375 0.3968750000000001 0.5171875 0.3968750000000001 0.5171875 0.4296875 0.5859375 0.4296875
4 0.6671875 0.2593750000000001 0.6 0.2593750000000001 0.6 0.2906250000000001 0.6671875 0.2906250000000001
45 0.5109375 0.09687500000000006 0.4421875 0.09687500000000004 0.4421875 0.14843750000000006 0.5109375 0.14843750000000006
49 0.35 0.09531250000000005 0.28125 0.09531250000000005 0.28125 0.13906250000000003 0.35 0.13906250000000003
18 0.425 0.465625 0.35625000000000007 0.465625 0.35625000000000007 0.496875 0.425 0.496875
9 0.6625 0.45625 0.59375 0.45625 0.59375 0.490625 0.6625 0.490625
28 0.5046875 0.40625 0.4359375 0.40625 0.4359375 0.4375 0.5046875 0.4375
21 0.5890625 0.2375000000000001 0.5203125 0.2375000000000001 0.5203125 0.2687500000000001 0.5890625 0.2687500000000001
22 0.58125 0.634375 0.4265625 0.634375 0.4265625 0.6875 0.58125 0.6875
31 0.503125 0.4859375 0.434375 0.4859375 0.434375 0.5171875 0.503125 0.5171875
29 0.5046875 0.446875 0.4359375 0.446875 0.4359375 0.478125 0.5046875 0.478125
0 0.6609375 0.496875 0.5921875 0.496875 0.5921875 0.5296875 0.6609375 0.5296875
41 0.5921875 0.15781250000000008 0.5234375 0.15781250000000005 0.5234375 0.18906250000000008 0.5921875 0.18906250000000008
1 0.6703125 0.14062500000000008 0.6046875 0.14062500000000008 0.6046875 0.1703125000000001 0.6703125 0.1703125000000001
35 0.4265625 0.384375 0.3578125000000001 0.384375 0.3578125000000001 0.4171875 0.4265625 0.4171875
36 0.5828125 0.4765625 0.515625 0.4765625 0.515625 0.509375 0.5828125 0.509375
26 0.5 0.6046875 0.43125 0.6046875 0.43125 0.6359375 0.5 0.6359375
38 0.58125 0.515625 0.5125 0.515625 0.5125 0.5484375 0.58125 0.5484375
34 0.421875 0.54375 0.3531250000000001 0.54375 0.3531250000000001 0.575 0.421875 0.575
23 0.509375 0.2875000000000001 0.440625 0.2875000000000001 0.440625 0.3187500000000001 0.509375 0.3187500000000001
40 0.421875 0.5046875 0.3546875000000001 0.5046875 0.3546875000000001 0.5359375 0.421875 0.5359375
48 0.659375 0.5359375 0.590625 0.5359375 0.590625 0.56875 0.659375 0.56875
10 0.5109375 0.16718750000000004 0.4421875 0.16718750000000004 0.4421875 0.19843750000000004 0.5109375 0.19843750000000004
59 0.5859375 0.3578125000000001 0.51875 0.3578125000000001 0.51875 0.3890625000000001 0.5859375 0.3890625000000001
39 0.58125 0.59375 0.509375 0.59375 0.509375 0.6265625 0.58125 0.6265625
51 0.5875 0.3187500000000001 0.51875 0.3187500000000001 0.51875 0.3500000000000001 0.5875 0.3500000000000001
56 0.5921875 0.19843750000000007 0.5203125 0.19843750000000004 0.5203125 0.2296875000000001 0.5921875 0.2296875000000001
58 0.43125 0.18593750000000003 0.3625 0.18593750000000003 0.3625 0.21718750000000003 0.43125 0.2171875000000001
8 0.6625 0.4171875 0.59375 0.4171875 0.59375 0.45 0.6625 0.45
7 0.6640625 0.3781250000000001 0.5953125 0.3781250000000001 0.5953125 0.4109375 0.6640625 0.4109375
47 0.35000000000000003 0.2421875 0.275 0.2421875 0.275 0.4890625 0.3500000000000001 0.4890625
50 0.3390625000000001 0.6421875 0.2671875000000001 0.6421875 0.2671875000000001 0.6875 0.3390625000000001 0.6875
13 0.3484375 0.19531250000000006 0.2796875 0.19531250000000006 0.2796875 0.2359375 0.3484375 0.2359375
32 0.4296875 0.14687500000000003 0.3609375 0.14687500000000003 0.3609375 0.17812500000000003 0.4296875 0.17812500000000003
43 0.509375 0.2078125000000001 0.440625 0.2078125000000001 0.440625 0.2390625000000001 0.509375 0.2390625000000001
11 0.659375 0.5765625 0.590625 0.5765625 0.590625 0.6078125 0.659375 0.6078125
30 0.8703125 0.018750000000000062 0.1265625 0.018750000000000017 0.12656250000000008 1 0.8703125 1
5 0.665625 0.2984375000000001 0.596875 0.2984375000000001 0.596875 0.3312500000000001 0.665625 0.3312500000000001
42 0.5875 0.27812500000000007 0.51875 0.27812500000000007 0.51875 0.30937500000000007 0.5875 0.30937500000000007
20 0.6578125 0.6140625 0.5890625 0.6140625 0.5890625 0.6875 0.6578125 0.6875
54 0.58125 0.5546875 0.5125 0.5546875 0.5125 0.5875 0.58125 0.5875
57 0.4296875 0.22656250000000006 0.3625 0.2265625 0.3625 0.25781250000000006 0.4296875 0.2578125000000001
44 0.4296875 0.09687500000000004 0.3625 0.09687500000000004 0.3625 0.13750000000000004 0.4296875 0.13750000000000004
3 0.66875 0.21875000000000008 0.6015625 0.21875000000000008 0.6015625 0.2500000000000001 0.66875 0.2500000000000001
46 0.41875 0.584375 0.3500000000000001 0.584375 0.3500000000000001 0.6875 0.41875 0.6875
52 0.590625 0.09843750000000007 0.521875 0.09843750000000007 0.521875 0.15000000000000008 0.590625 0.15000000000000008
27 0.584375 0.4375 0.5171875 0.4375 0.5171875 0.46875 0.584375 0.46875
55 0.428125 0.30625 0.359375 0.30625 0.359375 0.3375 0.428125 0.3375000000000001
15 0.4265625 0.34687500000000004 0.3578125 0.346875 0.35781250000000003 0.37812500000000004 0.4265625 0.3781250000000001
2 0.6703125 0.17968750000000008 0.603125 0.17968750000000008 0.603125 0.21093750000000008 0.6703125 0.21093750000000008
12 0.5015625 0.565625 0.4328125 0.565625 0.4328125 0.596875 0.5015625 0.596875
19 0.509375 0.2468750000000001 0.440625 0.2468750000000001 0.440625 0.27812500000000007 0.509375 0.27812500000000007
25 0.5078125 0.3671875000000001 0.4390625 0.3671875000000001 0.4390625 0.3984375000000001 0.5078125 0.3984375000000001
14 0.3437500000000001 0.49375 0.2750000000000001 0.49375 0.2750000000000001 0.5375 0.3437500000000001 0.5375