34 0.546875 0.4546875 0.515625 0.4546875 0.515625 0.5015625 0.546875 0.5015625
47 0.4578125 0.509375 0.21250000000000008 0.509375 0.21250000000000008 0.5625 0.4578125 0.5625
0 0.5 0.2984375000000001 0.46875 0.2984375000000001 0.46875 0.3421875000000001 0.5 0.3421875000000001
54 0.5546875 0.34843750000000007 0.5265625 0.34843750000000007 0.5265625 0.3921875000000001 0.5546875 0.3921875000000001
59 0.36406250000000007 0.35000000000000003 0.3359375 0.35 0.33593750000000006 0.3921875 0.36406250000000007 0.3921875000000001
51 0.32656250000000003 0.35 0.2984375 0.35 0.2984375 0.3921875 0.3265625000000001 0.3921875
21 0.2515625 0.35 0.221875 0.35 0.22187500000000004 0.39375 0.2515625000000001 0.39375
3 0.2375 0.3 0.20625 0.3 0.20625 0.34375 0.2375 0.34375
16 0.2718750000000001 0.4546875 0.2406250000000001 0.4546875 0.2406250000000001 0.5015625 0.2718750000000001 0.5015625
42 0.28906250000000006 0.35 0.259375 0.35 0.259375 0.3921875 0.2890625000000001 0.3921875
1 0.16406250000000006 0.3 0.13281250000000006 0.3 0.13281250000000006 0.3421875 0.16406250000000006 0.3421875
6 0.35 0.3 0.31875 0.3 0.31875 0.3421875 0.35 0.3421875
38 0.515625 0.34843750000000007 0.4875 0.34843750000000007 0.4875 0.3921875000000001 0.515625 0.3921875000000001
9 0.4625 0.3000000000000001 0.43125 0.3000000000000001 0.43125 0.3421875000000001 0.4625 0.3421875000000001
48 0.5359375 0.3000000000000001 0.50625 0.3000000000000001 0.50625 0.3421875000000001 0.5359375 0.3421875000000001
14 0.50625 0.509375 0.465625 0.509375 0.465625 0.559375 0.50625 0.559375
56 0.21406250000000004 0.35 0.18437500000000004 0.35 0.18437500000000004 0.39375 0.2140625000000001 0.39375
52 0.13906250000000003 0.35 0.08750000000000005 0.35 0.08750000000000005 0.3921875 0.13906250000000003 0.3921875
13 0.2093750000000001 0.509375 0.16406250000000006 0.509375 0.16406250000000006 0.5625 0.2093750000000001 0.5625
45 0.14218750000000005 0.403125 0.07968750000000005 0.403125 0.07968750000000005 0.4484375 0.14218750000000005 0.4484375
57 0.2328125000000001 0.4546875 0.2015625000000001 0.4546875 0.2015625000000001 0.5 0.2328125000000001 0.5
40 0.5078125 0.4546875 0.4765625 0.4546875 0.4765625 0.5 0.5078125 0.5
24 0.33281250000000007 0.4015625 0.3031250000000001 0.4015625 0.3031250000000001 0.4453125 0.33281250000000007 0.4453125
44 0.11718750000000004 0.4546875 0.07343750000000007 0.4546875 0.07343750000000007 0.5015625 0.11718750000000004 0.5015625
32 0.15468750000000003 0.4546875 0.12187500000000004 0.4546875 0.12187500000000004 0.503125 0.15468750000000003 0.503125
36 0.4796875 0.34843750000000007 0.45 0.34843750000000007 0.45 0.3906250000000001 0.4796875 0.3906250000000001
8 0.425 0.3000000000000001 0.39375 0.3000000000000001 0.39375 0.3421875000000001 0.425 0.3421875000000001
5 0.3125 0.3 0.2828125 0.3 0.2828125 0.3421875 0.3125 0.3421875
31 0.4875 0.4015625 0.4578125 0.4015625 0.4578125 0.446875 0.4875 0.446875
43 0.21875000000000008 0.403125 0.18750000000000006 0.403125 0.18750000000000006 0.446875 0.21875000000000008 0.446875
2 0.2015625 0.3015625 0.17031250000000003 0.3015625 0.17031250000000003 0.3421875 0.2015625 0.3421875
7 0.3859375 0.30000000000000004 0.35625 0.3 0.35625 0.34218750000000003 0.3859375 0.3421875000000001
29 0.4484375 0.4015625 0.41875 0.4015625 0.41875 0.446875 0.4484375 0.446875
19 0.2562500000000001 0.4015625 0.22656250000000008 0.4015625 0.22656250000000008 0.446875 0.2562500000000001 0.446875
12 0.565625 0.4015625 0.5359375 0.4015625 0.5359375 0.446875 0.565625 0.446875
11 0.5734375 0.2984375000000001 0.54375 0.2984375000000001 0.54375 0.3421875000000001 0.5734375 0.3421875000000001
18 0.4671875 0.4546875 0.4359375 0.4546875 0.4359375 0.5015625 0.4671875 0.5015625
15 0.3500000000000001 0.4546875 0.3187500000000001 0.4546875 0.3187500000000001 0.5015625 0.3500000000000001 0.5015625
20 0.646875 0.3000000000000001 0.5796875 0.3000000000000001 0.5796875 0.3390625000000001 0.646875 0.3390625000000001
22 0.6515625 0.34843750000000007 0.6015625 0.34843750000000007 0.6015625 0.4484375 0.6515625 0.4484375
10 0.17968750000000006 0.403125 0.14843750000000006 0.403125 0.14843750000000006 0.446875 0.17968750000000006 0.446875
39 0.59375 0.34843750000000007 0.5625 0.34843750000000007 0.5625 0.3937500000000001 0.59375 0.3937500000000001
30 0.9984375 0.20937500000000003 0.03125000000000002 0.209375 0.03125000000000005 0.6375000000000001 0.9984375 0.6375000000000002
53 0.403125 0.34843750000000007 0.3734375 0.34843750000000007 0.37343750000000003 0.3921875000000001 0.403125 0.3921875000000001
58 0.19375000000000003 0.45625 0.16250000000000003 0.45625 0.16250000000000003 0.5015625 0.19375000000000003 0.5015625
4 0.275 0.3 0.2453125 0.3 0.2453125 0.3421875 0.275 0.3421875
35 0.3890625000000001 0.4546875 0.3578125000000001 0.4546875 0.3578125000000001 0.5 0.3890625000000001 0.5
41 0.17656250000000004 0.3484375 0.14375000000000004 0.3484375 0.14375000000000004 0.3953125 0.17656250000000004 0.3953125
50 0.65625 0.509375 0.6140625 0.509375 0.6140625 0.5625 0.65625 0.5625
28 0.4109375 0.4015625 0.3812500000000001 0.4015625 0.3812500000000001 0.446875 0.4109375 0.446875
33 0.428125 0.4546875 0.3968750000000001 0.4546875 0.3968750000000001 0.5015625 0.428125 0.5015625
49 0.11093750000000006 0.5109375 0.06562500000000007 0.5109375 0.06562500000000007 0.5609375 0.11093750000000009 0.5609375
23 0.2953125000000001 0.4015625 0.2640625000000001 0.4015625 0.2640625000000001 0.446875 0.2953125000000001 0.446875
17 0.12656250000000005 0.3015625 0.09531250000000005 0.3015625 0.09531250000000005 0.340625 0.12656250000000005 0.340625
55 0.3109375000000001 0.4546875 0.2796875000000001 0.4546875 0.2796875000000001 0.5015625 0.3109375000000001 0.5015625
26 0.603125 0.4015625 0.571875 0.4015625 0.571875 0.446875 0.603125 0.446875
37 0.5265625 0.4015625 0.496875 0.4015625 0.496875 0.446875 0.5265625 0.446875
46 0.653125 0.4546875 0.553125 0.4546875 0.553125 0.5015625 0.653125 0.5015625
27 0.440625 0.3500000000000001 0.4125 0.3500000000000001 0.4125 0.3906250000000001 0.440625 0.3906250000000001
25 0.37187500000000007 0.4015625 0.3421875000000001 0.4015625 0.3421875000000001 0.4453125 0.37187500000000007 0.4453125