20 0.3453125 3.119022316578415e-17 0.1640625 2.0091861548511263e-17 0.1640625 0.13281250000000003 0.3453125 0.13281250000000006
12 0.10781250000000005 0.3578125 0.029687500000000044 0.3578125 0.029687500000000054 0.509375 0.10781250000000005 0.509375
34 0.04843750000000008 0.5390625 0.001562500000000066 0.5390625 0.0015625000000000753 0.6921875 0.04843750000000009 0.6921875
26 0.21250000000000005 0.359375 0.13437500000000005 0.359375 0.13437500000000005 0.509375 0.21250000000000008 0.509375
22 0.3453125 0.16875000000000004 0.2171875 0.16875000000000004 0.21718750000000003 0.525 0.3453125000000001 0.525
48 0.03125000000000001 1.9135106236677398e-18 0 0 8.132420150587892e-18 0.1328125 0.031250000000000014 0.1328125
39 0.18750000000000003 0.17500000000000002 0.1125 0.175 0.11250000000000002 0.31875 0.18750000000000006 0.31875
50 0.34062500000000007 0.728125 0.2000000000000001 0.728125 0.2000000000000001 0.890625 0.34062500000000007 0.890625
46 0.3453125000000001 0.5421875 0.07031250000000007 0.5421875 0.07031250000000008 0.6953125 0.3453125000000001 0.6953125
11 0.1390625 1.2246467991473533e-17 0.0609375 7.462691432304185e-18 0.06093750000000001 0.13125 0.1390625 0.13125
54 0.08281250000000004 0.175 0.007812500000000023 0.175 0.007812500000000031 0.31875 0.08281250000000004 0.31875