13 0.846875 0.6750000000000002 0.803125 0.6750000000000002 0.803125 0.7484375000000002 0.846875 0.7484375000000002
16 0.7734375 0.5859375000000002 0.7421875 0.5859375000000002 0.7421875 0.6593750000000002 0.7734375 0.6593750000000002
46 0.4609375 0.584375 0.36406250000000007 0.584375 0.36406250000000007 0.653125 0.4609375 0.653125
20 0.4328125 0.3296875000000001 0.3703125 0.3296875000000001 0.37031250000000004 0.3984375000000001 0.4328125 0.3984375000000001
23 0.753125 0.49687500000000007 0.725 0.496875 0.725 0.5703125000000001 0.753125 0.5703125000000002
14 0.5484375000000001 0.66875 0.5078125 0.66875 0.5078125000000001 0.740625 0.5484375000000001 0.740625
59 0.6828125 0.4125 0.6546875 0.4125 0.6546875 0.484375 0.6828125 0.484375
22 0.4140625 0.4078125 0.3671875000000001 0.4078125 0.3671875000000001 0.5734375 0.4140625 0.5734375
57 0.8140625 0.5859375000000002 0.7828125 0.5859375000000002 0.7828125 0.6578125000000001 0.8140625 0.6578125000000001
34 0.4984375 0.584375 0.4703125 0.584375 0.4703125 0.653125 0.4984375 0.653125
36 0.5671875 0.4125 0.5390625 0.4125 0.5390625 0.484375 0.5671875 0.484375
17 0.94375 0.3265625000000001 0.915625 0.3265625000000001 0.915625 0.39531250000000007 0.94375 0.39531250000000007
29 0.5953125 0.496875 0.5671875 0.496875 0.5671875 0.56875 0.5953125 0.56875
8 0.6265625 0.3281250000000001 0.5953125 0.3281250000000001 0.5953125 0.403125 0.6265625 0.403125
39 0.453125 0.4125 0.4234375 0.4125 0.4234375 0.484375 0.453125 0.484375
33 0.615625 0.584375 0.5859375 0.584375 0.5859375 0.6609375 0.615625 0.6609375
53 0.64375 0.4125 0.615625 0.4125 0.615625 0.484375 0.64375 0.484375
0 0.5484375 0.3265625000000001 0.5203125 0.3265625000000001 0.5203125 0.3984375000000001 0.5484375 0.3984375000000001
31 0.5578125 0.4984375 0.5296875 0.4984375 0.5296875 0.5703125 0.5578125 0.5703125
24 0.7140625 0.496875 0.684375 0.496875 0.684375 0.56875 0.7140625 0.56875
25 0.6734375 0.496875 0.64375 0.496875 0.64375 0.5703125 0.6734375 0.5703125
41 0.8859375 0.4109375000000002 0.8546875 0.4109375000000002 0.8546875 0.48437500000000017 0.8859375 0.48437500000000017
30 0.96875 0.15000000000000008 0.05312500000000002 0.15 0.05312500000000007 0.8484375 0.96875 0.8484375
7 0.6640625 0.3281250000000001 0.634375 0.3281250000000001 0.634375 0.4015625 0.6640625 0.4015625
26 0.4421875 0.4984375 0.4140625 0.4984375 0.4140625 0.5703125 0.4421875 0.5703125
2 0.8625 0.3265625000000001 0.834375 0.3265625000000001 0.834375 0.3984375000000001 0.8625 0.3984375000000001
6 0.7046875 0.32500000000000007 0.6734375 0.32500000000000007 0.6734375 0.4 0.7046875 0.4
43 0.834375 0.49531250000000016 0.80625 0.49531250000000016 0.80625 0.5718750000000001 0.834375 0.5718750000000001
19 0.79375 0.49531250000000016 0.7640625 0.49531250000000016 0.7640625 0.5703125000000002 0.79375 0.5703125000000002
58 0.85625 0.5859375000000002 0.825 0.5859375000000002 0.825 0.6593750000000002 0.85625 0.6593750000000002
37 0.51875 0.4984375 0.490625 0.4984375 0.490625 0.5703125 0.51875 0.5703125
12 0.4796875 0.4984375 0.4515625 0.4984375 0.4515625 0.5703125 0.4796875 0.5703125
35 0.6546875 0.584375 0.6234375 0.584375 0.6234375 0.6578125 0.6546875 0.6578125
42 0.7640625 0.4109375000000002 0.734375 0.4109375000000002 0.734375 0.48437500000000017 0.7640625 0.48437500000000017
51 0.721875 0.4125 0.69375 0.4125 0.69375 0.484375 0.721875 0.484375
55 0.734375 0.5843750000000001 0.703125 0.584375 0.703125 0.659375 0.734375 0.6593750000000002
21 0.803125 0.4109375000000002 0.7734375 0.4109375000000002 0.7734375 0.4859375000000002 0.803125 0.4859375000000002
32 0.8953125 0.5859375000000002 0.8671875 0.5859375000000002 0.8671875 0.6593750000000002 0.8953125 0.6593750000000002
38 0.528125 0.4140625 0.5 0.4140625 0.5 0.4828125 0.528125 0.4828125
18 0.5765625 0.584375 0.5484375 0.584375 0.5484375 0.6578125 0.5765625 0.6578125
50 0.40312500000000007 0.6671875 0.3625000000000001 0.6671875 0.3625000000000001 0.740625 0.4031250000000002 0.740625
27 0.6046875 0.4140625 0.5765625 0.4140625 0.5765625 0.4828125 0.6046875 0.4828125
9 0.5875 0.3281250000000001 0.5578125 0.3281250000000001 0.5578125 0.4015625 0.5875 0.4015625
49 0.9515625 0.6765625000000002 0.9046875 0.6765625000000002 0.9046875 0.7484375000000002 0.9515625 0.7484375000000002
47 0.7984375000000001 0.6718750000000001 0.5546875 0.671875 0.5546875000000001 0.7484375000000001 0.7984375000000001 0.7484375000000002
4 0.784375 0.3265625000000001 0.753125 0.3265625000000001 0.753125 0.3984375000000001 0.784375 0.3984375000000001
44 0.9421875 0.5906250000000002 0.90625 0.5906250000000002 0.90625 0.6593750000000002 0.9421875 0.6593750000000002
11 0.471875 0.3281250000000001 0.4421875 0.3281250000000001 0.4421875 0.4 0.471875 0.4
45 0.9390625 0.4984375000000002 0.8859375 0.4984375000000002 0.8859375 0.5703125000000002 0.9390625 0.5703125000000002
10 0.875 0.49531250000000016 0.8453125 0.49531250000000016 0.8453125 0.5703125000000002 0.875 0.5703125000000002
5 0.74375 0.3265625000000001 0.7125 0.3265625000000001 0.7125 0.4000000000000001 0.74375 0.4000000000000002
40 0.5375 0.584375 0.509375 0.584375 0.509375 0.653125 0.5375 0.653125
48 0.509375 0.3281250000000001 0.48125 0.3281250000000001 0.48125 0.4 0.509375 0.4
1 0.903125 0.32500000000000007 0.875 0.32500000000000007 0.875 0.3984375000000001 0.903125 0.3984375000000001
15 0.69375 0.584375 0.6625 0.584375 0.6625 0.6578125 0.69375 0.6578125
3 0.8234375 0.3265625000000001 0.7921875 0.3265625000000001 0.7921875 0.40156250000000016 0.8234375 0.40156250000000016
54 0.490625 0.4125 0.4625 0.4125 0.4625 0.484375 0.490625 0.484375
52 0.9421875 0.40937500000000016 0.8953125 0.40937500000000016 0.8953125 0.4781250000000002 0.9421875 0.4781250000000002
56 0.8421875 0.4109375000000002 0.8140625 0.4109375000000002 0.8140625 0.4859375000000002 0.8421875 0.4859375000000002
28 0.634375 0.496875 0.60625 0.496875 0.60625 0.56875 0.634375 0.56875