53 0.3812500000000001 0.4734375 0.3500000000000001 0.4734375 0.3500000000000001 0.5203125 0.3812500000000001 0.5203125
25 0.3500000000000001 0.528125 0.3187500000000001 0.528125 0.3187500000000001 0.575 0.3500000000000001 0.575
36 0.4640625 0.471875 0.4328125 0.471875 0.4328125 0.51875 0.4640625 0.51875
21 0.21250000000000008 0.4734375 0.18125000000000005 0.4734375 0.18125000000000005 0.5203125 0.21250000000000008 0.5203125
48 0.525 0.4171875 0.49375 0.4171875 0.49375 0.465625 0.525 0.465625
9 0.4453125 0.415625 0.4125 0.415625 0.4125 0.465625 0.4453125 0.465625
5 0.27812500000000007 0.4171875 0.2453125000000001 0.4171875 0.2453125000000001 0.465625 0.27812500000000007 0.465625
30 0.9875 0.30156250000000007 0.015625000000000038 0.3015625 0.015625000000000066 0.7484375000000001 0.9875 0.7484375000000002
58 0.1609375000000001 0.584375 0.1296875000000001 0.584375 0.1296875000000001 0.63125 0.1609375000000001 0.63125
17 0.07031250000000006 0.4203125 0.039062500000000056 0.4203125 0.039062500000000056 0.465625 0.07031250000000007 0.465625
24 0.3078125000000001 0.528125 0.2765625000000001 0.528125 0.2765625000000001 0.575 0.3078125000000001 0.575
34 0.5375 0.5796875 0.5046875 0.5796875 0.5046875 0.628125 0.5375 0.628125
59 0.3390625000000001 0.4734375 0.3078125000000001 0.4734375 0.3078125000000001 0.5203125 0.3390625000000001 0.5203125
18 0.4546875 0.58125 0.421875 0.58125 0.421875 0.6296875 0.4546875 0.6296875
27 0.421875 0.471875 0.3906250000000001 0.471875 0.3906250000000001 0.5171875 0.421875 0.5171875
13 0.1828125000000001 0.640625 0.14062500000000008 0.640625 0.14062500000000008 0.6875 0.1828125000000001 0.6875
39 0.5875 0.4703125 0.55625 0.4703125 0.55625 0.51875 0.5875 0.51875
50 0.653125 0.6359375 0.609375 0.6359375 0.609375 0.684375 0.653125 0.684375
44 0.07968750000000006 0.5859375 0.03750000000000007 0.5859375 0.037500000000000075 0.6328125 0.07968750000000006 0.6328125
4 0.23593750000000008 0.4171875 0.20468750000000008 0.4171875 0.20468750000000008 0.465625 0.23593750000000008 0.465625
57 0.20312500000000008 0.584375 0.17187500000000008 0.584375 0.17187500000000008 0.63125 0.20312500000000008 0.63125
31 0.475 0.5265625 0.44375 0.5265625 0.44375 0.5734375 0.475 0.5734375
40 0.496875 0.58125 0.4640625 0.58125 0.4640625 0.6296875 0.496875 0.6296875
7 0.3625000000000001 0.4171875 0.3296875000000001 0.4171875 0.3296875000000001 0.465625 0.3625000000000001 0.465625
42 0.2562500000000001 0.4734375 0.2250000000000001 0.4734375 0.2250000000000001 0.5203125 0.2562500000000001 0.5203125
19 0.2234375000000001 0.528125 0.19375000000000003 0.528125 0.19375000000000006 0.575 0.2234375000000001 0.575
32 0.12031250000000009 0.5859375 0.08906250000000007 0.5859375 0.08906250000000007 0.6328125 0.12031250000000009 0.6328125
54 0.5453125 0.4703125 0.5140625 0.4703125 0.5140625 0.51875 0.5453125 0.51875
52 0.09062500000000007 0.475 0.039062500000000056 0.475 0.03906250000000006 0.521875 0.09062500000000007 0.521875
8 0.403125 0.4171875 0.3703125000000001 0.4171875 0.3703125000000001 0.4671875 0.403125 0.4671875
11 0.565625 0.415625 0.534375 0.415625 0.534375 0.4640625 0.565625 0.4640625
6 0.3203125000000001 0.4171875 0.2875000000000001 0.4171875 0.2875000000000001 0.465625 0.3203125000000001 0.465625
38 0.5046875 0.471875 0.4734375 0.471875 0.4734375 0.51875 0.5046875 0.51875
43 0.18281250000000007 0.5296875 0.15156250000000004 0.5296875 0.15156250000000007 0.5765625 0.1828125000000001 0.5765625
12 0.5578125 0.5234375 0.525 0.5234375 0.525 0.5734375 0.5578125 0.5734375
0 0.4859375 0.415625 0.453125 0.415625 0.453125 0.4640625 0.4859375 0.4640625
37 0.5171875 0.525 0.484375 0.525 0.484375 0.5734375 0.5171875 0.5734375
45 0.10156250000000007 0.5296875 0.03750000000000007 0.5296875 0.03750000000000007 0.578125 0.10156250000000008 0.578125
33 0.4140625 0.58125 0.3812500000000001 0.58125 0.3812500000000001 0.63125 0.4140625 0.63125
29 0.434375 0.5265625 0.4015625 0.5265625 0.4015625 0.575 0.434375 0.575
51 0.2968750000000001 0.4734375 0.2671875000000001 0.4734375 0.2671875000000001 0.5203125 0.2968750000000001 0.5203125
14 0.4953125 0.6359375 0.4546875 0.6359375 0.4546875 0.684375 0.4953125 0.684375
15 0.3281250000000001 0.5828125 0.2968750000000001 0.5828125 0.2968750000000001 0.63125 0.3281250000000001 0.63125
28 0.3906250000000001 0.528125 0.3609375000000001 0.528125 0.3609375000000001 0.575 0.3906250000000001 0.575
20 0.6484375 0.4140625 0.5765625 0.4140625 0.5765625 0.4625 0.6484375 0.4625
35 0.37187500000000007 0.5828125 0.3390625000000001 0.5828125 0.3390625000000001 0.63125 0.37187500000000007 0.63125
46 0.6515625 0.5796875 0.5484375 0.5796875 0.5484375 0.628125 0.6515625 0.628125
3 0.19375000000000003 0.4171875 0.16250000000000003 0.4171875 0.16250000000000003 0.465625 0.19375000000000003 0.465625
41 0.13125000000000003 0.475 0.09843750000000007 0.475 0.09843750000000007 0.521875 0.13125000000000003 0.521875
23 0.2656250000000001 0.528125 0.23593750000000008 0.528125 0.23593750000000008 0.575 0.2656250000000001 0.575
55 0.2875000000000001 0.584375 0.2562500000000001 0.584375 0.2562500000000001 0.63125 0.2875000000000001 0.63125
16 0.2453125000000001 0.5828125 0.2140625000000001 0.5828125 0.2140625000000001 0.63125 0.2453125000000001 0.63125
22 0.65 0.4703125 0.5984375 0.4703125 0.5984375 0.575 0.65 0.575
56 0.17187500000000006 0.471875 0.14062500000000006 0.471875 0.14062500000000006 0.5203125 0.17187500000000006 0.5203125
47 0.4453125 0.6375 0.18906250000000008 0.6375 0.18906250000000008 0.6890625 0.4453125 0.6890625
1 0.11250000000000004 0.41875 0.07968750000000005 0.41875 0.07968750000000005 0.465625 0.11250000000000004 0.465625
26 0.5984375 0.525 0.5671875 0.525 0.5671875 0.5734375 0.5984375 0.5734375
2 0.15312500000000004 0.41875 0.12187500000000004 0.41875 0.12187500000000004 0.4671875 0.15312500000000004 0.4671875
10 0.14062500000000006 0.5296875 0.10937500000000004 0.5296875 0.10937500000000007 0.5765625 0.14062500000000008 0.5765625
49 0.07812500000000008 0.6421875 0.03593750000000008 0.6421875 0.03593750000000008 0.6890625 0.07812500000000008 0.6890625