57 0.18125000000000005 0.371875 0.13593750000000004 0.371875 0.13593750000000004 0.4546875 0.18125000000000005 0.4546875
30 0.790625 0.09218750000000005 1.1289712679639661e-17 0.0921875 4.324534009489092e-17 0.6140625000000001 0.790625 0.6140625000000002
29 0.5078125 0.2796875000000001 0.4625 0.2796875000000001 0.4625 0.3531250000000001 0.5078125 0.3531250000000001
0 0.56875 0.11406250000000007 0.525 0.11406250000000004 0.525 0.18125000000000008 0.56875 0.18125000000000008
48 0.6234375 0.11250000000000009 0.5796875 0.11250000000000009 0.5796875 0.17968750000000008 0.6234375 0.17968750000000008
32 0.05781250000000006 0.3765625 0.010937500000000048 0.3765625 0.010937500000000051 0.459375 0.057812500000000065 0.459375
25 0.3890625 0.27968750000000003 0.3453125 0.2796875 0.3453125 0.353125 0.3890625 0.3531250000000001
2 0.12187500000000002 0.1125 0.07812500000000003 0.1125 0.07812500000000003 0.184375 0.12187500000000004 0.184375
21 0.2046875 0.19531250000000003 0.15937500000000004 0.1953125 0.15937500000000004 0.2671875 0.2046875 0.2671875
3 0.17968750000000003 0.109375 0.1359375 0.109375 0.13593750000000002 0.1828125 0.17968750000000006 0.1828125
4 0.2359375 0.11250000000000004 0.1921875 0.11250000000000004 0.1921875 0.18437500000000004 0.2359375 0.18437500000000004
18 0.5421875 0.37187500000000007 0.496875 0.37187500000000007 0.496875 0.45 0.5421875 0.45
24 0.3296875 0.2796875 0.2875 0.2796875 0.2875 0.353125 0.3296875 0.353125
10 0.09687500000000004 0.284375 0.050000000000000044 0.284375 0.050000000000000044 0.3578125 0.09687500000000004 0.3578125
11 0.678125 0.11250000000000009 0.634375 0.11250000000000009 0.634375 0.17968750000000008 0.678125 0.17968750000000008
26 0.7390625 0.2765625000000001 0.690625 0.2765625000000001 0.690625 0.3515625000000001 0.7390625 0.3515625000000001
31 0.56875 0.2765625000000001 0.5234375 0.2765625000000001 0.5234375 0.3531250000000001 0.56875 0.3531250000000001
35 0.4203125 0.37187500000000007 0.3765625000000001 0.37187500000000007 0.3765625000000001 0.45 0.4203125 0.45
17 0.025000000000000015 0.1109375 1.358592542804095e-17 0.1109375 1.798699986247675e-17 0.1828125 0.025000000000000022 0.1828125
51 0.3171875 0.19375000000000003 0.275 0.19375000000000003 0.275 0.2640625 0.3171875 0.2640625
12 0.6828125 0.27812500000000007 0.6359375 0.27812500000000007 0.6359375 0.3500000000000001 0.6828125 0.3500000000000001
40 0.6015625 0.3734375000000001 0.55625 0.3734375000000001 0.55625 0.45 0.6015625 0.45
6 0.3484375 0.11406250000000004 0.3046875 0.11406250000000004 0.3046875 0.18593750000000003 0.3484375 0.18593750000000003
38 0.6046875 0.19687500000000008 0.559375 0.19687500000000008 0.559375 0.2656250000000001 0.6046875 0.2656250000000001
15 0.3609375000000001 0.371875 0.31718750000000007 0.371875 0.31718750000000007 0.4515625 0.3609375000000001 0.4515625
44 0.02500000000000005 0.3765625 4.6115606030392526e-17 0.3765625 5.1186409183112037e-17 0.459375 0.025000000000000057 0.459375
7 0.403125 0.11562500000000005 0.3609375 0.11562500000000005 0.3609375 0.18281250000000004 0.403125 0.18281250000000004
41 0.08906250000000002 0.1953125 0.03906250000000002 0.1953125 0.03906250000000003 0.2671875 0.08906250000000002 0.2671875
16 0.2406250000000001 0.371875 0.19531250000000006 0.371875 0.19531250000000006 0.4546875 0.2406250000000001 0.4546875
27 0.4890625 0.19218750000000004 0.446875 0.19218750000000004 0.446875 0.2640625000000001 0.4890625 0.2640625000000001
59 0.375 0.19062500000000004 0.3328125 0.19062500000000004 0.3328125 0.26562500000000006 0.375 0.2656250000000001
49 0.020312500000000063 0.4765625 5.836207402186604e-17 0.4765625 6.333720164340217e-17 0.5578125 0.020312500000000067 0.5578125
34 0.6609375 0.3703125000000001 0.615625 0.3703125000000001 0.615625 0.4484375 0.6609375 0.4484375
37 0.6234375 0.27812500000000007 0.5796875 0.27812500000000007 0.5796875 0.3515625000000001 0.6234375 0.3515625000000001
5 0.2921875 0.11093750000000005 0.2484375 0.11093750000000005 0.2484375 0.18281250000000004 0.2921875 0.18281250000000004
53 0.4328125 0.19218750000000004 0.3890625 0.19218750000000004 0.3890625 0.2656250000000001 0.4328125 0.2656250000000001
33 0.48125 0.37187500000000007 0.4375 0.37187500000000007 0.4375 0.453125 0.48125 0.453125
1 0.06875000000000002 0.109375 0.02031250000000001 0.109375 0.020312500000000018 0.18125 0.06875000000000002 0.18125
36 0.546875 0.19375000000000006 0.503125 0.19375000000000003 0.503125 0.2671875000000001 0.546875 0.2671875000000001
56 0.14531250000000004 0.1921875 0.10000000000000005 0.1921875 0.10000000000000005 0.2640625 0.14531250000000004 0.2640625
54 0.6609375 0.19531250000000008 0.615625 0.19531250000000008 0.615625 0.2640625000000001 0.6609375 0.2640625000000001
28 0.4484375 0.2796875000000001 0.4046875 0.2796875000000001 0.4046875 0.3531250000000001 0.4484375 0.3531250000000001
22 0.790625 0.1937500000000001 0.7203125 0.1937500000000001 0.7203125 0.3531250000000001 0.790625 0.3531250000000001
50 0.71875 0.4671875 0.6671875 0.4671875 0.6671875 0.5484375 0.71875 0.5484375
20 0.7890625 0.1140625000000001 0.6859375 0.1140625000000001 0.6859375 0.17968750000000008 0.7890625 0.17968750000000008
19 0.2125 0.2796875 0.16875000000000004 0.2796875 0.16875000000000004 0.3546875 0.2125 0.3546875
13 0.15468750000000006 0.4703125 0.07968750000000006 0.4703125 0.07968750000000006 0.5546875 0.1546875000000001 0.5546875
42 0.2609375 0.19531250000000006 0.21875 0.19531250000000006 0.21875 0.265625 0.2609375 0.265625
55 0.3000000000000001 0.371875 0.2562500000000001 0.371875 0.2562500000000001 0.45 0.3000000000000001 0.45
8 0.459375 0.11562500000000005 0.415625 0.11562500000000005 0.415625 0.18437500000000004 0.459375 0.18437500000000004
58 0.12031250000000004 0.375 0.07343750000000004 0.375 0.07343750000000006 0.4578125 0.12031250000000004 0.4578125
9 0.5140625 0.11406250000000004 0.4703125 0.11406250000000004 0.4703125 0.18281250000000004 0.5140625 0.18281250000000004
14 0.59375 0.4703125 0.546875 0.4703125 0.546875 0.55 0.59375 0.55
52 0.03906250000000003 0.1921875 2.3536180671113197e-17 0.1921875 2.8319957230282545e-17 0.2703125 0.039062500000000035 0.2703125
46 0.7625 0.3671875000000001 0.66875 0.3671875000000001 0.66875 0.4468750000000001 0.7625 0.4468750000000002
23 0.271875 0.278125 0.228125 0.278125 0.228125 0.353125 0.271875 0.353125
45 0.04531250000000004 0.2828125 3.463454228838608e-17 0.2828125 3.9418318847555435e-17 0.3609375 0.04531250000000005 0.3609375
39 0.715625 0.1937500000000001 0.6703125 0.1937500000000001 0.6703125 0.2640625000000001 0.715625 0.2640625000000001
43 0.15468750000000003 0.2828125 0.10781250000000005 0.2828125 0.10781250000000005 0.35625 0.15468750000000003 0.35625