20 0.9109375 0.1828125000000001 0.8296875 0.1828125000000001 0.8296875 0.2531250000000001 0.9109375 0.2531250000000001
48 0.7609375 0.18750000000000008 0.709375 0.18750000000000008 0.709375 0.2593750000000001 0.7609375 0.2593750000000001
21 0.31875 0.2828125 0.265625 0.2828125 0.265625 0.35625 0.31875 0.35625
59 0.4953125 0.27812500000000007 0.44375 0.27812500000000007 0.44375 0.34843750000000007 0.4953125 0.34843750000000007
30 0.9375 0.11250000000000007 0.046875000000000014 0.1125 0.04687500000000004 0.6453125000000001 0.9375 0.6453125000000002
10 0.2156250000000001 0.3671875 0.16562500000000005 0.3671875 0.16562500000000005 0.4375 0.2156250000000001 0.4375
5 0.40625 0.20000000000000004 0.3546875 0.2 0.3546875 0.27031250000000007 0.40625 0.27031250000000007
41 0.2015625 0.2875 0.15000000000000005 0.2875 0.15000000000000005 0.359375 0.2015625 0.359375
34 0.784375 0.4343750000000002 0.73125 0.4343750000000002 0.73125 0.5031250000000002 0.784375 0.5031250000000002
35 0.5421875 0.4390625 0.490625 0.4390625 0.490625 0.5109375 0.5421875 0.5109375
44 0.18750000000000006 0.4484375 0.06562500000000004 0.4484375 0.06562500000000006 0.521875 0.18750000000000006 0.521875
9 0.6421875 0.1906250000000001 0.590625 0.1906250000000001 0.590625 0.26250000000000007 0.6421875 0.26250000000000007
19 0.3343750000000001 0.3640625 0.2828125000000001 0.3640625 0.2828125000000001 0.4359375 0.3343750000000001 0.4359375
36 0.6734375 0.2718750000000001 0.6203125 0.2718750000000001 0.6203125 0.3421875000000001 0.6734375 0.3421875000000001
57 0.3062500000000001 0.4484375 0.25468750000000007 0.4484375 0.25468750000000007 0.5171875 0.3062500000000001 0.5171875
24 0.4515625 0.3609375000000001 0.4 0.3609375000000001 0.4 0.43125 0.4515625 0.43125
28 0.5703125 0.35625000000000007 0.51875 0.35625000000000007 0.51875 0.4265625 0.5703125 0.4265625
11 0.821875 0.1859375000000001 0.7703125 0.1859375000000001 0.7703125 0.25468750000000007 0.821875 0.25468750000000007
49 0.14375000000000007 0.534375 0.06093750000000007 0.534375 0.06093750000000007 0.6046875 0.1437500000000001 0.6046875
14 0.63125 0.521875 0.578125 0.521875 0.578125 0.5921875 0.63125 0.5921875
23 0.39375000000000004 0.36250000000000004 0.3421875 0.3625 0.34218750000000003 0.4328125 0.3937500000000001 0.4328125
42 0.3765625 0.2828125 0.325 0.2828125 0.325 0.35156250000000006 0.3765625 0.3515625000000001
50 0.753125 0.51875 0.7 0.51875 0.7 0.5921875000000001 0.753125 0.5921875000000002
37 0.7515625 0.3531250000000001 0.6984375 0.3531250000000001 0.6984375 0.4234375000000001 0.7515625 0.4234375000000002
13 0.3468750000000001 0.528125 0.2687500000000001 0.528125 0.2687500000000001 0.6 0.3468750000000001 0.6
29 0.63125 0.35625000000000007 0.5796875 0.35625000000000007 0.5796875 0.4265625 0.63125 0.4265625
51 0.4359375 0.27812500000000007 0.3859375 0.27812500000000007 0.3859375 0.3500000000000001 0.4359375 0.3500000000000001
6 0.465625 0.19843750000000004 0.4125 0.19843750000000004 0.4125 0.2671875000000001 0.465625 0.2671875000000001
55 0.4234375 0.44375 0.3734375000000001 0.44375 0.3734375000000001 0.5140625 0.4234375 0.5140625
7 0.525 0.19531250000000006 0.4734375 0.19531250000000006 0.4734375 0.2687500000000001 0.525 0.2687500000000001
56 0.259375 0.284375 0.2078125 0.284375 0.2078125 0.3546875 0.259375 0.3546875
18 0.6625 0.4375 0.609375 0.4375 0.609375 0.509375 0.6625 0.509375
39 0.834375 0.2640625000000001 0.7921875 0.2640625000000001 0.7921875 0.3375000000000001 0.834375 0.3375000000000001
27 0.6140625 0.2734375000000001 0.5625 0.2734375000000001 0.5625 0.3421875000000001 0.6140625 0.3421875000000001
3 0.2890625 0.203125 0.2359375 0.203125 0.2359375 0.2734375 0.2890625 0.2734375
40 0.7234375 0.4359375 0.671875 0.4359375 0.671875 0.5046875 0.7234375 0.5046875
12 0.8015625 0.3500000000000001 0.759375 0.3500000000000001 0.759375 0.4203125000000002 0.8015625 0.4203125000000002
33 0.603125 0.4375 0.55 0.4375 0.55 0.5109375 0.603125 0.5109375
46 0.925 0.4343750000000002 0.8546875 0.4343750000000002 0.8546875 0.5078125000000002 0.925 0.5078125000000002
52 0.14218750000000005 0.2859375 0.06562500000000004 0.2859375 0.06562500000000004 0.35625 0.14218750000000005 0.35625
58 0.2453125000000001 0.45 0.19531250000000006 0.45 0.19531250000000006 0.5203125 0.2453125000000001 0.5203125
45 0.15625000000000006 0.36875 0.06562500000000004 0.36875 0.06562500000000004 0.4390625 0.15625000000000006 0.4390625
32 0.8421875 0.43281250000000016 0.7921875 0.43281250000000016 0.7921875 0.5062500000000002 0.8421875 0.5062500000000002
54 0.784375 0.2687500000000001 0.7421875 0.2687500000000001 0.7421875 0.3390625000000001 0.784375 0.3390625000000001
8 0.5828125 0.19375000000000006 0.5296875 0.19375000000000003 0.5296875 0.2640625000000001 0.5828125 0.2640625000000001
31 0.690625 0.3531250000000001 0.6390625 0.3531250000000001 0.6390625 0.425 0.690625 0.425
17 0.11250000000000004 0.209375 0.06718750000000002 0.209375 0.06718750000000004 0.2765625 0.11250000000000004 0.2765625
0 0.703125 0.18906250000000008 0.6484375 0.18906250000000008 0.6484375 0.2609375000000001 0.703125 0.2609375000000001
15 0.484375 0.440625 0.4296875 0.440625 0.4296875 0.5140625 0.484375 0.5140625
53 0.5546875 0.2750000000000001 0.503125 0.2750000000000001 0.503125 0.3468750000000001 0.5546875 0.3468750000000001
4 0.346875 0.2015625 0.296875 0.2015625 0.296875 0.271875 0.346875 0.271875
38 0.734375 0.27031250000000007 0.68125 0.27031250000000007 0.68125 0.34062500000000007 0.734375 0.34062500000000007
43 0.2734375000000001 0.365625 0.2234375000000001 0.365625 0.2234375000000001 0.4375 0.2734375000000001 0.4375
22 0.9171875 0.2640625000000001 0.84375 0.2640625000000001 0.84375 0.4203125000000002 0.9171875 0.4203125000000002
25 0.5109375 0.3593750000000001 0.459375 0.3593750000000001 0.459375 0.4296875 0.5109375 0.4296875
1 0.17187500000000006 0.2078125 0.12187500000000004 0.2078125 0.12187500000000004 0.2765625 0.17187500000000006 0.2765625
16 0.36406250000000007 0.4453125 0.3125000000000001 0.4453125 0.3125000000000001 0.51875 0.36406250000000007 0.51875
2 0.23125 0.203125 0.17968750000000006 0.203125 0.17968750000000006 0.275 0.23125 0.275
47 0.5703125 0.525 0.35625000000000007 0.525 0.35625000000000007 0.6 0.5703125 0.6
26 0.8515625 0.3468750000000001 0.809375 0.3468750000000001 0.809375 0.4203125000000002 0.8515625 0.4203125000000002