20 0.8078125 0.8640625 0.7296875000000002 0.8640625 0.7296875000000002 0.953125 0.8078125 0.953125
48 0.8015625 0.7312500000000001 0.7234375000000002 0.73125 0.7234375000000002 0.7890625000000001 0.8015625 0.7890625000000002
21 0.6984375 0.2453125000000001 0.6171875 0.2453125000000001 0.6171875 0.3031250000000001 0.6984375 0.3031250000000001
59 0.703125 0.440625 0.6265625 0.440625 0.6265625 0.496875 0.703125 0.496875
30 0.884375 0.003125000000000072 0.3 0.003125000000000036 0.30000000000000004 0.9828125 0.884375 0.9828125
10 0.6046875 0.13437500000000008 0.528125 0.13437500000000005 0.528125 0.18906250000000008 0.6046875 0.18906250000000008
5 0.7890625 0.34062500000000007 0.7125 0.34062500000000007 0.7125 0.3968750000000001 0.7890625 0.3968750000000001
41 0.6921875 0.11718750000000008 0.6140625 0.11718750000000008 0.6140625 0.17343750000000008 0.6921875 0.17343750000000008
34 0.5312500000000002 0.75625 0.4546875000000002 0.75625 0.4546875000000002 0.815625 0.5312500000000002 0.815625
35 0.525 0.490625 0.446875 0.490625 0.446875 0.5484375 0.525 0.5484375
44 0.5171875 0.02343750000000006 0.4359375 0.023437500000000056 0.4359375 0.15781250000000005 0.5171875 0.15781250000000005
9 0.7984375 0.6000000000000001 0.7203125 0.6 0.7203125 0.6578125000000001 0.7984375 0.6578125000000001
19 0.6078125 0.26250000000000007 0.5296875 0.26250000000000007 0.5296875 0.3187500000000001 0.6078125 0.3187500000000001
36 0.709375 0.6328125 0.63125 0.6328125 0.63125 0.6921875 0.709375 0.6921875
57 0.515625 0.2312500000000001 0.4390625 0.2312500000000001 0.4390625 0.2875000000000001 0.515625 0.2875000000000001
24 0.6125 0.3921875000000001 0.534375 0.3921875000000001 0.534375 0.4484375 0.6125 0.4484375
28 0.6171875 0.521875 0.5390625 0.521875 0.5390625 0.578125 0.6171875 0.578125
11 0.8046875 0.7984375000000001 0.7281250000000001 0.7984375000000001 0.7281250000000001 0.8546875 0.8046875 0.8546875
49 0.421875 0.018750000000000048 0.34375 0.018750000000000044 0.34375 0.10937500000000004 0.421875 0.10937500000000004
14 0.4359375 0.5875 0.3578125000000001 0.5875 0.3578125000000001 0.646875 0.4359375 0.646875
23 0.6109375 0.3281250000000001 0.534375 0.3281250000000001 0.534375 0.3843750000000001 0.6109375 0.3843750000000001
42 0.6984375 0.30937500000000007 0.621875 0.30937500000000007 0.621875 0.3656250000000001 0.6984375 0.3656250000000001
50 0.4406250000000001 0.721875 0.3593750000000001 0.721875 0.3593750000000001 0.78125 0.44062500000000016 0.78125
37 0.6203125 0.7203125 0.54375 0.7203125 0.5437500000000001 0.778125 0.6203125000000002 0.778125
13 0.428125 0.24687500000000004 0.35 0.246875 0.35 0.33437500000000003 0.428125 0.3343750000000001
29 0.6171875 0.5890625 0.5390625 0.5890625 0.5390625 0.6453125 0.6171875 0.6453125
51 0.7015625 0.3750000000000001 0.6234375 0.3750000000000001 0.6234375 0.4296875 0.7015625 0.4296875
6 0.790625 0.4062500000000001 0.7140625 0.40625 0.7140625 0.4640625000000001 0.790625 0.46406250000000016
55 0.521875 0.3625000000000001 0.44375 0.3625000000000001 0.44375 0.4171875 0.521875 0.4171875
7 0.7953125 0.4718750000000001 0.7140625 0.471875 0.7140625 0.5281250000000001 0.7953125 0.5281250000000002
56 0.696875 0.17968750000000008 0.61875 0.17968750000000008 0.61875 0.23593750000000008 0.696875 0.23593750000000008
18 0.528125 0.621875 0.45 0.621875 0.45 0.6796875 0.528125 0.6796875
39 0.7187500000000002 0.821875 0.6375000000000002 0.821875 0.6375000000000002 0.86875 0.7187500000000002 0.86875
27 0.7078125 0.5703125 0.63125 0.5703125 0.63125 0.6265625 0.7078125 0.6265625
3 0.784375 0.21250000000000008 0.7078125 0.21250000000000008 0.7078125 0.27031250000000007 0.784375 0.27031250000000007
40 0.5296875000000001 0.690625 0.453125 0.690625 0.4531250000000001 0.7484375 0.5296875000000002 0.7484375
12 0.6234375000000002 0.7859375 0.5468750000000002 0.7859375 0.5468750000000002 0.8328125 0.6234375000000002 0.8328125
33 0.528125 0.55625 0.446875 0.55625 0.446875 0.6140625 0.528125 0.6140625
46 0.5328125000000001 0.890625 0.4515625000000002 0.890625 0.4515625000000002 0.9671875 0.5328125000000001 0.9671875
52 0.69375 0.02343750000000008 0.615625 0.023437500000000076 0.615625 0.10781250000000009 0.69375 0.10781250000000009
58 0.5140625 0.16718750000000004 0.4375 0.16718750000000004 0.4375 0.2218750000000001 0.5140625 0.2218750000000001
45 0.6046875 0.02343750000000007 0.5265625 0.023437500000000066 0.5265625 0.12343750000000006 0.6046875 0.12343750000000009
32 0.5343750000000002 0.8234375 0.45312500000000017 0.8234375 0.45312500000000017 0.878125 0.5343750000000002 0.878125
54 0.7140625000000002 0.7671875 0.6359375000000002 0.7671875 0.6359375000000002 0.8140625 0.7140625000000002 0.8140625
8 0.796875 0.534375 0.71875 0.534375 0.71875 0.5921875000000001 0.796875 0.5921875000000002
31 0.6203125 0.6546875 0.5421875 0.6546875 0.5421875 0.7125 0.6203125 0.7125
17 0.7796875 0.025000000000000095 0.7046875 0.025000000000000088 0.7046875 0.0750000000000001 0.7796875 0.0750000000000001
0 0.8 0.6656250000000001 0.721875 0.665625 0.721875 0.7250000000000001 0.8 0.7250000000000002
15 0.525 0.425 0.44375 0.425 0.44375 0.484375 0.525 0.484375
53 0.70625 0.5046875 0.628125 0.5046875 0.628125 0.5609375 0.70625 0.5609375
4 0.7859375 0.27812500000000007 0.709375 0.27812500000000007 0.709375 0.33281250000000007 0.7859375 0.33281250000000007
38 0.7125000000000001 0.7015625 0.634375 0.7015625 0.6343750000000001 0.759375 0.7125000000000001 0.759375
43 0.60625 0.19843750000000007 0.528125 0.19843750000000004 0.528125 0.2531250000000001 0.60625 0.2531250000000001
22 0.7171875000000002 0.878125 0.5468750000000002 0.878125 0.5468750000000002 0.959375 0.7171875000000002 0.959375
25 0.6140625 0.45625 0.5359375 0.45625 0.5359375 0.5140625 0.6140625 0.5140625
1 0.78125 0.08593750000000008 0.7046875 0.08593750000000008 0.7046875 0.14062500000000008 0.78125 0.14062500000000008
16 0.5203125 0.2953125000000001 0.4390625 0.2953125000000001 0.4390625 0.3515625000000001 0.5203125 0.3515625000000001
2 0.784375 0.14843750000000008 0.70625 0.14843750000000008 0.70625 0.20468750000000008 0.784375 0.20468750000000008
47 0.43125 0.34375000000000006 0.35 0.34375 0.35000000000000003 0.578125 0.43125 0.578125
26 0.6281250000000002 0.8421875 0.5468750000000002 0.8421875 0.5468750000000002 0.8875 0.6281250000000002 0.8875