39 0.7218750000000002 0.765625 0.6437500000000002 0.765625 0.6437500000000002 0.821875 0.7218750000000002 0.821875
10 0.621875 0.10468750000000009 0.546875 0.10468750000000009 0.546875 0.1609375000000001 0.621875 0.1609375000000001
59 0.7140625 0.3968750000000001 0.6359375 0.3968750000000001 0.6359375 0.4515625 0.7140625 0.4515625
58 0.5359375 0.13906250000000003 0.4609375 0.13906250000000003 0.4609375 0.19375000000000003 0.5359375 0.19375000000000003
2 0.79375 0.12031250000000009 0.715625 0.12031250000000009 0.715625 0.1781250000000001 0.79375 0.1781250000000001
25 0.6265625 0.4140625 0.5515625 0.4140625 0.5515625 0.46875 0.6265625 0.46875
56 0.709375 0.15000000000000008 0.63125 0.15000000000000008 0.63125 0.2062500000000001 0.709375 0.2062500000000001
23 0.6234375 0.2906250000000001 0.55 0.2906250000000001 0.55 0.3453125000000001 0.6234375 0.3453125000000001
33 0.5453125 0.5046875 0.4671875 0.5046875 0.4671875 0.5609375 0.5453125 0.5609375
34 0.5484375000000001 0.6890625 0.4734375 0.6890625 0.47343750000000007 0.7453125 0.5484375000000001 0.7453125
3 0.79375 0.18125000000000008 0.71875 0.18125000000000008 0.71875 0.2390625000000001 0.79375 0.2390625000000001
44 0.534375 0.00781250000000006 0.459375 0.007812500000000056 0.459375 0.07031250000000007 0.534375 0.07031250000000007
4 0.7953125 0.24375000000000008 0.7203125 0.24375000000000008 0.7203125 0.3000000000000001 0.7953125 0.3000000000000001
49 0.4484375 0.01093750000000005 0.3609375 0.010937500000000044 0.3609375 0.07343750000000004 0.4484375 0.07343750000000004
19 0.6234375 0.22812500000000008 0.5484375 0.22812500000000008 0.5484375 0.2843750000000001 0.6234375 0.2843750000000001
5 0.796875 0.3046875000000001 0.71875 0.3046875000000001 0.71875 0.3609375000000001 0.796875 0.3609375000000001
47 0.4578125 0.2640625000000001 0.3640625 0.2640625000000001 0.36406250000000007 0.5625 0.4578125 0.5625
55 0.5390625 0.3218750000000001 0.4640625 0.3218750000000001 0.4640625 0.3781250000000001 0.5390625 0.3781250000000001
20 0.809375 0.8015625 0.7312500000000002 0.8015625 0.7312500000000002 0.909375 0.809375 0.909375
54 0.7203125000000001 0.703125 0.6421875 0.703125 0.6421875000000001 0.759375 0.7203125000000001 0.759375
6 0.8 0.3671875000000001 0.721875 0.3671875000000001 0.721875 0.4234375000000001 0.8 0.4234375000000002
26 0.6375000000000002 0.7828125 0.5593750000000002 0.7828125 0.5593750000000002 0.8375 0.6375000000000002 0.8375
27 0.715625 0.5203125 0.640625 0.5203125 0.640625 0.575 0.715625 0.575
32 0.5375 0.07656250000000006 0.459375 0.07656250000000006 0.459375 0.13281250000000006 0.5375 0.13281250000000006
11 0.8078125 0.7390625000000002 0.7296875000000002 0.7390625000000002 0.7296875000000002 0.7937500000000002 0.8078125 0.7937500000000002
37 0.6328125 0.6578125 0.5578125 0.6578125 0.5578125 0.7140625 0.6328125 0.7140625
8 0.8015625 0.4906250000000001 0.7234375 0.490625 0.7234375 0.5468750000000001 0.8015625 0.5468750000000002
7 0.8 0.4296875000000001 0.721875 0.4296875 0.721875 0.4859375000000001 0.8 0.4859375000000002
0 0.803125 0.6140625000000001 0.725 0.6140625 0.725 0.6687500000000001 0.803125 0.6687500000000002
15 0.540625 0.3828125000000001 0.465625 0.3828125000000001 0.465625 0.4390625 0.540625 0.4390625
22 0.7250000000000002 0.8296875 0.5609375000000002 0.8296875 0.5609375000000002 0.9078125 0.7250000000000002 0.9078125
46 0.5515625000000002 0.7515625 0.4734375000000002 0.7515625 0.4734375000000002 0.9078125 0.5515625000000002 0.9078125
43 0.621875 0.1671875000000001 0.5484375 0.1671875000000001 0.5484375 0.2234375000000001 0.621875 0.2234375000000001
53 0.715625 0.4578125 0.6375 0.4578125 0.6375 0.5125 0.715625 0.5125
50 0.4609375 0.6359375 0.3703125000000001 0.6359375 0.3703125000000001 0.6921875 0.4609375 0.6921875
41 0.7078125 0.08750000000000008 0.6296875 0.08750000000000006 0.6296875 0.1453125000000001 0.7078125 0.1453125000000001
24 0.625 0.3515625000000001 0.55 0.3515625000000001 0.55 0.40625 0.625 0.40625
35 0.5421875 0.4453125 0.4671875 0.4453125 0.4671875 0.5 0.5421875 0.5
51 0.7125 0.3359375000000001 0.634375 0.3359375000000001 0.634375 0.3906250000000001 0.7125 0.3906250000000001
36 0.7171875 0.58125 0.6421875 0.58125 0.6421875 0.6359375 0.7171875 0.6359375
40 0.5453125 0.628125 0.4703125 0.628125 0.4703125 0.684375 0.5453125 0.684375
16 0.5375 0.26250000000000007 0.4625 0.26250000000000007 0.4625 0.31718750000000007 0.5375 0.31718750000000007
42 0.7109375 0.2750000000000001 0.6328125 0.2750000000000001 0.6328125 0.3296875000000001 0.7109375 0.3296875000000001
17 0.790625 0.004687500000000093 0.715625 0.004687500000000087 0.715625 0.05312500000000009 0.790625 0.05312500000000009
30 0.884375 7.443556326067507e-17 0.33125 4.0566425221756075e-17 0.33125000000000004 0.93125 0.884375 0.93125
45 0.621875 0.006250000000000071 0.54375 0.006250000000000066 0.54375 0.10000000000000006 0.621875 0.10000000000000009
21 0.709375 0.21250000000000008 0.63125 0.21250000000000008 0.63125 0.2687500000000001 0.709375 0.2687500000000001
48 0.80625 0.6750000000000002 0.728125 0.6750000000000002 0.7281250000000001 0.7312500000000002 0.80625 0.7312500000000002
38 0.71875 0.6421875 0.640625 0.6421875 0.640625 0.696875 0.71875 0.696875
1 0.7921875 0.057812500000000086 0.7171875 0.057812500000000086 0.7171875 0.1140625000000001 0.7921875 0.1140625000000001
14 0.459375 0.56875 0.37187500000000007 0.56875 0.37187500000000007 0.63125 0.459375 0.63125
13 0.45 0.20156250000000003 0.3625 0.2015625 0.3625 0.25781250000000006 0.45 0.2578125000000001
18 0.546875 0.565625 0.46875 0.565625 0.46875 0.621875 0.546875 0.621875
29 0.6296875 0.5359375 0.5515625 0.5359375 0.5515625 0.590625 0.6296875 0.590625
12 0.6359375 0.7203125 0.5578125 0.7203125 0.5578125 0.7765625 0.6359375000000002 0.7765625
57 0.5375 0.2000000000000001 0.4625 0.2000000000000001 0.4625 0.25468750000000007 0.5375 0.25468750000000007
52 0.7078125 0.004687500000000082 0.6296875 0.004687500000000078 0.6296875 0.08125000000000007 0.7078125 0.08125000000000009
28 0.628125 0.475 0.553125 0.475 0.553125 0.5296875 0.628125 0.5296875
9 0.803125 0.5515625000000001 0.725 0.5515625 0.725 0.6078125000000001 0.803125 0.6078125000000002
31 0.63125 0.5984375 0.55625 0.5984375 0.55625 0.6515625 0.63125 0.6515625