59 0.4484375 0.3359375000000001 0.384375 0.3359375000000001 0.384375 0.41875 0.4484375 0.41875
44 0.04062500000000007 0.5078125 6.218909526920153e-17 0.5078125 6.745124948428782e-17 0.59375 0.04062500000000008 0.59375
11 0.846875 0.2515625000000001 0.784375 0.2515625000000001 0.784375 0.33281250000000007 0.846875 0.33281250000000007
55 0.3546875000000001 0.51875 0.2890625000000001 0.51875 0.2890625000000001 0.6046875 0.3546875000000001 0.6046875
8 0.559375 0.2468750000000001 0.4953125 0.2468750000000001 0.4953125 0.3296875000000001 0.559375 0.3296875000000001
49 0.042187500000000086 0.6046875 7.405286113594152e-17 0.6046875 8.055879725641184e-17 0.7109375 0.042187500000000086 0.7109375
37 0.7546875 0.4359375000000001 0.6890625 0.4359375 0.6890625 0.5203125000000001 0.7546875 0.5203125000000002
17 0.03125000000000003 0.2265625 2.7745904043182222e-17 0.2265625 3.2721031664718344e-17 0.3078125 0.031250000000000035 0.3078125
23 0.3203125000000001 0.425 0.25468750000000007 0.425 0.25468750000000007 0.5078125 0.3203125000000001 0.5078125
21 0.23125000000000004 0.328125 0.16562500000000005 0.328125 0.16562500000000005 0.4125 0.2312500000000001 0.4125
52 0.04687500000000004 0.31875 3.903561672282188e-17 0.31875 4.410641987554139e-17 0.4015625 0.04687500000000004 0.4015625
13 0.20312500000000008 0.6109375 0.1359375000000001 0.6109375 0.1359375000000001 0.7125 0.20312500000000008 0.7125
51 0.3765625 0.33437500000000003 0.3125 0.334375 0.31250000000000006 0.4171875 0.3765625000000001 0.4171875
41 0.08593750000000004 0.325 0.018750000000000037 0.325 0.018750000000000044 0.4078125 0.08593750000000004 0.4078125
2 0.12968750000000004 0.2328125 0.06406250000000002 0.2328125 0.06406250000000004 0.3140625 0.12968750000000004 0.3140625
43 0.17187500000000006 0.4203125 0.10781250000000005 0.4203125 0.10781250000000005 0.503125 0.17187500000000006 0.503125
0 0.703125 0.2500000000000001 0.6375 0.2500000000000001 0.6375 0.33281250000000007 0.703125 0.33281250000000007
22 0.9875 0.3468750000000001 0.8890625 0.3468750000000001 0.8890625 0.5265625000000002 0.9875 0.5265625000000002
56 0.15781250000000005 0.325 0.09218750000000005 0.325 0.09218750000000005 0.409375 0.15781250000000005 0.409375
48 0.775 0.2515625000000001 0.7109375 0.2515625000000001 0.7109375 0.33281250000000007 0.775 0.33281250000000007
57 0.2062500000000001 0.5140625 0.14062500000000006 0.5140625 0.14062500000000006 0.6 0.2062500000000001 0.6
34 0.79375 0.5296875000000002 0.7265625 0.5296875000000002 0.7265625 0.6140625000000002 0.79375 0.6140625000000002
3 0.2015625 0.2359375 0.13437500000000005 0.2359375 0.13437500000000005 0.3171875 0.2015625 0.3171875
9 0.63125 0.2484375000000001 0.5671875 0.2484375000000001 0.5671875 0.3312500000000001 0.63125 0.3312500000000001
33 0.5703125 0.5234375 0.50625 0.5234375 0.50625 0.609375 0.5703125 0.609375
18 0.64375 0.5265625 0.5796875 0.5265625 0.5796875 0.6109375 0.64375 0.6109375
58 0.13281250000000006 0.5125 0.06562500000000007 0.5125 0.06562500000000007 0.5984375 0.13281250000000008 0.5984375
28 0.5359375 0.428125 0.471875 0.428125 0.471875 0.5125 0.5359375 0.5125
29 0.609375 0.4328125 0.54375 0.4328125 0.54375 0.515625 0.609375 0.515625
7 0.4890625 0.2453125000000001 0.425 0.2453125000000001 0.425 0.3281250000000001 0.4890625 0.3281250000000001
26 0.9015625 0.44062500000000016 0.8375 0.44062500000000016 0.8375 0.5234375000000002 0.9015625 0.5234375000000002
16 0.2812500000000001 0.5171875 0.2156250000000001 0.5171875 0.2156250000000001 0.6015625 0.2812500000000001 0.6015625
1 0.054687500000000035 0.23125 2.8319957230282545e-17 0.23125 3.329508485181867e-17 0.3125 0.05468750000000004 0.3125
35 0.5 0.521875 0.434375 0.521875 0.434375 0.6078125 0.5 0.6078125
15 0.428125 0.5203125 0.3609375000000001 0.5203125 0.3609375000000001 0.60625 0.428125 0.60625
6 0.4171875 0.24218750000000006 0.353125 0.2421875 0.353125 0.32500000000000007 0.4171875 0.32500000000000007
36 0.6625 0.34062500000000007 0.5984375 0.34062500000000007 0.5984375 0.4234375 0.6625 0.4234375
32 0.057812500000000065 0.5109375 6.257179739393508e-17 0.5109375 6.783395160902136e-17 0.596875 0.057812500000000065 0.596875
47 0.571875 0.6140625 0.2093750000000001 0.6140625 0.2093750000000001 0.7203125 0.571875 0.7203125
30 1 0.09218750000000006 1.1289712679639661e-17 0.0921875 5.348262193151332e-17 0.7812500000000001 1 0.7812500000000002
40 0.71875 0.528125 0.653125 0.528125 0.653125 0.6125 0.71875 0.6125
5 0.3453125 0.240625 0.2796875 0.240625 0.2796875 0.321875 0.3453125 0.321875
39 0.88125 0.3453125000000001 0.8171875 0.3453125000000001 0.8171875 0.4281250000000002 0.88125 0.4281250000000002
24 0.3921875000000001 0.4265625 0.3281250000000001 0.4265625 0.3281250000000001 0.5109375 0.3921875000000001 0.5109375
46 0.9921875 0.5328125000000001 0.8 0.5328125000000001 0.8 0.6203125000000002 0.9921875 0.6203125000000002
54 0.809375 0.3437500000000001 0.74375 0.3437500000000001 0.74375 0.4281250000000002 0.809375 0.4281250000000002
38 0.7359375 0.3421875000000001 0.6703125 0.3421875000000001 0.6703125 0.42656250000000007 0.7359375 0.4265625000000002
12 0.828125 0.43750000000000017 0.7640625 0.43750000000000017 0.7640625 0.5218750000000002 0.828125 0.5218750000000002
14 0.659375 0.621875 0.578125 0.621875 0.578125 0.725 0.659375 0.725
42 0.30468750000000006 0.3328125 0.2390625 0.3328125 0.23906250000000004 0.4140625 0.3046875000000001 0.4140625
25 0.4640625 0.4296875 0.3984375000000001 0.4296875 0.3984375000000001 0.5125 0.4640625 0.5125
50 0.7343750000000001 0.6234375000000001 0.665625 0.6234375 0.6656250000000001 0.7281250000000001 0.7343750000000002 0.7281250000000001
53 0.51875 0.3375000000000001 0.4546875 0.3375000000000001 0.4546875 0.421875 0.51875 0.421875
45 0.05937500000000005 0.4140625 5.070803152719509e-17 0.4140625 5.597018574228137e-17 0.5 0.05937500000000007 0.5
19 0.2453125000000001 0.421875 0.18125000000000005 0.421875 0.18125000000000005 0.50625 0.2453125000000001 0.50625
20 0.9828125 0.25468750000000007 0.85625 0.25468750000000007 0.85625 0.3375000000000001 0.9828125 0.3375000000000001
27 0.590625 0.34062500000000007 0.5265625 0.34062500000000007 0.5265625 0.421875 0.590625 0.421875
10 0.09843750000000005 0.4171875 0.03281250000000006 0.4171875 0.032812500000000064 0.5015625 0.09843750000000007 0.5015625
31 0.68125 0.434375 0.6171875 0.434375 0.6171875 0.5171875 0.68125 0.5171875
4 0.2734375 0.2375 0.209375 0.2375 0.209375 0.31875 0.2734375 0.31875