11 0.96875 0.5953125000000001 0.8953125 0.5953125000000001 0.8953125 0.6765625000000002 0.96875 0.6765625000000002
14 0.7187500000000002 0.934375 0.6453125000000002 0.934375 0.6453125000000002 1 0.7187500000000002 1
39 0.9546875 0.6781250000000002 0.8984375 0.6781250000000002 0.8984375 0.7609375000000002 0.9546875 0.7609375000000002
18 0.7468750000000002 0.85 0.6718750000000002 0.85 0.6718750000000002 0.93125 0.7468750000000002 0.93125
19 0.33281250000000007 0.765625 0.2609375000000001 0.765625 0.2609375000000001 0.8484375 0.33281250000000007 0.8484375
6 0.521875 0.5984375 0.4484375 0.5984375 0.4484375 0.68125 0.521875 0.68125
34 0.8984375 0.85 0.8234375 0.85 0.8234375 0.93125 0.8984375 0.93125
37 0.8546875 0.7640625000000002 0.7812500000000002 0.7640625000000002 0.7812500000000002 0.846875 0.8546875 0.846875
2 0.2250000000000001 0.6 0.1531250000000001 0.6 0.1531250000000001 0.68125 0.2250000000000001 0.68125
17 0.07500000000000008 0.6 0.028125000000000077 0.6 0.028125000000000084 0.68125 0.0750000000000001 0.68125
36 0.7625000000000001 0.6796875000000001 0.6875 0.6796875 0.6875000000000001 0.7625000000000001 0.7625000000000002 0.7625000000000002
12 0.9140625 0.7640625000000002 0.8578125 0.7640625000000002 0.8578125 0.8453125 0.9140625 0.8453125
28 0.6296875000000002 0.765625 0.5578125000000002 0.765625 0.5578125000000002 0.8484375 0.6296875000000002 0.8484375
41 0.1687500000000001 0.684375 0.09687500000000009 0.684375 0.09687500000000009 0.7671875 0.1687500000000001 0.7671875
49 0.11250000000000013 0.9328125 0.025000000000000112 0.9328125 0.025000000000000116 1 0.11250000000000013 1
48 0.8953125 0.5953125000000001 0.8203125 0.5953125000000001 0.8203125 0.6796875000000002 0.8953125 0.6796875000000002
7 0.5953125 0.6 0.521875 0.6 0.521875 0.6828125 0.5953125 0.6828125
51 0.4640625000000001 0.68125 0.3921875000000001 0.68125 0.3921875000000001 0.7640625 0.46406250000000016 0.7640625
46 1 0.8484375 0.9640625 0.8484375 0.9640625 0.93125 1 0.93125
59 0.5375000000000001 0.68125 0.4640625 0.68125 0.4640625000000001 0.7640625 0.5375000000000002 0.7640625
0 0.81875 0.5968750000000002 0.746875 0.5968750000000002 0.746875 0.6812500000000001 0.81875 0.6812500000000001
25 0.5546875000000002 0.7640625 0.4828125000000002 0.7640625 0.4828125000000002 0.846875 0.5546875000000002 0.846875
9 0.7421875 0.5984375000000001 0.6703125 0.5984375 0.6703125 0.6812500000000001 0.7421875 0.6812500000000001
23 0.4046875000000002 0.765625 0.33281250000000007 0.765625 0.33281250000000007 0.846875 0.4046875000000002 0.846875
44 0.15312500000000012 0.8484375 0.0296875000000001 0.8484375 0.029687500000000106 0.9296875 0.15312500000000012 0.9296875
24 0.47968750000000016 0.765625 0.4078125000000002 0.765625 0.4078125000000002 0.8484375 0.47968750000000016 0.8484375
53 0.6109375000000001 0.68125 0.5375 0.68125 0.5375000000000001 0.7640625 0.6109375000000001 0.7640625
3 0.2984375000000001 0.6 0.2250000000000001 0.6 0.2250000000000001 0.68125 0.2984375000000001 0.68125
26 0.9734375 0.7640625000000002 0.915625 0.7640625000000002 0.915625 0.8453125 0.9734375 0.8453125
5 0.4453125 0.5984375 0.37187500000000007 0.5984375 0.37187500000000007 0.68125 0.4453125 0.68125
38 0.8375 0.6796875000000002 0.7640625 0.6796875000000002 0.7640625000000001 0.7625000000000002 0.8375 0.7625000000000002
31 0.7812500000000002 0.7656250000000001 0.7078125000000002 0.765625 0.7078125000000002 0.8484375 0.7812500000000002 0.8484375
52 0.09375000000000008 0.6828125 0.02968750000000009 0.6828125 0.02968750000000009 0.765625 0.09375000000000008 0.765625
30 1 0.5296875000000001 0.014062500000000066 0.5296875 0.014062500000000094 1 1 1
55 0.44843750000000016 0.85 0.3750000000000001 0.85 0.3750000000000001 0.9328125 0.44843750000000016 0.9328125
29 0.7062500000000002 0.765625 0.6328125000000002 0.765625 0.6328125000000002 0.8484375 0.7062500000000002 0.8484375
32 0.9578125 0.8484375 0.9015625 0.8484375 0.9015625 0.93125 0.9578125 0.93125
22 1 0.6781250000000002 0.9578125 0.6781250000000002 0.9578125 0.8484375 1 0.8484375
45 0.11093750000000009 0.7671875 0.028125000000000087 0.7671875 0.028125000000000094 0.846875 0.11093750000000009 0.846875
40 0.8234375 0.85 0.7484375000000002 0.85 0.7484375000000002 0.93125 0.8234375 0.93125
4 0.3703125000000001 0.5984375 0.3000000000000001 0.5984375 0.3000000000000001 0.68125 0.3703125000000001 0.68125
42 0.3890625000000001 0.6828125 0.31718750000000007 0.6828125 0.31718750000000007 0.765625 0.3890625000000001 0.765625
54 0.8953125 0.6781250000000002 0.840625 0.6781250000000002 0.840625 0.7609375000000002 0.8953125 0.7609375000000002
58 0.2250000000000001 0.85 0.1546875000000001 0.85 0.15468750000000012 0.93125 0.2250000000000001 0.93125
43 0.2578125000000001 0.7671875 0.1859375000000001 0.7671875 0.1859375000000001 0.846875 0.2578125000000001 0.846875
47 0.6453125000000002 0.9328125 0.3390625000000001 0.9328125 0.3390625000000001 1 0.6453125000000002 1
13 0.3375000000000001 0.934375 0.2640625000000001 0.934375 0.2640625000000001 1 0.3375000000000001 1
21 0.31718750000000007 0.6828125 0.24375000000000008 0.6828125 0.24375000000000008 0.765625 0.31718750000000007 0.765625
35 0.5968750000000002 0.85 0.5234375000000002 0.85 0.5234375000000002 0.9328125 0.5968750000000002 0.9328125
20 1 0.5937500000000002 0.9734375 0.5937500000000002 0.9734375 0.6765625000000002 1 0.6765625000000002
57 0.3000000000000001 0.85 0.2296875000000001 0.85 0.2296875000000001 0.93125 0.3000000000000001 0.93125
1 0.14843750000000008 0.6 0.07968750000000006 0.6 0.07968750000000008 0.68125 0.14843750000000008 0.68125
10 0.1828125000000001 0.7671875 0.11562500000000009 0.7671875 0.11562500000000009 0.846875 0.1828125000000001 0.846875
56 0.2390625000000001 0.68125 0.1703125000000001 0.68125 0.1703125000000001 0.7640625 0.2390625000000001 0.7640625
27 0.6875000000000001 0.6796875 0.6140625 0.6796875 0.6140625000000001 0.7625 0.6875000000000002 0.7625
33 0.6734375000000001 0.85 0.5984375000000002 0.85 0.5984375000000002 0.934375 0.6734375000000001 0.934375
50 0.871875 0.934375 0.7968750000000002 0.934375 0.7968750000000002 1 0.871875 1
15 0.5234375000000002 0.85 0.44843750000000016 0.85 0.44843750000000016 0.9328125 0.5234375000000002 0.9328125
16 0.3750000000000001 0.85 0.30156250000000007 0.85 0.30156250000000007 0.9328125 0.3750000000000001 0.9328125
8 0.66875 0.5984375 0.596875 0.5984375 0.596875 0.68125 0.66875 0.68125