0 0.7640625000000001 0.6828125 0.6796875 0.6828125 0.6796875000000001 0.7515625000000001 0.7640625000000002 0.7515625000000001
35 0.5125 0.478125 0.4296875 0.478125 0.4296875 0.54375 0.5125 0.54375
40 0.5156250000000001 0.6828125 0.4328125 0.6828125 0.4328125000000001 0.7546875 0.5156250000000002 0.7546875
9 0.7609375 0.6140625000000001 0.6765625 0.6140625 0.6765625 0.6828125 0.7609375 0.6828125000000002
20 0.7687500000000002 0.89375 0.6843750000000002 0.89375 0.6843750000000002 1 0.7687500000000002 1
28 0.59375 0.509375 0.5125 0.509375 0.5125 0.575 0.59375 0.575
59 0.6734375 0.4203125 0.590625 0.4203125 0.590625 0.4890625 0.6734375 0.4890625
57 0.50625 0.20312500000000008 0.4234375 0.20312500000000008 0.4234375 0.2687500000000001 0.50625 0.2687500000000001
51 0.671875 0.3546875000000001 0.590625 0.3546875000000001 0.590625 0.4203125 0.671875 0.4203125
24 0.5921875 0.3750000000000001 0.5109375 0.3750000000000001 0.5109375 0.440625 0.5921875 0.440625
38 0.6812500000000001 0.696875 0.596875 0.696875 0.596875 0.765625 0.6812500000000001 0.765625
13 0.425 0.22343750000000004 0.3328125 0.2234375 0.3328125 0.29687500000000006 0.425 0.2968750000000001
32 0.50625 0.06875000000000006 0.421875 0.06875000000000005 0.421875 0.13437500000000005 0.50625 0.13437500000000005
14 0.4328125 0.6234375 0.3375000000000001 0.6234375 0.3375000000000001 0.696875 0.4328125 0.696875
41 0.66875 0.08125000000000007 0.5859375 0.08125000000000007 0.5859375 0.15000000000000008 0.66875 0.15000000000000008
25 0.5921875 0.4421875 0.5109375 0.4421875 0.5109375 0.5109375 0.5921875 0.5109375
36 0.6796875 0.625 0.5953125 0.625 0.5953125 0.6953125 0.6796875 0.6953125
29 0.5953125 0.578125 0.5125 0.578125 0.5125 0.646875 0.5953125 0.646875
44 0.5046875 5.673558999174847e-17 0.421875 5.166478683902896e-17 0.421875 0.07031250000000006 0.5046875 0.07031250000000007
31 0.596875 0.646875 0.5125 0.646875 0.5125 0.7171875 0.596875 0.7171875
11 0.7671875000000001 0.825 0.6843750000000002 0.825 0.6843750000000002 0.89375 0.7671875000000001 0.89375
27 0.678125 0.559375 0.5953125 0.559375 0.5953125 0.625 0.678125 0.625
46 0.5187500000000002 0.828125 0.4343750000000002 0.828125 0.4343750000000002 1 0.5187500000000002 1
12 0.6000000000000002 0.7875 0.5156250000000002 0.7875 0.5156250000000002 0.859375 0.6000000000000002 0.859375
19 0.5890625 0.23593750000000008 0.50625 0.23593750000000008 0.50625 0.3046875000000001 0.5890625 0.3046875000000001
49 0.4234375 4.62112815615759e-17 0.33125 4.0566425221756075e-17 0.33125 0.08125000000000004 0.4234375 0.08125000000000004
43 0.5875 0.16875000000000007 0.50625 0.16875000000000004 0.50625 0.23437500000000008 0.5875 0.23437500000000008
6 0.75625 0.4093750000000001 0.671875 0.409375 0.671875 0.4781250000000001 0.75625 0.4781250000000002
34 0.5171875000000001 0.7546875 0.43281250000000016 0.7546875 0.43281250000000016 0.8265625 0.5171875000000001 0.8265625
33 0.5140625 0.5453125 0.43125 0.5453125 0.43125 0.6140625 0.5140625 0.6140625
16 0.509375 0.27031250000000007 0.425 0.27031250000000007 0.425 0.34062500000000007 0.509375 0.34062500000000007
47 0.4296875 0.29687500000000006 0.334375 0.296875 0.33437500000000003 0.6234375 0.4296875 0.6234375
7 0.75625 0.4781250000000001 0.6734375 0.478125 0.6734375 0.5437500000000001 0.75625 0.5437500000000002
23 0.5890625 0.3078125000000001 0.5078125 0.3078125000000001 0.5078125 0.3734375000000001 0.5890625 0.3734375000000001
54 0.6796875000000002 0.76875 0.5953125000000001 0.76875 0.5953125000000001 0.8375 0.6796875000000002 0.8375
37 0.6000000000000001 0.7171875 0.5140625 0.7171875 0.5140625000000001 0.7875 0.6000000000000002 0.7875
8 0.759375 0.5468750000000001 0.675 0.546875 0.675 0.6125 0.759375 0.6125000000000002
3 0.753125 0.2062500000000001 0.6703125 0.2062500000000001 0.6703125 0.2718750000000001 0.753125 0.2718750000000001
10 0.5875 0.10312500000000006 0.5046875 0.10312500000000005 0.5046875 0.16875000000000007 0.5875 0.1687500000000001
55 0.509375 0.34062500000000007 0.4265625 0.34062500000000007 0.4265625 0.4109375 0.509375 0.4109375
4 0.753125 0.2750000000000001 0.671875 0.2750000000000001 0.671875 0.34062500000000007 0.753125 0.34062500000000007
30 0.8359375 7.041719095097281e-17 0.3140625 3.846156353572156e-17 0.3140625 1 0.8359375 1
52 0.6671875 0.0015625000000000766 0.584375 0.0015625000000000714 0.584375 0.08281250000000008 0.6671875 0.0828125000000001
5 0.7546875 0.34062500000000007 0.671875 0.34062500000000007 0.671875 0.4093750000000001 0.7546875 0.40937500000000016
42 0.6703125 0.2843750000000001 0.5890625 0.2843750000000001 0.5890625 0.3531250000000001 0.6703125 0.3531250000000001
56 0.6703125 0.14843750000000008 0.5875 0.14843750000000008 0.5875 0.2140625000000001 0.6703125 0.2140625000000001
50 0.4312500000000001 0.6984375 0.3359375000000001 0.6984375 0.3359375000000001 0.7796875 0.4312500000000002 0.7796875
15 0.5109375 0.4078125 0.428125 0.4078125 0.428125 0.4765625 0.5109375 0.4765625
21 0.6703125 0.2156250000000001 0.5875 0.2156250000000001 0.5875 0.2875000000000001 0.6703125 0.2875000000000001
45 0.5875 0.0015625000000000669 0.5046875 0.0015625000000000617 0.5046875 0.10156250000000007 0.5875 0.10156250000000008
1 0.75 0.07187500000000009 0.6671875 0.07187500000000009 0.6671875 0.1375000000000001 0.75 0.1375000000000001
22 0.6843750000000002 0.909375 0.5171875000000001 0.909375 0.5171875000000001 1 0.6843750000000002 1
53 0.6765625 0.4890625 0.5921875 0.4890625 0.5921875 0.5546875 0.6765625 0.5546875
18 0.515625 0.6125 0.4328125 0.6125 0.4328125 0.6828125 0.515625 0.6828125
58 0.50625 0.13593750000000004 0.4234375 0.13593750000000004 0.4234375 0.2015625000000001 0.50625 0.2015625000000001
2 0.75 0.1390625000000001 0.66875 0.1390625000000001 0.66875 0.20468750000000008 0.75 0.20468750000000008