45 0.9609375 0.37187500000000007 0.84375 0.37187500000000007 0.84375 0.4546875000000002 0.9609375 0.4546875000000002
6 0.5453125 0.18437500000000007 0.4859375 0.18437500000000004 0.4859375 0.2656250000000001 0.5453125 0.2656250000000001
0 0.278125 0.18281250000000004 0.21875 0.18281250000000004 0.21875 0.265625 0.278125 0.265625
49 0.9703125 0.5578125000000002 0.8171875 0.5578125000000002 0.8171875 0.6609375000000002 0.9703125 0.6609375000000002
28 0.4234375 0.3671875000000001 0.36406250000000007 0.3671875000000001 0.36406250000000007 0.4484375 0.4234375 0.4484375
46 0.12187500000000004 0.45625 5.587451021109799e-17 0.45625 6.09453133638175e-17 0.5390625 0.12187500000000004 0.5390625
41 0.8546875 0.27812500000000007 0.7921875 0.27812500000000007 0.7921875 0.3609375000000001 0.8546875 0.3609375000000001
44 0.9625 0.4671875000000002 0.8796875 0.4671875000000002 0.8796875 0.5500000000000002 0.9625 0.5500000000000002
47 0.6578125 0.553125 0.3265625000000001 0.553125 0.3265625000000001 0.65 0.6578125 0.65
59 0.5109375 0.2765625000000001 0.4515625 0.2765625000000001 0.4515625 0.35625000000000007 0.5109375 0.35625000000000007
42 0.646875 0.27812500000000007 0.5875 0.27812500000000007 0.5875 0.3578125000000001 0.646875 0.3578125000000001
30 0.984375 0.09375000000000006 1.1481063742006437e-17 0.09375 4.735938793577655e-17 0.6796875000000001 0.984375 0.6796875000000002
38 0.2421875 0.2765625 0.18593750000000003 0.2765625 0.18593750000000003 0.35625 0.2421875 0.35625
43 0.7640625 0.3703125000000001 0.7046875 0.3703125000000001 0.7046875 0.4531250000000001 0.7640625 0.45312500000000017
25 0.4921875 0.3656250000000001 0.4328125 0.3656250000000001 0.4328125 0.4484375 0.4921875 0.4484375
7 0.4796875 0.18437500000000004 0.4203125 0.18437500000000004 0.4203125 0.2640625000000001 0.4796875 0.2640625000000001
12 0.15468750000000003 0.365625 0.09531250000000005 0.365625 0.09531250000000005 0.4453125 0.15468750000000003 0.4453125
16 0.6625 0.4625 0.6015625 0.4625 0.6015625 0.546875 0.6625 0.546875
50 0.22656250000000008 0.5515625 0.16562500000000008 0.5515625 0.16562500000000008 0.64375 0.22656250000000008 0.64375
8 0.4109375 0.18437500000000004 0.3546875 0.18437500000000004 0.3546875 0.26562500000000006 0.4109375 0.2656250000000001
35 0.4578125 0.459375 0.39531250000000007 0.459375 0.39531250000000007 0.5421875 0.4578125 0.5421875
10 0.834375 0.3703125000000001 0.7734375 0.3703125000000001 0.7734375 0.4546875000000002 0.834375 0.4546875000000002
14 0.3187500000000001 0.5515625 0.23437500000000008 0.5515625 0.23437500000000008 0.64375 0.3187500000000001 0.64375
51 0.578125 0.2765625000000001 0.51875 0.2765625000000001 0.51875 0.3578125000000001 0.578125 0.3578125000000001
4 0.68125 0.1843750000000001 0.621875 0.1843750000000001 0.621875 0.2656250000000001 0.68125 0.2656250000000001
27 0.3765625 0.27343750000000006 0.3203125 0.2734375 0.3203125 0.353125 0.3765625 0.3531250000000001
20 0.08125000000000002 0.1828125 2.2388074296912548e-17 0.1828125 2.71718508560819e-17 0.2609375 0.08125000000000002 0.2609375
21 0.715625 0.27812500000000007 0.65625 0.27812500000000007 0.65625 0.3593750000000001 0.715625 0.3593750000000001
29 0.35625000000000007 0.365625 0.2968750000000001 0.365625 0.2968750000000001 0.446875 0.35625000000000007 0.446875
22 0.04531250000000005 0.271875 3.329508485181867e-17 0.271875 4.4010744344358005e-17 0.446875 0.045312500000000054 0.446875
1 0.8859375 0.1859375000000001 0.8265625 0.1859375000000001 0.8265625 0.2671875000000001 0.8859375 0.2671875000000001
15 0.525 0.459375 0.4625 0.459375 0.4625 0.5421875 0.525 0.5421875
52 0.9578125 0.27812500000000007 0.8609375 0.27812500000000007 0.8609375 0.3609375000000001 0.9578125 0.3609375000000001
48 0.2140625 0.184375 0.15468750000000003 0.184375 0.15468750000000003 0.2640625 0.2140625 0.2640625
40 0.25468750000000007 0.4578125 0.19531250000000006 0.4578125 0.19531250000000006 0.5390625 0.25468750000000007 0.5390625
17 0.9546875 0.18593750000000012 0.89375 0.1859375000000001 0.89375 0.2687500000000001 0.9546875 0.2687500000000001
9 0.3453125 0.18437500000000004 0.2859375 0.18437500000000004 0.2859375 0.265625 0.3453125 0.265625
54 0.17500000000000004 0.2765625 0.11875000000000005 0.2765625 0.11875000000000005 0.35625 0.17500000000000004 0.35625
36 0.3109375 0.2765625 0.2515625 0.2765625 0.2515625 0.3546875 0.3109375 0.3546875
11 0.14531250000000004 0.184375 0.08906250000000002 0.184375 0.08906250000000002 0.2625 0.14531250000000004 0.2625
26 0.09062500000000004 0.3640625 0.03125000000000004 0.3640625 0.03125000000000005 0.4453125 0.09062500000000004 0.4453125
3 0.7484375 0.1859375000000001 0.6890625 0.1859375000000001 0.6890625 0.2671875000000001 0.7484375 0.2671875000000001
53 0.4453125 0.2765625000000001 0.3859375 0.2765625000000001 0.3859375 0.35625000000000007 0.4453125 0.35625000000000007
24 0.559375 0.3687500000000001 0.5 0.3687500000000001 0.5 0.4515625 0.559375 0.4515625
19 0.696875 0.3703125000000001 0.6375 0.3703125000000001 0.6375 0.4515625 0.696875 0.4515625
23 0.628125 0.3687500000000001 0.56875 0.3687500000000001 0.56875 0.453125 0.628125 0.453125
34 0.18750000000000006 0.4578125 0.12812500000000004 0.4578125 0.12812500000000004 0.5390625 0.18750000000000006 0.5390625
18 0.3218750000000001 0.459375 0.26250000000000007 0.459375 0.26250000000000007 0.5390625 0.3218750000000001 0.5390625
32 0.871875 0.4656250000000002 0.809375 0.4656250000000002 0.809375 0.5500000000000002 0.871875 0.5500000000000002
37 0.2218750000000001 0.3671875 0.16250000000000003 0.3671875 0.16250000000000003 0.446875 0.2218750000000001 0.446875
56 0.784375 0.27812500000000007 0.725 0.27812500000000007 0.725 0.3593750000000001 0.784375 0.3593750000000001
33 0.3890625000000001 0.459375 0.3281250000000001 0.459375 0.3281250000000001 0.5421875 0.3890625000000001 0.5421875
2 0.8171875 0.1859375000000001 0.7578125 0.1859375000000001 0.7578125 0.2671875000000001 0.8171875 0.2671875000000001
31 0.2890625000000001 0.365625 0.2296875000000001 0.365625 0.2296875000000001 0.4453125 0.2890625000000001 0.4453125
55 0.59375 0.4609375 0.5328125 0.4609375 0.5328125 0.54375 0.59375 0.54375
58 0.8 0.46406250000000016 0.7375 0.46406250000000016 0.7375 0.5484375000000001 0.8 0.5484375000000001
13 0.809375 0.5578125 0.6671875 0.5578125 0.6671875 0.6546875000000001 0.809375 0.6546875000000002
57 0.73125 0.4640625000000001 0.66875 0.4640625 0.66875 0.5468750000000001 0.73125 0.5468750000000002
39 0.11093750000000005 0.2734375 0.05468750000000004 0.2734375 0.05468750000000004 0.353125 0.11093750000000005 0.353125
5 0.6125 0.1843750000000001 0.553125 0.1843750000000001 0.553125 0.2671875000000001 0.6125 0.2671875000000001