43 0.2390625000000001 0.3890625 0.18750000000000006 0.3890625 0.18750000000000006 0.4546875 0.2390625000000001 0.4546875
23 0.3468750000000001 0.3890625 0.2953125000000001 0.3890625 0.2953125000000001 0.4546875 0.3468750000000001 0.4546875
17 0.08906250000000003 0.2484375 0.04375000000000003 0.2484375 0.04375000000000003 0.3140625 0.08906250000000004 0.3140625
35 0.4796875 0.459375 0.428125 0.459375 0.428125 0.525 0.4796875 0.525
48 0.6796875 0.2484375000000001 0.628125 0.2484375000000001 0.628125 0.3156250000000001 0.6796875 0.3156250000000001
50 0.64375 0.5296875 0.59375 0.5296875 0.59375 0.5953125 0.64375 0.5953125
49 0.10312500000000006 0.528125 0.03906250000000007 0.528125 0.03906250000000007 0.5953125 0.10312500000000009 0.5953125
1 0.14375000000000004 0.2484375 0.09218750000000002 0.2484375 0.09218750000000003 0.3140625 0.14375000000000004 0.3140625
20 0.8234375 0.2468750000000001 0.7390625 0.2468750000000001 0.7390625 0.3156250000000001 0.8234375 0.3156250000000001
10 0.18437500000000004 0.3890625 0.13281250000000006 0.3890625 0.13281250000000006 0.4546875 0.18437500000000004 0.4546875
26 0.7734375 0.3890625000000001 0.721875 0.3890625000000001 0.721875 0.4562500000000001 0.7734375 0.45625000000000016
9 0.571875 0.2500000000000001 0.521875 0.2500000000000001 0.521875 0.3156250000000001 0.571875 0.3156250000000001
3 0.253125 0.2484375 0.2015625 0.2484375 0.2015625 0.3140625 0.253125 0.3140625
42 0.3296875 0.31875 0.2765625 0.31875 0.27656250000000004 0.3859375 0.3296875000000001 0.3859375
2 0.19843750000000004 0.2484375 0.14687500000000003 0.2484375 0.14687500000000003 0.3140625 0.19843750000000004 0.3140625
56 0.22187500000000004 0.3171875 0.16875000000000004 0.3171875 0.16875000000000004 0.384375 0.2218750000000001 0.384375
57 0.2656250000000001 0.4578125 0.2140625000000001 0.4578125 0.2140625000000001 0.525 0.2656250000000001 0.525
30 0.9859375 0.18906250000000008 0.03125000000000002 0.1890625 0.03125000000000005 0.6125 0.9859375 0.6125000000000002
58 0.21250000000000008 0.4578125 0.15937500000000004 0.4578125 0.15937500000000004 0.525 0.21250000000000008 0.525
53 0.4875 0.3187500000000001 0.4375 0.3187500000000001 0.4375 0.3859375000000001 0.4875 0.3859375000000001
18 0.584375 0.4578125 0.5328125 0.4578125 0.5328125 0.525 0.584375 0.525
55 0.3734375000000001 0.459375 0.3218750000000001 0.459375 0.3218750000000001 0.525 0.3734375000000001 0.525
24 0.4 0.38906250000000003 0.34843750000000007 0.3890625 0.34843750000000007 0.45625 0.4 0.45625
41 0.16875000000000004 0.3171875 0.11406250000000004 0.3171875 0.11406250000000004 0.384375 0.16875000000000004 0.384375
52 0.11250000000000004 0.3171875 0.04375000000000003 0.3171875 0.04375000000000004 0.384375 0.11250000000000004 0.384375
37 0.6671875 0.3906250000000001 0.615625 0.3906250000000001 0.615625 0.4578125 0.6671875 0.4578125
27 0.540625 0.3187500000000001 0.490625 0.3187500000000001 0.490625 0.3859375000000001 0.540625 0.3859375000000001
25 0.453125 0.3906250000000001 0.4015625 0.3906250000000001 0.4015625 0.45625 0.453125 0.45625
0 0.625 0.2484375000000001 0.575 0.2484375000000001 0.575 0.3156250000000001 0.625 0.3156250000000001
59 0.4359375 0.3187500000000001 0.384375 0.3187500000000001 0.384375 0.3859375000000001 0.4359375 0.3859375000000001
15 0.4265625 0.4578125 0.3750000000000001 0.4578125 0.3750000000000001 0.525 0.4265625 0.525
19 0.29375000000000007 0.3890625 0.2406250000000001 0.3890625 0.2406250000000001 0.45625 0.29375000000000007 0.45625
38 0.6484375 0.3187500000000001 0.596875 0.3187500000000001 0.596875 0.3859375000000001 0.6484375 0.3859375000000001
44 0.10312500000000005 0.4578125 0.04062500000000006 0.4578125 0.040625000000000064 0.525 0.10312500000000005 0.525
7 0.4671875 0.2500000000000001 0.415625 0.2500000000000001 0.415625 0.3156250000000001 0.4671875 0.3156250000000001
33 0.53125 0.459375 0.4796875 0.459375 0.4796875 0.5265625 0.53125 0.5265625
4 0.30625 0.2484375 0.2546875 0.2484375 0.2546875 0.3140625 0.30625 0.3140625
16 0.3203125000000001 0.4578125 0.2671875000000001 0.4578125 0.2671875000000001 0.525 0.3203125000000001 0.525
8 0.51875 0.2500000000000001 0.46875 0.2500000000000001 0.46875 0.3156250000000001 0.51875 0.3156250000000001
31 0.6125 0.3890625000000001 0.5609375 0.3890625000000001 0.5609375 0.45625 0.6125 0.45625
46 0.821875 0.4593750000000001 0.696875 0.459375 0.696875 0.5250000000000001 0.821875 0.5250000000000001
5 0.359375 0.2484375 0.3078125 0.2484375 0.3078125 0.315625 0.359375 0.315625
13 0.2656250000000001 0.5296875 0.2140625000000001 0.5296875 0.2140625000000001 0.5953125 0.2656250000000001 0.5953125
39 0.75625 0.31718750000000007 0.7046875 0.31718750000000007 0.7046875 0.3843750000000001 0.75625 0.3843750000000001
51 0.38281250000000006 0.31875000000000003 0.33125 0.31875 0.33125000000000004 0.38593750000000004 0.3828125000000001 0.3859375000000001
45 0.13125000000000003 0.3890625 0.043750000000000046 0.3890625 0.04375000000000005 0.4546875 0.13125000000000003 0.4546875
22 0.8203125 0.3187500000000001 0.7609375 0.3187500000000001 0.7609375 0.4578125000000002 0.8203125 0.4578125000000002
28 0.5046875 0.3890625000000001 0.4546875 0.3890625000000001 0.4546875 0.45625 0.5046875 0.45625
12 0.721875 0.3890625000000001 0.6703125 0.3890625000000001 0.6703125 0.45625 0.721875 0.45625
6 0.4125 0.24843750000000003 0.3609375 0.2484375 0.3609375 0.31562500000000004 0.4125 0.3156250000000001
21 0.275 0.3171875 0.2234375 0.3171875 0.22343750000000004 0.384375 0.2750000000000001 0.384375
54 0.703125 0.31718750000000007 0.65 0.31718750000000007 0.65 0.3859375000000001 0.703125 0.3859375000000001
47 0.5375 0.528125 0.2671875000000001 0.528125 0.2671875000000001 0.59375 0.5375 0.59375
14 0.590625 0.528125 0.540625 0.528125 0.540625 0.59375 0.590625 0.59375
34 0.69375 0.459375 0.640625 0.459375 0.640625 0.525 0.69375 0.525
29 0.559375 0.3890625000000001 0.5078125 0.3890625000000001 0.5078125 0.45625 0.559375 0.45625
32 0.15781250000000005 0.4578125 0.10625000000000004 0.4578125 0.10625000000000004 0.525 0.15781250000000005 0.525
36 0.5953125 0.3187500000000001 0.54375 0.3187500000000001 0.54375 0.3859375000000001 0.5953125 0.3859375000000001
40 0.6390625 0.459375 0.5875 0.459375 0.5875 0.525 0.6390625 0.525
11 0.734375 0.2484375000000001 0.6828125 0.2484375000000001 0.6828125 0.3140625000000001 0.734375 0.3140625000000001