13 0.4250000000000001 0.725 0.30937500000000007 0.725 0.30937500000000007 0.88125 0.42500000000000016 0.88125
31 0.6390625 0.2468750000000001 0.5484375 0.2468750000000001 0.5484375 0.3125000000000001 0.6390625 0.3125000000000001
39 0.7453125 0.05156250000000009 0.6546875 0.05156250000000009 0.6546875 0.11718750000000008 0.7453125 0.11718750000000008
12 0.6421875 0.10156250000000008 0.5515625 0.10156250000000008 0.5515625 0.1671875000000001 0.6421875 0.1671875000000001
52 0.7296875000000002 0.940625 0.6359375000000002 0.940625 0.6359375000000002 1 0.7296875000000002 1
51 0.734375 0.5640625000000001 0.64375 0.5640625 0.64375 0.6296875000000001 0.734375 0.6296875000000002
3 0.83125 0.7515625000000001 0.7406250000000002 0.7515625000000001 0.7406250000000002 0.8203125 0.83125 0.8203125
46 0.546875 6.037126017671718e-17 0.4390625 5.376964852506348e-17 0.4390625 0.13125000000000006 0.546875 0.1312500000000001
0 0.8421875 0.23593750000000008 0.7515625 0.23593750000000008 0.7515625 0.3046875000000001 0.8421875 0.3046875000000001
44 0.5218750000000002 0.9546875 0.4281250000000002 0.9546875 0.4281250000000002 1 0.5218750000000002 1
4 0.834375 0.6781250000000002 0.74375 0.6781250000000002 0.7437500000000001 0.7437500000000001 0.834375 0.7437500000000001
17 0.8296875 0.975 0.7390625000000002 0.975 0.7390625000000002 1 0.8296875 1
32 0.5234375000000002 0.878125 0.42968750000000017 0.878125 0.42968750000000017 0.946875 0.5234375000000002 0.946875
40 0.540625 0.2093750000000001 0.45 0.2093750000000001 0.45 0.2750000000000001 0.540625 0.2750000000000001
29 0.6390625 0.3218750000000001 0.5484375 0.3218750000000001 0.5484375 0.38750000000000007 0.6390625 0.38750000000000007
37 0.640625 0.1750000000000001 0.55 0.1750000000000001 0.55 0.2406250000000001 0.640625 0.2406250000000001
36 0.740625 0.27031250000000007 0.65 0.27031250000000007 0.65 0.3390625000000001 0.740625 0.3390625000000001
55 0.5296875 0.5765625 0.4390625 0.5765625 0.4390625 0.6453125 0.5296875 0.6453125
5 0.834375 0.6015625000000002 0.74375 0.6015625000000002 0.74375 0.6703125000000002 0.834375 0.6703125000000002
45 0.6265625000000001 0.9125 0.5265625000000002 0.9125 0.5265625000000002 1 0.6265625000000001 1
48 0.84375 0.1625000000000001 0.753125 0.1625000000000001 0.753125 0.22812500000000008 0.84375 0.22812500000000008
20 0.8484375 9.83544460565218e-17 0.7578125 9.280526524788537e-17 0.7578125 0.0828125000000001 0.8484375 0.08281250000000011
22 0.753125 8.00804196004949e-17 0.5546875 6.792962714020475e-17 0.5546875 0.046875000000000076 0.753125 0.04687500000000009
8 0.8375 0.3828125000000001 0.746875 0.3828125000000001 0.746875 0.4515625000000002 0.8375 0.4515625000000002
1 0.8296875 0.903125 0.7390625000000002 0.903125 0.7390625000000002 0.971875 0.8296875 0.971875
26 0.6453125 0.02968750000000007 0.5546875 0.029687500000000068 0.5546875 0.09531250000000008 0.6453125 0.09531250000000009
27 0.7375 0.3453125000000001 0.65 0.3453125000000001 0.65 0.41093750000000007 0.7375 0.4109375000000002
58 0.5250000000000001 0.8015625 0.4312500000000002 0.8015625 0.4312500000000002 0.8703125 0.5250000000000001 0.8703125
28 0.6359375 0.39531250000000007 0.5453125 0.39531250000000007 0.5453125 0.4609375 0.6359375 0.4609375
53 0.7359375 0.4171875000000001 0.6453125 0.4171875 0.6453125 0.4828125000000001 0.7359375 0.4828125000000002
16 0.5296875 0.6515625 0.4359375 0.6515625 0.4359375 0.7203125 0.5296875 0.7203125
21 0.7296875 0.7140625 0.6390625 0.7140625 0.6390625000000001 0.7828125000000001 0.7296875000000002 0.7828125000000001
6 0.8359375 0.5281250000000002 0.7453125 0.5281250000000002 0.7453125 0.5968750000000002 0.8359375 0.5968750000000002
24 0.6328125 0.540625 0.5421875 0.540625 0.5421875 0.609375 0.6328125 0.609375
10 0.6250000000000002 0.840625 0.5343750000000002 0.840625 0.5343750000000002 0.909375 0.6250000000000002 0.909375
11 0.8453125 0.0906250000000001 0.7578125 0.0906250000000001 0.7578125 0.1546875000000001 0.8453125 0.1546875000000001
33 0.5359375 0.3546875000000001 0.4421875 0.3546875000000001 0.4421875 0.4234375 0.5359375 0.4234375
59 0.734375 0.48906250000000007 0.64375 0.4890625 0.64375 0.5578125 0.734375 0.5578125000000002
30 0.925 7.453123879185844e-17 0.2921875 3.5782648662586727e-17 0.29218750000000004 1 0.925 1
41 0.7296875000000002 0.8640625 0.6359375000000002 0.8640625 0.6359375000000002 0.934375 0.7296875000000002 0.934375
14 0.4359375 0.2515625 0.3265625 0.2515625 0.3265625 0.35000000000000003 0.4359375 0.3500000000000001
7 0.8359375 0.45625000000000016 0.7453125 0.45625000000000016 0.7453125 0.5218750000000002 0.8359375 0.5218750000000002
2 0.83125 0.8265625 0.7406250000000002 0.8265625 0.7406250000000002 0.8953125 0.83125 0.8953125
54 0.74375 0.12500000000000008 0.653125 0.12500000000000008 0.653125 0.1906250000000001 0.74375 0.1906250000000001
18 0.5359375 0.2812500000000001 0.4484375 0.2812500000000001 0.4484375 0.3500000000000001 0.5359375 0.3500000000000001
19 0.628125 0.690625 0.5375 0.690625 0.5375000000000001 0.759375 0.6281250000000002 0.759375
57 0.5265625 0.725 0.4359375 0.725 0.4359375000000001 0.79375 0.5265625000000002 0.79375
25 0.634375 0.46875 0.54375 0.46875 0.54375 0.534375 0.634375 0.534375
42 0.73125 0.6406250000000001 0.640625 0.640625 0.640625 0.70625 0.73125 0.7062500000000002
49 0.42187500000000017 0.884375 0.3046875000000001 0.884375 0.3046875000000001 1 0.42187500000000017 1
23 0.6296875 0.615625 0.5390625 0.615625 0.5390625 0.684375 0.6296875 0.684375
35 0.534375 0.428125 0.440625 0.428125 0.440625 0.496875 0.534375 0.496875
47 0.43125 0.35625000000000007 0.31875 0.35625 0.31875000000000003 0.71875 0.43125 0.71875
38 0.7421875 0.1984375000000001 0.6515625 0.1984375000000001 0.6515625 0.2640625000000001 0.7421875 0.2640625000000001
34 0.5390625 0.13593750000000004 0.4515625 0.13593750000000004 0.4515625 0.20468750000000008 0.5390625 0.20468750000000008
50 0.4390625 0.17812500000000003 0.33125 0.17812500000000003 0.33125 0.24687500000000004 0.4390625 0.2468750000000001
9 0.8390625 0.3078125000000001 0.7484375 0.3078125000000001 0.7484375 0.3765625000000001 0.8390625 0.3765625000000001
56 0.7296875000000002 0.7875000000000001 0.6390625000000002 0.7875 0.6390625000000002 0.85625 0.7296875000000002 0.85625
43 0.6265625000000001 0.7640625 0.5359375000000002 0.7640625 0.5359375000000002 0.8328125 0.6265625000000001 0.8328125
15 0.53125 0.5015625 0.440625 0.5015625 0.440625 0.5703125 0.53125 0.5703125