16 0.2656250000000001 0.3734375 0.21875000000000008 0.3734375 0.21875000000000008 0.4546875 0.2656250000000001 0.4546875
51 0.3359375 0.18125000000000005 0.290625 0.18125000000000005 0.290625 0.2609375 0.3359375 0.2609375
10 0.13281250000000006 0.2765625 0.08593750000000004 0.2765625 0.08593750000000004 0.359375 0.13281250000000006 0.359375
34 0.646875 0.3734375000000001 0.6 0.3734375000000001 0.6 0.453125 0.646875 0.453125
41 0.12187500000000002 0.1796875 0.07500000000000002 0.1796875 0.07500000000000002 0.2625 0.12187500000000004 0.2625
28 0.45625 0.2750000000000001 0.409375 0.2750000000000001 0.409375 0.35625000000000007 0.45625 0.35625000000000007
32 0.10312500000000005 0.3734375 0.05468750000000004 0.3734375 0.054687500000000056 0.4578125 0.10312500000000005 0.4578125
7 0.4203125 0.08593750000000004 0.3734375 0.08593750000000004 0.3734375 0.16562500000000005 0.4203125 0.16562500000000005
44 0.04687500000000005 0.3734375 4.573290390565898e-17 0.3734375 5.099505812074526e-17 0.459375 0.046875000000000056 0.459375
37 0.6171875 0.2718750000000001 0.571875 0.2718750000000001 0.571875 0.3546875000000001 0.6171875 0.3546875000000001
39 0.7125 0.1765625000000001 0.6640625 0.1765625000000001 0.6640625 0.2578125000000001 0.7125 0.2578125000000001
24 0.3484375 0.275 0.3015625 0.275 0.3015625 0.35625 0.3484375 0.35625
5 0.3125 0.08593750000000003 0.2671875 0.08593750000000003 0.2671875 0.16562500000000005 0.3125 0.16562500000000005
15 0.3765625000000001 0.37343750000000003 0.3281250000000001 0.3734375 0.3281250000000001 0.4546875 0.3765625000000001 0.4546875
52 0.06875000000000002 0.178125 0.0031250000000000223 0.178125 0.003125000000000027 0.2609375 0.06875000000000002 0.2609375
8 0.471875 0.08437500000000006 0.4265625 0.08437500000000005 0.4265625 0.16562500000000005 0.471875 0.16562500000000005
57 0.21250000000000008 0.3734375 0.16562500000000005 0.3734375 0.16562500000000005 0.4578125 0.21250000000000008 0.4578125
58 0.15781250000000005 0.3734375 0.11093750000000005 0.3734375 0.11093750000000005 0.4578125 0.15781250000000005 0.4578125
53 0.4421875 0.17812500000000003 0.396875 0.17812500000000003 0.396875 0.2609375000000001 0.4421875 0.2609375000000001
59 0.390625 0.17812500000000003 0.34375 0.17812500000000003 0.34375 0.26093750000000004 0.390625 0.2609375000000001
40 0.5921875 0.3703125000000001 0.546875 0.3703125000000001 0.546875 0.453125 0.5921875 0.453125
31 0.5640625 0.2750000000000001 0.51875 0.2750000000000001 0.51875 0.35625000000000007 0.5640625 0.35625000000000007
22 0.7875 0.17343750000000008 0.7203125 0.17343750000000008 0.7203125 0.3546875000000001 0.7875 0.3546875000000001
18 0.5390625 0.37187500000000007 0.490625 0.37187500000000007 0.490625 0.45625 0.5390625 0.45625
35 0.428125 0.3703125000000001 0.3828125000000001 0.3703125000000001 0.3828125000000001 0.453125 0.428125 0.453125
6 0.3671875 0.08593750000000004 0.321875 0.08593750000000004 0.321875 0.16562500000000005 0.3671875 0.16562500000000005
55 0.3203125000000001 0.3734375 0.2734375000000001 0.3734375 0.2734375000000001 0.4546875 0.3203125000000001 0.4546875
20 0.7859375 0.07968750000000009 0.6953125 0.07968750000000009 0.6953125 0.1625000000000001 0.7859375 0.1625000000000001
4 0.2609375 0.08593750000000003 0.2140625 0.08593750000000003 0.2140625 0.16562500000000005 0.2609375 0.16562500000000005
25 0.4015625 0.27656250000000004 0.35625 0.2765625 0.35625 0.35625000000000007 0.4015625 0.35625000000000007
17 0.046875000000000014 0.0859375 0.006250000000000011 0.0859375 0.006250000000000015 0.165625 0.04687500000000002 0.165625
45 0.07968750000000005 0.275 3.367778697655221e-17 0.275 3.8844265660455115e-17 0.359375 0.07968750000000005 0.359375
14 0.546875 0.46875 0.4921875 0.46875 0.4921875 0.5703125 0.546875 0.5703125
49 0.04218750000000006 0.4703125 5.759666977239896e-17 0.4703125 6.400693036168589e-17 0.575 0.042187500000000065 0.575
56 0.1765625 0.18125 0.1296875 0.18125 0.1296875 0.2609375 0.17656250000000004 0.2609375
43 0.18750000000000006 0.2765625 0.14062500000000006 0.2765625 0.14062500000000006 0.35625 0.18750000000000006 0.35625
26 0.728125 0.2718750000000001 0.68125 0.2718750000000001 0.68125 0.3546875000000001 0.728125 0.3546875000000001
11 0.6859375 0.0828125000000001 0.6390625 0.0828125000000001 0.6390625 0.1625000000000001 0.6859375 0.1625000000000001
21 0.2296875 0.17968750000000006 0.1828125 0.17968750000000006 0.18281250000000002 0.2625 0.2296875 0.2625
12 0.671875 0.2750000000000001 0.6265625 0.2750000000000001 0.6265625 0.3546875000000001 0.671875 0.3546875000000001
9 0.525 0.08437500000000006 0.4796875 0.08437500000000006 0.4796875 0.16562500000000005 0.525 0.16562500000000005
2 0.1546875 0.08593750000000003 0.1078125 0.08593750000000003 0.1078125 0.16875 0.1546875 0.16875
1 0.1 0.08593750000000001 0.053125 0.0859375 0.05312500000000001 0.165625 0.1 0.165625
38 0.603125 0.1765625000000001 0.5578125 0.1765625000000001 0.5578125 0.2578125000000001 0.603125 0.2578125000000001
0 0.578125 0.08437500000000006 0.53125 0.08437500000000006 0.53125 0.16562500000000008 0.578125 0.16562500000000008
48 0.6328125 0.08437500000000006 0.5859375 0.08437500000000006 0.5859375 0.16406250000000008 0.6328125 0.16406250000000008
47 0.4859375 0.4703125 0.2156250000000001 0.4703125 0.2156250000000001 0.575 0.4859375 0.575
19 0.240625 0.2765625 0.19531250000000006 0.2765625 0.19531250000000006 0.359375 0.240625 0.359375
13 0.21093750000000008 0.471875 0.16250000000000003 0.471875 0.16250000000000006 0.571875 0.21093750000000008 0.571875
27 0.496875 0.17812500000000003 0.4515625 0.17812500000000003 0.4515625 0.2578125000000001 0.496875 0.2578125000000001
36 0.55 0.17812500000000006 0.503125 0.17812500000000003 0.503125 0.2578125000000001 0.55 0.2578125000000001
3 0.2078125 0.08593750000000003 0.159375 0.08593750000000003 0.159375 0.16562500000000002 0.2078125 0.16562500000000005
42 0.2828125 0.18125000000000005 0.2359375 0.18125000000000005 0.2359375 0.2609375 0.2828125 0.2609375
50 0.6015625 0.46875 0.553125 0.46875 0.553125 0.571875 0.6015625 0.571875
46 0.7921875 0.3687500000000001 0.6546875 0.3687500000000001 0.6546875 0.4531250000000001 0.7921875 0.45312500000000017
54 0.6578125 0.1781250000000001 0.6109375 0.1781250000000001 0.6109375 0.2578125000000001 0.6578125 0.2578125000000001
30 1 0.006250000000000061 7.654042494670958e-19 0.00625 3.75048082238877e-17 0.6062500000000001 1 0.6062500000000002
29 0.509375 0.2750000000000001 0.4640625 0.2750000000000001 0.4640625 0.35625000000000007 0.509375 0.35625000000000007
23 0.29375 0.2765625 0.2484375 0.2765625 0.2484375 0.35625 0.29375 0.35625
33 0.484375 0.37187500000000007 0.4375 0.37187500000000007 0.4375 0.45625 0.484375 0.45625