0 0.7359375 0.3031250000000001 0.6546875 0.3031250000000001 0.6546875 0.3687500000000001 0.7359375 0.3687500000000001
35 0.4953125 0.503125 0.4171875 0.503125 0.4171875 0.5671875 0.4953125 0.5671875
40 0.4984375 0.30156250000000007 0.4203125 0.30156250000000007 0.4203125 0.3703125000000001 0.4984375 0.3703125000000001
9 0.7328125 0.3703125000000001 0.6515625 0.3703125000000001 0.6515625 0.4359375000000001 0.7328125 0.4359375000000002
20 0.740625 0.06093750000000009 0.659375 0.06093750000000009 0.659375 0.1671875000000001 0.740625 0.1671875000000001
28 0.5734375 0.471875 0.4953125 0.471875 0.4953125 0.5359375 0.5734375 0.5359375
59 0.6484375 0.55625 0.5703125 0.55625 0.5703125 0.621875 0.6484375 0.621875
57 0.4890625000000002 0.7671875 0.4109375000000002 0.7671875 0.4109375000000002 0.83125 0.4890625000000002 0.83125
51 0.6484375 0.621875 0.5703125 0.621875 0.5703125 0.6859375 0.6484375 0.6859375
24 0.571875 0.6015625 0.49375 0.6015625 0.49375 0.665625 0.571875 0.665625
38 0.6578125 0.2906250000000001 0.5765625 0.2906250000000001 0.5765625 0.35625000000000007 0.6578125 0.35625000000000007
13 0.4125000000000002 0.7390625 0.32500000000000007 0.7390625 0.32500000000000007 0.809375 0.4125000000000002 0.809375
32 0.4906250000000002 0.896875 0.40937500000000016 0.896875 0.40937500000000016 0.959375 0.4906250000000002 0.959375
14 0.4203125 0.35625000000000007 0.3296875 0.35625 0.3296875 0.4265625 0.4203125 0.4265625
41 0.6453125000000002 0.88125 0.5671875000000002 0.88125 0.5671875000000002 0.946875 0.6453125000000002 0.946875
25 0.571875 0.5359375 0.49375 0.5359375 0.49375 0.6015625 0.571875 0.6015625
36 0.65625 0.3578125000000001 0.575 0.3578125000000001 0.575 0.425 0.65625 0.425
29 0.575 0.4046875 0.496875 0.4046875 0.496875 0.4703125 0.575 0.4703125
44 0.48750000000000016 0.9578125 0.40937500000000016 0.9578125 0.40937500000000016 1 0.48750000000000016 1
31 0.5765625 0.3375000000000001 0.4953125 0.3375000000000001 0.4953125 0.4046875 0.5765625 0.4046875
11 0.7390625 0.1687500000000001 0.6609375 0.1687500000000001 0.6609375 0.23437500000000008 0.7390625 0.23437500000000008
27 0.653125 0.425 0.575 0.425 0.575 0.4890625 0.653125 0.4890625
46 0.5015625 0.054687500000000056 0.4203125 0.05468750000000004 0.4203125 0.2296875000000001 0.5015625 0.2296875000000001
12 0.5796875 0.2015625000000001 0.4984375 0.2015625000000001 0.4984375 0.27031250000000007 0.5796875 0.27031250000000007
19 0.5687500000000002 0.7328125 0.4906250000000002 0.7328125 0.4906250000000002 0.7984375 0.5687500000000002 0.7984375
49 0.4109375000000002 0.946875 0.3234375000000001 0.946875 0.3234375000000001 1 0.4109375000000002 1
43 0.5671875000000002 0.8 0.4890625000000002 0.8 0.4890625000000002 0.8640625 0.5671875000000002 0.8640625
6 0.7296875 0.5671875000000001 0.6484375 0.5671875 0.6484375 0.6328125000000001 0.7296875 0.6328125000000002
34 0.5 0.2312500000000001 0.41875 0.2312500000000001 0.41875 0.3000000000000001 0.5 0.3000000000000001
33 0.496875 0.4359375 0.41875 0.4359375 0.41875 0.5015625 0.496875 0.5015625
16 0.4937500000000001 0.6984375 0.4125 0.6984375 0.4125000000000001 0.765625 0.4937500000000002 0.765625
47 0.4171875000000001 0.4265625 0.3265625000000001 0.4265625 0.3265625000000001 0.7390625 0.41718750000000016 0.7390625
7 0.728125 0.503125 0.65 0.503125 0.65 0.5671875000000001 0.728125 0.5671875000000002
23 0.5687500000000001 0.6671875 0.490625 0.6671875 0.4906250000000001 0.73125 0.5687500000000002 0.73125
54 0.65625 0.2218750000000001 0.575 0.2218750000000001 0.575 0.2875000000000001 0.65625 0.2875000000000001
37 0.5796875 0.27031250000000007 0.4984375 0.27031250000000007 0.4984375 0.3375000000000001 0.5796875 0.3375000000000001
8 0.7328125 0.4375000000000001 0.6515625 0.4375 0.6515625 0.5015625000000001 0.7328125 0.5015625000000001
3 0.7250000000000002 0.7640625 0.6468750000000002 0.7640625 0.6468750000000002 0.8265625 0.7250000000000002 0.8265625
10 0.5671875000000002 0.8640625 0.4890625000000002 0.8640625 0.4890625000000002 0.9265625 0.5671875000000002 0.9265625
55 0.4921875 0.63125 0.4140625 0.63125 0.4140625 0.6984375 0.4921875 0.6984375
4 0.7265625000000001 0.6984375 0.6484375 0.6984375 0.6484375000000001 0.7625000000000001 0.7265625000000002 0.7625000000000002
30 0.8046875 0.04687500000000007 0.3046875 0.046875000000000035 0.30468750000000006 1 0.8046875 1
52 0.6437500000000002 0.9453125 0.5656250000000002 0.9453125 0.5656250000000002 1 0.6437500000000002 1
5 0.7265625 0.6328125000000001 0.6484375 0.6328125 0.6484375 0.6984375 0.7265625 0.6984375000000002
42 0.6468750000000001 0.6859375 0.56875 0.6859375 0.5687500000000001 0.7515625 0.6468750000000002 0.7515625
56 0.6468750000000002 0.81875 0.5687500000000002 0.81875 0.5687500000000002 0.8828125 0.6468750000000002 0.8828125
50 0.41875 0.27656250000000004 0.328125 0.2765625 0.328125 0.35468750000000004 0.41875 0.3546875000000001
15 0.49375 0.5671875 0.415625 0.5671875 0.415625 0.6328125 0.49375 0.6328125
21 0.6468750000000002 0.75 0.5687500000000002 0.75 0.5687500000000002 0.81875 0.6468750000000002 0.81875
45 0.5671875000000002 0.928125 0.4890625000000002 0.928125 0.4890625000000002 1 0.5671875000000002 1
1 0.7218750000000002 0.89375 0.6437500000000002 0.89375 0.6437500000000002 0.95625 0.7218750000000002 0.95625
22 0.659375 0.060937500000000075 0.4984375 0.06093750000000007 0.4984375 0.15156250000000007 0.659375 0.1515625000000001
53 0.653125 0.4921875 0.571875 0.4921875 0.571875 0.55625 0.653125 0.55625
18 0.4984375 0.3687500000000001 0.4203125 0.3687500000000001 0.4203125 0.4359375 0.4984375 0.4359375
58 0.4890625000000002 0.83125 0.4109375000000002 0.83125 0.4109375000000002 0.8953125 0.4890625000000002 0.8953125
2 0.7234375000000002 0.828125 0.6453125000000002 0.828125 0.6453125000000002 0.8921875 0.7234375000000002 0.8921875