22 0.3453125 0.2421875 0.278125 0.2421875 0.27812500000000007 0.384375 0.3453125000000001 0.384375
50 0.4984375 0.478125 0.4515625 0.478125 0.4515625 0.5625 0.4984375 0.5625
15 0.7109375 0.403125 0.6640625 0.403125 0.6640625 0.471875 0.7109375 0.471875
54 0.4453125 0.2484375000000001 0.4015625 0.2484375000000001 0.4015625 0.3125000000000001 0.4453125 0.3125000000000001
46 0.403125 0.39531250000000007 0.2750000000000001 0.3953125 0.2750000000000001 0.4640625 0.403125 0.4640625
27 0.5953125 0.2500000000000001 0.5515625 0.2500000000000001 0.5515625 0.3140625000000001 0.5953125 0.3140625000000001
12 0.43125 0.3203125000000001 0.3859375 0.3203125000000001 0.38593750000000004 0.3890625000000001 0.43125 0.3890625000000001
2 0.90625 0.18750000000000008 0.8625 0.18750000000000008 0.8625 0.2500000000000001 0.90625 0.2500000000000001
58 0.909375 0.4078125000000002 0.8640625 0.4078125000000002 0.8640625 0.47656250000000017 0.909375 0.47656250000000017
35 0.659375 0.403125 0.6140625 0.403125 0.6140625 0.471875 0.659375 0.471875
51 0.740625 0.25468750000000007 0.7 0.25468750000000007 0.7 0.3187500000000001 0.740625 0.3187500000000001
43 0.8796875 0.3312500000000001 0.8359375 0.3312500000000001 0.8359375 0.3968750000000001 0.8796875 0.3968750000000001
14 0.55625 0.478125 0.503125 0.478125 0.503125 0.5625 0.55625 0.5625
8 0.615625 0.17968750000000008 0.571875 0.17968750000000008 0.571875 0.24218750000000008 0.615625 0.24218750000000008
55 0.759375 0.4062500000000001 0.715625 0.40625 0.715625 0.4718750000000001 0.759375 0.47187500000000016
7 0.6640625 0.17968750000000008 0.6234375 0.17968750000000008 0.6234375 0.24375000000000008 0.6640625 0.24375000000000008
29 0.58125 0.32500000000000007 0.5375 0.32500000000000007 0.5375 0.3906250000000001 0.58125 0.3906250000000001
9 0.56875 0.17812500000000006 0.525 0.17812500000000003 0.525 0.2406250000000001 0.56875 0.2406250000000001
24 0.73125 0.3296875000000001 0.6875 0.3296875000000001 0.6875 0.39531250000000007 0.73125 0.39531250000000007
31 0.53125 0.3234375000000001 0.4875 0.3234375000000001 0.4875 0.3890625000000001 0.53125 0.3890625000000001
47 0.8125 0.4796875000000001 0.5625 0.4796875 0.5625 0.5640625000000001 0.8125 0.5640625000000001
28 0.63125 0.32500000000000007 0.5875 0.32500000000000007 0.5875 0.3937500000000001 0.63125 0.3937500000000001
20 0.3703125 0.17031250000000003 0.2859375 0.17031250000000003 0.2859375 0.23437500000000006 0.3703125 0.23437500000000008
25 0.68125 0.3265625000000001 0.6375 0.3265625000000001 0.6375 0.3921875000000001 0.68125 0.3921875000000001
49 1 0.48437500000000017 0.96875 0.48437500000000017 0.96875 0.5687500000000002 1 0.5687500000000002
56 0.8890625 0.2562500000000001 0.8453125 0.2562500000000001 0.8453125 0.3203125000000001 0.8890625 0.3203125000000001
26 0.37968750000000007 0.32031250000000006 0.334375 0.3203125 0.33437500000000003 0.38593750000000004 0.37968750000000007 0.3859375000000001
34 0.45625 0.4 0.409375 0.4 0.409375 0.465625 0.45625 0.465625
19 0.83125 0.3312500000000001 0.7875 0.3312500000000001 0.7875 0.3968750000000001 0.83125 0.3968750000000001
36 0.5453125 0.2500000000000001 0.5015625 0.2500000000000001 0.5015625 0.3140625000000001 0.5453125 0.3140625000000001
11 0.4203125 0.17343750000000005 0.3765625 0.17343750000000005 0.3765625 0.23593750000000008 0.4203125 0.23593750000000008
42 0.790625 0.2562500000000001 0.746875 0.2562500000000001 0.746875 0.3203125000000001 0.790625 0.3203125000000001
17 0.996875 0.19062500000000013 0.959375 0.19062500000000013 0.959375 0.2500000000000001 0.996875 0.2500000000000001
13 0.8640625 0.48437500000000017 0.8171875 0.48437500000000017 0.8171875 0.5671875000000002 0.8640625 0.5671875000000002
48 0.4703125 0.17500000000000004 0.4265625 0.17500000000000004 0.4265625 0.2375000000000001 0.4703125 0.2375000000000001
6 0.7125 0.18125000000000008 0.671875 0.18125000000000008 0.671875 0.24375000000000008 0.7125 0.24375000000000008
38 0.4953125 0.2484375000000001 0.4515625 0.2484375000000001 0.4515625 0.3125000000000001 0.4953125 0.3125000000000001
37 0.48125 0.3234375000000001 0.4375 0.3234375000000001 0.4375 0.3890625000000001 0.48125 0.3890625000000001
45 1 0.33281250000000007 0.934375 0.33281250000000007 0.934375 0.3984375000000001 1 0.3984375000000001
18 0.55625 0.4015625 0.5125 0.4015625 0.5125 0.4703125 0.55625 0.4703125
5 0.7625 0.1843750000000001 0.71875 0.1843750000000001 0.71875 0.2468750000000001 0.7625 0.2468750000000001
39 0.3953125 0.24687500000000004 0.35 0.246875 0.35 0.31093750000000003 0.3953125 0.3109375000000001
0 0.51875 0.17500000000000004 0.475 0.17500000000000004 0.475 0.2375000000000001 0.51875 0.2375000000000001
52 1 0.2578125000000001 0.9421875 0.2578125000000001 0.9421875 0.3218750000000001 1 0.3218750000000001
57 0.859375 0.4046875000000002 0.815625 0.4046875000000002 0.815625 0.4734375000000002 0.859375 0.4734375000000002
4 0.8078125 0.1843750000000001 0.7671875 0.1843750000000001 0.7671875 0.2468750000000001 0.8078125 0.2468750000000001
44 1 0.40937500000000016 0.965625 0.40937500000000016 0.965625 0.4750000000000002 1 0.4750000000000002
16 0.8109375 0.40625000000000017 0.765625 0.40625000000000017 0.765625 0.47187500000000016 0.8109375 0.47187500000000016
32 0.9609375 0.4078125000000002 0.9140625 0.4078125000000002 0.9140625 0.47656250000000017 0.9609375 0.47656250000000017
59 0.69375 0.2531250000000001 0.65 0.2531250000000001 0.65 0.3187500000000001 0.69375 0.3187500000000001
1 0.953125 0.19062500000000013 0.909375 0.19062500000000013 0.909375 0.2500000000000001 0.953125 0.2500000000000001
10 0.928125 0.33281250000000007 0.884375 0.33281250000000007 0.884375 0.3984375000000001 0.928125 0.3984375000000001
40 0.5046875 0.3984375000000001 0.459375 0.3984375000000001 0.459375 0.4671875 0.5046875 0.4671875
53 0.64375 0.2531250000000001 0.6 0.2531250000000001 0.6 0.31718750000000007 0.64375 0.31718750000000007
23 0.78125 0.3312500000000001 0.7375 0.3312500000000001 0.7375 0.39531250000000007 0.78125 0.39531250000000007
30 1 0.09687500000000007 0.05625000000000002 0.096875 0.05625000000000004 0.6000000000000001 1 0.6000000000000002
3 0.8578125 0.1859375000000001 0.8140625 0.1859375000000001 0.8140625 0.2484375000000001 0.8578125 0.2484375000000001
33 0.609375 0.4015625 0.5625 0.4015625 0.5625 0.471875 0.609375 0.471875
21 0.8390625 0.2562500000000001 0.7953125 0.2562500000000001 0.7953125 0.3203125000000001 0.8390625 0.3203125000000001
41 0.9375 0.2609375000000001 0.8921875 0.2609375000000001 0.8921875 0.32500000000000007 0.9375 0.32500000000000007