47 0.4625000000000001 0.4171875 0.4015625 0.4171875 0.4015625000000001 0.7421875 0.4625000000000002 0.7421875
53 0.27031250000000007 0.4703125 0.21093750000000008 0.4703125 0.21093750000000008 0.5296875 0.27031250000000007 0.5296875
19 0.33281250000000007 0.7171875 0.2765625000000001 0.7171875 0.2765625000000001 0.7765625 0.33281250000000007 0.7765625
45 0.3343750000000001 0.9140625 0.27812500000000007 0.9140625 0.27812500000000007 1 0.3343750000000001 1
21 0.27031250000000007 0.7328125 0.2140625000000001 0.7328125 0.2140625000000001 0.7921875 0.27031250000000007 0.7921875
3 0.2078125000000001 0.7625 0.1515625000000001 0.7625 0.1515625000000001 0.821875 0.2078125000000001 0.821875
20 0.2046875 0.051562500000000025 0.15 0.051562500000000025 0.15 0.16718750000000002 0.2046875 0.16718750000000004
40 0.3921875 0.28750000000000003 0.3375 0.2875 0.3375 0.34687500000000004 0.3921875 0.3468750000000001
50 0.459375 0.2734375000000001 0.4 0.2734375000000001 0.4 0.3343750000000001 0.459375 0.3343750000000001
15 0.3968750000000001 0.5515625 0.3375000000000001 0.5515625 0.3375000000000001 0.6125 0.3968750000000001 0.6125
36 0.2671875 0.3390625 0.2109375 0.3390625 0.21093750000000006 0.3984375 0.2671875000000001 0.3984375
44 0.3968750000000001 0.946875 0.3421875000000001 0.946875 0.3421875000000001 1 0.3968750000000001 1
59 0.27031250000000007 0.534375 0.21093750000000008 0.534375 0.21093750000000008 0.59375 0.27031250000000007 0.59375
0 0.2046875 0.303125 0.14843750000000006 0.303125 0.14843750000000006 0.3625 0.2046875 0.3625
38 0.26875 0.275 0.2125 0.275 0.2125 0.33125 0.26875 0.33125
2 0.2078125000000001 0.828125 0.1515625000000001 0.828125 0.1515625000000001 0.8875 0.2078125000000001 0.8875
54 0.2671875 0.2078125 0.2109375 0.2078125 0.2109375 0.2671875 0.2671875 0.2671875
23 0.33281250000000007 0.65 0.2765625000000001 0.65 0.2765625000000001 0.709375 0.33281250000000007 0.709375
24 0.33281250000000007 0.584375 0.2765625000000001 0.584375 0.2765625000000001 0.64375 0.33281250000000007 0.64375
6 0.2062500000000001 0.565625 0.15000000000000008 0.565625 0.15000000000000008 0.625 0.2062500000000001 0.625
58 0.3968750000000001 0.815625 0.34062500000000007 0.815625 0.34062500000000007 0.875 0.3968750000000001 0.875
11 0.2046875 0.17500000000000002 0.1484375 0.175 0.14843750000000003 0.23125 0.2046875 0.23125
12 0.3296875 0.19062500000000004 0.2734375 0.19062500000000004 0.2734375 0.25 0.3296875 0.25
29 0.3312500000000001 0.3859375 0.2750000000000001 0.3859375 0.2750000000000001 0.4453125 0.3312500000000001 0.4453125
51 0.2687500000000001 0.6 0.21250000000000008 0.6 0.21250000000000008 0.659375 0.2687500000000001 0.659375
33 0.3968750000000001 0.41875 0.3375000000000001 0.41875 0.3375000000000001 0.4796875 0.3968750000000001 0.4796875
13 0.4625000000000002 0.7484375 0.40625000000000017 0.7484375 0.40625000000000017 0.8078125 0.4625000000000002 0.8078125
8 0.20468750000000008 0.4359375 0.15000000000000005 0.4359375 0.15000000000000005 0.4921875 0.20468750000000008 0.4921875
28 0.3312500000000001 0.453125 0.2750000000000001 0.453125 0.2750000000000001 0.5125 0.3312500000000001 0.5125
48 0.2046875 0.240625 0.14843750000000006 0.240625 0.14843750000000006 0.296875 0.2046875 0.296875
56 0.27031250000000007 0.8 0.2140625000000001 0.8 0.2140625000000001 0.8578125 0.27031250000000007 0.8578125
27 0.2687500000000001 0.4046875 0.21250000000000008 0.4046875 0.21250000000000008 0.4609375 0.2687500000000001 0.4609375
57 0.3968750000000001 0.75 0.34062500000000007 0.75 0.34062500000000007 0.809375 0.3968750000000001 0.809375
7 0.2062500000000001 0.4984375 0.15000000000000005 0.4984375 0.15000000000000008 0.5578125 0.2062500000000001 0.5578125
4 0.2062500000000001 0.6984375 0.15000000000000008 0.6984375 0.15000000000000008 0.7546875 0.2062500000000001 0.7546875
25 0.33281250000000007 0.51875 0.2765625000000001 0.51875 0.2765625000000001 0.578125 0.33281250000000007 0.578125
22 0.33125 0.05000000000000003 0.2109375 0.050000000000000024 0.2109375 0.13437500000000005 0.33125 0.13437500000000005
18 0.39375000000000004 0.35468750000000004 0.3375 0.3546875 0.3375 0.4140625 0.3937500000000001 0.4140625
41 0.27031250000000007 0.8640625 0.2140625000000001 0.8640625 0.2140625000000001 0.9234375 0.27031250000000007 0.9234375
37 0.33125 0.2578125 0.275 0.2578125 0.275 0.3140625 0.33125 0.3140625
5 0.2062500000000001 0.6328125 0.15000000000000008 0.6328125 0.15000000000000008 0.6921875 0.2062500000000001 0.6921875
34 0.3921875 0.22187500000000004 0.3375 0.221875 0.3375 0.28125000000000006 0.3921875 0.2812500000000001
31 0.33125000000000004 0.321875 0.275 0.321875 0.275 0.378125 0.3312500000000001 0.378125
16 0.3968750000000001 0.6828125 0.34062500000000007 0.6828125 0.34062500000000007 0.7421875 0.3968750000000001 0.7421875
39 0.265625 0.14531250000000004 0.2109375 0.14531250000000004 0.2109375 0.2015625 0.265625 0.2015625
9 0.20468750000000008 0.36875 0.14843750000000006 0.36875 0.14843750000000006 0.428125 0.20468750000000008 0.428125
46 0.3921875 0.04843750000000004 0.3359375 0.04843750000000004 0.3359375 0.21562500000000004 0.3921875 0.2156250000000001
43 0.33281250000000007 0.7828125 0.2765625000000001 0.7828125 0.2765625000000001 0.8421875 0.33281250000000007 0.8421875
52 0.27031250000000007 0.93125 0.21250000000000008 0.93125 0.21250000000000008 1 0.27031250000000007 1
49 0.46406250000000016 0.9453125 0.4046875000000002 0.9453125 0.4046875000000002 1 0.46406250000000016 1
32 0.3968750000000001 0.88125 0.34062500000000007 0.88125 0.34062500000000007 0.940625 0.3968750000000001 0.940625
10 0.33281250000000007 0.85 0.27812500000000007 0.85 0.27812500000000007 0.9078125 0.33281250000000007 0.9078125
30 0.4781250000000001 0.028125000000000032 0.0953125 0.02812500000000001 0.09531250000000006 1 0.4781250000000002 1
14 0.459375 0.3390625000000001 0.403125 0.3390625000000001 0.403125 0.4109375 0.459375 0.4109375
1 0.2078125000000001 0.8953125 0.1531250000000001 0.8953125 0.15312500000000012 0.9515625 0.2078125000000001 0.9515625
17 0.2062500000000001 0.9609375 0.15156250000000013 0.9609375 0.15156250000000013 1 0.2062500000000001 1
42 0.27031250000000007 0.6671875 0.2140625000000001 0.6671875 0.2140625000000001 0.7265625 0.27031250000000007 0.7265625
55 0.3968750000000001 0.6171875 0.34062500000000007 0.6171875 0.34062500000000007 0.6765625 0.3968750000000001 0.6765625
26 0.3296875 0.12812500000000004 0.2734375 0.12812500000000004 0.2734375 0.18437500000000004 0.3296875 0.18437500000000004
35 0.39531250000000007 0.484375 0.3390625000000001 0.484375 0.3390625000000001 0.54375 0.39531250000000007 0.54375