0 0.24375000000000008 0.66875 0.1593750000000001 0.66875 0.1593750000000001 0.725 0.24375000000000008 0.725
4 0.23593750000000005 0.31875 0.15156250000000004 0.31875 0.15156250000000004 0.3734375 0.23593750000000008 0.3734375
48 0.24375000000000008 0.7265625 0.1593750000000001 0.7265625 0.1593750000000001 0.78125 0.24375000000000008 0.78125
52 0.3171875 0.11406250000000004 0.234375 0.11406250000000004 0.234375 0.17031250000000003 0.3171875 0.17031250000000003
20 0.2453125000000001 0.84375 0.1609375000000001 0.84375 0.16093750000000012 0.9296875 0.2453125000000001 0.9296875
32 0.5015625000000001 0.803125 0.4156250000000002 0.803125 0.4156250000000002 0.859375 0.5015625000000001 0.859375
41 0.3203125 0.17031250000000003 0.2328125 0.17031250000000003 0.2328125 0.2296875 0.3203125 0.2296875
30 0.6296875000000001 0.09375000000000003 0.08593750000000003 0.09375 0.08593750000000007 0.946875 0.6296875000000002 0.946875
9 0.24375000000000008 0.609375 0.1593750000000001 0.609375 0.1593750000000001 0.665625 0.24375000000000008 0.665625
24 0.40625 0.421875 0.3234375000000001 0.421875 0.3234375000000001 0.475 0.40625 0.475
39 0.3281250000000001 0.8171875 0.24375000000000008 0.8171875 0.24375000000000008 0.859375 0.3281250000000001 0.859375
18 0.4984375 0.6234375 0.4109375 0.6234375 0.4109375 0.6796875 0.4984375 0.6796875
10 0.403125 0.18437500000000004 0.321875 0.18437500000000004 0.321875 0.24062500000000003 0.403125 0.2406250000000001
23 0.40625 0.36250000000000004 0.321875 0.3625 0.321875 0.41875 0.40625 0.41875
34 0.4984375000000002 0.7453125 0.41406250000000017 0.7453125 0.41406250000000017 0.8015625 0.4984375000000002 0.8015625
15 0.496875 0.44375 0.409375 0.44375 0.409375 0.503125 0.496875 0.503125
14 0.5859375 0.6015625 0.4984375 0.6015625 0.4984375 0.6609375 0.5859375 0.6609375
55 0.4921875 0.3859375000000001 0.4078125 0.3859375000000001 0.4078125 0.4421875 0.4921875 0.4421875
40 0.5000000000000001 0.6828125 0.4125 0.6828125 0.4125000000000001 0.7421875 0.5000000000000002 0.7421875
12 0.41406250000000017 0.7765625 0.3296875000000001 0.7765625 0.3296875000000001 0.8328125 0.41406250000000017 0.8328125
46 0.5031250000000002 0.8640625 0.41718750000000016 0.8640625 0.41718750000000016 0.9359375 0.5031250000000002 0.9359375
28 0.4109375 0.5390625 0.3265625000000001 0.5390625 0.3265625000000001 0.5953125 0.4109375 0.5953125
25 0.409375 0.478125 0.32500000000000007 0.478125 0.32500000000000007 0.534375 0.409375 0.534375
22 0.4187500000000002 0.8640625 0.2453125000000001 0.8640625 0.2453125000000001 0.9328125 0.4187500000000002 0.9328125
21 0.321875 0.2875 0.2359375 0.2875 0.2359375 0.346875 0.321875 0.346875
16 0.4921875 0.3265625000000001 0.4078125 0.3265625000000001 0.4078125 0.3843750000000001 0.4921875 0.3843750000000001
45 0.403125 0.10937500000000004 0.31875 0.10937500000000004 0.31875 0.18125000000000005 0.403125 0.18125000000000005
49 0.5796875 0.16250000000000006 0.4921875 0.16250000000000003 0.4921875 0.2531250000000001 0.5796875 0.2531250000000001
6 0.2390625000000001 0.434375 0.15468750000000003 0.434375 0.15468750000000003 0.490625 0.2390625000000001 0.490625
44 0.4890625 0.10625000000000004 0.4015625 0.10625000000000004 0.4015625 0.20468750000000008 0.4890625 0.20468750000000008
57 0.4921875 0.2687500000000001 0.4078125 0.2687500000000001 0.4078125 0.32500000000000007 0.4921875 0.32500000000000007
37 0.4156250000000001 0.715625 0.3281250000000001 0.715625 0.3281250000000001 0.771875 0.4156250000000002 0.771875
17 0.58125 0.3187500000000001 0.5 0.3187500000000001 0.5 0.37187500000000007 0.58125 0.37187500000000007
43 0.403125 0.24375000000000005 0.3203125 0.24375 0.3203125 0.30000000000000004 0.403125 0.3000000000000001
59 0.3234375000000001 0.4640625 0.2390625000000001 0.4640625 0.2390625000000001 0.5203125 0.3234375000000001 0.5203125
8 0.2406250000000001 0.5515625 0.15781250000000008 0.5515625 0.15781250000000008 0.6078125 0.2406250000000001 0.6078125
13 0.58125 0.25468750000000007 0.49375 0.25468750000000007 0.49375 0.3125000000000001 0.58125 0.3125000000000001
1 0.23125 0.14375000000000002 0.15 0.14375 0.15000000000000002 0.19687500000000002 0.23125 0.19687500000000005
36 0.3265625000000001 0.6390625 0.24218750000000008 0.6390625 0.24218750000000008 0.696875 0.3265625000000001 0.696875
50 0.5906250000000001 0.7234375 0.5015625 0.7234375 0.5015625000000001 0.78125 0.5906250000000002 0.78125
19 0.40625 0.30156250000000007 0.321875 0.3015625 0.321875 0.35781250000000003 0.40625 0.3578125000000001
47 0.5859375 0.3750000000000001 0.496875 0.3750000000000001 0.496875 0.6015625 0.5859375 0.6015625
29 0.4125 0.5984375 0.3281250000000001 0.5984375 0.3281250000000001 0.6546875 0.4125 0.6546875
7 0.2406250000000001 0.49375 0.15625000000000006 0.49375 0.15625000000000006 0.55 0.2406250000000001 0.55
54 0.3281250000000001 0.759375 0.24375000000000008 0.759375 0.24375000000000008 0.815625 0.3281250000000001 0.815625
31 0.4125 0.659375 0.3281250000000001 0.659375 0.3281250000000001 0.7140625 0.4125 0.7140625
58 0.4921875 0.2093750000000001 0.40625 0.2093750000000001 0.40625 0.2656250000000001 0.4921875 0.2656250000000001
35 0.4953125 0.503125 0.4109375 0.503125 0.4109375 0.559375 0.4953125 0.559375
56 0.3203125 0.2296875 0.234375 0.2296875 0.234375 0.2859375 0.3203125 0.2859375
42 0.321875 0.346875 0.2375 0.346875 0.23750000000000004 0.4046875 0.3218750000000001 0.4046875
27 0.32500000000000007 0.5828125 0.2406250000000001 0.5828125 0.2406250000000001 0.6390625 0.32500000000000007 0.6390625
33 0.4984375 0.5625 0.4109375 0.5625 0.4109375 0.621875 0.4984375 0.621875
26 0.4156250000000002 0.834375 0.3296875000000001 0.834375 0.3296875000000001 0.875 0.4156250000000002 0.875
53 0.3265625000000001 0.521875 0.2406250000000001 0.521875 0.2406250000000001 0.578125 0.3265625000000001 0.578125
51 0.3234375000000001 0.4046875 0.2406250000000001 0.4046875 0.2406250000000001 0.4609375 0.3234375000000001 0.4609375
3 0.234375 0.259375 0.15000000000000005 0.259375 0.15000000000000005 0.315625 0.234375 0.315625
2 0.234375 0.2 0.15000000000000005 0.2 0.15000000000000005 0.2578125 0.234375 0.2578125
38 0.3265625000000001 0.7 0.24218750000000008 0.7 0.24218750000000008 0.75625 0.3265625000000001 0.75625
11 0.24375000000000008 0.7859375 0.1593750000000001 0.7859375 0.1593750000000001 0.840625 0.24375000000000008 0.840625
5 0.2375000000000001 0.375 0.15312500000000004 0.375 0.15312500000000004 0.43125 0.2375000000000001 0.43125