13 0.3328125 0.2046875 0.19062500000000004 0.2046875 0.19062500000000004 0.2796875 0.3328125 0.2796875
37 0.6046875 0.7046875 0.4765625 0.7046875 0.4765625000000001 0.76875 0.6046875000000002 0.76875
24 0.603125 0.38750000000000007 0.4765625 0.38750000000000007 0.4765625 0.446875 0.603125 0.446875
11 0.85 0.7718750000000002 0.7343750000000002 0.7718750000000002 0.7343750000000002 0.83125 0.85 0.83125
10 0.609375 0.12500000000000006 0.478125 0.12500000000000006 0.478125 0.19062500000000007 0.609375 0.1906250000000001
17 0.8546875 0.04062500000000009 0.7359375 0.04062500000000009 0.7359375 0.0953125000000001 0.8546875 0.0953125000000001
3 0.8515625 0.22031250000000008 0.7359375 0.22031250000000008 0.7359375 0.2828125000000001 0.8515625 0.2828125000000001
31 0.6078125 0.64375 0.4765625 0.64375 0.4765625 0.703125 0.6078125 0.703125
54 0.7312500000000002 0.7468750000000001 0.6062500000000002 0.746875 0.6062500000000002 0.809375 0.7312500000000002 0.809375
57 0.471875 0.21718750000000003 0.3375 0.2171875 0.3375 0.2828125 0.471875 0.2828125000000001
35 0.4703125 0.4828125 0.3390625000000001 0.4828125 0.3390625000000001 0.5453125 0.4703125 0.5453125
58 0.475 0.15000000000000005 0.3375 0.15000000000000005 0.3375 0.21718750000000003 0.475 0.2171875000000001
50 0.33281250000000007 0.6921875 0.1937500000000001 0.6921875 0.1937500000000001 0.7578125 0.33281250000000007 0.7578125
20 0.85 0.83125 0.7312500000000002 0.83125 0.7312500000000002 0.915625 0.85 0.915625
45 0.6125 0.021875000000000068 0.478125 0.02187500000000006 0.478125 0.12500000000000006 0.6125 0.12500000000000008
38 0.7296875 0.6859375000000001 0.60625 0.6859375 0.6062500000000001 0.7453125 0.7296875000000002 0.7453125000000002
16 0.4734375 0.28437500000000004 0.3390625 0.284375 0.3390625 0.35000000000000003 0.4734375 0.3500000000000001
30 1 6.773827607783798e-17 0.10625 1.3011872240940627e-17 0.10625000000000007 0.9859375 1 0.9859375
23 0.6046875 0.3234375000000001 0.4765625 0.3234375000000001 0.4765625 0.3843750000000001 0.6046875 0.3843750000000001
22 0.7390625000000002 0.8484375 0.4750000000000002 0.8484375 0.4750000000000002 0.9375 0.7390625000000002 0.9375
49 0.334375 3.205130294643464e-17 0.1890625 2.315347854637965e-17 0.1890625 0.06562500000000003 0.334375 0.06562500000000004
25 0.6015625 0.4515625 0.4765625 0.4515625 0.4765625 0.5125 0.6015625 0.5125
53 0.728125 0.4984375000000001 0.6046875 0.4984375 0.6046875 0.5578125 0.728125 0.5578125000000002
12 0.6078125000000002 0.76875 0.47656250000000017 0.76875 0.47656250000000017 0.8328125 0.6078125000000002 0.8328125
8 0.85 0.5296875000000002 0.73125 0.5296875000000002 0.73125 0.5859375000000002 0.85 0.5859375000000002
48 0.846875 0.7109375000000002 0.73125 0.7109375000000002 0.7312500000000001 0.7703125000000002 0.846875 0.7703125000000002
39 0.7296875000000002 0.80625 0.6078125000000002 0.80625 0.6078125000000002 0.8484375 0.7296875000000002 0.8484375
43 0.6078125 0.19062500000000007 0.4765625 0.19062500000000004 0.4765625 0.25468750000000007 0.6078125 0.25468750000000007
33 0.4703125 0.5484375 0.3390625000000001 0.5484375 0.3390625000000001 0.6109375 0.4703125 0.6109375
4 0.853125 0.2828125000000001 0.734375 0.2828125000000001 0.734375 0.3421875000000001 0.853125 0.3421875000000001
56 0.7328125 0.1828125000000001 0.6078125 0.1828125000000001 0.6078125 0.2453125000000001 0.7328125 0.2453125000000001
19 0.6046875 0.2562500000000001 0.4765625 0.2562500000000001 0.4765625 0.3187500000000001 0.6046875 0.3187500000000001
59 0.728125 0.4375000000000001 0.60625 0.4375 0.60625 0.4953125000000001 0.728125 0.49531250000000016
6 0.8515625 0.40625000000000017 0.7328125 0.40625000000000017 0.7328125 0.4656250000000002 0.8515625 0.4656250000000002
18 0.471875 0.6140625 0.34062500000000007 0.6140625 0.34062500000000007 0.6765625 0.471875 0.6765625
9 0.85 0.5906250000000002 0.734375 0.5906250000000002 0.734375 0.6468750000000002 0.85 0.6468750000000002
55 0.471875 0.353125 0.3375 0.353125 0.3375 0.415625 0.471875 0.415625
52 0.7390625 0.03125000000000008 0.6125 0.031250000000000076 0.6125 0.11718750000000008 0.7390625 0.11718750000000008
2 0.853125 0.15781250000000008 0.734375 0.15781250000000008 0.734375 0.22031250000000008 0.853125 0.22031250000000008
27 0.7296875 0.5609375000000001 0.6078125 0.5609375 0.6078125 0.6203125 0.7296875 0.6203125000000002
14 0.3343750000000001 0.615625 0.1921875000000001 0.615625 0.1921875000000001 0.690625 0.3343750000000001 0.690625
0 0.85 0.6484375000000002 0.73125 0.6484375000000002 0.73125 0.7078125000000002 0.85 0.7078125000000002
47 0.33437500000000003 0.28125 0.19062500000000004 0.28125 0.19062500000000007 0.615625 0.3343750000000001 0.615625
15 0.4703125 0.4171875 0.3390625000000001 0.4171875 0.3390625000000001 0.48125 0.4703125 0.48125
40 0.4718750000000001 0.6796875 0.34062500000000007 0.6796875 0.34062500000000007 0.7421875 0.47187500000000016 0.7421875
7 0.846875 0.46875000000000017 0.73125 0.46875000000000017 0.73125 0.5250000000000001 0.846875 0.5250000000000001
46 0.4781250000000002 0.809375 0.3390625000000001 0.809375 0.3390625000000001 0.9484375 0.4781250000000002 0.9484375
42 0.7296875 0.3109375000000001 0.6078125 0.3109375000000001 0.6078125 0.3703125000000001 0.7296875 0.3703125000000001
5 0.8515625 0.3437500000000001 0.7328125 0.3437500000000001 0.7328125 0.4031250000000002 0.8515625 0.4031250000000002
29 0.6078125 0.578125 0.4765625 0.578125 0.4765625 0.640625 0.6078125 0.640625
28 0.6078125 0.515625 0.4765625 0.515625 0.4765625 0.575 0.6078125 0.575
51 0.728125 0.3750000000000001 0.60625 0.3750000000000001 0.60625 0.43437500000000007 0.728125 0.4343750000000002
1 0.85625 0.0953125000000001 0.7375 0.09531250000000009 0.7375 0.15781250000000008 0.85625 0.15781250000000008
36 0.7296875 0.6234375000000001 0.60625 0.6234375 0.60625 0.6843750000000001 0.7296875 0.6843750000000002
41 0.7328125 0.11562500000000009 0.609375 0.11562500000000009 0.609375 0.18125000000000008 0.7328125 0.18125000000000008
21 0.7328125 0.2468750000000001 0.6078125 0.2468750000000001 0.6078125 0.30937500000000007 0.7328125 0.30937500000000007
34 0.47187500000000016 0.7421875 0.34062500000000007 0.7421875 0.34062500000000007 0.8078125 0.47187500000000016 0.8078125
44 0.4765625 0.00781250000000005 0.3375 0.007812500000000042 0.3375 0.08437500000000006 0.4765625 0.08437500000000006
32 0.4765625 0.08281250000000005 0.3375 0.08281250000000004 0.3375 0.15156250000000004 0.4765625 0.15156250000000004
26 0.6078125000000002 0.8328125 0.47656250000000017 0.8328125 0.47656250000000017 0.875 0.6078125000000002 0.875