48 0.6265625 0.23437500000000008 0.5890625 0.23437500000000008 0.5890625 0.28593750000000007 0.6265625 0.28593750000000007
38 0.6046875 0.2953125000000001 0.56875 0.2953125000000001 0.56875 0.3468750000000001 0.6046875 0.3468750000000001
10 0.22187500000000004 0.3578125 0.18281250000000004 0.3578125 0.18281250000000004 0.4109375 0.2218750000000001 0.4109375
51 0.3875 0.29531250000000003 0.3515625 0.2953125 0.3515625 0.34843750000000007 0.3875 0.34843750000000007
9 0.540625 0.2328125000000001 0.503125 0.2328125000000001 0.503125 0.28593750000000007 0.540625 0.28593750000000007
23 0.353125 0.359375 0.3171875 0.359375 0.31718750000000007 0.4125 0.3531250000000001 0.4125
58 0.2406250000000001 0.421875 0.2015625000000001 0.421875 0.2015625000000001 0.475 0.2406250000000001 0.475
55 0.3750000000000001 0.421875 0.3359375000000001 0.421875 0.3359375000000001 0.475 0.3750000000000001 0.475
50 0.6359375 0.4859375 0.596875 0.4859375 0.596875 0.540625 0.6359375 0.540625
49 0.14687500000000003 0.4828125 0.10000000000000005 0.4828125 0.10000000000000005 0.5421875 0.14687500000000003 0.5421875
40 0.596875 0.4203125 0.5578125 0.4203125 0.5578125 0.475 0.596875 0.475
53 0.475 0.2953125000000001 0.4390625 0.2953125000000001 0.4390625 0.3468750000000001 0.475 0.3468750000000001
59 0.43125 0.2953125000000001 0.3953125 0.2953125000000001 0.3953125 0.34843750000000007 0.43125 0.34843750000000007
28 0.4859375 0.3578125000000001 0.446875 0.3578125000000001 0.446875 0.4109375 0.4859375 0.4109375
24 0.39687500000000003 0.35781250000000003 0.359375 0.3578125 0.35937500000000006 0.4109375 0.3968750000000001 0.4109375
21 0.3015625 0.2953125 0.2625 0.2953125 0.2625 0.3484375 0.3015625 0.3484375
18 0.5515625 0.4203125 0.5125 0.4203125 0.5125 0.475 0.5515625 0.475
14 0.5453125 0.484375 0.50625 0.484375 0.50625 0.540625 0.5453125 0.540625
56 0.25625 0.29375 0.2203125 0.29375 0.2203125 0.346875 0.25625 0.346875
27 0.51875 0.2953125000000001 0.4828125 0.2953125000000001 0.4828125 0.3468750000000001 0.51875 0.3468750000000001
0 0.5828125 0.23437500000000008 0.546875 0.23437500000000008 0.546875 0.28593750000000007 0.5828125 0.28593750000000007
54 0.65 0.29375000000000007 0.6109375 0.29375000000000007 0.6109375 0.34843750000000007 0.65 0.34843750000000007
33 0.509375 0.421875 0.4703125 0.421875 0.4703125 0.4765625 0.509375 0.4765625
26 0.7 0.3578125000000001 0.6671875 0.3578125000000001 0.6671875 0.4109375 0.7 0.4109375
5 0.3671875 0.23437500000000006 0.33125 0.234375 0.33125 0.28593750000000007 0.3671875 0.28593750000000007
13 0.2890625000000001 0.4828125 0.24218750000000008 0.4828125 0.24218750000000008 0.540625 0.2890625000000001 0.540625
57 0.28593750000000007 0.41875 0.2468750000000001 0.41875 0.2468750000000001 0.475 0.28593750000000007 0.475
7 0.4546875 0.23437500000000008 0.41875 0.23437500000000008 0.41875 0.28593750000000007 0.4546875 0.28593750000000007
4 0.325 0.2328125 0.2875 0.2328125 0.2875 0.2859375 0.325 0.2859375
34 0.640625 0.421875 0.603125 0.421875 0.603125 0.475 0.640625 0.475
22 0.753125 0.2921875000000001 0.6953125 0.2921875000000001 0.6953125 0.4125000000000001 0.753125 0.4125000000000002
47 0.5015625 0.484375 0.2953125000000001 0.484375 0.2953125000000001 0.5421875 0.5015625 0.5421875
19 0.30937500000000007 0.3578125 0.271875 0.3578125 0.27187500000000003 0.4109375 0.30937500000000007 0.4109375
31 0.5734375 0.3578125000000001 0.5375 0.3578125000000001 0.5375 0.4109375 0.5734375 0.4109375
36 0.5625 0.2953125000000001 0.5234375 0.2953125000000001 0.5234375 0.3468750000000001 0.5625 0.3468750000000001
15 0.4203125 0.4203125 0.3812500000000001 0.4203125 0.3812500000000001 0.475 0.4203125 0.475
12 0.6625 0.3578125000000001 0.6234375 0.3578125000000001 0.6234375 0.4109375 0.6625 0.4109375
20 0.75 0.2328125000000001 0.678125 0.2328125000000001 0.678125 0.2843750000000001 0.75 0.2843750000000001
30 0.9515625 0.14687500000000006 0.08437500000000002 0.146875 0.08437500000000005 0.5796875000000001 0.9515625 0.5796875000000001
6 0.4109375 0.23437500000000008 0.375 0.23437500000000008 0.375 0.28593750000000007 0.4109375 0.28593750000000007
17 0.15312500000000004 0.234375 0.12031250000000004 0.234375 0.12031250000000004 0.2875 0.15312500000000004 0.2875
46 0.71875 0.4203125 0.65 0.4203125 0.65 0.4734375 0.71875 0.4734375
44 0.15156250000000004 0.41875 0.10312500000000005 0.41875 0.10312500000000005 0.475 0.15156250000000004 0.475
42 0.3453125 0.2953125 0.3078125 0.2953125 0.3078125 0.346875 0.3453125 0.346875
41 0.2140625 0.29375 0.17500000000000004 0.29375 0.17500000000000004 0.35 0.2140625 0.35
45 0.17812500000000003 0.3546875 0.11093750000000005 0.3546875 0.11093750000000005 0.4125 0.17812500000000003 0.4125
2 0.2390625 0.234375 0.2015625 0.234375 0.2015625 0.2859375 0.2390625 0.2859375
8 0.496875 0.23437500000000008 0.4609375 0.23437500000000008 0.4609375 0.2875000000000001 0.496875 0.2875000000000001
39 0.6875 0.2953125000000001 0.6546875 0.2953125000000001 0.6546875 0.34843750000000007 0.6875 0.34843750000000007
16 0.3312500000000001 0.4203125 0.2906250000000001 0.4203125 0.2906250000000001 0.4765625 0.3312500000000001 0.4765625
1 0.19687500000000005 0.2359375 0.15937500000000004 0.2359375 0.15937500000000004 0.2890625 0.19687500000000005 0.2890625
35 0.4625 0.421875 0.425 0.421875 0.425 0.475 0.4625 0.475
37 0.6171875 0.3578125000000001 0.5796875 0.3578125000000001 0.5796875 0.4109375 0.6171875 0.4109375
11 0.6703125 0.23437500000000008 0.6328125 0.23437500000000008 0.6328125 0.28593750000000007 0.6703125 0.28593750000000007
43 0.2671875 0.3546875 0.228125 0.3546875 0.22812500000000005 0.4109375 0.2671875000000001 0.4109375
32 0.19843750000000004 0.41875 0.15468750000000003 0.41875 0.15468750000000003 0.478125 0.19843750000000004 0.478125
25 0.4421875 0.3578125000000001 0.403125 0.3578125000000001 0.403125 0.4109375 0.4421875 0.4109375
29 0.5296875 0.3578125000000001 0.4921875 0.3578125000000001 0.4921875 0.4109375 0.5296875 0.4109375
52 0.17031250000000003 0.2953125 0.11250000000000004 0.2953125 0.11250000000000004 0.3484375 0.17031250000000003 0.3484375
3 0.2828125 0.2328125 0.24375 0.2328125 0.24375 0.2875 0.2828125 0.2875