14 0.778125 0.6000000000000001 0.7234375 0.6 0.7234375 0.6687500000000001 0.778125 0.6687500000000002
32 0.24375000000000008 0.4828125 0.19375000000000003 0.4828125 0.19375000000000006 0.546875 0.24375000000000008 0.546875
27 0.68125 0.3890625000000001 0.628125 0.3890625000000001 0.628125 0.4515625 0.68125 0.4515625
43 0.34062500000000007 0.425 0.2843750000000001 0.425 0.2843750000000001 0.4875 0.34062500000000007 0.4875
11 0.840625 0.34843750000000007 0.79375 0.34843750000000007 0.79375 0.4000000000000002 0.840625 0.4000000000000002
38 0.7984375 0.4000000000000002 0.7453125 0.4000000000000002 0.7453125 0.46093750000000017 0.7984375 0.46093750000000017
7 0.5765625 0.3218750000000001 0.5296875 0.3218750000000001 0.5296875 0.3750000000000001 0.5765625 0.3750000000000001
30 0.9890625 0.25625000000000003 0.10781250000000005 0.25625 0.10781250000000006 0.7046875000000001 0.9890625 0.7046875000000001
21 0.38750000000000007 0.36250000000000004 0.3328125 0.3625 0.33281250000000007 0.4234375 0.38750000000000007 0.4234375
55 0.4828125 0.50625 0.428125 0.50625 0.428125 0.56875 0.4828125 0.56875
45 0.21875000000000008 0.4109375 0.14531250000000004 0.4109375 0.14531250000000004 0.475 0.21875000000000008 0.475
18 0.7203125 0.5265625 0.665625 0.5265625 0.665625 0.5875 0.7203125 0.5875
53 0.621875 0.3859375000000001 0.56875 0.3859375000000001 0.56875 0.446875 0.621875 0.446875
49 0.1906250000000001 0.546875 0.1296875000000001 0.546875 0.1296875000000001 0.6171875 0.1906250000000001 0.6171875
31 0.753125 0.4625000000000001 0.7 0.4625 0.7 0.5250000000000001 0.753125 0.5250000000000001
33 0.6609375 0.521875 0.60625 0.521875 0.60625 0.584375 0.6609375 0.584375
47 0.65625 0.5703125 0.3765625000000001 0.5703125 0.3765625000000001 0.6578125 0.65625 0.6578125
8 0.628125 0.3281250000000001 0.58125 0.3281250000000001 0.58125 0.3812500000000001 0.628125 0.3812500000000001
59 0.5640625 0.37968750000000007 0.5109375 0.37968750000000007 0.5109375 0.440625 0.5640625 0.440625
17 0.2078125 0.2875 0.15937500000000004 0.2875 0.15937500000000004 0.3390625 0.2078125 0.3390625
25 0.5765625 0.4484375 0.521875 0.4484375 0.521875 0.509375 0.5765625 0.509375
51 0.5046875 0.3750000000000001 0.4515625 0.3750000000000001 0.4515625 0.4359375 0.5046875 0.4359375
28 0.6328125 0.453125 0.58125 0.453125 0.58125 0.5140625 0.6328125 0.5140625
19 0.3984375000000001 0.4296875 0.3453125000000001 0.4296875 0.3453125000000001 0.49375 0.3984375000000001 0.49375
56 0.32812500000000006 0.3578125 0.2734375 0.3578125 0.27343750000000006 0.41875 0.3281250000000001 0.41875
39 0.9171875 0.40937500000000016 0.8640625 0.40937500000000016 0.8640625 0.4703125000000002 0.9171875 0.4703125000000002
46 0.9640625 0.5406250000000001 0.8484375 0.5406250000000001 0.8484375 0.6125000000000002 0.9640625 0.6125000000000002
42 0.4453125 0.3687500000000001 0.3921875000000001 0.3687500000000001 0.3921875000000001 0.4296875 0.4453125 0.4296875
58 0.3046875000000001 0.4890625 0.2468750000000001 0.4890625 0.2468750000000001 0.5515625 0.3046875000000001 0.5515625
44 0.19062500000000004 0.478125 0.13906250000000003 0.478125 0.13906250000000003 0.5421875 0.19062500000000004 0.5421875
37 0.8140625 0.46875000000000017 0.759375 0.46875000000000017 0.759375 0.5296875000000002 0.8140625 0.5296875000000002
29 0.6953125 0.4578125 0.640625 0.4578125 0.640625 0.51875 0.6953125 0.51875
36 0.740625 0.39531250000000007 0.6859375 0.39531250000000007 0.6859375 0.4562500000000001 0.740625 0.45625000000000016
4 0.41875 0.3078125000000001 0.371875 0.3078125000000001 0.371875 0.3593750000000001 0.41875 0.3593750000000001
52 0.20937500000000003 0.3453125 0.15312500000000004 0.3453125 0.15312500000000004 0.40625 0.2093750000000001 0.40625
1 0.2609375 0.2921875 0.2140625 0.2921875 0.2140625 0.34375 0.2609375 0.34375
48 0.7859375 0.34062500000000007 0.7375 0.34062500000000007 0.7375 0.3937500000000001 0.7859375 0.3937500000000001
22 0.965625 0.4781250000000002 0.88125 0.4781250000000002 0.88125 0.5421875000000002 0.965625 0.5421875000000002
54 0.8578125 0.4046875000000002 0.8046875 0.4046875000000002 0.8046875 0.4656250000000002 0.8578125 0.4656250000000002
15 0.5421875 0.5109375 0.4859375 0.5109375 0.4859375 0.5734375 0.5421875 0.5734375
5 0.4703125 0.3140625000000001 0.4234375 0.3140625000000001 0.4234375 0.3671875000000001 0.4703125 0.3671875000000001
20 0.96875 0.3515625000000001 0.9 0.3515625000000001 0.9 0.4078125000000002 0.96875 0.4078125000000002
3 0.36875 0.30312500000000003 0.31875 0.303125 0.31875 0.35625000000000007 0.36875 0.35625000000000007
57 0.36406250000000007 0.4953125 0.30937500000000007 0.4953125 0.30937500000000007 0.55625 0.36406250000000007 0.55625
10 0.27812500000000007 0.41875 0.2234375000000001 0.41875 0.2234375000000001 0.48125 0.27812500000000007 0.48125
40 0.78125 0.5328125000000001 0.7265625 0.5328125000000001 0.7265625 0.5937500000000002 0.78125 0.5937500000000002
24 0.515625 0.4421875 0.4625 0.4421875 0.4625 0.5046875 0.515625 0.5046875
23 0.4578125 0.4375 0.403125 0.4375 0.403125 0.4984375 0.4578125 0.4984375
34 0.840625 0.5375000000000002 0.784375 0.5375000000000002 0.784375 0.5984375000000002 0.840625 0.5984375000000002
35 0.6015625 0.5171875 0.546875 0.5171875 0.546875 0.578125 0.6015625 0.578125
0 0.7328125 0.3359375000000001 0.6859375 0.3359375000000001 0.6859375 0.3890625000000001 0.7328125 0.3890625000000001
6 0.5234375 0.3187500000000001 0.475 0.3187500000000001 0.475 0.3703125000000001 0.5234375 0.3703125000000001
26 0.9640625 0.41406250000000017 0.925 0.41406250000000017 0.925 0.4750000000000002 0.9640625 0.4750000000000002
16 0.4234375 0.5015625 0.3671875000000001 0.5015625 0.3671875000000001 0.5625 0.4234375 0.5625
41 0.26875000000000004 0.3515625 0.2140625 0.3515625 0.21406250000000004 0.4125 0.2687500000000001 0.4125
9 0.68125 0.33281250000000007 0.6328125 0.33281250000000007 0.6328125 0.3859375000000001 0.68125 0.3859375000000001
2 0.3140625 0.2984375 0.265625 0.2984375 0.265625 0.35 0.3140625 0.35
13 0.37187500000000007 0.5640625 0.3156250000000001 0.5640625 0.3156250000000001 0.63125 0.37187500000000007 0.63125
12 0.8734375 0.4734375000000002 0.81875 0.4734375000000002 0.81875 0.5343750000000002 0.8734375 0.5343750000000002