9 0.5625 0.5125 0.5078125 0.5125 0.5078125 0.578125 0.5625 0.578125
56 0.1781250000000001 0.5875 0.12500000000000008 0.5875 0.12500000000000008 0.653125 0.1781250000000001 0.653125
31 0.6109375 0.6546875 0.5546875 0.6546875 0.5546875 0.7234375 0.6109375 0.7234375
1 0.09843750000000007 0.51875 0.04531250000000007 0.51875 0.04531250000000007 0.584375 0.09843750000000007 0.584375
47 0.5218750000000002 0.8046875 0.21250000000000008 0.8046875 0.21250000000000008 0.878125 0.5218750000000002 0.878125
12 0.7359375 0.6546875000000001 0.6765625 0.6546875 0.6765625 0.7234375000000001 0.7359375 0.7234375000000002
36 0.5890625 0.5828125 0.5328125 0.5828125 0.5328125 0.6515625 0.5890625 0.6515625
28 0.4921875 0.6546875 0.4359375 0.6546875 0.4359375 0.7234375 0.4921875 0.7234375
40 0.6453125000000002 0.7296875 0.5859375000000002 0.7296875 0.5859375000000002 0.7984375 0.6453125000000002 0.7984375
23 0.3125000000000001 0.6578125 0.2562500000000001 0.6578125 0.2562500000000001 0.7265625 0.3125000000000001 0.7265625
32 0.1062500000000001 0.73125 0.050000000000000086 0.73125 0.050000000000000086 0.8 0.1062500000000001 0.8
21 0.23593750000000008 0.5875 0.18125000000000008 0.5875 0.18125000000000008 0.653125 0.23593750000000008 0.653125
48 0.6828125 0.5125 0.6265625 0.5125 0.6265625 0.578125 0.6828125 0.578125
49 0.03437500000000011 0.80625 9.873714818125535e-17 0.80625 1.0304254708450775e-16 0.8765625 0.034375000000000114 0.8765625
50 0.6453125000000002 0.80625 0.5859375000000002 0.80625 0.5859375000000002 0.878125 0.6453125000000002 0.878125
43 0.19531250000000008 0.659375 0.14062500000000008 0.659375 0.14062500000000008 0.725 0.19531250000000008 0.725
8 0.503125 0.5140625 0.45 0.5140625 0.45 0.5796875 0.503125 0.5796875
7 0.446875 0.5140625 0.3937500000000001 0.5140625 0.3937500000000001 0.5796875 0.446875 0.5796875
37 0.6734375 0.65625 0.6140625 0.65625 0.6140625 0.725 0.6734375 0.725
27 0.5296875 0.5828125 0.475 0.5828125 0.475 0.6515625 0.5296875 0.6515625
58 0.16406250000000008 0.7328125 0.10781250000000009 0.7328125 0.10781250000000009 0.8015625 0.16406250000000008 0.8015625
41 0.1218750000000001 0.5890625 0.06562500000000007 0.5890625 0.06562500000000007 0.6546875 0.1218750000000001 0.6546875
6 0.3890625000000001 0.5140625 0.3343750000000001 0.5140625 0.3343750000000001 0.5796875 0.3890625000000001 0.5796875
5 0.3281250000000001 0.5140625 0.2734375000000001 0.5140625 0.2734375000000001 0.5796875 0.3281250000000001 0.5796875
11 0.7421875 0.5109375 0.6859375 0.5109375 0.6859375 0.5765625000000001 0.7421875 0.5765625000000002
10 0.1375000000000001 0.659375 0.0828125000000001 0.659375 0.0828125000000001 0.725 0.1375000000000001 0.725
26 0.790625 0.6562500000000002 0.7375 0.6562500000000002 0.7375 0.7250000000000002 0.790625 0.7250000000000002
46 0.7781250000000002 0.7312500000000001 0.7093750000000002 0.73125 0.7093750000000002 0.8015625 0.7781250000000002 0.8015625
25 0.43125 0.6578125 0.3765625000000001 0.6578125 0.3765625000000001 0.7234375 0.43125 0.7234375
44 0.04843750000000009 0.73125 0.0015625000000000894 0.73125 0.0015625000000000938 0.8 0.0484375000000001 0.8
17 0.042187500000000065 0.5203125 6.371990376813572e-17 0.5203125 6.764260054665459e-17 0.584375 0.042187500000000065 0.584375
55 0.34062500000000007 0.7296875 0.2843750000000001 0.7296875 0.2843750000000001 0.8 0.34062500000000007 0.8
51 0.3515625000000001 0.5859375 0.2984375000000001 0.5859375 0.2984375000000001 0.6515625 0.3515625000000001 0.6515625
54 0.7109375 0.5828125 0.653125 0.5828125 0.653125 0.6515625 0.7109375 0.6515625
42 0.29375000000000007 0.5859375 0.2406250000000001 0.5859375 0.2406250000000001 0.6515625 0.29375000000000007 0.6515625
59 0.4125 0.5859375 0.35625000000000007 0.5859375 0.35625000000000007 0.6515625 0.4125 0.6515625
15 0.40156250000000016 0.7296875 0.3453125000000001 0.7296875 0.3453125000000001 0.8 0.40156250000000016 0.8
39 0.7671875 0.5828125000000001 0.7140625 0.5828125 0.7140625 0.6515625 0.7671875 0.6515625000000002
19 0.2531250000000001 0.6578125 0.2000000000000001 0.6578125 0.2000000000000001 0.7265625 0.2531250000000001 0.7265625
34 0.7062500000000002 0.73125 0.6468750000000002 0.73125 0.6468750000000002 0.8 0.7062500000000002 0.8
14 0.5828125000000002 0.80625 0.5234375000000002 0.80625 0.5234375000000002 0.878125 0.5828125000000002 0.878125
30 1 0.4593750000000001 5.625721233583154e-17 0.459375 8.323771212954667e-17 0.9 1 0.9
53 0.46875 0.5828125 0.415625 0.5828125 0.415625 0.6515625 0.46875 0.6515625
20 0.828125 0.5093750000000001 0.746875 0.5093750000000001 0.746875 0.5781250000000002 0.828125 0.5781250000000002
18 0.5843750000000002 0.728125 0.5250000000000001 0.728125 0.5250000000000001 0.8 0.5843750000000002 0.8
2 0.15781250000000008 0.51875 0.10312500000000005 0.51875 0.10312500000000006 0.584375 0.15781250000000008 0.584375
24 0.37187500000000007 0.6578125 0.3156250000000001 0.6578125 0.3156250000000001 0.7265625 0.37187500000000007 0.7265625
22 0.8359375 0.5828125000000002 0.7703125 0.5828125000000002 0.7703125 0.7234375000000002 0.8359375 0.7234375000000002
16 0.2828125000000001 0.73125 0.22656250000000008 0.73125 0.22656250000000008 0.8 0.2828125000000001 0.8
38 0.6484375 0.5828125 0.5921875 0.5828125 0.5921875 0.6515625 0.6484375 0.6515625
33 0.5234375000000002 0.7296875 0.4656250000000002 0.7296875 0.4656250000000002 0.8015625 0.5234375000000002 0.8015625
4 0.2718750000000001 0.515625 0.21875000000000008 0.515625 0.21875000000000008 0.58125 0.2718750000000001 0.58125
29 0.5515625 0.6546875 0.4953125 0.6546875 0.4953125 0.725 0.5515625 0.725
35 0.46093750000000017 0.728125 0.4046875000000002 0.728125 0.4046875000000002 0.8 0.46093750000000017 0.8
0 0.621875 0.5125 0.565625 0.5125 0.565625 0.578125 0.621875 0.578125
57 0.2218750000000001 0.7328125 0.1671875000000001 0.7328125 0.1671875000000001 0.8015625 0.2218750000000001 0.8015625
3 0.2156250000000001 0.5171875 0.15937500000000004 0.5171875 0.15937500000000007 0.5828125 0.2156250000000001 0.5828125
13 0.21093750000000008 0.80625 0.1531250000000001 0.80625 0.1531250000000001 0.878125 0.21093750000000008 0.878125
45 0.07968750000000009 0.659375 8.075014831877861e-17 0.659375 8.476852062848085e-17 0.725 0.07968750000000009 0.725
52 0.06250000000000008 0.5875 7.1947999449907e-17 0.5875 7.606204729079263e-17 0.6546875 0.06250000000000008 0.6546875