31 0.509375 0.4140625 0.4 0.4140625 0.4 0.4671875 0.509375 0.4671875
6 0.2921875000000001 0.6234375 0.18906250000000008 0.6234375 0.18906250000000008 0.6734375 0.2921875000000001 0.6734375
53 0.4 0.5421875 0.29375000000000007 0.5421875 0.29375000000000007 0.5921875 0.4 0.5921875
28 0.5109375 0.5265625 0.4015625 0.5265625 0.4015625 0.5796875 0.5109375 0.5796875
3 0.29375000000000007 0.7859375 0.18750000000000008 0.7859375 0.18750000000000008 0.840625 0.29375000000000007 0.840625
34 0.6234375 0.3234375000000001 0.5078125 0.3234375000000001 0.5078125 0.37968750000000007 0.6234375 0.37968750000000007
27 0.3968750000000001 0.4875 0.29375000000000007 0.4875 0.29375000000000007 0.5375 0.3968750000000001 0.5375
14 0.753125 0.4250000000000001 0.63125 0.425 0.63125 0.4906250000000001 0.753125 0.4906250000000002
5 0.2906250000000001 0.678125 0.18750000000000008 0.678125 0.18750000000000008 0.7296875 0.2906250000000001 0.7296875
2 0.2921875000000001 0.8390625 0.18906250000000008 0.8390625 0.18906250000000008 0.8953125 0.2921875000000001 0.8953125
40 0.6234375 0.37968750000000007 0.5109375 0.37968750000000007 0.5109375 0.4359375 0.6234375 0.4359375
18 0.6265625 0.4359375 0.5125 0.4359375 0.5125 0.4921875 0.6265625 0.4921875
57 0.6359375000000002 0.784375 0.5187500000000002 0.784375 0.5187500000000002 0.84375 0.6359375000000002 0.84375
58 0.6375000000000002 0.84375 0.5187500000000002 0.84375 0.5187500000000002 0.903125 0.6375000000000002 0.903125
39 0.39375 0.28906250000000006 0.290625 0.2890625 0.290625 0.32343750000000004 0.39375 0.3234375000000001
12 0.50625 0.30156250000000007 0.396875 0.30156250000000007 0.396875 0.35625000000000007 0.50625 0.35625000000000007
48 0.28750000000000003 0.3578125 0.18750000000000006 0.3578125 0.18750000000000006 0.409375 0.2875000000000001 0.409375
59 0.4 0.596875 0.29375000000000007 0.596875 0.29375000000000007 0.646875 0.4 0.646875
26 0.503125 0.2656250000000001 0.39375 0.2656250000000001 0.39375 0.3031250000000001 0.503125 0.3031250000000001
20 0.2859375 0.23125 0.18593750000000003 0.23125 0.18593750000000003 0.3046875 0.2859375 0.3046875
38 0.39531250000000007 0.37812500000000004 0.2921875000000001 0.378125 0.2921875000000001 0.4296875 0.39531250000000007 0.4296875
56 0.40156250000000016 0.81875 0.2921875000000001 0.81875 0.2921875000000001 0.875 0.40156250000000016 0.875
35 0.63125 0.5515625 0.515625 0.5515625 0.515625 0.60625 0.63125 0.60625
44 0.6421875000000001 0.9609375 0.5203125000000002 0.9609375 0.5203125000000002 1 0.6421875000000001 1
32 0.6406250000000002 0.903125 0.5187500000000002 0.903125 0.5187500000000002 0.965625 0.6406250000000002 0.965625
49 0.7734375000000002 0.978125 0.6453125000000002 0.978125 0.6453125000000002 1 0.7734375000000002 1
37 0.5078125 0.3578125000000001 0.3984375 0.3578125000000001 0.39843750000000006 0.4125 0.5078125 0.4125
23 0.5140625000000001 0.6953125 0.4046875 0.6953125 0.4046875000000001 0.7484375 0.5140625000000002 0.7484375
13 0.7671875000000001 0.7859375000000001 0.6421875000000001 0.7859375 0.6421875000000001 0.8546875 0.7671875000000001 0.8546875
54 0.39531250000000007 0.32343750000000004 0.2890625 0.3234375 0.28906250000000006 0.3765625 0.39531250000000007 0.3765625000000001
16 0.6359375 0.725 0.51875 0.725 0.51875 0.78125 0.6359375000000002 0.78125
52 0.4031250000000002 0.9328125 0.2890625000000001 0.9328125 0.2890625000000001 1 0.4031250000000002 1
55 0.634375 0.6671875 0.5171875 0.6671875 0.5171875 0.721875 0.634375 0.721875
46 0.6203125 0.2015625000000001 0.5015625 0.2015625000000001 0.5015625 0.3218750000000001 0.6203125 0.3218750000000001
42 0.4015625000000001 0.70625 0.2953125000000001 0.70625 0.2953125000000001 0.759375 0.40156250000000016 0.759375
24 0.5125 0.6390625 0.403125 0.6390625 0.403125 0.6921875 0.5125 0.6921875
11 0.2859375 0.3046875 0.18750000000000006 0.3046875 0.18750000000000006 0.3546875 0.2859375 0.3546875
0 0.2890625000000001 0.4109375 0.18593750000000003 0.4109375 0.18593750000000003 0.4609375 0.2890625000000001 0.4609375
30 0.8453125 0.16875000000000004 0.04531250000000002 0.16875 0.045312500000000075 1 0.8453125 1
8 0.2921875000000001 0.5171875 0.18906250000000005 0.5171875 0.18906250000000008 0.5671875 0.2921875000000001 0.5671875
33 0.6296875 0.4953125 0.5140625 0.4953125 0.5140625 0.5484375 0.6296875 0.5484375
17 0.29375000000000007 0.953125 0.18750000000000014 0.953125 0.18750000000000014 1 0.29375000000000007 1
25 0.5125 0.58125 0.403125 0.58125 0.403125 0.634375 0.5125 0.634375
43 0.5156250000000002 0.809375 0.4031250000000002 0.809375 0.4031250000000002 0.8671875 0.5156250000000002 0.8671875
47 0.7625000000000001 0.4921875000000001 0.634375 0.4921875 0.6343750000000001 0.7859375000000001 0.7625000000000002 0.7859375000000002
9 0.2906250000000001 0.4640625 0.18750000000000006 0.4640625 0.18750000000000006 0.5140625 0.2906250000000001 0.5140625
1 0.2921875000000001 0.896875 0.1859375000000001 0.896875 0.18593750000000012 0.953125 0.2921875000000001 0.953125
50 0.75625 0.3593750000000001 0.634375 0.3593750000000001 0.634375 0.4203125000000001 0.75625 0.4203125000000002
10 0.5156250000000002 0.8671875 0.4031250000000002 0.8671875 0.4031250000000002 0.9265625 0.5156250000000002 0.9265625
19 0.5156250000000002 0.753125 0.40156250000000016 0.753125 0.40156250000000016 0.8078125 0.5156250000000002 0.8078125
22 0.5015625 0.21250000000000005 0.2828125 0.2125 0.2828125 0.28906250000000006 0.5015625 0.2890625000000001
29 0.509375 0.46875 0.4 0.46875 0.4 0.521875 0.509375 0.521875
21 0.40156250000000016 0.7625 0.2921875000000001 0.7625 0.2921875000000001 0.8171875 0.40156250000000016 0.8171875
15 0.6328125 0.609375 0.515625 0.609375 0.515625 0.665625 0.6328125 0.665625
45 0.5187500000000002 0.9265625 0.40156250000000016 0.9265625 0.40156250000000016 1 0.5187500000000002 1
4 0.2921875000000001 0.7328125 0.1859375000000001 0.7328125 0.1859375000000001 0.7828125 0.2921875000000001 0.7828125
36 0.3968750000000001 0.43125 0.29375000000000007 0.43125 0.29375000000000007 0.484375 0.3968750000000001 0.484375
51 0.4 0.6515625 0.29375000000000007 0.6515625 0.29375000000000007 0.703125 0.4 0.703125
41 0.4031250000000002 0.875 0.29375000000000007 0.875 0.29375000000000007 0.934375 0.4031250000000002 0.934375
7 0.2921875000000001 0.5703125 0.18906250000000008 0.5703125 0.18906250000000008 0.6203125 0.2921875000000001 0.6203125