26 0.18593750000000003 0.340625 0.12343750000000005 0.340625 0.12343750000000005 0.428125 0.18593750000000003 0.428125
4 0.784375 0.1515625000000001 0.725 0.1515625000000001 0.725 0.23593750000000008 0.784375 0.23593750000000008
23 0.740625 0.3453125000000001 0.678125 0.3453125000000001 0.678125 0.4328125000000001 0.740625 0.43281250000000016
58 0.9140625 0.4468750000000002 0.8546875 0.4468750000000002 0.8546875 0.5343750000000002 0.9140625 0.5343750000000002
59 0.6171875 0.2468750000000001 0.5578125 0.2468750000000001 0.5578125 0.3343750000000001 0.6171875 0.3343750000000001
21 0.825 0.2484375000000001 0.7625 0.2484375000000001 0.7625 0.3375000000000001 0.825 0.3375000000000001
20 0.16875 0.146875 0.04687500000000002 0.146875 0.04687500000000003 0.234375 0.16875000000000004 0.234375
3 0.853125 0.1515625000000001 0.79375 0.1515625000000001 0.79375 0.2390625000000001 0.853125 0.2390625000000001
40 0.3593750000000001 0.440625 0.2968750000000001 0.440625 0.2968750000000001 0.5296875 0.3593750000000001 0.5296875
19 0.8078125 0.3453125000000001 0.7484375 0.3453125000000001 0.7484375 0.43281250000000016 0.8078125 0.43281250000000016
38 0.3453125 0.2453125 0.2828125 0.2453125 0.2828125 0.3296875 0.3453125 0.3296875
1 0.990625 0.15468750000000014 0.93125 0.15468750000000014 0.93125 0.2390625000000001 0.990625 0.2390625000000001
48 0.309375 0.15000000000000005 0.25 0.15000000000000005 0.25 0.234375 0.309375 0.234375
22 0.13593750000000004 0.240625 0.04218750000000003 0.240625 0.042187500000000044 0.428125 0.13593750000000004 0.428125
54 0.2765625 0.24375 0.2140625 0.24375 0.2140625 0.3328125 0.2765625 0.3328125
11 0.2421875 0.14687500000000003 0.1796875 0.146875 0.17968750000000003 0.23125 0.2421875 0.23125
6 0.6484375 0.1515625000000001 0.5890625 0.1515625000000001 0.5890625 0.2390625000000001 0.6484375 0.2390625000000001
35 0.5671875 0.4421875 0.5046875 0.4421875 0.5046875 0.53125 0.5671875 0.53125
30 1 0.06562500000000007 8.036744619404505e-18 0.065625 4.55415528432922e-17 0.6781250000000001 1 0.6781250000000002
0 0.378125 0.14843750000000006 0.315625 0.14843750000000006 0.315625 0.23593750000000005 0.378125 0.23593750000000008
43 0.878125 0.3453125000000001 0.815625 0.3453125000000001 0.815625 0.43281250000000016 0.878125 0.43281250000000016
18 0.4296875 0.4421875 0.3671875000000001 0.4421875 0.3671875000000001 0.5296875 0.4296875 0.5296875
42 0.75625 0.2468750000000001 0.69375 0.2468750000000001 0.69375 0.3343750000000001 0.75625 0.3343750000000001
7 0.5796875 0.15156250000000007 0.5203125 0.15156250000000004 0.5203125 0.2406250000000001 0.5796875 0.2406250000000001
13 0.846875 0.5468750000000002 0.784375 0.5468750000000002 0.784375 0.6500000000000001 0.846875 0.6500000000000001
39 0.2078125 0.24375 0.14531250000000004 0.24375 0.14531250000000004 0.3328125 0.2078125 0.3328125
28 0.5328125 0.3437500000000001 0.4734375 0.3437500000000001 0.4734375 0.4328125 0.5328125 0.4328125
34 0.2875000000000001 0.440625 0.22812500000000008 0.440625 0.22812500000000008 0.5296875 0.2875000000000001 0.5296875
41 0.9609375 0.2500000000000001 0.9015625 0.2500000000000001 0.9015625 0.3375000000000001 0.9609375 0.3375000000000001
16 0.775 0.4453125000000001 0.7125 0.4453125 0.7125 0.5328125000000001 0.775 0.5328125000000001
47 0.7765625 0.5437500000000001 0.4328125 0.54375 0.4328125 0.6468750000000001 0.7765625 0.6468750000000002
15 0.6359375 0.4453125 0.5734375 0.4453125 0.5734375 0.5328125 0.6359375 0.5328125
25 0.6015625 0.3437500000000001 0.5421875 0.3437500000000001 0.5421875 0.4328125 0.6015625 0.4328125
10 0.9453125 0.34843750000000007 0.8859375 0.34843750000000007 0.8859375 0.4359375000000002 0.9453125 0.4359375000000002
27 0.4828125 0.2453125000000001 0.4203125 0.2453125000000001 0.4203125 0.33281250000000007 0.4828125 0.33281250000000007
12 0.25625000000000003 0.340625 0.19375000000000003 0.340625 0.19375000000000003 0.428125 0.2562500000000001 0.428125
56 0.89375 0.2468750000000001 0.83125 0.2468750000000001 0.83125 0.3343750000000001 0.89375 0.3343750000000001
29 0.4625 0.3437500000000001 0.4 0.3437500000000001 0.4 0.43125 0.4625 0.43125
37 0.32656250000000003 0.340625 0.2640625 0.340625 0.26406250000000003 0.428125 0.3265625000000001 0.428125
2 0.921875 0.15468750000000012 0.859375 0.1546875000000001 0.859375 0.2390625000000001 0.921875 0.2390625000000001
33 0.4984375 0.4421875 0.4359375 0.4421875 0.4359375 0.53125 0.4984375 0.53125
24 0.66875 0.3453125000000001 0.609375 0.3453125000000001 0.609375 0.4328125 0.66875 0.4328125
46 0.21875000000000008 0.4390625 0.037500000000000054 0.4390625 0.03750000000000006 0.5265625 0.21875000000000008 0.5265625
53 0.55 0.2468750000000001 0.490625 0.2468750000000001 0.490625 0.3343750000000001 0.55 0.3343750000000001
5 0.71875 0.1515625000000001 0.65625 0.1515625000000001 0.65625 0.2390625000000001 0.71875 0.2390625000000001
9 0.4453125 0.15156250000000004 0.3859375 0.15156250000000004 0.3859375 0.23593750000000008 0.4453125 0.23593750000000008
36 0.4140625 0.24531250000000004 0.3515625 0.2453125 0.3515625 0.33281250000000007 0.4140625 0.33281250000000007
14 0.4265625 0.5390625 0.34843750000000007 0.5390625 0.34843750000000007 0.646875 0.4265625 0.646875
45 1 0.3468750000000001 0.9546875 0.3468750000000001 0.9546875 0.43750000000000017 1 0.43750000000000017
57 0.84375 0.44531250000000017 0.784375 0.44531250000000017 0.784375 0.5343750000000002 0.84375 0.5343750000000002
8 0.5125 0.15000000000000005 0.453125 0.15000000000000005 0.453125 0.2390625000000001 0.5125 0.2390625000000001
31 0.39375000000000004 0.34218750000000003 0.334375 0.3421875 0.33437500000000003 0.43125 0.3937500000000001 0.43125
50 0.2734375000000001 0.5390625 0.21093750000000008 0.5390625 0.21093750000000008 0.646875 0.2734375000000001 0.646875
32 0.984375 0.44531250000000017 0.921875 0.44531250000000017 0.921875 0.5343750000000002 0.984375 0.5343750000000002
55 0.70625 0.4453125 0.64375 0.4453125 0.64375 0.5328125 0.70625 0.5328125
52 1 0.2500000000000001 0.9703125 0.2500000000000001 0.9703125 0.3390625000000001 1 0.3390625000000001
51 0.6859375 0.2468750000000001 0.6265625 0.2468750000000001 0.6265625 0.3343750000000001 0.6859375 0.3343750000000001