50 0.584375 0.5234375 0.5375 0.5234375 0.5375 0.6078125 0.584375 0.6078125
55 0.3140625000000001 0.453125 0.2687500000000001 0.453125 0.2687500000000001 0.5203125 0.3140625000000001 0.5203125
9 0.509375 0.21875000000000008 0.4625 0.21875000000000008 0.4625 0.28593750000000007 0.509375 0.28593750000000007
31 0.546875 0.3703125000000001 0.503125 0.3703125000000001 0.503125 0.4390625 0.546875 0.4390625
28 0.4421875 0.37187500000000007 0.3984375000000001 0.37187500000000007 0.3984375000000001 0.440625 0.4421875 0.440625
23 0.2875000000000001 0.3765625 0.24375000000000008 0.3765625 0.24375000000000008 0.44375 0.2875000000000001 0.44375
37 0.6 0.3671875000000001 0.553125 0.3671875000000001 0.553125 0.4359375 0.6 0.4359375
4 0.25 0.2234375 0.20625 0.2234375 0.20625 0.290625 0.25 0.290625
39 0.684375 0.2890625000000001 0.6421875 0.2890625000000001 0.6421875 0.35625000000000007 0.684375 0.35625000000000007
11 0.6640625 0.21250000000000008 0.61875 0.21250000000000008 0.61875 0.2796875000000001 0.6640625 0.2796875000000001
42 0.275 0.3 0.23125 0.3 0.23125000000000004 0.3671875 0.2750000000000001 0.3671875
27 0.48125 0.29375000000000007 0.4375 0.29375000000000007 0.4375 0.3609375000000001 0.48125 0.3609375000000001
32 0.10937500000000004 0.45625 0.05937500000000007 0.45625 0.05937500000000007 0.528125 0.10937500000000004 0.528125
36 0.534375 0.29375000000000007 0.4890625 0.29375000000000007 0.4890625 0.3609375000000001 0.534375 0.3609375000000001
21 0.22500000000000003 0.3 0.17812500000000003 0.3 0.17812500000000003 0.36875 0.2250000000000001 0.36875
1 0.09687500000000003 0.228125 0.051562500000000025 0.228125 0.05156250000000003 0.2953125 0.09687500000000004 0.2953125
35 0.4171875 0.4515625 0.37187500000000007 0.4515625 0.37187500000000007 0.51875 0.4171875 0.51875
51 0.32656250000000003 0.2984375 0.28125 0.2984375 0.28125000000000006 0.365625 0.3265625000000001 0.365625
53 0.4296875 0.2953125000000001 0.3859375 0.2953125000000001 0.38593750000000004 0.36406250000000007 0.4296875 0.36406250000000007
44 0.05468750000000007 0.4609375 0.0015625000000000562 0.4609375 0.0015625000000000604 0.528125 0.05468750000000007 0.528125
56 0.17187500000000006 0.3 0.12656250000000005 0.3 0.12656250000000005 0.36875 0.17187500000000006 0.36875
24 0.3390625000000001 0.375 0.29375000000000007 0.375 0.29375000000000007 0.44375 0.3390625000000001 0.44375
14 0.53125 0.5265625 0.478125 0.5265625 0.478125 0.6078125 0.53125 0.6078125
38 0.5859375 0.2906250000000001 0.540625 0.2906250000000001 0.540625 0.3578125000000001 0.5859375 0.3578125000000001
13 0.21250000000000008 0.5328125 0.16562500000000005 0.5328125 0.16562500000000008 0.6140625 0.21250000000000008 0.6140625
46 0.765625 0.44218750000000007 0.6328125 0.4421875 0.6328125 0.5140625000000001 0.765625 0.5140625000000002
45 0.08125000000000004 0.38125 0.003125000000000047 0.38125 0.0031250000000000513 0.45 0.08125000000000004 0.45
34 0.6265625 0.4453125 0.5796875 0.4453125 0.5796875 0.5125 0.6265625 0.5125
30 0.9703125 0.12500000000000006 1.5308084989341915e-17 0.125 4.6881010279859617e-17 0.6406250000000001 0.9703125 0.6406250000000002
8 0.45625 0.21875000000000008 0.4125 0.21875000000000008 0.4125 0.28593750000000007 0.45625 0.28593750000000007
57 0.21093750000000008 0.4546875 0.16562500000000005 0.4546875 0.16562500000000005 0.5234375 0.21093750000000008 0.5234375
43 0.18437500000000004 0.378125 0.13906250000000003 0.378125 0.13906250000000003 0.446875 0.18437500000000004 0.446875
33 0.4703125 0.45 0.4234375 0.45 0.4234375 0.51875 0.4703125 0.51875
6 0.35625 0.225 0.3109375 0.225 0.3109375 0.290625 0.35625 0.290625
29 0.4953125 0.3703125000000001 0.45 0.3703125000000001 0.45 0.4390625 0.4953125 0.4390625
40 0.575 0.4453125 0.528125 0.4453125 0.528125 0.5140625 0.575 0.5140625
20 0.7609375 0.21093750000000008 0.6703125 0.21093750000000008 0.6703125 0.2796875000000001 0.7609375 0.2796875000000001
52 0.06718750000000004 0.3015625 0.0015625000000000367 0.3015625 0.0015625000000000413 0.3734375 0.06718750000000004 0.3734375
59 0.37812500000000004 0.29687500000000006 0.3328125 0.296875 0.33281250000000007 0.36406250000000007 0.3781250000000001 0.36406250000000007
17 0.04531250000000003 0.2296875 0.003125000000000028 0.2296875 0.003125000000000032 0.296875 0.04531250000000003 0.296875
7 0.40625 0.22031250000000005 0.3609375 0.2203125 0.3609375 0.28750000000000003 0.40625 0.2875000000000001
47 0.4734375 0.5265625 0.2171875000000001 0.5265625 0.2171875000000001 0.6109375 0.4734375 0.6109375
16 0.26250000000000007 0.4546875 0.2171875000000001 0.4546875 0.2171875000000001 0.521875 0.26250000000000007 0.521875
48 0.6109375 0.2140625000000001 0.565625 0.2140625000000001 0.565625 0.2828125000000001 0.6109375 0.2828125000000001
58 0.15937500000000004 0.45625 0.11250000000000004 0.45625 0.11250000000000004 0.525 0.15937500000000004 0.525
2 0.14843750000000006 0.2265625 0.10156250000000004 0.2265625 0.10156250000000004 0.29375 0.14843750000000006 0.29375
15 0.3671875000000001 0.4515625 0.3203125000000001 0.4515625 0.3203125000000001 0.5203125 0.3671875000000001 0.5203125
18 0.5234375 0.4484375 0.4765625 0.4484375 0.4765625 0.5171875 0.5234375 0.5171875
26 0.7 0.3656250000000001 0.6578125 0.3656250000000001 0.6578125 0.434375 0.7 0.434375
49 0.05468750000000007 0.5375 0.001562500000000066 0.5375 0.0015625000000000708 0.61875 0.05468750000000007 0.61875
54 0.6375 0.2906250000000001 0.5921875 0.2906250000000001 0.5921875 0.3578125000000001 0.6375 0.3578125000000001
0 0.5609375 0.2156250000000001 0.5140625 0.2156250000000001 0.5140625 0.2843750000000001 0.5609375 0.2843750000000001
41 0.12187500000000004 0.303125 0.07187500000000005 0.303125 0.07187500000000005 0.371875 0.12187500000000004 0.371875
25 0.3906250000000001 0.37343750000000003 0.3468750000000001 0.3734375 0.3468750000000001 0.440625 0.3906250000000001 0.440625
5 0.3015625 0.221875 0.25625 0.221875 0.25625 0.2890625 0.3015625 0.2890625
3 0.2 0.2234375 0.15468750000000003 0.2234375 0.15468750000000003 0.290625 0.2 0.290625
12 0.653125 0.3671875000000001 0.60625 0.3671875000000001 0.60625 0.434375 0.653125 0.434375
19 0.23593750000000008 0.378125 0.19218750000000004 0.378125 0.19218750000000004 0.4453125 0.23593750000000008 0.4453125
22 0.7625 0.2875000000000001 0.6890625 0.2875000000000001 0.6890625 0.43437500000000007 0.7625 0.4343750000000002
10 0.13281250000000006 0.3796875 0.08750000000000005 0.3796875 0.08750000000000005 0.446875 0.13281250000000006 0.446875