24 0.4546875 0.3984375000000001 0.4015625 0.3984375000000001 0.4015625 0.4609375 0.4546875 0.4609375
19 0.45625 0.2531250000000001 0.4 0.2531250000000001 0.4 0.3187500000000001 0.45625 0.3187500000000001
18 0.3921875000000001 0.65 0.3375000000000001 0.65 0.3375000000000001 0.7171875 0.3921875000000001 0.7171875
42 0.5171875 0.3078125000000001 0.4625 0.3078125000000001 0.4625 0.3734375000000001 0.5171875 0.3734375000000001
50 0.3296875000000001 0.7421875 0.26250000000000007 0.7421875 0.26250000000000007 0.8109375 0.3296875000000001 0.8109375
37 0.45312500000000017 0.759375 0.3968750000000001 0.759375 0.3968750000000001 0.8265625 0.45312500000000017 0.8265625
36 0.5156250000000001 0.6671875 0.459375 0.6671875 0.4593750000000001 0.7328125 0.5156250000000002 0.7328125
56 0.5171875 0.16250000000000003 0.4640625 0.16250000000000003 0.4640625 0.22812500000000008 0.5171875 0.22812500000000008
20 0.5765625000000002 0.928125 0.5203125000000002 0.928125 0.5203125000000002 1 0.5765625000000002 1
9 0.5765625 0.634375 0.5203125 0.634375 0.5203125 0.7 0.5765625 0.7
4 0.578125 0.2750000000000001 0.525 0.2750000000000001 0.525 0.3390625000000001 0.578125 0.3390625000000001
38 0.5156250000000002 0.740625 0.4593750000000002 0.740625 0.4593750000000002 0.80625 0.5156250000000002 0.80625
8 0.5765625 0.5609375 0.521875 0.5609375 0.521875 0.6265625 0.5765625 0.6265625
35 0.3937500000000001 0.50625 0.3390625000000001 0.50625 0.3390625000000001 0.571875 0.3937500000000001 0.571875
51 0.5171875 0.3812500000000001 0.4625 0.3812500000000001 0.4625 0.44375 0.5171875 0.44375
59 0.5171875 0.453125 0.4609375 0.453125 0.4609375 0.515625 0.5171875 0.515625
34 0.3906250000000001 0.796875 0.3359375000000001 0.796875 0.3359375000000001 0.865625 0.3906250000000001 0.865625
11 0.5781250000000002 0.85625 0.5218750000000002 0.85625 0.5218750000000002 0.921875 0.5781250000000002 0.921875
10 0.45625 0.10937500000000004 0.403125 0.10937500000000004 0.403125 0.17187500000000006 0.45625 0.17187500000000006
25 0.4546875 0.46875 0.4015625 0.46875 0.4015625 0.5328125 0.4546875 0.5328125
7 0.5765625 0.490625 0.521875 0.490625 0.521875 0.5546875 0.5765625 0.5546875
47 0.33281250000000007 0.3046875 0.265625 0.3046875 0.26562500000000006 0.6609375 0.33281250000000007 0.6609375
15 0.39531250000000007 0.4328125 0.3390625000000001 0.4328125 0.3390625000000001 0.4984375 0.39531250000000007 0.4984375
30 0.6718750000000001 5.5109105961630896e-17 0.228125 2.7937255105548996e-17 0.22812500000000005 1 0.6718750000000002 1
1 0.578125 0.05937500000000007 0.525 0.05937500000000007 0.525 0.12187500000000007 0.578125 0.1218750000000001
16 0.39375 0.28906250000000006 0.3390625 0.2890625 0.3390625 0.35468750000000004 0.39375 0.3546875000000001
44 0.396875 0.0015625000000000452 0.340625 0.0015625000000000417 0.340625 0.06718750000000004 0.396875 0.06718750000000004
17 0.5796875 6.773827607783798e-17 0.5265625 6.448530801760282e-17 0.5265625 0.050000000000000065 0.5796875 0.050000000000000065
13 0.334375 0.225 0.26875 0.225 0.26875 0.296875 0.334375 0.296875
57 0.3953125 0.21718750000000003 0.3390625 0.2171875 0.3390625 0.28125000000000006 0.3953125 0.2812500000000001
41 0.5171875 0.09062500000000007 0.4625 0.09062500000000007 0.4625 0.15625000000000006 0.5171875 0.15625000000000006
31 0.4531250000000001 0.6859375 0.3968750000000001 0.6859375 0.3968750000000001 0.7515625 0.45312500000000017 0.7515625
40 0.3906250000000001 0.725 0.3359375000000001 0.725 0.3359375000000001 0.790625 0.3906250000000001 0.790625
2 0.578125 0.12968750000000007 0.525 0.12968750000000004 0.525 0.19531250000000006 0.578125 0.19531250000000008
29 0.4546875 0.6140625 0.3984375000000001 0.6140625 0.3984375000000001 0.678125 0.4546875 0.678125
55 0.39531250000000007 0.3609375 0.3390625 0.3609375 0.33906250000000004 0.4265625 0.39531250000000007 0.4265625
6 0.578125 0.41875 0.5234375 0.41875 0.5234375 0.4828125 0.578125 0.4828125
0 0.5781250000000001 0.7078125 0.521875 0.7078125 0.5218750000000001 0.7734375 0.5781250000000002 0.7734375
27 0.515625 0.5953125 0.4625 0.5953125 0.4625 0.659375 0.515625 0.659375
54 0.5140625000000002 0.8140625 0.4578125000000002 0.8140625 0.4578125000000002 0.8828125 0.5140625000000002 0.8828125
33 0.3921875000000001 0.578125 0.3359375000000001 0.578125 0.3359375000000001 0.64375 0.3921875000000001 0.64375
53 0.5171875 0.5234375 0.4609375 0.5234375 0.4609375 0.5875 0.5171875 0.5875
26 0.4515625000000002 0.909375 0.39531250000000007 0.909375 0.39531250000000007 0.978125 0.4515625000000002 0.978125
49 0.3359375 0.0015625000000000372 0.2703125 0.0015625000000000333 0.2703125 0.06406250000000004 0.3359375 0.06406250000000005
12 0.45312500000000017 0.834375 0.3968750000000001 0.834375 0.3968750000000001 0.903125 0.45312500000000017 0.903125
52 0.51875 6.027558464553378e-17 0.465625 5.702261658529863e-17 0.465625 0.08281250000000007 0.51875 0.08281250000000007
58 0.3953125 0.14375000000000004 0.340625 0.14375000000000004 0.340625 0.20937500000000003 0.3953125 0.2093750000000001
28 0.4546875 0.5421875 0.3984375000000001 0.5421875 0.3984375000000001 0.6046875 0.4546875 0.6046875
21 0.5171875 0.23437500000000008 0.4625 0.23437500000000008 0.4625 0.30156250000000007 0.5171875 0.30156250000000007
22 0.5156250000000002 0.965625 0.3937500000000001 0.965625 0.3937500000000001 1 0.5156250000000002 1
23 0.4546875 0.3265625000000001 0.4015625 0.3265625000000001 0.4015625 0.3890625000000001 0.4546875 0.3890625000000001
32 0.396875 0.07187500000000005 0.340625 0.07187500000000005 0.340625 0.13750000000000004 0.396875 0.13750000000000004
39 0.5140625000000002 0.890625 0.4578125000000002 0.890625 0.4578125000000002 0.9578125 0.5140625000000002 0.9578125
5 0.578125 0.3453125000000001 0.5234375 0.3453125000000001 0.5234375 0.409375 0.578125 0.409375
48 0.5781250000000002 0.7796875 0.5218750000000002 0.7796875 0.5218750000000002 0.8484375 0.5781250000000002 0.8484375
3 0.578125 0.2015625000000001 0.525 0.2015625000000001 0.525 0.2671875000000001 0.578125 0.2671875000000001
46 0.3906250000000001 0.8703125 0.33281250000000007 0.8703125 0.33281250000000007 1 0.3906250000000001 1
43 0.45625 0.17968750000000006 0.403125 0.17968750000000006 0.403125 0.2453125000000001 0.45625 0.2453125000000001
45 0.4578125 5.2717217682046225e-17 0.403125 4.9368574090627673e-17 0.403125 0.10312500000000005 0.4578125 0.10312500000000005