26 0.3921875 0.026562500000000037 0.3078125 0.026562500000000034 0.3078125 0.08593750000000004 0.3921875 0.08593750000000004
49 0.6078125000000002 0.8671875 0.5046875000000002 0.8671875 0.5046875000000002 0.9421875 0.6078125000000002 0.9421875
4 0.20468750000000008 0.60625 0.12343750000000009 0.60625 0.12343750000000009 0.6640625 0.20468750000000008 0.6640625
23 0.39531250000000007 0.559375 0.3109375000000001 0.559375 0.3109375000000001 0.61875 0.39531250000000007 0.61875
58 0.4937500000000002 0.7296875 0.40937500000000016 0.7296875 0.40937500000000016 0.7875 0.4937500000000002 0.7875
59 0.3000000000000001 0.44375 0.2156250000000001 0.44375 0.2156250000000001 0.5015625 0.3000000000000001 0.5015625
21 0.3031250000000001 0.6421875 0.2171875000000001 0.6421875 0.2171875000000001 0.7015625 0.3031250000000001 0.7015625
20 0.203125 1.9709159423777714e-17 0.11875 1.4542680739874818e-17 0.11875 0.06875000000000002 0.203125 0.06875000000000002
3 0.2078125000000001 0.671875 0.12343750000000009 0.671875 0.12343750000000009 0.7296875 0.2078125000000001 0.7296875
40 0.4890625 0.19375000000000003 0.403125 0.19375000000000003 0.403125 0.2531250000000001 0.4890625 0.2531250000000001
19 0.39531250000000007 0.628125 0.3109375000000001 0.628125 0.3109375000000001 0.6859375 0.39531250000000007 0.6859375
38 0.2953125 0.18125000000000005 0.2140625 0.18125000000000005 0.2140625 0.240625 0.2953125 0.240625
1 0.2078125000000001 0.803125 0.12656250000000008 0.803125 0.12656250000000008 0.8609375 0.2078125000000001 0.8609375
48 0.203125 0.14843750000000003 0.121875 0.1484375 0.12187500000000002 0.20625 0.203125 0.20625
22 0.390625 3.6739403974420595e-17 0.209375 2.5641042357147705e-17 0.209375 0.03750000000000003 0.390625 0.03750000000000005
54 0.2984375 0.11406250000000004 0.2125 0.11406250000000004 0.2125 0.17343750000000005 0.2984375 0.17343750000000005
11 0.2 0.07968750000000002 0.11875 0.07968750000000002 0.11875 0.13906250000000003 0.2 0.13906250000000003
6 0.2078125000000001 0.4734375 0.12343750000000005 0.4734375 0.12343750000000005 0.53125 0.2078125000000001 0.53125
35 0.490625 0.3937500000000001 0.4046875 0.3937500000000001 0.4046875 0.453125 0.490625 0.453125
30 0.6328125000000001 4.11404784088564e-17 0.0390625 4.783776559169349e-18 0.03906250000000006 0.9546875 0.6328125000000002 0.9546875
44 0.49531250000000016 0.8640625 0.4078125000000002 0.8640625 0.4078125000000002 0.9375 0.49531250000000016 0.9375
0 0.2046875 0.2125 0.12031250000000004 0.2125 0.12031250000000004 0.271875 0.2046875 0.271875
17 0.2093750000000001 0.86875 0.12500000000000008 0.86875 0.1250000000000001 0.925 0.2093750000000001 0.925
43 0.39531250000000007 0.69375 0.3109375000000001 0.69375 0.3109375000000001 0.753125 0.39531250000000007 0.753125
18 0.4890625 0.2609375000000001 0.4046875 0.2609375000000001 0.4046875 0.3203125000000001 0.4890625 0.3203125000000001
42 0.3000000000000001 0.575 0.2156250000000001 0.575 0.2156250000000001 0.634375 0.3000000000000001 0.634375
7 0.2093750000000001 0.4078125 0.12343750000000005 0.4078125 0.12343750000000005 0.465625 0.2093750000000001 0.465625
13 0.6046875 0.6640625 0.5046875 0.6640625 0.5046875 0.7234375 0.6046875 0.7234375
39 0.2984375 0.04687500000000003 0.2125 0.04687500000000002 0.2125 0.10625000000000004 0.2984375 0.10625000000000004
28 0.39531250000000007 0.36250000000000004 0.309375 0.3625 0.30937500000000007 0.4203125 0.39531250000000007 0.4203125
34 0.4890625 0.12812500000000004 0.403125 0.12812500000000004 0.403125 0.18593750000000003 0.4890625 0.18593750000000003
41 0.3031250000000001 0.775 0.21875000000000008 0.775 0.21875000000000008 0.8328125 0.3031250000000001 0.8328125
16 0.4921875 0.5921875 0.4078125 0.5921875 0.4078125 0.653125 0.4921875 0.653125
47 0.603125 0.32500000000000007 0.503125 0.32500000000000007 0.503125 0.65625 0.603125 0.65625
15 0.4921875 0.459375 0.4078125 0.459375 0.4078125 0.51875 0.4921875 0.51875
25 0.39531250000000007 0.428125 0.30937500000000007 0.428125 0.30937500000000007 0.4859375 0.39531250000000007 0.4859375
10 0.3984375000000001 0.7609375 0.3140625000000001 0.7609375 0.3140625000000001 0.8171875 0.3984375000000001 0.8171875
27 0.2984375 0.3125 0.2140625 0.3125 0.21406250000000004 0.371875 0.2984375000000001 0.371875
12 0.3921875 0.09375000000000004 0.3078125 0.09375000000000004 0.3078125 0.15312500000000004 0.3921875 0.15312500000000004
56 0.3000000000000001 0.7078125 0.2156250000000001 0.7078125 0.2156250000000001 0.7671875 0.3000000000000001 0.7671875
29 0.39375 0.29375000000000007 0.309375 0.29375 0.309375 0.353125 0.39375 0.3531250000000001
37 0.3921875 0.16250000000000003 0.3078125 0.16250000000000003 0.3078125 0.22187500000000004 0.3921875 0.2218750000000001
2 0.2078125000000001 0.7359375 0.12656250000000008 0.7359375 0.12656250000000008 0.7953125 0.2078125000000001 0.7953125
33 0.490625 0.3281250000000001 0.4046875 0.3281250000000001 0.4046875 0.38750000000000007 0.490625 0.38750000000000007
24 0.39531250000000007 0.49375 0.3109375000000001 0.49375 0.3109375000000001 0.5515625 0.39531250000000007 0.5515625
46 0.4875 5.4535052774530576e-17 0.403125 4.9368574090627673e-17 0.403125 0.11718750000000004 0.4875 0.11718750000000004
53 0.3000000000000001 0.3796875 0.2156250000000001 0.3796875 0.2156250000000001 0.4375 0.3000000000000001 0.4375
5 0.2078125000000001 0.5390625 0.12343750000000005 0.5390625 0.12343750000000006 0.5984375 0.2078125000000001 0.5984375
9 0.2046875 0.278125 0.12343750000000005 0.278125 0.12343750000000005 0.3359375 0.2046875 0.3359375
36 0.2984375 0.246875 0.2140625 0.246875 0.2140625 0.30625 0.2984375 0.30625
14 0.603125 0.24375000000000008 0.4984375 0.24375000000000008 0.4984375 0.3187500000000001 0.603125 0.3187500000000001
45 0.4000000000000002 0.8265625 0.3125000000000001 0.8265625 0.3125000000000001 0.93125 0.4000000000000002 0.93125
57 0.49375 0.6625 0.4078125 0.6625 0.4078125 0.7203125 0.49375 0.7203125
8 0.20781250000000004 0.34375 0.12187500000000004 0.34375 0.12187500000000004 0.4015625 0.2078125000000001 0.4015625
31 0.39375 0.22968750000000004 0.3078125 0.2296875 0.3078125 0.28750000000000003 0.39375 0.2875000000000001
50 0.603125 0.11093750000000006 0.4984375 0.11093750000000005 0.4984375 0.17187500000000006 0.603125 0.17187500000000008
32 0.4937500000000002 0.7953125 0.4078125000000002 0.7953125 0.4078125000000002 0.8546875 0.4937500000000002 0.8546875
55 0.4921875 0.5265625 0.4078125 0.5265625 0.4078125 0.5859375 0.4921875 0.5859375
52 0.3046875000000001 0.8421875 0.21875000000000008 0.8421875 0.21875000000000008 0.928125 0.3046875000000001 0.928125
51 0.3000000000000001 0.509375 0.2156250000000001 0.509375 0.2156250000000001 0.5671875 0.3000000000000001 0.5671875