19 0.4828125 0.18750000000000006 0.4203125 0.18750000000000006 0.4203125 0.2296875000000001 0.4828125 0.2296875000000001
13 0.640625 0.1593750000000001 0.5625 0.1593750000000001 0.5625 0.20312500000000008 0.640625 0.20312500000000008
21 0.4109375 0.17656250000000004 0.3484375 0.17656250000000004 0.3484375 0.21875000000000006 0.4109375 0.21875000000000008
6 0.3375 0.296875 0.2765625 0.296875 0.2765625 0.3375 0.3375 0.3375
14 0.63125 0.45 0.553125 0.45 0.553125 0.5 0.63125 0.5
8 0.3343750000000001 0.3890625 0.2750000000000001 0.3890625 0.2750000000000001 0.43125 0.3343750000000001 0.43125
7 0.33593750000000006 0.34375 0.2765625 0.34375 0.27656250000000004 0.384375 0.3359375000000001 0.384375
29 0.475 0.425 0.4125 0.425 0.4125 0.4671875 0.475 0.4671875
1 0.34375 0.06093750000000005 0.2828125 0.06093750000000005 0.2828125 0.10156250000000004 0.34375 0.10156250000000004
2 0.3421875 0.10781250000000005 0.28125 0.10781250000000005 0.28125 0.15000000000000005 0.3421875 0.15000000000000005
34 0.5390625 0.5453125 0.478125 0.5453125 0.478125 0.5890625 0.5390625 0.5890625
51 0.4078125 0.27187500000000003 0.346875 0.271875 0.346875 0.31250000000000006 0.4078125 0.3125000000000001
26 0.4671875 0.615625 0.4046875 0.615625 0.4046875 0.653125 0.4671875 0.653125
49 0.646875 0.0031250000000000743 0.56875 0.0031250000000000696 0.56875 0.05625000000000008 0.646875 0.05625000000000009
18 0.54375 0.45 0.4828125 0.45 0.4828125 0.4921875 0.54375 0.4921875
55 0.55 0.2578125000000001 0.4875 0.2578125000000001 0.4875 0.3000000000000001 0.55 0.3000000000000001
4 0.3390625 0.203125 0.2796875 0.203125 0.2796875 0.24375 0.3390625 0.24375
3 0.3421875 0.15468750000000003 0.28125 0.15468750000000003 0.28125 0.19687500000000005 0.3421875 0.19687500000000005
50 0.6296875 0.50625 0.5515625 0.50625 0.5515625 0.55 0.6296875 0.55
31 0.471875 0.4734375 0.409375 0.4734375 0.409375 0.515625 0.471875 0.515625
54 0.4 0.55625 0.3390625000000001 0.55625 0.3390625000000001 0.5984375 0.4 0.5984375
5 0.3390625 0.2484375 0.2796875 0.2484375 0.2796875 0.290625 0.3390625 0.290625
58 0.559375 0.11250000000000007 0.4921875 0.11250000000000004 0.4921875 0.15625000000000006 0.559375 0.15625000000000008
10 0.484375 0.09218750000000006 0.421875 0.09218750000000005 0.421875 0.13281250000000006 0.484375 0.13281250000000006
52 0.415625 0.01562500000000005 0.353125 0.015625000000000045 0.353125 0.07500000000000004 0.415625 0.07500000000000004
15 0.55 0.3046875000000001 0.4875 0.3046875000000001 0.4875 0.34843750000000007 0.55 0.34843750000000007
27 0.403125 0.4140625 0.3421875000000001 0.4140625 0.3421875000000001 0.4546875 0.403125 0.4546875
30 0.6703125000000001 5.195181343257913e-17 0.178125 2.181402110981223e-17 0.17812500000000006 0.9390625 0.6703125000000002 0.9390625
40 0.54375 0.4984375 0.48125 0.4984375 0.48125 0.5421875 0.54375 0.5421875
44 0.5609375 0.007812500000000066 0.49375 0.00781250000000006 0.49375 0.057812500000000065 0.5609375 0.057812500000000065
24 0.478125 0.2828125000000001 0.415625 0.2828125000000001 0.415625 0.3234375000000001 0.478125 0.3234375000000001
22 0.4640625 0.6453125 0.33281250000000007 0.6453125 0.33281250000000007 0.7125 0.4640625 0.7125
46 0.55 0.59375 0.471875 0.59375 0.4718750000000001 0.728125 0.5500000000000002 0.728125
43 0.4828125 0.13906250000000003 0.4203125 0.13906250000000003 0.4203125 0.18125000000000005 0.4828125 0.18125000000000005
37 0.4703125 0.5203125 0.4078125 0.5203125 0.4078125 0.5640625 0.4703125 0.5640625
41 0.415625 0.08125000000000004 0.353125 0.08125000000000004 0.353125 0.12343750000000005 0.415625 0.12343750000000005
9 0.33281250000000007 0.4375 0.2734375000000001 0.4375 0.2734375000000001 0.4796875 0.33281250000000007 0.4796875
36 0.4015625 0.459375 0.34062500000000007 0.459375 0.34062500000000007 0.5015625 0.4015625 0.5015625
17 0.34375 0.018750000000000037 0.284375 0.018750000000000034 0.284375 0.05312500000000005 0.34375 0.05312500000000005
12 0.4703125 0.56875 0.4078125 0.56875 0.4078125 0.6125 0.4703125 0.6125
23 0.4796875 0.23437500000000008 0.4171875 0.23437500000000008 0.4171875 0.2765625000000001 0.4796875 0.2765625000000001
35 0.5453125 0.3531250000000001 0.484375 0.3531250000000001 0.484375 0.3968750000000001 0.5453125 0.3968750000000001
38 0.4 0.5078125 0.3390625000000001 0.5078125 0.3390625000000001 0.55 0.4 0.55
0 0.3312500000000001 0.484375 0.2718750000000001 0.484375 0.2718750000000001 0.5265625 0.3312500000000001 0.5265625
16 0.553125 0.2093750000000001 0.490625 0.2093750000000001 0.490625 0.2515625000000001 0.553125 0.2515625000000001
32 0.559375 0.06406250000000006 0.4921875 0.06406250000000006 0.4921875 0.10781250000000006 0.559375 0.10781250000000009
56 0.4109375 0.12812500000000004 0.35 0.12812500000000004 0.35 0.17031250000000003 0.4109375 0.17031250000000003
39 0.39531250000000007 0.603125 0.3343750000000001 0.603125 0.3343750000000001 0.6375 0.39531250000000007 0.6375
48 0.3281250000000001 0.53125 0.2687500000000001 0.53125 0.2687500000000001 0.5734375 0.3281250000000001 0.5734375
47 0.6375 0.2078125000000001 0.55625 0.2078125000000001 0.55625 0.4453125 0.6375 0.4453125
11 0.3265625000000001 0.5796875 0.2671875000000001 0.5796875 0.2671875000000001 0.6203125 0.3265625000000001 0.6203125
59 0.4078125 0.31875000000000003 0.3453125 0.31875 0.3453125 0.3609375 0.4078125 0.3609375000000001
28 0.4765625 0.3781250000000001 0.4109375 0.3781250000000001 0.4109375 0.41875 0.4765625 0.41875
25 0.478125 0.3296875000000001 0.415625 0.3296875000000001 0.415625 0.37187500000000007 0.478125 0.37187500000000007
20 0.32500000000000007 0.6265625 0.2656250000000001 0.6265625 0.2656250000000001 0.7078125 0.32500000000000007 0.7078125
53 0.4046875 0.36718750000000006 0.3437500000000001 0.3671875 0.3437500000000001 0.4078125 0.4046875 0.4078125
57 0.55625 0.16093750000000007 0.490625 0.16093750000000004 0.490625 0.20312500000000008 0.55625 0.20312500000000008
42 0.409375 0.22500000000000003 0.3484375 0.225 0.3484375 0.2671875 0.409375 0.2671875000000001
45 0.4890625 0.012500000000000056 0.4234375 0.01250000000000005 0.4234375 0.08593750000000006 0.4890625 0.08593750000000007
33 0.5453125 0.4015625 0.4828125 0.4015625 0.4828125 0.4453125 0.5453125 0.4453125