21 0.853125 0.3187500000000001 0.80625 0.3187500000000001 0.80625 0.38750000000000007 0.853125 0.38750000000000007
57 0.8734375 0.4781250000000002 0.8265625 0.4781250000000002 0.8265625 0.5500000000000002 0.8734375 0.5500000000000002
11 0.403125 0.24375000000000005 0.359375 0.24375 0.359375 0.30937500000000007 0.403125 0.30937500000000007
58 0.928125 0.4750000000000002 0.878125 0.4750000000000002 0.878125 0.5500000000000002 0.928125 0.5500000000000002
28 0.6265625 0.39531250000000007 0.5828125 0.39531250000000007 0.5828125 0.4640625 0.6265625 0.4640625
16 0.81875 0.47656250000000017 0.771875 0.47656250000000017 0.771875 0.5484375000000001 0.81875 0.5484375000000001
53 0.640625 0.3203125000000001 0.59375 0.3203125000000001 0.59375 0.38750000000000007 0.640625 0.38750000000000007
35 0.65625 0.478125 0.609375 0.478125 0.609375 0.546875 0.65625 0.546875
26 0.3625000000000001 0.39375 0.3218750000000001 0.39375 0.3218750000000001 0.4640625 0.3625000000000001 0.4640625
14 0.546875 0.559375 0.5 0.559375 0.5 0.6296875 0.546875 0.6296875
45 1 0.3937500000000001 0.9578125 0.3937500000000001 0.9578125 0.46875000000000017 1 0.46875000000000017
15 0.709375 0.4765625 0.6625 0.4765625 0.6625 0.546875 0.709375 0.546875
41 0.9609375 0.3187500000000001 0.9109375 0.3187500000000001 0.9109375 0.3890625000000001 0.9609375 0.3890625000000001
39 0.3765625 0.31875000000000003 0.3375 0.31875 0.3375 0.38593750000000004 0.3765625000000001 0.3859375000000001
17 1 0.2406250000000001 0.9875 0.2406250000000001 0.9875 0.3078125000000001 1 0.3078125000000001
6 0.715625 0.2406250000000001 0.671875 0.2406250000000001 0.671875 0.30937500000000007 0.715625 0.30937500000000007
55 0.7640625 0.4750000000000001 0.7171875 0.475 0.7171875 0.5468750000000001 0.7640625 0.5468750000000002
13 0.878125 0.5578125000000002 0.828125 0.5578125000000002 0.828125 0.6328125000000002 0.878125 0.6328125000000002
40 0.490625 0.4765625 0.446875 0.4765625 0.446875 0.5453125 0.490625 0.5453125
36 0.5359375 0.3187500000000001 0.4890625 0.3187500000000001 0.4890625 0.3859375000000001 0.5359375 0.3859375000000001
52 1 0.3156250000000001 0.965625 0.3156250000000001 0.965625 0.3859375000000001 1 0.3859375000000001
0 0.509375 0.24218750000000008 0.4625 0.24218750000000008 0.4625 0.3109375000000001 0.509375 0.3109375000000001
31 0.5203125 0.39531250000000007 0.4765625 0.39531250000000007 0.4765625 0.4640625 0.5203125 0.4640625
1 0.98125 0.2406250000000001 0.934375 0.2406250000000001 0.934375 0.3078125000000001 0.98125 0.3078125000000001
2 0.928125 0.2375000000000001 0.88125 0.2375000000000001 0.88125 0.3078125000000001 0.928125 0.3078125000000001
10 0.9515625 0.39531250000000007 0.9046875 0.39531250000000007 0.9046875 0.4656250000000002 0.9515625 0.4656250000000002
24 0.734375 0.3968750000000001 0.690625 0.3968750000000001 0.690625 0.4640625000000001 0.734375 0.46406250000000016
19 0.84375 0.3937500000000001 0.796875 0.3937500000000001 0.796875 0.46406250000000016 0.84375 0.46406250000000016
50 0.4359375 0.5546875 0.3890625000000001 0.5546875 0.3890625000000001 0.6296875 0.4359375 0.6296875
22 0.32656250000000003 0.31875 0.2578125 0.31875 0.25781250000000006 0.465625 0.3265625000000001 0.465625
12 0.4109375 0.3968750000000001 0.3671875000000001 0.3968750000000001 0.3671875000000001 0.4640625 0.4109375 0.4640625
43 0.896875 0.3968750000000001 0.85 0.3968750000000001 0.85 0.4656250000000002 0.896875 0.4656250000000002
20 0.3515625 0.2453125 0.2640625 0.2453125 0.2640625 0.3078125 0.3515625 0.3078125
37 0.465625 0.3968750000000001 0.421875 0.3968750000000001 0.421875 0.465625 0.465625 0.465625
33 0.6015625 0.475 0.5546875 0.475 0.5546875 0.546875 0.6015625 0.546875
3 0.875 0.2390625000000001 0.828125 0.2390625000000001 0.828125 0.30937500000000007 0.875 0.30937500000000007
51 0.74375 0.3187500000000001 0.7 0.3187500000000001 0.7 0.3859375000000001 0.74375 0.3859375000000001
23 0.7875 0.39531250000000007 0.74375 0.39531250000000007 0.74375 0.46406250000000016 0.7875 0.46406250000000016
38 0.4796875 0.3203125000000001 0.4359375 0.3203125000000001 0.4359375 0.38750000000000007 0.4796875 0.38750000000000007
27 0.5859375 0.31718750000000007 0.5421875 0.31718750000000007 0.5421875 0.3859375000000001 0.5859375 0.3859375000000001
29 0.571875 0.3968750000000001 0.528125 0.3968750000000001 0.528125 0.4640625 0.571875 0.4640625
56 0.90625 0.3156250000000001 0.859375 0.3156250000000001 0.859375 0.3859375000000001 0.90625 0.3859375000000001
34 0.440625 0.4765625 0.3937500000000001 0.4765625 0.3937500000000001 0.54375 0.440625 0.54375
5 0.7703125 0.2453125000000001 0.7234375 0.2453125000000001 0.7234375 0.3078125000000001 0.7703125 0.3078125000000001
7 0.6640625 0.24218750000000008 0.6203125 0.24218750000000008 0.6203125 0.3078125000000001 0.6640625 0.3078125000000001
47 0.821875 0.5562500000000001 0.553125 0.55625 0.553125 0.6312500000000001 0.821875 0.6312500000000002
42 0.796875 0.3234375000000001 0.753125 0.3234375000000001 0.753125 0.3859375000000001 0.796875 0.3859375000000001
18 0.5484375 0.471875 0.5015625 0.471875 0.5015625 0.546875 0.5484375 0.546875
25 0.68125 0.3968750000000001 0.634375 0.3968750000000001 0.634375 0.4640625 0.68125 0.4640625
8 0.6125 0.24218750000000008 0.565625 0.24218750000000008 0.565625 0.30937500000000007 0.6125 0.30937500000000007
9 0.5609375 0.24375000000000008 0.5140625 0.24375000000000008 0.5140625 0.30937500000000007 0.5609375 0.30937500000000007
32 0.9859375 0.4750000000000002 0.934375 0.4750000000000002 0.934375 0.5500000000000002 0.9859375 0.5500000000000002
48 0.4546875 0.2468750000000001 0.4109375 0.2468750000000001 0.4109375 0.30937500000000007 0.4546875 0.30937500000000007
4 0.821875 0.2390625000000001 0.775 0.2390625000000001 0.775 0.3078125000000001 0.821875 0.3078125000000001
54 0.428125 0.3203125000000001 0.384375 0.3203125000000001 0.384375 0.38750000000000007 0.428125 0.38750000000000007
46 0.3828125000000001 0.475 0.2984375000000001 0.475 0.2984375000000001 0.5453125 0.3828125000000001 0.5453125
59 0.6921875 0.31718750000000007 0.6484375 0.31718750000000007 0.6484375 0.3859375000000001 0.6921875 0.3859375000000001
30 1 0.16093750000000007 0.03750000000000002 0.1609375 0.03750000000000005 0.6703125000000001 1 0.6703125000000002