57 0.2906250000000001 0.696875 0.2328125000000001 0.696875 0.2328125000000001 0.7890625 0.2906250000000001 0.7890625
45 0.1281250000000001 0.5984375 0.02968750000000008 0.5984375 0.029687500000000082 0.690625 0.1281250000000001 0.690625
59 0.4890625 0.4890625 0.4296875 0.4890625 0.4296875 0.5796875 0.4890625 0.5796875
18 0.6812500000000001 0.684375 0.6203125 0.684375 0.6203125 0.775 0.6812500000000001 0.775
50 0.7687500000000002 0.7937500000000001 0.7031250000000002 0.79375 0.7031250000000002 0.90625 0.7687500000000002 0.90625
38 0.7484375 0.4796875000000001 0.6890625 0.4796875 0.6890625 0.5718750000000001 0.7484375 0.5718750000000001
49 0.0859375000000001 0.803125 0.0234375000000001 0.803125 0.023437500000000104 0.915625 0.08593750000000011 0.915625
25 0.515625 0.5875 0.45625 0.5875 0.45625 0.6796875 0.515625 0.6796875
19 0.3218750000000001 0.5921875 0.26250000000000007 0.5921875 0.26250000000000007 0.684375 0.3218750000000001 0.684375
55 0.4218750000000001 0.690625 0.3625000000000001 0.690625 0.3625000000000001 0.784375 0.42187500000000017 0.784375
12 0.840625 0.5765625000000002 0.7796875 0.5765625000000002 0.7796875 0.6687500000000002 0.840625 0.6687500000000002
21 0.2984375000000001 0.49375 0.2375000000000001 0.49375 0.2375000000000001 0.584375 0.2984375000000001 0.584375
30 0.9796875 0.27812500000000007 0.007812500000000033 0.278125 0.007812500000000073 0.9359375 0.9796875 0.9359375
47 0.6281250000000002 0.7890625 0.2968750000000001 0.7890625 0.2968750000000001 0.903125 0.6281250000000002 0.903125
27 0.61875 0.484375 0.5609375 0.484375 0.5609375 0.5734375 0.61875 0.5734375
33 0.6156250000000001 0.684375 0.5546875 0.684375 0.5546875000000001 0.7796875 0.6156250000000002 0.7796875
34 0.8125 0.6812500000000001 0.75 0.6812500000000001 0.7500000000000001 0.7703125000000002 0.8125 0.7703125000000002
41 0.16718750000000007 0.4984375 0.10625000000000004 0.4984375 0.10625000000000007 0.5875 0.1671875000000001 0.5875
53 0.553125 0.4859375 0.49375 0.4859375 0.49375 0.5765625 0.553125 0.5765625
16 0.35625000000000007 0.6921875 0.2968750000000001 0.6921875 0.2968750000000001 0.784375 0.35625000000000007 0.784375
43 0.2578125000000001 0.596875 0.19687500000000008 0.596875 0.19687500000000008 0.684375 0.2578125000000001 0.684375
6 0.4734375 0.3890625000000001 0.4140625 0.3890625000000001 0.4140625 0.48125 0.4734375 0.48125
56 0.2312500000000001 0.4953125 0.17187500000000006 0.4953125 0.17187500000000006 0.5859375 0.2312500000000001 0.5859375
22 0.9578125 0.47187500000000016 0.884375 0.47187500000000016 0.884375 0.6671875000000002 0.9578125 0.6671875000000002
8 0.603125 0.3859375000000001 0.54375 0.3859375000000001 0.54375 0.4765625 0.603125 0.4765625
11 0.8609375 0.3781250000000001 0.8015625 0.3781250000000001 0.8015625 0.4671875000000002 0.8609375 0.4671875000000002
37 0.7765625 0.5796875000000001 0.715625 0.5796875 0.715625 0.6734375000000001 0.7765625 0.6734375000000001
36 0.684375 0.4828125 0.6234375 0.4828125 0.6234375 0.5734375 0.684375 0.5734375
14 0.6953125000000002 0.784375 0.6312500000000002 0.784375 0.6312500000000002 0.896875 0.6953125000000002 0.896875
3 0.2828125000000001 0.39375 0.2218750000000001 0.39375 0.2218750000000001 0.484375 0.2828125000000001 0.484375
29 0.6453125 0.5828125 0.5859375 0.5828125 0.5859375 0.6765625 0.6453125 0.6765625
35 0.5515625000000001 0.6875 0.490625 0.6875 0.4906250000000001 0.7796875 0.5515625000000002 0.7796875
48 0.7953125 0.37968750000000007 0.7359375 0.37968750000000007 0.7359375 0.4703125000000002 0.7953125 0.4703125000000002
24 0.4515625 0.5890625 0.3921875000000001 0.5890625 0.3921875000000001 0.68125 0.4515625 0.68125
0 0.73125 0.3812500000000001 0.671875 0.3812500000000001 0.671875 0.47343750000000007 0.73125 0.4734375000000002
9 0.665625 0.3843750000000001 0.6078125 0.3843750000000001 0.6078125 0.475 0.665625 0.475
52 0.10156250000000007 0.5 0.03125000000000007 0.5 0.03125000000000007 0.5890625 0.10156250000000008 0.5890625
40 0.7453125 0.6812500000000001 0.6859375 0.68125 0.6859375000000001 0.7718750000000001 0.7453125000000002 0.7718750000000002
58 0.2250000000000001 0.696875 0.16562500000000008 0.696875 0.16562500000000008 0.790625 0.2250000000000001 0.790625
32 0.1593750000000001 0.7 0.10000000000000009 0.7 0.10000000000000009 0.7921875 0.1593750000000001 0.7921875
28 0.58125 0.584375 0.521875 0.584375 0.521875 0.6765625 0.58125 0.6765625
7 0.5390625 0.3906250000000001 0.48125 0.3906250000000001 0.48125 0.478125 0.5390625 0.478125
15 0.4859375000000001 0.6890625 0.4265625 0.6890625 0.42656250000000007 0.78125 0.4859375000000002 0.78125
5 0.409375 0.39062500000000006 0.3500000000000001 0.390625 0.3500000000000001 0.48125 0.409375 0.48125
46 0.9625 0.6765625000000002 0.815625 0.6765625000000002 0.815625 0.7671875000000001 0.9625 0.7671875000000001
23 0.3859375000000001 0.5921875 0.3265625000000001 0.5921875 0.3265625000000001 0.68125 0.3859375000000001 0.68125
44 0.09531250000000009 0.7015625 0.02656250000000009 0.7015625 0.026562500000000093 0.79375 0.09531250000000009 0.79375
1 0.15312500000000004 0.396875 0.09375000000000004 0.396875 0.09375000000000006 0.4875 0.15312500000000004 0.4875
39 0.878125 0.47656250000000017 0.8171875 0.47656250000000017 0.8171875 0.5671875000000002 0.878125 0.5671875000000002
4 0.3453125000000001 0.3921875 0.2875000000000001 0.3921875 0.2875000000000001 0.4828125 0.3453125000000001 0.4828125
17 0.08750000000000005 0.4 0.029687500000000044 0.4 0.02968750000000005 0.4890625 0.08750000000000006 0.4890625
13 0.2921875000000001 0.8 0.2296875000000001 0.8 0.2296875000000001 0.909375 0.2921875000000001 0.909375
51 0.425 0.4890625 0.3671875000000001 0.4890625 0.3671875000000001 0.5796875 0.425 0.5796875
10 0.1921875000000001 0.596875 0.13281250000000008 0.596875 0.13281250000000008 0.6859375 0.1921875000000001 0.6859375
54 0.8109375 0.4781250000000002 0.7515625 0.4781250000000002 0.7515625 0.5703125000000002 0.8109375 0.5703125000000002
42 0.3609375000000001 0.49375 0.30156250000000007 0.49375 0.30156250000000007 0.58125 0.3609375000000001 0.58125
2 0.2171875000000001 0.3953125 0.15781250000000005 0.3953125 0.15781250000000005 0.4859375 0.2171875000000001 0.4859375
20 0.9546875 0.3750000000000001 0.8671875 0.3750000000000001 0.8671875 0.4656250000000002 0.9546875 0.4656250000000002
26 0.9046875 0.5765625000000002 0.8453125 0.5765625000000002 0.8453125 0.6671875000000002 0.9046875 0.6671875000000002
31 0.709375 0.58125 0.6515625 0.58125 0.6515625 0.6734375 0.709375 0.6734375