24 0.65 0.5328125 0.596875 0.5328125 0.596875 0.5953125 0.65 0.5953125
19 0.6515625 0.675 0.596875 0.675 0.596875 0.740625 0.6515625000000002 0.740625
18 0.7140625 0.2796875000000001 0.6609375 0.2796875000000001 0.6609375 0.3453125000000001 0.7140625 0.3453125000000001
42 0.5890625 0.6203125 0.5359375 0.6203125 0.5359375 0.6859375 0.5890625 0.6859375
50 0.7890625 0.1859375000000001 0.7234375 0.1859375000000001 0.7234375 0.2531250000000001 0.7890625 0.2531250000000001
37 0.6546875 0.1703125000000001 0.6 0.1703125000000001 0.6 0.23593750000000008 0.6546875 0.23593750000000008
36 0.5921875 0.26250000000000007 0.5375 0.26250000000000007 0.5375 0.3281250000000001 0.5921875 0.3281250000000001
56 0.5890625000000002 0.7640625 0.5359375000000002 0.7640625 0.5359375000000002 0.8296875 0.5890625000000002 0.8296875
20 0.53125 6.16150420821012e-17 0.475 5.817072295949927e-17 0.475 0.06718750000000007 0.53125 0.06718750000000007
9 0.53125 0.2953125000000001 0.4765625 0.2953125000000001 0.4765625 0.3609375000000001 0.53125 0.3609375000000001
4 0.528125 0.6546875 0.475 0.6546875 0.475 0.71875 0.528125 0.71875
38 0.5921875 0.18906250000000008 0.5375 0.18906250000000005 0.5375 0.25468750000000007 0.5921875 0.25468750000000007
8 0.53125 0.3687500000000001 0.478125 0.3687500000000001 0.478125 0.434375 0.53125 0.434375
35 0.7125 0.4234375 0.659375 0.4234375 0.659375 0.4890625 0.7125 0.4890625
51 0.5890625 0.55 0.5359375 0.55 0.5359375 0.6125 0.5890625 0.6125
59 0.590625 0.4796875 0.5359375 0.4796875 0.5359375 0.5421875 0.590625 0.5421875
34 0.715625 0.1312500000000001 0.6625 0.1312500000000001 0.6625 0.2000000000000001 0.715625 0.2000000000000001
11 0.53125 0.07500000000000007 0.4765625 0.07500000000000007 0.4765625 0.14062500000000006 0.53125 0.14062500000000006
10 0.6484375000000002 0.8203125 0.5953125000000001 0.8203125 0.5953125000000001 0.8828125 0.6484375000000002 0.8828125
25 0.6515625 0.4609375 0.5984375 0.4609375 0.5984375 0.525 0.6515625 0.525
7 0.5296875 0.440625 0.4765625 0.440625 0.4765625 0.5046875 0.5296875 0.5046875
47 0.784375 0.3343750000000001 0.71875 0.3343750000000001 0.71875 0.6875000000000001 0.784375 0.6875000000000002
15 0.7125 0.4953125 0.6578125 0.4953125 0.6578125 0.5609375 0.7125 0.5609375
30 0.8234375 7.386151007357473e-17 0.3828125 4.6881010279859617e-17 0.38281250000000006 1 0.8234375 1
1 0.5281250000000002 0.8703125 0.4750000000000002 0.8703125 0.4750000000000002 0.9328125 0.5281250000000002 0.9328125
16 0.7109375 0.6375 0.6578125 0.6375 0.6578125 0.703125 0.7109375 0.703125
44 0.7109375000000002 0.925 0.6546875000000002 0.925 0.6546875000000002 0.9984375 0.7109375000000002 0.9984375
17 0.5265625000000002 0.940625 0.4734375000000002 0.940625 0.4734375000000002 0.996875 0.5265625000000002 0.996875
13 0.7828125000000001 0.6953125000000001 0.7171875 0.6953125 0.7171875000000001 0.7671875000000001 0.7828125000000001 0.7671875000000001
57 0.7125000000000001 0.7109375 0.6578125 0.7109375 0.6578125000000001 0.775 0.7125000000000001 0.775
41 0.5890625000000002 0.8359375 0.5359375000000002 0.8359375 0.5359375000000002 0.9015625 0.5890625000000002 0.9015625
31 0.6546875 0.24375000000000008 0.6 0.24375000000000008 0.6 0.30937500000000007 0.6546875 0.30937500000000007
40 0.7140625 0.2062500000000001 0.6609375 0.2062500000000001 0.6609375 0.2718750000000001 0.7140625 0.2718750000000001
2 0.5281250000000002 0.796875 0.4750000000000002 0.796875 0.4750000000000002 0.8625 0.5281250000000002 0.8625
29 0.653125 0.31718750000000007 0.596875 0.31718750000000007 0.596875 0.3812500000000001 0.653125 0.3812500000000001
55 0.7125 0.5671875 0.6578125 0.5671875 0.6578125 0.6328125 0.7125 0.6328125
6 0.5296875 0.5109375 0.4765625 0.5109375 0.4765625 0.575 0.5296875 0.575
0 0.53125 0.2234375000000001 0.475 0.2234375000000001 0.475 0.2890625000000001 0.53125 0.2890625000000001
27 0.590625 0.3359375000000001 0.5375 0.3359375000000001 0.5375 0.4 0.590625 0.4
54 0.59375 0.11562500000000006 0.5375 0.11562500000000005 0.5375 0.18281250000000007 0.59375 0.1828125000000001
33 0.7140625 0.3515625000000001 0.659375 0.3515625000000001 0.659375 0.4171875 0.7140625 0.4171875
53 0.5921875 0.4078125 0.5375 0.4078125 0.5375 0.471875 0.5921875 0.471875
26 0.65625 0.020312500000000074 0.6 0.020312500000000074 0.6 0.08750000000000008 0.65625 0.08750000000000009
49 0.7812500000000002 0.9265625 0.7156250000000002 0.9265625 0.7156250000000002 0.9984375 0.7812500000000002 0.9984375
12 0.6546875 0.09531250000000008 0.6 0.09531250000000006 0.6 0.1625000000000001 0.6546875 0.1625000000000001
52 0.5875000000000001 0.9078125 0.5343750000000002 0.9078125 0.5343750000000002 0.996875 0.5875000000000001 0.996875
58 0.7109375000000002 0.7828125 0.6578125000000001 0.7828125 0.6578125000000001 0.8484375 0.7109375000000002 0.8484375
28 0.653125 0.3906250000000001 0.5984375 0.3906250000000001 0.5984375 0.453125 0.653125 0.453125
21 0.5890625 0.6921875 0.5359375 0.6921875 0.5359375000000001 0.7578125 0.5890625000000002 0.7578125
22 0.6578125 7.319178135529103e-17 0.5375 6.582476545417023e-17 0.5375 0.03125000000000007 0.6578125 0.031250000000000076
23 0.65 0.6046875 0.596875 0.6046875 0.596875 0.6671875 0.65 0.6671875
32 0.7109375000000002 0.853125 0.6562500000000002 0.853125 0.6562500000000002 0.91875 0.7109375000000002 0.91875
39 0.59375 0.04062500000000007 0.5375 0.040625000000000064 0.5375 0.10625000000000007 0.59375 0.1062500000000001
5 0.5296875 0.584375 0.4765625 0.584375 0.4765625 0.6484375 0.5296875 0.6484375
48 0.53125 0.15000000000000005 0.475 0.15000000000000005 0.475 0.2171875000000001 0.53125 0.2171875000000001
3 0.5281250000000002 0.7265625 0.4750000000000002 0.7265625 0.4750000000000002 0.7921875 0.5281250000000002 0.7921875
46 0.71875 8.457716956611408e-17 0.6625 8.113285044351215e-17 0.6625 0.12500000000000008 0.71875 0.12500000000000008
43 0.6500000000000001 0.746875 0.5968750000000002 0.746875 0.5968750000000002 0.8125 0.6500000000000001 0.8125
45 0.6484375000000002 0.8890625 0.5953125000000001 0.8890625 0.5953125000000001 0.9984375 0.6484375000000002 0.9984375