57 0.384375 0.29687500000000006 0.33125 0.296875 0.33125 0.3375 0.384375 0.3375000000000001
14 0.4625 0.5734375 0.40625 0.5734375 0.40625 0.615625 0.4625 0.615625
51 0.2656250000000001 0.40625 0.21093750000000008 0.40625 0.21093750000000008 0.4453125 0.2656250000000001 0.4453125
34 0.4015625 0.6671875 0.34843750000000007 0.6671875 0.34843750000000007 0.7078125 0.4015625 0.7078125
48 0.21875000000000008 0.6578125 0.16562500000000008 0.6578125 0.16562500000000008 0.6984375 0.21875000000000008 0.6984375
10 0.3203125 0.2328125 0.2671875 0.2328125 0.2671875 0.2734375 0.3203125 0.2734375
19 0.32500000000000007 0.3234375 0.271875 0.3234375 0.27187500000000003 0.3640625 0.32500000000000007 0.3640625
39 0.2828125000000001 0.7265625 0.2296875000000001 0.7265625 0.2296875000000001 0.7671875 0.2828125000000001 0.7671875
13 0.4484375 0.29375000000000007 0.39375 0.29375000000000007 0.39375 0.3343750000000001 0.4484375 0.3343750000000001
43 0.321875 0.278125 0.26875 0.278125 0.26875 0.31875 0.321875 0.31875
11 0.2218750000000001 0.7046875 0.1687500000000001 0.7046875 0.1687500000000001 0.74375 0.2218750000000001 0.74375
21 0.2640625 0.315625 0.2109375 0.315625 0.2109375 0.35625 0.2640625 0.35625
38 0.2765625000000001 0.6359375 0.2234375000000001 0.6359375 0.2234375000000001 0.6765625 0.2765625000000001 0.6765625
26 0.3437500000000001 0.7375 0.2890625000000001 0.7375 0.2890625000000001 0.778125 0.3437500000000001 0.778125
32 0.38125 0.20625000000000004 0.3265625 0.20625 0.3265625 0.24687500000000004 0.38125 0.2468750000000001
56 0.2609375 0.2703125 0.2078125 0.2703125 0.2078125 0.3109375 0.2609375 0.3109375
5 0.2078125000000001 0.3859375 0.15468750000000003 0.3859375 0.15468750000000003 0.4265625 0.2078125000000001 0.4265625
35 0.3937500000000001 0.48125 0.3390625000000001 0.48125 0.3390625000000001 0.521875 0.3937500000000001 0.521875
9 0.2156250000000001 0.5671875 0.1625000000000001 0.5671875 0.1625000000000001 0.6078125 0.2156250000000001 0.6078125
41 0.259375 0.225 0.20625 0.225 0.20625 0.265625 0.259375 0.265625
4 0.20468750000000005 0.340625 0.15156250000000004 0.340625 0.15156250000000004 0.38125 0.20468750000000008 0.38125
36 0.2750000000000001 0.5890625 0.2218750000000001 0.5890625 0.2218750000000001 0.6296875 0.2750000000000001 0.6296875
24 0.3281250000000001 0.4140625 0.2750000000000001 0.4140625 0.2750000000000001 0.4546875 0.3281250000000001 0.4546875
23 0.3265625000000001 0.36875 0.2734375000000001 0.36875 0.2734375000000001 0.409375 0.3265625000000001 0.409375
37 0.3390625000000001 0.6453125 0.28593750000000007 0.6453125 0.28593750000000007 0.6859375 0.3390625000000001 0.6859375
52 0.2578125 0.16406250000000006 0.20625 0.16406250000000006 0.20625 0.2203125 0.2578125 0.2203125
44 0.3796875 0.15468750000000003 0.3265625 0.15468750000000003 0.3265625 0.20156250000000003 0.3796875 0.2015625000000001
16 0.38593750000000004 0.34218750000000003 0.3328125 0.3421875 0.33281250000000007 0.38281250000000006 0.3859375000000001 0.3828125000000001
59 0.2687500000000001 0.4515625 0.2156250000000001 0.4515625 0.2156250000000001 0.4921875 0.2687500000000001 0.4921875
30 0.5171875000000001 0.1375 0.07656250000000002 0.1375 0.07656250000000007 1 0.5171875000000001 1
6 0.2093750000000001 0.43125 0.15781250000000005 0.43125 0.15781250000000005 0.471875 0.2093750000000001 0.471875
29 0.3343750000000001 0.553125 0.27812500000000007 0.553125 0.27812500000000007 0.59375 0.3343750000000001 0.59375
18 0.3984375000000001 0.575 0.3453125000000001 0.575 0.3453125000000001 0.615625 0.3984375000000001 0.615625
31 0.3375000000000001 0.5984375 0.2828125000000001 0.5984375 0.2828125000000001 0.6390625 0.3375000000000001 0.6390625
45 0.3171875 0.15937500000000004 0.2640625 0.15937500000000004 0.2640625 0.228125 0.3171875 0.228125
25 0.3312500000000001 0.4609375 0.2765625000000001 0.4609375 0.2765625000000001 0.5015625 0.3312500000000001 0.5015625
58 0.3828125 0.2515625 0.3296875 0.2515625 0.3296875 0.29218750000000004 0.3828125 0.2921875000000001
28 0.33281250000000007 0.50625 0.27812500000000007 0.50625 0.27812500000000007 0.546875 0.33281250000000007 0.546875
33 0.3968750000000001 0.528125 0.3421875000000001 0.528125 0.3421875000000001 0.5703125 0.3968750000000001 0.5703125
20 0.2234375000000001 0.7515625 0.1703125000000001 0.7515625 0.1703125000000001 0.8234375 0.2234375000000001 0.8234375
1 0.2 0.2078125 0.14687500000000003 0.2078125 0.14687500000000003 0.246875 0.2 0.246875
12 0.3421875000000001 0.6921875 0.2875000000000001 0.6921875 0.2875000000000001 0.7328125 0.3421875000000001 0.7328125
53 0.2718750000000001 0.496875 0.2171875000000001 0.496875 0.2171875000000001 0.5375 0.2718750000000001 0.5375
27 0.2718750000000001 0.54375 0.21875000000000008 0.54375 0.21875000000000008 0.584375 0.2718750000000001 0.584375
42 0.26562500000000006 0.3609375 0.2125 0.3609375 0.21250000000000005 0.4015625 0.2656250000000001 0.4015625
49 0.440625 0.15000000000000005 0.3875 0.15000000000000005 0.3875 0.19843750000000004 0.440625 0.19843750000000004
3 0.203125 0.296875 0.15000000000000005 0.296875 0.15000000000000005 0.3375 0.203125 0.3375
2 0.2015625 0.2515625 0.15000000000000005 0.2515625 0.15000000000000005 0.2921875 0.2015625 0.2921875
7 0.21093750000000008 0.4765625 0.15781250000000005 0.4765625 0.15781250000000005 0.5171875 0.21093750000000008 0.5171875
22 0.3468750000000001 0.7734375 0.2312500000000001 0.7734375 0.2312500000000001 0.8234375 0.3468750000000001 0.8234375
8 0.2140625000000001 0.521875 0.16093750000000004 0.521875 0.16093750000000007 0.5625 0.2140625000000001 0.5625
50 0.4671875000000001 0.6671875 0.4109375 0.6671875 0.41093750000000007 0.7328125 0.4671875000000002 0.7328125
47 0.459375 0.34062500000000007 0.4 0.34062500000000007 0.4 0.56875 0.459375 0.56875
17 0.19843750000000002 0.16875 0.1453125 0.16875 0.1453125 0.203125 0.19843750000000004 0.203125
0 0.2171875000000001 0.6125 0.16406250000000008 0.6125 0.16406250000000008 0.653125 0.2171875000000001 0.653125
55 0.3890625000000001 0.38906250000000003 0.3359375000000001 0.3890625 0.3359375000000001 0.4296875 0.3890625000000001 0.4296875
46 0.4062500000000001 0.7140625 0.3515625000000001 0.7140625 0.3515625000000001 0.778125 0.40625000000000017 0.778125
15 0.3921875000000001 0.4359375 0.3375000000000001 0.4359375 0.3375000000000001 0.4765625 0.3921875000000001 0.4765625
40 0.4015625 0.621875 0.3468750000000001 0.621875 0.3468750000000001 0.6625 0.4015625 0.6625
54 0.2796875000000001 0.6796875 0.2250000000000001 0.6796875 0.2250000000000001 0.7203125 0.2796875000000001 0.7203125