58 0.5062500000000002 0.771875 0.4500000000000002 0.771875 0.4500000000000002 0.815625 0.5062500000000002 0.815625
11 0.6875 0.30937500000000007 0.634375 0.30937500000000007 0.634375 0.3500000000000001 0.6875 0.3500000000000001
52 0.6281250000000002 0.84375 0.5734375000000002 0.84375 0.5734375000000002 0.909375 0.6281250000000002 0.909375
54 0.6296875 0.3281250000000001 0.575 0.3281250000000001 0.575 0.37187500000000007 0.6296875 0.37187500000000007
17 0.6843750000000002 0.8578125 0.6296875000000002 0.8578125 0.6296875000000002 0.903125 0.6843750000000002 0.903125
41 0.6250000000000002 0.7984375 0.5734375000000002 0.7984375 0.5734375000000002 0.8453125 0.6250000000000002 0.8453125
0 0.6890625 0.403125 0.634375 0.403125 0.634375 0.44375 0.6890625 0.44375
31 0.56875 0.40625 0.5140625 0.40625 0.5140625 0.45 0.56875 0.45
49 0.4437500000000002 0.8703125 0.3843750000000001 0.8703125 0.3843750000000001 0.9390625 0.4437500000000002 0.9390625
33 0.50625 0.478125 0.45 0.478125 0.45 0.5234375 0.50625 0.5234375
43 0.5671875000000002 0.74375 0.5125000000000002 0.74375 0.5125000000000002 0.7875 0.5671875000000002 0.7875
45 0.5687500000000002 0.8359375 0.5125000000000002 0.8359375 0.5125000000000002 0.9171875 0.5687500000000002 0.9171875
37 0.56875 0.3593750000000001 0.5140625 0.3593750000000001 0.5140625 0.403125 0.56875 0.403125
23 0.56875 0.65 0.515625 0.65 0.515625 0.69375 0.56875 0.69375
38 0.628125 0.3750000000000001 0.575 0.3750000000000001 0.575 0.41875 0.628125 0.41875
57 0.5062500000000001 0.721875 0.45 0.721875 0.45000000000000007 0.7671875 0.5062500000000002 0.7671875
53 0.628125 0.51875 0.575 0.51875 0.575 0.5625 0.628125 0.5625
40 0.50625 0.3781250000000001 0.45 0.3781250000000001 0.45 0.4234375 0.50625 0.4234375
6 0.684375 0.5890625 0.634375 0.5890625 0.634375 0.63125 0.684375 0.63125
22 0.628125 0.2015625000000001 0.515625 0.2015625000000001 0.515625 0.2765625000000001 0.628125 0.2765625000000001
8 0.6859375 0.496875 0.6328125 0.496875 0.6328125 0.5375 0.6859375 0.5375
28 0.5703125 0.5046875 0.5140625 0.5046875 0.5140625 0.5484375 0.5703125 0.5484375
34 0.50625 0.3296875000000001 0.45 0.3296875000000001 0.45 0.3750000000000001 0.50625 0.3750000000000001
12 0.56875 0.3109375000000001 0.5140625 0.3109375000000001 0.5140625 0.3546875000000001 0.56875 0.3546875000000001
39 0.628125 0.2828125000000001 0.575 0.2828125000000001 0.575 0.3234375000000001 0.628125 0.3234375000000001
15 0.50625 0.5765625 0.45 0.5765625 0.45 0.6234375 0.50625 0.6234375
56 0.6296875000000002 0.7546875 0.5750000000000002 0.7546875 0.5750000000000002 0.7984375 0.6296875000000002 0.7984375
44 0.5062500000000002 0.8640625 0.4500000000000002 0.8640625 0.4500000000000002 0.9265625 0.5062500000000002 0.9265625
10 0.5671875000000002 0.790625 0.5125000000000002 0.790625 0.5125000000000002 0.834375 0.5671875000000002 0.834375
14 0.4421875 0.4265625 0.3828125000000001 0.4265625 0.3828125000000001 0.4734375 0.4421875 0.4734375
29 0.56875 0.45625 0.5140625 0.45625 0.5140625 0.5 0.56875 0.5
9 0.6875 0.4484375 0.634375 0.4484375 0.634375 0.490625 0.6875 0.490625
50 0.44375 0.2890625000000001 0.384375 0.2890625000000001 0.384375 0.3734375000000001 0.44375 0.3734375000000001
26 0.56875 0.26250000000000007 0.515625 0.26250000000000007 0.515625 0.3062500000000001 0.56875 0.3062500000000001
25 0.56875 0.553125 0.515625 0.553125 0.515625 0.596875 0.56875 0.596875
59 0.628125 0.565625 0.575 0.565625 0.575 0.609375 0.628125 0.609375
32 0.5062500000000002 0.8171875 0.4500000000000002 0.8171875 0.4500000000000002 0.8625 0.5062500000000002 0.8625
2 0.6812500000000001 0.771875 0.6312500000000002 0.771875 0.6312500000000002 0.815625 0.6812500000000001 0.815625
27 0.628125 0.4703125 0.575 0.4703125 0.575 0.5140625 0.628125 0.5140625
30 0.7328125000000001 6.678152076600411e-17 0.3578125 4.3819393281991234e-17 0.35781250000000003 0.94375 0.7328125000000002 0.94375
24 0.56875 0.6015625 0.515625 0.6015625 0.515625 0.6453125 0.56875 0.6453125
36 0.628125 0.421875 0.575 0.421875 0.575 0.465625 0.628125 0.465625
20 0.6875 0.21093750000000008 0.6359375 0.21093750000000008 0.6359375 0.3046875000000001 0.6875 0.3046875000000001
19 0.5671875000000001 0.696875 0.5140625 0.696875 0.5140625000000001 0.740625 0.5671875000000002 0.740625
4 0.6859375 0.6796875 0.6328125 0.6796875 0.6328125 0.7234375 0.6859375 0.7234375
46 0.5078125 0.2468750000000001 0.4515625 0.2468750000000001 0.4515625 0.32500000000000007 0.5078125 0.32500000000000007
47 0.4421875 0.4765625 0.3828125000000001 0.4765625 0.3828125000000001 0.7234375 0.4421875 0.7234375
13 0.4421875000000002 0.7265625 0.3828125000000001 0.7265625 0.3828125000000001 0.7734375 0.4421875000000002 0.7734375
21 0.6296875000000001 0.7078125 0.5734375 0.7078125 0.5734375 0.7515625 0.6296875000000002 0.7515625
5 0.684375 0.6359375 0.634375 0.6359375 0.634375 0.678125 0.684375 0.678125
18 0.50625 0.428125 0.45 0.428125 0.45 0.4734375 0.50625 0.4734375
16 0.50625 0.675 0.45 0.675 0.45 0.7203125 0.50625 0.7203125
1 0.6828125000000002 0.815625 0.6312500000000002 0.815625 0.6312500000000002 0.8578125 0.6828125000000002 0.8578125
35 0.50625 0.5265625 0.45 0.5265625 0.45 0.5734375 0.50625 0.5734375
55 0.50625 0.625 0.45 0.625 0.45 0.6703125 0.50625 0.6703125
51 0.628125 0.6140625 0.575 0.6140625 0.575 0.65625 0.628125 0.65625
48 0.6875 0.35625000000000007 0.634375 0.35625000000000007 0.634375 0.3984375000000001 0.6875 0.3984375000000001
7 0.6875 0.5421875 0.634375 0.5421875 0.634375 0.584375 0.6875 0.584375
42 0.628125 0.6609375 0.575 0.6609375 0.575 0.7046875 0.628125 0.7046875
3 0.6843750000000002 0.7265625 0.6328125000000002 0.7265625 0.6328125000000002 0.76875 0.6843750000000002 0.76875