59 0.7125 0.403125 0.6734375 0.403125 0.6734375 0.440625 0.7125 0.440625
27 0.7140625 0.490625 0.675 0.490625 0.675 0.528125 0.7140625 0.528125
38 0.715625 0.578125 0.6765625 0.578125 0.6765625 0.615625 0.715625 0.615625
32 0.6203125 0.16406250000000008 0.5796875 0.16406250000000008 0.5796875 0.20468750000000008 0.6203125 0.20468750000000008
28 0.6703125 0.459375 0.6296875 0.459375 0.6296875 0.496875 0.6703125 0.496875
1 0.7484375 0.1687500000000001 0.7109375 0.1687500000000001 0.7109375 0.2062500000000001 0.7484375 0.2062500000000001
37 0.671875 0.5921875 0.63125 0.5921875 0.63125 0.6328125 0.671875 0.6328125
20 0.7593750000000001 0.6843750000000001 0.721875 0.684375 0.721875 0.7640625000000001 0.7593750000000001 0.7640625000000002
52 0.7078125 0.11875000000000009 0.6671875 0.11875000000000009 0.6671875 0.17968750000000008 0.7078125 0.17968750000000008
35 0.625 0.4359375 0.58125 0.4359375 0.58125 0.4765625 0.625 0.4765625
6 0.753125 0.3828125000000001 0.715625 0.3828125000000001 0.715625 0.4203125000000001 0.753125 0.4203125000000002
4 0.7515625 0.2968750000000001 0.7140625 0.2968750000000001 0.7140625 0.3343750000000001 0.7515625 0.3343750000000001
9 0.75625 0.5125000000000001 0.7171875 0.5125 0.7171875 0.55 0.75625 0.5500000000000002
34 0.6265625 0.6171875 0.5859375 0.6171875 0.5859375 0.6578125 0.6265625 0.6578125
25 0.66875 0.4140625 0.628125 0.4140625 0.628125 0.453125 0.66875 0.453125
43 0.665625 0.23593750000000008 0.625 0.23593750000000008 0.625 0.2750000000000001 0.665625 0.2750000000000001
39 0.7171875 0.665625 0.6765625 0.665625 0.6765625 0.703125 0.7171875 0.703125
58 0.61875 0.2093750000000001 0.5796875 0.2093750000000001 0.5796875 0.2500000000000001 0.61875 0.2500000000000001
31 0.6703125 0.5484375 0.6296875 0.5484375 0.6296875 0.5859375 0.6703125 0.5859375
24 0.66875 0.3703125000000001 0.628125 0.3703125000000001 0.628125 0.4078125 0.66875 0.4078125
3 0.753125 0.2531250000000001 0.7140625 0.2531250000000001 0.7140625 0.2906250000000001 0.753125 0.2906250000000001
16 0.621875 0.3000000000000001 0.58125 0.3000000000000001 0.58125 0.34062500000000007 0.621875 0.34062500000000007
33 0.6265625 0.4796875 0.5828125 0.4796875 0.5828125 0.5203125 0.6265625 0.5203125
0 0.75625 0.5546875000000001 0.71875 0.5546875 0.71875 0.5921875000000001 0.75625 0.5921875000000002
7 0.7546875 0.4250000000000001 0.7171875 0.425 0.7171875 0.4625000000000001 0.7546875 0.4625000000000002
56 0.709375 0.22812500000000008 0.66875 0.22812500000000008 0.66875 0.2656250000000001 0.709375 0.2656250000000001
54 0.7171875 0.621875 0.6765625 0.621875 0.6765625 0.659375 0.7171875 0.659375
36 0.7140625 0.534375 0.675 0.534375 0.675 0.571875 0.7140625 0.571875
41 0.7078125 0.1843750000000001 0.6671875 0.1843750000000001 0.6671875 0.2234375000000001 0.7078125 0.2234375000000001
45 0.6640625 0.1140625000000001 0.6234375 0.1140625000000001 0.6234375 0.18750000000000008 0.6640625 0.18750000000000008
50 0.58125 0.621875 0.540625 0.621875 0.540625 0.69375 0.58125 0.69375
5 0.753125 0.3390625000000001 0.715625 0.3390625000000001 0.715625 0.3765625000000001 0.753125 0.3765625000000001
2 0.75 0.21093750000000008 0.7125 0.21093750000000008 0.7125 0.2484375000000001 0.75 0.2484375000000001
47 0.578125 0.2953125000000001 0.534375 0.2953125000000001 0.534375 0.5234375 0.578125 0.5234375
53 0.7140625 0.446875 0.6734375 0.446875 0.6734375 0.484375 0.7140625 0.484375
12 0.6734375 0.6375 0.6328125 0.6375 0.6328125 0.6765625 0.6734375 0.6765625
30 0.803125 0.08750000000000008 0.509375 0.08750000000000006 0.5093750000000001 0.934375 0.803125 0.934375
21 0.7109375 0.2718750000000001 0.6703125 0.2718750000000001 0.6703125 0.30937500000000007 0.7109375 0.30937500000000007
19 0.665625 0.2812500000000001 0.6265625 0.2812500000000001 0.6265625 0.3187500000000001 0.665625 0.3187500000000001
48 0.7578125 0.5984375000000001 0.7203125 0.5984375 0.7203125 0.6359375 0.7578125 0.6359375000000002
26 0.675 0.68125 0.634375 0.68125 0.634375 0.721875 0.675 0.721875
14 0.58125 0.5265625 0.5375 0.5265625 0.5375 0.5671875 0.58125 0.5671875
18 0.6265625 0.5265625 0.5859375 0.5265625 0.5859375 0.565625 0.6265625 0.565625
17 0.7484375 0.12500000000000008 0.7109375 0.12500000000000008 0.7109375 0.1625000000000001 0.7484375 0.1625000000000001
23 0.6671875 0.3265625000000001 0.6265625 0.3265625000000001 0.6265625 0.36406250000000007 0.6671875 0.36406250000000007
55 0.621875 0.3453125000000001 0.58125 0.3453125000000001 0.58125 0.3859375000000001 0.621875 0.3859375000000001
51 0.7109375 0.3593750000000001 0.6734375 0.3593750000000001 0.6734375 0.3968750000000001 0.7109375 0.3968750000000001
29 0.6703125 0.503125 0.6296875 0.503125 0.6296875 0.54375 0.6703125 0.54375
46 0.628125 0.6609375 0.5875 0.6609375 0.5875000000000001 0.7328125 0.6281250000000002 0.7328125
11 0.7578125 0.6421875000000001 0.7203125 0.6421875 0.7203125 0.6796875000000001 0.7578125 0.6796875000000002
10 0.665625 0.1921875000000001 0.625 0.1921875000000001 0.625 0.2312500000000001 0.665625 0.2312500000000001
22 0.7187500000000001 0.709375 0.6328125 0.709375 0.6328125000000001 0.7734375 0.7187500000000002 0.7734375
49 0.575 0.09843750000000007 0.528125 0.09843750000000007 0.528125 0.15468750000000006 0.575 0.1546875000000001
42 0.7109375 0.3156250000000001 0.671875 0.3156250000000001 0.671875 0.3531250000000001 0.7109375 0.3531250000000001
15 0.6234375 0.3906250000000001 0.5828125 0.3906250000000001 0.5828125 0.43125 0.6234375 0.43125
13 0.5765625 0.2500000000000001 0.5328125 0.2500000000000001 0.5328125 0.2906250000000001 0.5765625 0.2906250000000001
8 0.75625 0.4687500000000001 0.7171875 0.46875 0.7171875 0.5062500000000001 0.75625 0.5062500000000002
57 0.621875 0.25468750000000007 0.58125 0.25468750000000007 0.58125 0.2953125000000001 0.621875 0.2953125000000001
44 0.621875 0.1062500000000001 0.5765625 0.1062500000000001 0.5765625 0.1593750000000001 0.621875 0.1593750000000001
40 0.625 0.571875 0.5859375 0.571875 0.5859375 0.6109375 0.625 0.6109375