45 0.47656250000000017 0.8765625 0.4203125000000002 0.8765625 0.4203125000000002 0.9578125 0.47656250000000017 0.9578125
14 0.615625 0.4703125 0.55625 0.4703125 0.55625 0.5140625 0.615625 0.5140625
21 0.41406250000000017 0.75 0.3546875000000001 0.75 0.3546875000000001 0.790625 0.41406250000000017 0.790625
48 0.3437500000000001 0.4 0.2843750000000001 0.4 0.2843750000000001 0.44375 0.3437500000000001 0.44375
13 0.6156250000000002 0.7546875 0.5562500000000001 0.7546875 0.5562500000000001 0.7984375 0.6156250000000002 0.7984375
58 0.5453125000000002 0.8078125 0.4859375000000002 0.8078125 0.4859375000000002 0.8484375 0.5453125000000002 0.8484375
56 0.41406250000000017 0.796875 0.3546875000000001 0.796875 0.3546875000000001 0.840625 0.41406250000000017 0.840625
11 0.34218750000000003 0.3546875 0.2859375 0.3546875 0.28593750000000007 0.39375 0.3421875000000001 0.39375
47 0.6140625000000001 0.521875 0.5515625 0.521875 0.5515625000000001 0.7546875 0.6140625000000002 0.7546875
44 0.5453125000000002 0.9015625 0.4859375000000002 0.9015625 0.4859375000000002 0.9609375 0.5453125000000002 0.9609375
3 0.34843750000000007 0.7734375 0.2890625000000001 0.7734375 0.2890625000000001 0.815625 0.34843750000000007 0.815625
23 0.4781250000000001 0.690625 0.41875 0.690625 0.41875000000000007 0.73125 0.4781250000000002 0.73125
43 0.47968750000000016 0.784375 0.4203125000000002 0.784375 0.4203125000000002 0.825 0.47968750000000016 0.825
26 0.475 0.3140625000000001 0.415625 0.3140625000000001 0.415625 0.3546875000000001 0.475 0.3546875000000001
53 0.4109375 0.5625 0.3515625000000001 0.5625 0.3515625000000001 0.60625 0.4109375 0.60625
16 0.5437500000000001 0.7109375 0.484375 0.7109375 0.4843750000000001 0.7546875 0.5437500000000002 0.7546875
8 0.3468750000000001 0.540625 0.2875000000000001 0.540625 0.2875000000000001 0.58125 0.3468750000000001 0.58125
49 0.6203125000000002 0.896875 0.5609375000000002 0.896875 0.5609375000000002 0.959375 0.6203125000000002 0.959375
7 0.3453125000000001 0.5859375 0.2890625000000001 0.5859375 0.2890625000000001 0.6296875 0.3453125000000001 0.6296875
17 0.34843750000000007 0.9125 0.2921875000000001 0.9125 0.2921875000000001 0.95625 0.34843750000000007 0.95625
41 0.41406250000000017 0.8421875 0.3578125000000001 0.8421875 0.3578125000000001 0.8859375 0.41406250000000017 0.8859375
27 0.4109375 0.5171875 0.3515625000000001 0.5171875 0.3515625000000001 0.5578125 0.4109375 0.5578125
4 0.3468750000000001 0.728125 0.2906250000000001 0.728125 0.2906250000000001 0.76875 0.3468750000000001 0.76875
33 0.54375 0.521875 0.484375 0.521875 0.484375 0.565625 0.54375 0.565625
19 0.4781250000000002 0.7375 0.4187500000000002 0.7375 0.4187500000000002 0.778125 0.4781250000000002 0.778125
37 0.475 0.40625 0.415625 0.40625 0.415625 0.45 0.475 0.45
38 0.409375 0.4234375 0.3500000000000001 0.4234375 0.3500000000000001 0.4640625 0.409375 0.4640625
39 0.409375 0.32656250000000003 0.35 0.3265625 0.35000000000000003 0.37031250000000004 0.409375 0.3703125000000001
25 0.4765625 0.5953125 0.4171875 0.5953125 0.4171875 0.6359375 0.4765625 0.6359375
32 0.5468750000000002 0.853125 0.48750000000000016 0.853125 0.48750000000000016 0.896875 0.5468750000000002 0.896875
46 0.540625 0.3000000000000001 0.48125 0.3000000000000001 0.48125 0.3750000000000001 0.540625 0.3750000000000001
42 0.41093750000000007 0.7046875 0.3546875000000001 0.7046875 0.3546875000000001 0.7453125 0.4109375000000002 0.7453125
40 0.540625 0.428125 0.484375 0.428125 0.484375 0.471875 0.540625 0.471875
22 0.475 0.25312500000000004 0.3453125 0.253125 0.3453125 0.32343750000000004 0.475 0.3234375000000001
34 0.540625 0.3812500000000001 0.48125 0.3812500000000001 0.48125 0.425 0.540625 0.425
9 0.3453125000000001 0.49375 0.28593750000000007 0.49375 0.28593750000000007 0.534375 0.3453125000000001 0.534375
12 0.475 0.3593750000000001 0.415625 0.3593750000000001 0.415625 0.403125 0.475 0.403125
54 0.409375 0.3765625 0.3500000000000001 0.3765625 0.3500000000000001 0.4171875 0.409375 0.4171875
31 0.475 0.4546875 0.41875 0.4546875 0.41875 0.4953125 0.475 0.4953125
20 0.340625 0.2546875 0.28125 0.2546875 0.28125 0.3484375 0.340625 0.3484375
18 0.54375 0.475 0.484375 0.475 0.484375 0.51875 0.54375 0.51875
59 0.4109375 0.6109375 0.3515625000000001 0.6109375 0.3515625000000001 0.6515625 0.4109375 0.6515625
50 0.615625 0.34062500000000007 0.55625 0.34062500000000007 0.55625 0.41875 0.615625 0.41875
28 0.4765625 0.5484375 0.4171875 0.5484375 0.4171875 0.5890625 0.4765625 0.5890625
10 0.47968750000000016 0.8296875 0.4203125000000002 0.8296875 0.4203125000000002 0.8734375 0.47968750000000016 0.8734375
36 0.4109375 0.46875 0.3515625000000001 0.46875 0.3515625000000001 0.5125 0.4109375 0.5125
2 0.3500000000000001 0.8203125 0.2906250000000001 0.8203125 0.2906250000000001 0.8625 0.3500000000000001 0.8625
5 0.3468750000000001 0.6796875 0.2906250000000001 0.6796875 0.2906250000000001 0.7234375 0.3468750000000001 0.7234375
51 0.409375 0.6578125 0.3531250000000001 0.6578125 0.3531250000000001 0.6984375 0.409375 0.6984375
6 0.3453125000000001 0.634375 0.2890625000000001 0.634375 0.2890625000000001 0.675 0.3453125000000001 0.675
24 0.4765625 0.6421875 0.4171875 0.6421875 0.4171875 0.6859375 0.4765625 0.6859375
57 0.5437500000000002 0.7578125 0.48437500000000017 0.7578125 0.48437500000000017 0.8015625 0.5437500000000002 0.8015625
52 0.41406250000000017 0.8921875 0.3546875000000001 0.8921875 0.3546875000000001 0.95625 0.41406250000000017 0.95625
15 0.5421875 0.615625 0.4828125 0.615625 0.4828125 0.659375 0.5421875 0.659375
1 0.34843750000000007 0.865625 0.2921875000000001 0.865625 0.2921875000000001 0.909375 0.34843750000000007 0.909375
35 0.54375 0.5703125 0.484375 0.5703125 0.484375 0.6109375 0.54375 0.6109375
29 0.4765625 0.5015625 0.4171875 0.5015625 0.4171875 0.5421875 0.4765625 0.5421875
0 0.3437500000000001 0.4484375 0.2875000000000001 0.4484375 0.2875000000000001 0.4890625 0.3437500000000001 0.4890625
55 0.54375 0.665625 0.484375 0.665625 0.484375 0.70625 0.54375 0.70625
30 0.6359375 0.04531250000000005 0.225 0.04531250000000002 0.22500000000000003 0.9765625 0.6359375000000002 0.9765625