46 0.4593750000000002 0.7375 0.3750000000000001 0.7375 0.3750000000000001 0.853125 0.4593750000000002 0.853125
32 0.453125 0.17968750000000006 0.36875 0.17968750000000006 0.36875 0.22656250000000008 0.453125 0.22656250000000008
29 0.3609375000000001 0.559375 0.2796875000000001 0.559375 0.2796875000000001 0.603125 0.3609375000000001 0.603125
31 0.3609375000000001 0.6109375 0.2796875000000001 0.6109375 0.2796875000000001 0.6546875 0.3609375000000001 0.6546875
36 0.2718750000000001 0.59375 0.1906250000000001 0.59375 0.1906250000000001 0.6375 0.2718750000000001 0.6375
59 0.2718750000000001 0.4421875 0.19062500000000004 0.4421875 0.19062500000000004 0.4859375 0.2718750000000001 0.4859375
27 0.2687500000000001 0.54375 0.19062500000000004 0.54375 0.19062500000000007 0.5875 0.2687500000000001 0.5875
38 0.2718750000000001 0.64375 0.1906250000000001 0.64375 0.1906250000000001 0.6875 0.2718750000000001 0.6875
45 0.3703125 0.12343750000000005 0.2890625 0.12343750000000005 0.2890625 0.20312500000000006 0.3703125 0.20312500000000008
18 0.453125 0.584375 0.3687500000000001 0.584375 0.3687500000000001 0.628125 0.453125 0.628125
42 0.27187500000000003 0.340625 0.19062500000000004 0.340625 0.19062500000000004 0.384375 0.2718750000000001 0.384375
37 0.3609375000000001 0.6609375 0.2796875000000001 0.6609375 0.2796875000000001 0.7046875 0.3609375000000001 0.7046875
54 0.2718750000000001 0.69375 0.1906250000000001 0.69375 0.1906250000000001 0.7375 0.2718750000000001 0.7375
53 0.2718750000000001 0.4921875 0.19062500000000004 0.4921875 0.19062500000000004 0.5359375 0.2718750000000001 0.5359375
26 0.3609375000000001 0.7625 0.2796875000000001 0.7625 0.2796875000000001 0.8046875 0.3609375000000001 0.8046875
14 0.5421875 0.5859375 0.4578125 0.5859375 0.4578125 0.6296875 0.5421875 0.6296875
35 0.453125 0.484375 0.3687500000000001 0.484375 0.3687500000000001 0.528125 0.453125 0.528125
30 0.5750000000000001 0.10000000000000005 0.021875000000000012 0.1 0.021875000000000058 0.8703125 0.5750000000000002 0.8703125
41 0.271875 0.18906250000000005 0.19062500000000004 0.18906250000000005 0.19062500000000004 0.2328125 0.271875 0.2328125
24 0.3609375000000001 0.4078125 0.2796875000000001 0.4078125 0.2796875000000001 0.4515625 0.3609375000000001 0.4515625
34 0.45000000000000007 0.684375 0.3687500000000001 0.684375 0.3687500000000001 0.728125 0.4500000000000002 0.728125
8 0.18281250000000007 0.5171875 0.10156250000000004 0.5171875 0.10156250000000007 0.5609375 0.1828125000000001 0.5609375
4 0.18281250000000004 0.315625 0.10156250000000004 0.315625 0.10156250000000004 0.359375 0.18281250000000004 0.359375
10 0.3609375 0.20625 0.2796875 0.20625 0.2796875 0.25 0.3609375 0.25
6 0.18281250000000004 0.4171875 0.10156250000000004 0.4171875 0.10156250000000004 0.4609375 0.18281250000000004 0.4609375
43 0.3640625 0.25625000000000003 0.2796875 0.25625 0.2796875 0.30000000000000004 0.3640625 0.3000000000000001
0 0.1828125000000001 0.61875 0.10156250000000008 0.61875 0.10156250000000008 0.6640625 0.1828125000000001 0.6640625
39 0.2718750000000001 0.74375 0.1906250000000001 0.74375 0.1906250000000001 0.7875 0.2718750000000001 0.7875
1 0.18281250000000002 0.16406250000000003 0.1015625 0.1640625 0.10156250000000003 0.2078125 0.18281250000000004 0.2078125
17 0.1828125 0.12031250000000002 0.1015625 0.1203125 0.1015625 0.15781250000000002 0.1828125 0.15781250000000005
22 0.3625000000000001 0.79375 0.18750000000000008 0.79375 0.18750000000000008 0.85 0.3625000000000001 0.85
12 0.3609375000000001 0.7109375 0.2796875000000001 0.7109375 0.2796875000000001 0.7546875 0.3609375000000001 0.7546875
40 0.45 0.6359375 0.3687500000000001 0.6359375 0.3687500000000001 0.6796875 0.45 0.6796875
19 0.3609375 0.3078125 0.2796875 0.3078125 0.2796875 0.3515625 0.3609375 0.3515625
20 0.17968750000000008 0.771875 0.10156250000000008 0.771875 0.10156250000000008 0.85 0.17968750000000008 0.85
56 0.271875 0.240625 0.19062500000000004 0.240625 0.19062500000000004 0.284375 0.271875 0.284375
25 0.3609375000000001 0.4578125 0.2796875000000001 0.4578125 0.2796875000000001 0.5015625 0.3609375000000001 0.5015625
9 0.1828125000000001 0.5671875 0.10156250000000008 0.5671875 0.10156250000000008 0.6125 0.1828125000000001 0.6125
21 0.271875 0.290625 0.19062500000000004 0.290625 0.19062500000000004 0.334375 0.271875 0.334375
16 0.453125 0.33281250000000007 0.36875 0.33281250000000007 0.36875 0.3765625000000001 0.453125 0.3765625000000001
55 0.45 0.3828125000000001 0.3687500000000001 0.3828125000000001 0.3687500000000001 0.4265625 0.45 0.4265625
3 0.18281250000000004 0.2640625 0.10156250000000004 0.2640625 0.10156250000000004 0.3078125 0.18281250000000004 0.3078125
33 0.453125 0.534375 0.3687500000000001 0.534375 0.3687500000000001 0.578125 0.453125 0.578125
57 0.453125 0.2828125000000001 0.36875 0.2828125000000001 0.36875 0.3265625000000001 0.453125 0.3265625000000001
58 0.453125 0.2312500000000001 0.36875 0.2312500000000001 0.36875 0.2750000000000001 0.453125 0.2750000000000001
15 0.453125 0.434375 0.3687500000000001 0.434375 0.3687500000000001 0.478125 0.453125 0.478125
11 0.17968750000000008 0.71875 0.10156250000000008 0.71875 0.10156250000000008 0.7625 0.17968750000000008 0.7625
2 0.18281250000000004 0.2125 0.10156250000000004 0.2125 0.10156250000000004 0.259375 0.18281250000000004 0.259375
47 0.5453125 0.33281250000000007 0.459375 0.33281250000000007 0.459375 0.5765625 0.5453125 0.5765625
48 0.1828125000000001 0.66875 0.10156250000000008 0.66875 0.10156250000000008 0.7125 0.1828125000000001 0.7125
49 0.5421875 0.11875000000000005 0.4578125 0.11875000000000005 0.4578125 0.17500000000000004 0.5421875 0.17500000000000004
23 0.3609375 0.3578125 0.2796875 0.3578125 0.27968750000000003 0.4015625 0.3609375000000001 0.4015625
28 0.3609375000000001 0.5109375 0.2796875000000001 0.5109375 0.2796875000000001 0.5515625 0.3609375000000001 0.5515625
52 0.271875 0.11875000000000005 0.190625 0.11875000000000005 0.19062500000000002 0.18281250000000004 0.271875 0.18281250000000004
13 0.5421875 0.2812500000000001 0.4578125 0.2812500000000001 0.4578125 0.32500000000000007 0.5421875 0.32500000000000007
51 0.2718750000000001 0.3921875 0.19062500000000004 0.3921875 0.19062500000000004 0.4359375 0.2718750000000001 0.4359375
7 0.18281250000000004 0.4671875 0.10156250000000004 0.4671875 0.10156250000000004 0.5109375 0.18281250000000004 0.5109375
50 0.5484375 0.6375 0.4640625 0.6375 0.4640625 0.7015625 0.5484375 0.7015625
5 0.18281250000000004 0.3671875 0.10156250000000004 0.3671875 0.10156250000000004 0.4109375 0.18281250000000004 0.4109375
44 0.459375 0.12343750000000005 0.375 0.12343750000000005 0.375 0.17812500000000003 0.459375 0.17812500000000003