46 0.528125 0.571875 0.3609375000000001 0.571875 0.3609375000000001 0.6953125 0.528125 0.6953125
9 0.15937500000000004 0.2453125 0.06875000000000002 0.2453125 0.06875000000000003 0.34375 0.15937500000000004 0.34375
14 0.1546875000000001 0.70625 0.05156250000000009 0.70625 0.0515625000000001 0.840625 0.1546875000000001 0.840625
50 0.4406250000000001 0.7015625 0.2578125000000001 0.7015625 0.2578125000000001 0.8328125 0.44062500000000016 0.8328125
27 0.10625000000000004 0.3484375 0.012500000000000044 0.3484375 0.01250000000000005 0.45625 0.10625000000000004 0.45625
12 0.40625 0.4578125 0.3140625000000001 0.4578125 0.3140625000000001 0.5703125 0.40625 0.5703125
22 0.6109375 0.3375000000000001 0.475 0.3375000000000001 0.475 0.5640625 0.6109375 0.5640625
40 0.2609375000000001 0.578125 0.1625000000000001 0.578125 0.1625000000000001 0.6984375 0.2609375000000001 0.6984375
11 0.4234375 0.23750000000000004 0.340625 0.2375 0.340625 0.33593750000000006 0.4234375 0.3359375000000001
37 0.3125000000000001 0.459375 0.21875000000000008 0.459375 0.21875000000000008 0.571875 0.3125000000000001 0.571875
8 0.07031250000000003 0.2453125 0.0031250000000000305 0.2453125 0.003125000000000036 0.34375 0.07031250000000004 0.34375
20 0.6 0.2375000000000001 0.4296875 0.2375000000000001 0.4296875 0.3359375000000001 0.6 0.3359375000000001
38 0.28906250000000006 0.346875 0.19687500000000005 0.346875 0.19687500000000005 0.4515625 0.2890625000000001 0.4515625
36 0.19687500000000005 0.3484375 0.10468750000000004 0.3484375 0.10468750000000004 0.453125 0.19687500000000005 0.453125
34 0.3578125000000001 0.5765625 0.2640625000000001 0.5765625 0.2640625000000001 0.696875 0.3578125000000001 0.696875
39 0.4703125 0.3437500000000001 0.384375 0.3437500000000001 0.384375 0.446875 0.4703125 0.446875
54 0.38125000000000003 0.34375000000000006 0.290625 0.34375 0.290625 0.45 0.3812500000000001 0.45
33 0.06250000000000008 0.5796875 0.003125000000000071 0.5796875 0.0031250000000000782 0.703125 0.06250000000000008 0.703125
31 0.2156250000000001 0.4609375 0.12187500000000004 0.4609375 0.12187500000000007 0.575 0.2156250000000001 0.575
30 0.7625000000000001 0.15312500000000004 0.00468750000000002 0.153125 0.004687500000000063 0.86875 0.7625000000000002 0.86875
18 0.16406250000000008 0.5796875 0.06406250000000006 0.5796875 0.06406250000000008 0.7 0.16406250000000008 0.7
29 0.12187500000000007 0.4609375 0.025000000000000057 0.4609375 0.02500000000000006 0.575 0.1218750000000001 0.575
48 0.3359375 0.2421875 0.2515625 0.2421875 0.2515625 0.340625 0.3359375 0.340625
26 0.5 0.453125 0.4078125 0.453125 0.4078125 0.5671875 0.5 0.5671875
0 0.25 0.240625 0.16093750000000004 0.240625 0.16093750000000004 0.340625 0.25 0.340625