44 0.6578125 0.3125000000000001 0.5140625 0.3125000000000001 0.5140625 0.428125 0.6578125 0.428125
27 0.15781250000000008 0.7125 0.08906250000000009 0.7125 0.08906250000000009 0.78125 0.15781250000000008 0.78125
49 0.765625 0.3375000000000001 0.5890625 0.3375000000000001 0.5890625 0.4750000000000001 0.765625 0.4750000000000002
4 0.2406250000000001 0.46875 0.16250000000000003 0.46875 0.16250000000000003 0.540625 0.2406250000000001 0.540625
57 0.4921875 0.51875 0.3890625000000001 0.51875 0.3890625000000001 0.603125 0.4921875 0.603125
2 0.31250000000000006 0.3609375 0.228125 0.3609375 0.22812500000000005 0.4375 0.3125000000000001 0.4375
18 0.2562500000000001 0.81875 0.18125000000000008 0.81875 0.18125000000000008 0.890625 0.2562500000000001 0.890625
43 0.428125 0.4609375 0.3343750000000001 0.4609375 0.3343750000000001 0.5359375 0.428125 0.5359375
55 0.40625 0.628125 0.3125000000000001 0.628125 0.3125000000000001 0.7078125 0.40625 0.7078125
56 0.36406250000000007 0.415625 0.27812500000000007 0.415625 0.27812500000000007 0.4875 0.36406250000000007 0.4875
37 0.1515625000000001 0.846875 0.08281250000000011 0.846875 0.08281250000000011 0.9125 0.15156250000000013 0.9125
26 0.0953125000000001 0.921875 0.03281250000000011 0.921875 0.03281250000000012 0.9859375 0.0953125000000001 0.9859375
7 0.1468750000000001 0.6171875 0.07031250000000007 0.6171875 0.07031250000000008 0.684375 0.1468750000000001 0.684375
31 0.17968750000000008 0.8046875 0.10781250000000009 0.8046875 0.10781250000000009 0.8703125 0.17968750000000008 0.8703125
5 0.2093750000000001 0.51875 0.13437500000000005 0.51875 0.13437500000000008 0.590625 0.2093750000000001 0.590625
30 0.7828125000000001 0.20937500000000003 2.5641042357147705e-17 0.209375 7.405286113594152e-17 1 0.7828125000000001 1
42 0.2921875000000001 0.521875 0.2093750000000001 0.521875 0.2093750000000001 0.596875 0.2921875000000001 0.596875
24 0.3156250000000001 0.61875 0.2312500000000001 0.61875 0.2312500000000001 0.69375 0.3156250000000001 0.69375
15 0.3687500000000001 0.678125 0.27812500000000007 0.678125 0.27812500000000007 0.7578125 0.3687500000000001 0.7578125
11 0.010937500000000103 0.825 1.0103336092965664e-16 0.825 1.0486038217699212e-16 0.8875 0.010937500000000109 0.8875
51 0.2562500000000001 0.571875 0.1781250000000001 0.571875 0.1781250000000001 0.6453125 0.2562500000000001 0.6453125
0 0.06093750000000009 0.746875 9.146580781131795e-17 0.746875 9.538850458983681e-17 0.8109375 0.06093750000000009 0.8109375
12 0.12031250000000011 0.8859375 0.05625000000000011 0.8859375 0.05625000000000011 0.9515625 0.12031250000000013 0.9515625
21 0.3296875000000001 0.4671875 0.24218750000000008 0.4671875 0.24218750000000008 0.5484375 0.3296875000000001 0.5484375
6 0.1765625000000001 0.5671875 0.10156250000000008 0.5671875 0.10156250000000008 0.640625 0.1765625000000001 0.640625
46 0.16718750000000013 0.940625 0.08437500000000012 0.940625 0.08437500000000012 1 0.16718750000000013 1
25 0.2796875000000001 0.66875 0.19687500000000008 0.66875 0.19687500000000008 0.74375 0.2796875000000001 0.74375
23 0.3515625000000001 0.56875 0.2609375000000001 0.56875 0.2609375000000001 0.6453125 0.3515625000000001 0.6453125
17 0.4 0.23125000000000004 0.29375 0.23125 0.29375 0.32500000000000007 0.4 0.32500000000000007
29 0.21093750000000008 0.7609375 0.1359375000000001 0.7609375 0.1359375000000001 0.83125 0.21093750000000008 0.83125
48 0.0343750000000001 0.7875 9.644093543285407e-17 0.7875 1.0036363221137293e-16 0.8515625 0.0343750000000001 0.8515625
38 0.10312500000000009 0.7984375 0.0375000000000001 0.7984375 0.0375000000000001 0.8640625 0.10312500000000009 0.8640625
16 0.4484375 0.575 0.3500000000000001 0.575 0.3500000000000001 0.6578125 0.4484375 0.6578125
59 0.2234375000000001 0.621875 0.14843750000000008 0.621875 0.14843750000000008 0.69375 0.2234375000000001 0.69375
34 0.1953125000000001 0.903125 0.12500000000000008 0.903125 0.1250000000000001 0.971875 0.19531250000000014 0.971875
1 0.34843750000000007 0.3046875 0.2609375 0.3046875 0.26093750000000004 0.3796875 0.34843750000000007 0.3796875
3 0.2750000000000001 0.415625 0.19375000000000003 0.415625 0.19375000000000003 0.490625 0.2750000000000001 0.490625
10 0.471875 0.4046875 0.3734375000000001 0.4046875 0.3734375000000001 0.4796875 0.471875 0.4796875
39 0.050000000000000114 0.875 1.0715659492539341e-16 0.875 1.1098361617272889e-16 0.9375 0.050000000000000114 0.9375
9 0.08906250000000009 0.7046875 0.01875000000000009 0.7046875 0.018750000000000093 0.7703125 0.08906250000000009 0.7703125
54 0.07500000000000011 0.8390625 0.012500000000000105 0.8390625 0.012500000000000108 0.903125 0.07500000000000011 0.903125
19 0.3906250000000001 0.5171875 0.3000000000000001 0.5171875 0.3000000000000001 0.5921875 0.3906250000000001 0.5921875
8 0.11718750000000008 0.6640625 0.04375000000000008 0.6640625 0.04375000000000008 0.728125 0.11718750000000008 0.728125
53 0.1906250000000001 0.66875 0.11875000000000009 0.66875 0.11875000000000009 0.7375 0.1906250000000001 0.7375
58 0.5359375 0.4609375 0.4296875 0.4609375 0.4296875 0.5484375 0.5359375 0.5484375
28 0.2468750000000001 0.715625 0.16562500000000008 0.715625 0.16562500000000008 0.7875 0.2468750000000001 0.7875
22 0.08437500000000012 0.9125 1.1174902042219599e-16 0.9125 1.1710685016846565e-16 1 0.08437500000000013 1
45 0.5703125 0.2843750000000001 0.409375 0.2843750000000001 0.409375 0.425 0.5703125 0.425
35 0.3296875000000001 0.728125 0.24375000000000008 0.728125 0.24375000000000008 0.8046875 0.3296875000000001 0.8046875
40 0.2234375000000001 0.8625 0.1531250000000001 0.8625 0.15312500000000012 0.93125 0.2234375000000001 0.93125
36 0.13281250000000008 0.75625 0.06406250000000009 0.75625 0.0640625000000001 0.825 0.13281250000000008 0.825
33 0.29375000000000007 0.7734375 0.21093750000000008 0.7734375 0.21093750000000008 0.8484375 0.29375000000000007 0.8484375
47 0.5312500000000001 0.621875 0.2593750000000001 0.621875 0.2593750000000001 0.903125 0.5312500000000002 0.903125
13 0.5734375 0.5609375 0.45625 0.5609375 0.45625 0.6484375 0.5734375 0.6484375
41 0.409375 0.35468750000000004 0.3109375 0.3546875 0.31093750000000003 0.4390625 0.409375 0.4390625
32 0.5828125 0.403125 0.4703125 0.403125 0.4703125 0.4890625 0.5828125 0.4890625
50 0.2500000000000001 0.9546875 0.16562500000000013 0.9546875 0.16562500000000013 1 0.2500000000000001 1
14 0.31718750000000007 0.871875 0.2328125000000001 0.871875 0.2328125000000001 0.9453125 0.31718750000000007 0.9453125
52 0.48125 0.25625000000000003 0.35 0.25625 0.35000000000000003 0.37812500000000004 0.48125 0.3781250000000001