42 0.20781250000000004 0.315625 0.16718750000000004 0.315625 0.16718750000000004 0.453125 0.2078125000000001 0.453125
34 0.5125000000000001 0.615625 0.4703125 0.615625 0.4703125000000001 0.746875 0.5125000000000002 0.746875
0 0.45625 0.16875000000000004 0.415625 0.16875000000000004 0.415625 0.3062500000000001 0.45625 0.3062500000000001
59 0.2984375 0.315625 0.2578125 0.315625 0.25781250000000006 0.453125 0.2984375000000001 0.453125
6 0.2765625 0.16875000000000004 0.2359375 0.16875000000000004 0.2359375 0.303125 0.2765625 0.303125
12 0.5359375 0.4625 0.4953125 0.4625 0.4953125 0.603125 0.5359375 0.603125
43 0.12968750000000007 0.465625 0.08906250000000007 0.465625 0.08906250000000007 0.6 0.1296875000000001 0.6
47 0.42187500000000017 0.7625 0.15625000000000008 0.7625 0.1562500000000001 0.925 0.42187500000000017 0.925
4 0.18593750000000003 0.16875 0.1453125 0.16875 0.1453125 0.303125 0.18593750000000003 0.303125
19 0.17500000000000007 0.465625 0.13437500000000005 0.465625 0.13437500000000008 0.603125 0.1750000000000001 0.603125
35 0.33281250000000007 0.6125 0.2906250000000001 0.6125 0.2906250000000001 0.75 0.33281250000000007 0.75
9 0.4125 0.17187500000000006 0.3703125 0.17187500000000006 0.3703125 0.3031250000000001 0.4125 0.3031250000000001
48 0.5015625 0.16875000000000004 0.4609375 0.16875000000000004 0.4609375 0.3031250000000001 0.5015625 0.3031250000000001
16 0.19687500000000008 0.615625 0.15625000000000008 0.615625 0.15625000000000008 0.75 0.19687500000000008 0.75
1 0.05000000000000003 0.16875 0.009375000000000019 0.16875 0.009375000000000027 0.303125 0.050000000000000044 0.303125
53 0.34375000000000006 0.315625 0.303125 0.315625 0.30312500000000003 0.453125 0.3437500000000001 0.453125
46 0.6140625000000001 0.6125 0.5171875 0.6125 0.5171875000000001 0.75 0.6140625000000002 0.75
30 0.9921875 6.075396230145073e-17 0 0 6.065828677026735e-17 0.990625 0.9921875 0.990625
25 0.30937500000000007 0.4625 0.2687500000000001 0.4625 0.2687500000000001 0.6 0.30937500000000007 0.6
27 0.38906250000000003 0.31562500000000004 0.3484375 0.315625 0.34843750000000007 0.45 0.3890625000000001 0.45
36 0.434375 0.3281250000000001 0.39375 0.3281250000000001 0.39375000000000004 0.465625 0.434375 0.465625
44 0.026562500000000083 0.61875 7.577502069724248e-17 0.61875 8.419446744138054e-17 0.75625 0.02656250000000009 0.75625
37 0.490625 0.465625 0.45 0.465625 0.45 0.6 0.490625 0.6
41 0.07343750000000004 0.315625 0.031250000000000035 0.315625 0.03125000000000004 0.453125 0.07343750000000004 0.453125
50 0.6156250000000002 0.759375 0.5500000000000002 0.759375 0.5500000000000002 0.91875 0.6156250000000002 0.91875
3 0.14062500000000003 0.16875 0.09843750000000002 0.16875 0.09843750000000004 0.303125 0.14062500000000006 0.303125
31 0.446875 0.475 0.40625 0.475 0.40625 0.615625 0.446875 0.615625
58 0.1062500000000001 0.6125 0.06562500000000007 0.6125 0.06562500000000007 0.746875 0.1062500000000001 0.746875
57 0.1515625000000001 0.615625 0.11093750000000009 0.615625 0.11093750000000009 0.75 0.1515625000000001 0.75
13 0.15312500000000012 0.759375 0.08750000000000009 0.759375 0.0875000000000001 0.91875 0.15312500000000012 0.91875
29 0.4 0.4625 0.3593750000000001 0.4625 0.3593750000000001 0.603125 0.4 0.603125
33 0.3765625000000001 0.6125 0.3359375000000001 0.6125 0.3359375000000001 0.753125 0.3765625000000001 0.753125
21 0.16406250000000006 0.315625 0.12343750000000005 0.315625 0.12343750000000005 0.453125 0.16406250000000006 0.453125
18 0.4250000000000001 0.625 0.3843750000000001 0.625 0.3843750000000001 0.7625 0.42500000000000016 0.7625
15 0.2875000000000001 0.6125 0.2453125000000001 0.6125 0.2453125000000001 0.75 0.2875000000000001 0.75
23 0.21875000000000008 0.465625 0.17812500000000003 0.465625 0.17812500000000006 0.6 0.21875000000000008 0.6
28 0.3531250000000001 0.4625 0.3140625000000001 0.4625 0.3140625000000001 0.6 0.3531250000000001 0.6
56 0.11718750000000004 0.315625 0.07656250000000005 0.315625 0.07656250000000005 0.453125 0.11718750000000004 0.453125
40 0.4671875000000001 0.6125 0.4265625 0.6125 0.42656250000000007 0.746875 0.4671875000000002 0.746875
5 0.23125 0.16875000000000004 0.190625 0.16875000000000004 0.19062500000000002 0.303125 0.23125 0.303125
38 0.478125 0.3156250000000001 0.4375 0.3156250000000001 0.4375 0.453125 0.478125 0.453125
10 0.08437500000000006 0.465625 0.04375000000000005 0.465625 0.04375000000000007 0.6 0.08437500000000006 0.6
45 0.042187500000000065 0.471875 5.778802083476573e-17 0.471875 6.620746757890379e-17 0.609375 0.04218750000000008 0.609375
17 0.020312500000000032 0.171875 2.1048616860345134e-17 0.171875 2.9085361479749636e-17 0.303125 0.02031250000000004 0.303125
52 0.03125000000000004 0.315625 3.865291459808834e-17 0.315625 4.7072361342226394e-17 0.453125 0.031250000000000056 0.453125
22 0.615625 0.3156250000000001 0.5625 0.3156250000000001 0.5625 0.603125 0.615625 0.603125
32 0.06250000000000008 0.6125 0.01875000000000008 0.6125 0.018750000000000086 0.75 0.06250000000000008 0.75
7 0.321875 0.17187500000000006 0.28125 0.17187500000000006 0.28125 0.30625 0.321875 0.30625
49 0.0328125000000001 0.759375 9.299661631025214e-17 0.759375 1.0294687155332439e-16 0.921875 0.03281250000000011 0.921875
51 0.25312500000000004 0.315625 0.2125 0.315625 0.21250000000000005 0.45 0.2531250000000001 0.45
39 0.55625 0.3156250000000001 0.528125 0.3156250000000001 0.528125 0.453125 0.55625 0.453125
55 0.24218750000000008 0.6125 0.2015625000000001 0.6125 0.2015625000000001 0.75 0.24218750000000008 0.75
54 0.5234375 0.3156250000000001 0.4828125 0.3156250000000001 0.4828125 0.453125 0.5234375 0.453125
14 0.4906250000000002 0.759375 0.4265625000000002 0.759375 0.4265625000000002 0.91875 0.4906250000000002 0.91875
8 0.3671875 0.17187500000000006 0.325 0.17187500000000006 0.325 0.30625 0.3671875 0.3062500000000001
26 0.56875 0.4625 0.5390625 0.4625 0.5390625 0.6 0.56875 0.6
24 0.2640625000000001 0.465625 0.2234375000000001 0.465625 0.2234375000000001 0.6 0.2640625000000001 0.6
11 0.546875 0.16875000000000007 0.50625 0.16875000000000004 0.50625 0.3031250000000001 0.546875 0.3031250000000001
2 0.09531250000000004 0.16875 0.05468750000000002 0.16875 0.054687500000000035 0.303125 0.09531250000000005 0.303125
20 0.6140625 0.1687500000000001 0.55 0.1687500000000001 0.55 0.3031250000000001 0.6140625 0.3031250000000001