19 0.4921875 0.19375000000000003 0.3796875 0.19375000000000003 0.3796875 0.23437500000000008 0.4921875 0.23437500000000008
21 0.6140625 0.18125000000000008 0.5015625 0.18125000000000005 0.5015625 0.2234375000000001 0.6140625 0.2234375000000001
59 0.6140625 0.3203125000000001 0.5015625 0.3203125000000001 0.5015625 0.3609375000000001 0.6140625 0.3609375000000001
32 0.36875 0.07812500000000003 0.25625 0.07812500000000003 0.25625 0.12031250000000004 0.36875 0.12031250000000004
34 0.3671875000000001 0.5375 0.2593750000000001 0.5375 0.2593750000000001 0.5796875 0.3671875000000001 0.5796875
17 0.7359375 0.021875000000000082 0.6265625 0.02187500000000008 0.6265625 0.06250000000000008 0.7359375 0.06250000000000008
24 0.4921875 0.2843750000000001 0.3796875 0.2843750000000001 0.3796875 0.32500000000000007 0.4921875 0.32500000000000007
37 0.490625 0.515625 0.3781250000000001 0.515625 0.3781250000000001 0.55625 0.490625 0.55625
11 0.7296875 0.5750000000000001 0.6203125 0.575 0.6203125 0.6156250000000001 0.7296875 0.6156250000000002
41 0.6140625 0.08906250000000007 0.5015625 0.08906250000000007 0.5015625 0.13281250000000006 0.6140625 0.13281250000000008
0 0.7375 0.4796875000000001 0.625 0.4796875 0.625 0.5218750000000001 0.7375 0.5218750000000002
25 0.4921875 0.3312500000000001 0.3796875 0.3312500000000001 0.37968750000000007 0.37187500000000007 0.4921875 0.37187500000000007
55 0.36875 0.26250000000000007 0.25625 0.2625 0.25625 0.30312500000000003 0.36875 0.3031250000000001
44 0.36875 0.018750000000000037 0.25625 0.018750000000000034 0.25625 0.07656250000000003 0.36875 0.07656250000000005
16 0.36875 0.21718750000000003 0.25625 0.2171875 0.25625 0.25781250000000006 0.36875 0.2578125000000001
27 0.6140625 0.4109375 0.5046875 0.4109375 0.5046875 0.4515625 0.6140625 0.4515625
22 0.615625 0.6296875 0.3765625000000001 0.6296875 0.3765625000000001 0.6828125 0.615625 0.6828125
47 0.24843750000000003 0.2140625 0.10937500000000004 0.2140625 0.10937500000000004 0.4875 0.2484375000000001 0.4875
23 0.4921875 0.2390625000000001 0.3796875 0.2390625000000001 0.3796875 0.2796875000000001 0.4921875 0.2796875000000001
14 0.2468750000000001 0.4921875 0.11562500000000005 0.4921875 0.11562500000000006 0.5578125 0.2468750000000001 0.5578125
13 0.246875 0.14687500000000003 0.115625 0.146875 0.11562500000000002 0.2125 0.246875 0.2125
45 0.4921875 0.020312500000000053 0.3796875 0.020312500000000046 0.3796875 0.09687500000000006 0.4921875 0.09687500000000007
3 0.7375 0.15781250000000008 0.625 0.15781250000000008 0.625 0.2015625000000001 0.7375 0.2015625000000001
12 0.4921875 0.5609375 0.37968750000000007 0.5609375 0.37968750000000007 0.6015625 0.4921875 0.6015625
20 0.7390625 0.6187500000000001 0.6265625 0.61875 0.6265625 0.6828125 0.7390625 0.6828125000000002
38 0.6140625 0.503125 0.5046875 0.503125 0.5046875 0.54375 0.6140625 0.54375
43 0.490625 0.14687500000000003 0.378125 0.14687500000000003 0.378125 0.18750000000000006 0.490625 0.18750000000000006
26 0.4921875 0.60625 0.37968750000000007 0.60625 0.37968750000000007 0.6359375 0.4921875 0.6359375
39 0.615625 0.5953125 0.503125 0.5953125 0.503125 0.6234375 0.615625 0.6234375
52 0.6140625 0.02031250000000007 0.5015625 0.02031250000000006 0.5015625 0.08593750000000007 0.6140625 0.08593750000000007
56 0.6140625 0.13593750000000007 0.5015625 0.13593750000000004 0.5015625 0.17656250000000007 0.6140625 0.1765625000000001
6 0.7359375 0.2968750000000001 0.6265625 0.2968750000000001 0.6265625 0.3390625000000001 0.7359375 0.3390625000000001
40 0.3687500000000001 0.4921875 0.2593750000000001 0.4921875 0.2593750000000001 0.5328125 0.3687500000000001 0.5328125
46 0.3703125000000001 0.584375 0.2578125000000001 0.584375 0.2578125000000001 0.68125 0.3703125000000001 0.68125
8 0.7359375 0.38750000000000007 0.6234375 0.38750000000000007 0.6234375 0.4296875000000001 0.7359375 0.42968750000000017
4 0.7375 0.20468750000000008 0.625 0.20468750000000008 0.625 0.2453125000000001 0.7375 0.2453125000000001
9 0.7359375 0.43437500000000007 0.6234375 0.434375 0.6234375 0.4765625000000001 0.7359375 0.47656250000000017
29 0.4921875 0.4234375 0.37968750000000007 0.4234375 0.37968750000000007 0.4640625 0.4921875 0.4640625
7 0.7359375 0.3421875000000001 0.6234375 0.3421875000000001 0.6234375 0.3843750000000001 0.7359375 0.3843750000000001
10 0.490625 0.10156250000000004 0.378125 0.10156250000000004 0.378125 0.14218750000000005 0.490625 0.14218750000000005
18 0.3687500000000001 0.4453125 0.2562500000000001 0.4453125 0.2562500000000001 0.4875 0.3687500000000001 0.4875
15 0.36875 0.30781250000000004 0.25625 0.3078125 0.25625 0.35000000000000003 0.36875 0.3500000000000001
50 0.2484375000000001 0.6171875 0.1140625000000001 0.6171875 0.1140625000000001 0.6859375 0.2484375000000001 0.6859375
58 0.36875 0.12500000000000006 0.259375 0.12500000000000006 0.259375 0.16562500000000005 0.36875 0.16562500000000005
36 0.6140625 0.45625 0.5015625 0.45625 0.5015625 0.4984375 0.6140625 0.4984375
5 0.7359375 0.2500000000000001 0.6265625 0.2500000000000001 0.6265625 0.2921875000000001 0.7359375 0.2921875000000001
42 0.6140625 0.22812500000000008 0.5015625 0.22812500000000008 0.5015625 0.2687500000000001 0.6140625 0.2687500000000001
30 0.8890625 5.826639849068268e-17 0.0625 7.654042494670958e-18 0.06250000000000007 1 0.8890625 1
28 0.4921875 0.3765625000000001 0.37968750000000007 0.3765625000000001 0.37968750000000007 0.4171875 0.4921875 0.4171875
31 0.4921875 0.46875 0.37968750000000007 0.46875 0.37968750000000007 0.509375 0.4921875 0.509375
2 0.7359375 0.11250000000000009 0.6265625 0.11250000000000009 0.6265625 0.1546875000000001 0.7359375 0.1546875000000001
49 0.25 0.017187500000000022 0.1125 0.017187500000000012 0.1125 0.08593750000000003 0.25 0.08593750000000003
48 0.7296875 0.5281250000000001 0.6171875 0.528125 0.6171875 0.5703125000000001 0.7296875 0.5703125000000002
35 0.36875 0.353125 0.25625 0.353125 0.25625000000000003 0.39687500000000003 0.3687500000000001 0.3968750000000001
57 0.36875 0.17031250000000003 0.25625 0.17031250000000003 0.25625 0.21093750000000006 0.36875 0.21093750000000008
1 0.7375 0.06718750000000008 0.625 0.06718750000000007 0.625 0.10781250000000009 0.7375 0.10781250000000009
51 0.6140625 0.2734375000000001 0.5046875 0.2734375000000001 0.5046875 0.3140625000000001 0.6140625 0.3140625000000001
54 0.6140625 0.55 0.5015625 0.55 0.5015625 0.590625 0.6140625 0.590625
33 0.3687500000000001 0.39843750000000006 0.2562500000000001 0.3984375 0.2562500000000001 0.4421875 0.3687500000000001 0.4421875
53 0.6140625 0.3656250000000001 0.5015625 0.3656250000000001 0.5015625 0.40625 0.6140625 0.40625