19 0.2468750000000001 0.5015625 0.2078125000000001 0.5015625 0.2078125000000001 0.6109375 0.2468750000000001 0.6109375
21 0.2375000000000001 0.3859375 0.19687500000000005 0.3859375 0.19687500000000005 0.4921875 0.2375000000000001 0.4921875
59 0.3687500000000001 0.38593750000000004 0.3296875000000001 0.3859375 0.3296875000000001 0.4921875 0.3687500000000001 0.4921875
32 0.1390625000000001 0.6203125 0.09843750000000007 0.6203125 0.09843750000000008 0.7265625 0.1390625000000001 0.7265625
34 0.578125 0.621875 0.5375 0.621875 0.5375 0.725 0.578125 0.725
17 0.08281250000000004 0.2703125 0.04375000000000003 0.2703125 0.04375000000000004 0.375 0.08281250000000004 0.375
24 0.3359375000000001 0.5015625 0.2953125000000001 0.5015625 0.2953125000000001 0.609375 0.3359375000000001 0.609375
37 0.55625 0.503125 0.515625 0.503125 0.515625 0.6109375 0.55625 0.6109375
11 0.6140625 0.2750000000000001 0.575 0.2750000000000001 0.575 0.37968750000000007 0.6140625 0.37968750000000007
41 0.15000000000000005 0.3859375 0.10937500000000004 0.3859375 0.10937500000000004 0.49375 0.15000000000000005 0.49375
0 0.5234375 0.2671875000000001 0.4828125 0.2671875000000001 0.4828125 0.3765625000000001 0.5234375 0.3765625000000001
25 0.37968750000000007 0.5015625 0.3390625000000001 0.5015625 0.3390625000000001 0.609375 0.37968750000000007 0.609375
55 0.3140625000000001 0.6203125 0.2734375000000001 0.6203125 0.2734375000000001 0.7265625 0.3140625000000001 0.7265625
44 0.09687500000000007 0.6203125 0.04218750000000008 0.6203125 0.042187500000000086 0.7296875 0.09687500000000009 0.7296875
16 0.27031250000000007 0.6203125 0.2296875000000001 0.6203125 0.2296875000000001 0.7296875 0.27031250000000007 0.7296875
27 0.45625 0.3859375000000001 0.4171875 0.3859375000000001 0.4171875 0.490625 0.45625 0.490625
22 0.678125 0.3843750000000001 0.6265625 0.3843750000000001 0.6265625 0.6125 0.678125 0.6125
47 0.4890625000000002 0.734375 0.22812500000000008 0.734375 0.22812500000000008 0.86875 0.4890625000000002 0.86875
23 0.2906250000000001 0.5015625 0.2531250000000001 0.5015625 0.2531250000000001 0.609375 0.2906250000000001 0.609375
14 0.5562500000000001 0.7375 0.4937500000000002 0.7375 0.4937500000000002 0.8625 0.5562500000000001 0.8625
13 0.22656250000000008 0.7375 0.1625000000000001 0.7375 0.1625000000000001 0.8625 0.22656250000000008 0.8625
45 0.11718750000000007 0.5015625 0.04375000000000007 0.5015625 0.043750000000000074 0.6109375 0.11718750000000008 0.6109375
3 0.21562500000000004 0.2671875 0.17343750000000005 0.2671875 0.17343750000000005 0.3765625 0.2156250000000001 0.3765625
12 0.6 0.5015625 0.559375 0.5015625 0.559375 0.6109375 0.6 0.6109375
20 0.6765625 0.2656250000000001 0.615625 0.2656250000000001 0.615625 0.3734375000000001 0.6765625 0.3734375000000001
38 0.5453125 0.3859375000000001 0.5046875 0.3859375000000001 0.5046875 0.490625 0.5453125 0.490625
43 0.20312500000000008 0.503125 0.16406250000000006 0.503125 0.16406250000000006 0.6109375 0.20312500000000008 0.6109375
26 0.6328125 0.5015625 0.603125 0.5015625 0.603125 0.6109375 0.6328125 0.6109375
39 0.621875 0.3828125000000001 0.59375 0.3828125000000001 0.59375 0.490625 0.621875 0.490625
52 0.10468750000000004 0.3859375 0.042187500000000044 0.3859375 0.04218750000000005 0.4921875 0.10468750000000004 0.4921875
56 0.19218750000000004 0.3859375 0.15312500000000004 0.3859375 0.15312500000000004 0.4921875 0.19218750000000004 0.4921875
6 0.34843750000000007 0.2703125 0.3078125 0.2703125 0.30781250000000004 0.375 0.34843750000000007 0.375
40 0.5328125 0.6203125 0.49375 0.6203125 0.49375 0.725 0.5328125 0.725
46 0.6765625000000001 0.61875 0.5828125 0.61875 0.5828125000000001 0.7265625 0.6765625000000002 0.7265625
8 0.4359375 0.2687500000000001 0.3953125 0.2687500000000001 0.39531250000000007 0.3765625000000001 0.4359375 0.3765625000000001
4 0.259375 0.2671875 0.2203125 0.2671875 0.22031250000000005 0.3734375 0.2593750000000001 0.3734375
9 0.4796875 0.2687500000000001 0.4390625 0.2687500000000001 0.4390625 0.3765625000000001 0.4796875 0.3765625000000001
29 0.4671875 0.5015625 0.428125 0.5015625 0.428125 0.6109375 0.4671875 0.6109375
7 0.3921875 0.26875000000000004 0.3515625 0.26875 0.35156250000000006 0.3765625 0.3921875000000001 0.3765625000000001
10 0.15937500000000007 0.503125 0.12031250000000004 0.503125 0.12031250000000007 0.6109375 0.1593750000000001 0.6109375
18 0.4906250000000001 0.6203125 0.45 0.6203125 0.45000000000000007 0.7265625 0.4906250000000002 0.7265625
15 0.3578125000000001 0.6203125 0.31718750000000007 0.6203125 0.31718750000000007 0.7265625 0.3578125000000001 0.7265625
50 0.6796875000000002 0.7359375 0.6140625000000002 0.7359375 0.6140625000000002 0.865625 0.6796875000000002 0.865625
58 0.1828125000000001 0.6203125 0.14218750000000008 0.6203125 0.14218750000000008 0.725 0.1828125000000001 0.725
36 0.5015625 0.3859375000000001 0.4609375 0.3859375000000001 0.4609375 0.4921875 0.5015625 0.4921875
5 0.30312500000000003 0.2703125 0.2625 0.2703125 0.26250000000000007 0.375 0.3031250000000001 0.375
42 0.2812500000000001 0.3859375 0.2406250000000001 0.3859375 0.2406250000000001 0.4921875 0.2812500000000001 0.4921875
30 1 0.12187500000000007 0.021875000000000016 0.121875 0.021875000000000065 0.9140625 1 0.9140625
28 0.421875 0.5015625 0.3843750000000001 0.5015625 0.3843750000000001 0.609375 0.421875 0.609375
31 0.5109375 0.5015625 0.471875 0.5015625 0.471875 0.609375 0.5109375 0.609375
2 0.17187500000000006 0.2703125 0.13125000000000003 0.2703125 0.13125000000000003 0.375 0.17187500000000006 0.375
49 0.1062500000000001 0.734375 0.03906250000000009 0.734375 0.0390625000000001 0.8671875 0.1062500000000001 0.8671875
48 0.56875 0.2750000000000001 0.528125 0.2750000000000001 0.528125 0.3812500000000001 0.56875 0.3812500000000001
35 0.40312500000000007 0.6203125 0.3609375000000001 0.6203125 0.3609375000000001 0.7296875 0.4031250000000002 0.7296875
57 0.22656250000000008 0.6203125 0.18750000000000008 0.6203125 0.18750000000000008 0.7265625 0.22656250000000008 0.7265625
1 0.12656250000000005 0.2671875 0.08750000000000002 0.2671875 0.08750000000000004 0.3734375 0.12656250000000005 0.3734375
51 0.32500000000000007 0.3859375 0.28593750000000007 0.3859375 0.28593750000000007 0.490625 0.32500000000000007 0.490625
54 0.5890625 0.3859375000000001 0.5484375 0.3859375000000001 0.5484375 0.4921875 0.5890625 0.4921875
33 0.4468750000000001 0.6203125 0.4046875 0.6203125 0.4046875000000001 0.7296875 0.4468750000000002 0.7296875
53 0.4125 0.3859375000000001 0.3734375000000001 0.3859375000000001 0.3734375000000001 0.4921875 0.4125 0.4921875