57 0.284375 0.15312500000000004 0.20625 0.15312500000000004 0.20625 0.18750000000000006 0.284375 0.18750000000000006
11 0.55625 0.5390625 0.4765625 0.5390625 0.4765625 0.5765625 0.55625 0.5765625
45 0.371875 0.00781250000000004 0.29375 0.007812500000000036 0.29375 0.07500000000000004 0.371875 0.07500000000000004
24 0.3765625 0.26250000000000007 0.296875 0.2625 0.296875 0.29687500000000006 0.3765625 0.2968750000000001
38 0.465625 0.475 0.38750000000000007 0.475 0.38750000000000007 0.509375 0.465625 0.509375
6 0.5546875 0.2750000000000001 0.4765625 0.2750000000000001 0.4765625 0.3125000000000001 0.5546875 0.3125000000000001
37 0.3750000000000001 0.484375 0.2953125000000001 0.484375 0.2953125000000001 0.5203125 0.3750000000000001 0.5203125
21 0.465625 0.16406250000000006 0.3859375 0.16406250000000006 0.3859375 0.2000000000000001 0.465625 0.2000000000000001
2 0.55625 0.09687500000000007 0.4765625 0.09687500000000007 0.4765625 0.13125000000000006 0.55625 0.1312500000000001
10 0.375 0.08437500000000005 0.2953125 0.08437500000000005 0.2953125 0.12031250000000004 0.375 0.12031250000000004
22 0.4703125 0.609375 0.2953125000000001 0.609375 0.2953125000000001 0.665625 0.4703125 0.665625
50 0.1921875000000001 0.6171875 0.11093750000000009 0.6171875 0.11093750000000009 0.665625 0.1921875000000001 0.665625
29 0.3750000000000001 0.39687500000000003 0.2953125000000001 0.396875 0.2953125000000001 0.43125 0.3750000000000001 0.43125
33 0.2812500000000001 0.375 0.20312500000000008 0.375 0.20312500000000008 0.409375 0.2812500000000001 0.409375
32 0.28125 0.06406250000000004 0.20625 0.06406250000000002 0.20625 0.09843750000000004 0.28125 0.09843750000000004
39 0.465625 0.5640625 0.3859375000000001 0.5640625 0.3859375000000001 0.5984375 0.465625 0.5984375
48 0.5546875 0.4953125 0.4765625 0.4953125 0.4765625 0.53125 0.5546875 0.53125
20 0.55625 0.584375 0.48125 0.584375 0.48125 0.6625 0.55625 0.6625
54 0.465625 0.5203125 0.3859375000000001 0.5203125 0.3859375000000001 0.5546875 0.465625 0.5546875
49 0.190625 0.006250000000000018 0.1125 0.006250000000000014 0.1125 0.05468750000000002 0.190625 0.05468750000000002
8 0.5546875 0.3625000000000001 0.475 0.3625000000000001 0.475 0.4 0.5546875 0.4
1 0.55625 0.05312500000000007 0.478125 0.05312500000000007 0.478125 0.08750000000000006 0.55625 0.08750000000000006
41 0.465625 0.07500000000000005 0.3859375 0.07500000000000004 0.3859375 0.11093750000000005 0.465625 0.11093750000000005
44 0.278125 0.006250000000000029 0.203125 0.006250000000000025 0.203125 0.05312500000000003 0.278125 0.05312500000000005
27 0.465625 0.3859375000000001 0.3906250000000001 0.3859375000000001 0.3906250000000001 0.4203125 0.465625 0.4203125
15 0.2859375 0.2859375 0.20625 0.2859375 0.20625 0.3203125 0.2859375 0.3203125
55 0.284375 0.24375 0.20625 0.24375 0.20625 0.2765625 0.284375 0.2765625
52 0.465625 0.007812500000000052 0.3875 0.007812500000000047 0.3875 0.06406250000000005 0.465625 0.06406250000000006
19 0.3765625 0.17500000000000004 0.2953125 0.17500000000000004 0.2953125 0.20937500000000003 0.3765625 0.2093750000000001
28 0.37500000000000006 0.35156250000000006 0.2953125 0.3515625 0.29531250000000003 0.38593750000000004 0.3750000000000001 0.3859375000000001
31 0.3750000000000001 0.440625 0.2968750000000001 0.440625 0.2968750000000001 0.475 0.3750000000000001 0.475
36 0.4640625 0.4296875 0.3859375000000001 0.4296875 0.3859375000000001 0.465625 0.4640625 0.465625
9 0.5546875 0.4078125 0.4765625 0.4078125 0.4765625 0.44375 0.5546875 0.44375
34 0.2843750000000001 0.5078125 0.2062500000000001 0.5078125 0.2062500000000001 0.5421875 0.2843750000000001 0.5421875
17 0.55625 0.007812500000000064 0.478125 0.007812500000000059 0.478125 0.04218750000000006 0.55625 0.042187500000000065
16 0.284375 0.19843750000000004 0.20625 0.19843750000000004 0.20625 0.2328125 0.284375 0.2328125
59 0.4671875 0.2968750000000001 0.3875 0.2968750000000001 0.3875 0.3312500000000001 0.4671875 0.3312500000000001
46 0.2843750000000001 0.553125 0.2062500000000001 0.553125 0.2062500000000001 0.6625 0.2843750000000001 0.6625
30 0.7968750000000001 4.908154749707752e-17 0.0046875 5.740531871003218e-19 0.004687500000000061 1 0.7968750000000002 1
14 0.18906250000000005 0.4515625 0.10937500000000004 0.4515625 0.10937500000000004 0.4984375 0.18906250000000005 0.4984375
18 0.2812500000000001 0.4203125 0.20312500000000008 0.4203125 0.20312500000000008 0.453125 0.2812500000000001 0.453125
0 0.5546875 0.4515625 0.475 0.4515625 0.475 0.4875 0.5546875 0.4875
35 0.2828125 0.33125 0.203125 0.33125 0.20312500000000006 0.3640625 0.2828125000000001 0.3640625
26 0.37187500000000007 0.575 0.2968750000000001 0.575 0.2968750000000001 0.6078125 0.37187500000000007 0.6078125
58 0.28125 0.10937500000000004 0.20625 0.10937500000000004 0.20625 0.14218750000000005 0.28125 0.14218750000000005
5 0.5546875 0.2312500000000001 0.4765625 0.2312500000000001 0.4765625 0.2671875000000001 0.5546875 0.2671875000000001
53 0.465625 0.3421875000000001 0.3859375 0.3421875000000001 0.38593750000000004 0.3765625000000001 0.465625 0.3765625000000001
40 0.2812500000000001 0.4640625 0.2062500000000001 0.4640625 0.2062500000000001 0.4984375 0.2812500000000001 0.4984375
7 0.5546875 0.3203125000000001 0.4765625 0.3203125000000001 0.4765625 0.3546875000000001 0.5546875 0.3546875000000001
12 0.3765625000000001 0.5296875 0.2953125000000001 0.5296875 0.2953125000000001 0.5640625 0.3765625000000001 0.5640625
23 0.3765625 0.21875000000000006 0.2953125 0.21875 0.2953125 0.25312500000000004 0.3765625 0.2531250000000001
56 0.4671875 0.12031250000000004 0.3859375 0.12031250000000004 0.3859375 0.15468750000000003 0.4671875 0.15468750000000003
25 0.375 0.30781250000000004 0.296875 0.3078125 0.296875 0.34218750000000003 0.375 0.3421875000000001
3 0.5546875 0.14218750000000008 0.475 0.14218750000000005 0.475 0.17812500000000006 0.5546875 0.1781250000000001
42 0.465625 0.2078125000000001 0.3859375 0.2078125000000001 0.3859375 0.24375000000000008 0.465625 0.24375000000000008
47 0.1921875 0.17031250000000003 0.09531250000000002 0.1703125 0.09531250000000004 0.4453125 0.19218750000000004 0.4453125
43 0.3765625 0.12968750000000004 0.2921875 0.12968750000000004 0.2921875 0.16562500000000005 0.3765625 0.16562500000000005
4 0.5546875 0.18750000000000006 0.4765625 0.18750000000000006 0.4765625 0.2218750000000001 0.5546875 0.2218750000000001
51 0.4671875 0.2531250000000001 0.3875 0.2531250000000001 0.3875 0.2875000000000001 0.4671875 0.2875000000000001
13 0.1890625 0.11718750000000003 0.109375 0.1171875 0.109375 0.16406250000000003 0.1890625 0.16406250000000006