4 0.2125 0.1609375 0.1734375 0.1609375 0.17343750000000002 0.2765625 0.2125 0.2765625
17 0.017187500000000026 0.1578125 1.932645729904417e-17 0.1578125 2.6406446606614805e-17 0.2734375 0.017187500000000033 0.2734375
24 0.2953125000000001 0.428125 0.2578125000000001 0.428125 0.2578125000000001 0.5421875 0.2953125000000001 0.5421875
25 0.3453125000000001 0.428125 0.3078125000000001 0.428125 0.3078125000000001 0.5421875 0.3453125000000001 0.5421875
14 0.51875 0.7 0.4671875 0.7 0.4671875000000001 0.8203125 0.5187500000000002 0.8203125
26 0.6375 0.425 0.6 0.425 0.6 0.54375 0.6375 0.54375
1 0.06250000000000003 0.1609375 0.025000000000000022 0.1609375 0.02500000000000003 0.2765625 0.06250000000000004 0.2765625
22 0.703125 0.2906250000000001 0.6390625 0.2906250000000001 0.6390625 0.546875 0.703125 0.546875
59 0.33281250000000007 0.296875 0.2953125 0.296875 0.29531250000000003 0.409375 0.33281250000000007 0.409375
36 0.4796875 0.2968750000000001 0.4421875 0.2968750000000001 0.4421875 0.40625 0.4796875 0.40625
51 0.28437500000000004 0.2921875 0.246875 0.2921875 0.24687500000000004 0.4078125 0.2843750000000001 0.4078125
31 0.4921875 0.428125 0.4546875 0.428125 0.4546875 0.54375 0.4921875 0.54375
19 0.19687500000000005 0.428125 0.15937500000000004 0.428125 0.15937500000000004 0.54375 0.19687500000000005 0.54375
44 0.02500000000000007 0.5625 6.888638245203862e-17 0.5625 7.577502069724248e-17 0.675 0.025000000000000078 0.675
53 0.38281250000000006 0.29375000000000007 0.3453125 0.29375 0.3453125 0.4078125 0.3828125000000001 0.4078125
13 0.15000000000000008 0.6921875 0.09687500000000009 0.6921875 0.0968750000000001 0.8203125 0.15000000000000008 0.8203125
42 0.23593750000000005 0.2921875 0.19843750000000004 0.2921875 0.19843750000000004 0.40625 0.23593750000000008 0.40625
18 0.46875 0.5640625 0.43125 0.5640625 0.43125 0.6796875 0.46875 0.6796875
39 0.6265625 0.2906250000000001 0.5890625 0.2906250000000001 0.5890625 0.4109375 0.6265625 0.4109375
47 0.45781250000000007 0.6953125 0.15625000000000008 0.6953125 0.15625000000000008 0.825 0.4578125000000002 0.825
0 0.5046875 0.16093750000000004 0.4671875 0.16093750000000004 0.4671875 0.2750000000000001 0.5046875 0.2750000000000001
46 0.7015625 0.565625 0.5796875 0.565625 0.5796875 0.675 0.7015625 0.675
10 0.10000000000000005 0.421875 0.06250000000000004 0.421875 0.06250000000000006 0.540625 0.10000000000000005 0.540625
23 0.2468750000000001 0.428125 0.2093750000000001 0.428125 0.2093750000000001 0.54375 0.2468750000000001 0.54375
41 0.08750000000000005 0.2921875 0.050000000000000044 0.2921875 0.050000000000000044 0.4109375 0.08750000000000005 0.4109375
40 0.5171875 0.5640625 0.4796875 0.5640625 0.4796875 0.6765625 0.5171875 0.6765625
15 0.3203125000000001 0.559375 0.2828125000000001 0.559375 0.2828125000000001 0.678125 0.3203125000000001 0.678125
55 0.2718750000000001 0.5625 0.23437500000000008 0.5625 0.23437500000000008 0.678125 0.2718750000000001 0.678125
12 0.590625 0.428125 0.553125 0.428125 0.553125 0.546875 0.590625 0.546875
6 0.3109375 0.16093750000000004 0.2703125 0.16093750000000004 0.2703125 0.2796875 0.3109375 0.2796875
35 0.3703125000000001 0.5640625 0.33281250000000007 0.5640625 0.33281250000000007 0.6828125 0.3703125000000001 0.6828125
45 0.05000000000000006 0.428125 5.2430191088496056e-17 0.428125 5.95101803960667e-17 0.54375 0.050000000000000065 0.54375
29 0.4421875 0.4296875 0.4046875 0.4296875 0.4046875 0.5421875 0.4421875 0.5421875
56 0.13593750000000004 0.2921875 0.09843750000000004 0.2921875 0.09843750000000004 0.40625 0.13593750000000004 0.40625
58 0.12500000000000008 0.5625 0.08750000000000006 0.5625 0.08750000000000008 0.678125 0.12500000000000008 0.678125
11 0.603125 0.15781250000000008 0.565625 0.15781250000000008 0.565625 0.27812500000000007 0.603125 0.27812500000000007
38 0.5296875 0.2921875000000001 0.4921875 0.2921875000000001 0.4921875 0.4078125 0.5296875 0.4078125
43 0.14687500000000003 0.4265625 0.10937500000000004 0.4265625 0.10937500000000004 0.5421875 0.14687500000000003 0.5421875
32 0.07656250000000007 0.559375 0.03906250000000007 0.559375 0.03906250000000007 0.678125 0.07656250000000009 0.678125
50 0.7046875000000001 0.69375 0.6515625 0.69375 0.6515625 0.825 0.7046875000000001 0.825
54 0.5796875 0.2953125000000001 0.540625 0.2953125000000001 0.540625 0.4109375 0.5796875 0.4109375
57 0.17343750000000008 0.5625 0.1359375000000001 0.5625 0.1359375000000001 0.6765625 0.17343750000000008 0.6765625
28 0.3937500000000001 0.4296875 0.35625000000000007 0.4296875 0.35625000000000007 0.54375 0.3937500000000001 0.54375
49 0.028125000000000094 0.690625 8.457716956611408e-17 0.690625 9.25182386543352e-17 0.8203125 0.0281250000000001 0.8203125
34 0.565625 0.5625 0.528125 0.5625 0.528125 0.6765625 0.565625 0.6765625
9 0.45625 0.15937500000000004 0.4171875 0.15937500000000004 0.4171875 0.2718750000000001 0.45625 0.2718750000000001
3 0.16250000000000003 0.1609375 0.1234375 0.1609375 0.12343750000000002 0.28125 0.16250000000000003 0.28125
37 0.540625 0.4296875 0.503125 0.4296875 0.503125 0.54375 0.540625 0.54375
27 0.43125 0.29375000000000007 0.39375 0.29375000000000007 0.39375000000000004 0.403125 0.43125 0.403125
20 0.7 0.15781250000000008 0.615625 0.15781250000000008 0.615625 0.2718750000000001 0.7 0.2718750000000001
33 0.4203125 0.5640625 0.3828125000000001 0.5640625 0.3828125000000001 0.6828125 0.4203125 0.6828125
21 0.18593750000000003 0.2921875 0.14843750000000006 0.2921875 0.14843750000000006 0.4078125 0.18593750000000003 0.4078125
30 1 6.123233995736766e-17 0 0 5.73096431788488e-17 0.9359375 1 0.9359375
16 0.2234375000000001 0.559375 0.1859375000000001 0.559375 0.1859375000000001 0.675 0.2234375000000001 0.675
2 0.11250000000000002 0.1609375 0.07500000000000002 0.1609375 0.07500000000000004 0.28125 0.11250000000000004 0.28125
52 0.03750000000000004 0.290625 3.559129760021995e-17 0.290625 4.267128690779059e-17 0.40625 0.03750000000000005 0.40625
7 0.3578125 0.16093750000000004 0.3203125 0.16093750000000004 0.3203125 0.2765625 0.3578125 0.2765625
8 0.4078125 0.16093750000000004 0.3671875 0.16093750000000004 0.3671875 0.2796875000000001 0.4078125 0.2796875000000001
5 0.2609375 0.16093750000000004 0.2234375 0.16093750000000004 0.2234375 0.2796875 0.2609375 0.2796875
48 0.55625 0.16093750000000007 0.515625 0.16093750000000004 0.515625 0.2765625000000001 0.55625 0.2765625000000001