16 0.446875 0.484375 0.3625000000000001 0.484375 0.3625000000000001 0.559375 0.446875 0.559375
23 0.546875 0.5359375 0.4625 0.5359375 0.4625 0.6078125 0.546875 0.6078125
7 0.7437500000000001 0.7609375 0.6562500000000002 0.7609375 0.6562500000000002 0.8359375 0.7437500000000001 0.8359375
10 0.546875 0.2375000000000001 0.4625 0.2375000000000001 0.4625 0.30937500000000007 0.546875 0.30937500000000007
19 0.546875 0.4359375 0.4625 0.4359375 0.4625 0.5109375 0.546875 0.5109375
27 0.6421875000000001 0.9109375 0.5609375000000002 0.9109375 0.5609375000000002 0.98125 0.6421875000000001 0.98125
41 0.64375 0.21250000000000008 0.559375 0.21250000000000008 0.559375 0.2875000000000001 0.64375 0.2875000000000001
25 0.5453125000000002 0.7359375 0.4593750000000002 0.7359375 0.4593750000000002 0.8078125 0.5453125000000002 0.8078125
49 0.3484375 0.05000000000000003 0.2453125 0.050000000000000024 0.2453125 0.18750000000000006 0.3484375 0.18750000000000006
44 0.446875 0.059375000000000046 0.3609375 0.059375000000000046 0.3609375 0.16406250000000006 0.446875 0.16406250000000006
6 0.7437500000000001 0.6609375000000001 0.6578125 0.6609375 0.6578125000000001 0.7359375000000001 0.7437500000000001 0.7359375000000001
24 0.54375 0.6359375 0.4625 0.6359375 0.4625 0.7078125 0.54375 0.7078125
15 0.4468750000000001 0.6859375 0.3625000000000001 0.6859375 0.3625000000000001 0.7578125 0.4468750000000002 0.7578125
17 0.74375 0.06406250000000009 0.659375 0.06406250000000009 0.659375 0.1390625000000001 0.74375 0.1390625000000001
18 0.4437500000000002 0.9828125 0.3625000000000001 0.9828125 0.3625000000000001 1 0.4437500000000002 1
33 0.44531250000000017 0.8828125 0.3609375000000001 0.8828125 0.3609375000000001 0.9546875 0.44531250000000017 0.9546875
3 0.74375 0.3625000000000001 0.65625 0.3625000000000001 0.65625 0.4375000000000001 0.74375 0.43750000000000017
45 0.5484375 0.06093750000000007 0.4609375 0.06093750000000007 0.4609375 0.2140625000000001 0.5484375 0.2140625000000001
2 0.7421875 0.2640625000000001 0.6578125 0.2640625000000001 0.6578125 0.3390625000000001 0.7421875 0.3390625000000001
35 0.44531250000000017 0.784375 0.36406250000000007 0.784375 0.36406250000000007 0.85625 0.44531250000000017 0.85625
8 0.7421875000000002 0.8609375 0.6562500000000002 0.8609375 0.6562500000000002 0.9328125 0.7421875000000002 0.9328125
4 0.7421875 0.4640625000000001 0.6578125 0.4640625 0.6578125 0.5359375000000001 0.7421875 0.5359375000000002
1 0.7421875 0.16562500000000008 0.6609375 0.16562500000000008 0.6609375 0.23593750000000008 0.7421875 0.23593750000000008
59 0.64375 0.7125 0.559375 0.7125 0.5593750000000001 0.784375 0.6437500000000002 0.784375
53 0.6437500000000002 0.8109375 0.5593750000000002 0.8109375 0.5593750000000002 0.8828125 0.6437500000000002 0.8828125
5 0.74375 0.5625000000000001 0.6578125 0.5625 0.6578125 0.6375000000000001 0.74375 0.6375000000000002
55 0.4484375 0.5859375 0.36406250000000007 0.5859375 0.36406250000000007 0.6578125 0.4484375 0.6578125
57 0.446875 0.3859375000000001 0.3656250000000001 0.3859375000000001 0.3656250000000001 0.4578125 0.446875 0.4578125
13 0.35000000000000003 0.334375 0.253125 0.334375 0.25312500000000004 0.434375 0.3500000000000001 0.434375
47 0.3468750000000001 0.446875 0.22656250000000008 0.446875 0.22656250000000008 1 0.3468750000000001 1
43 0.5453125 0.3375000000000001 0.4640625 0.3375000000000001 0.4640625 0.409375 0.5453125 0.409375
9 0.7421875000000002 0.9609375 0.6562500000000002 0.9609375 0.6562500000000002 1 0.7421875000000002 1
30 0.9296875 0.02031250000000007 0.1890625 0.02031250000000002 0.18906250000000008 1 0.9296875 1
42 0.64375 0.5125 0.5625 0.5125 0.5625 0.584375 0.64375 0.584375
29 0.5437500000000002 0.9359375 0.4593750000000002 0.9359375 0.4593750000000002 1 0.5437500000000002 1
52 0.6453125 0.060937500000000075 0.559375 0.06093750000000007 0.559375 0.18906250000000008 0.6453125 0.18906250000000008
56 0.646875 0.3125000000000001 0.5625 0.3125000000000001 0.5625 0.3843750000000001 0.646875 0.3843750000000001
58 0.446875 0.2875000000000001 0.365625 0.2875000000000001 0.365625 0.3593750000000001 0.446875 0.3593750000000001
51 0.64375 0.6140625 0.5640625 0.6140625 0.5640625 0.68125 0.64375 0.68125
32 0.4484375 0.18750000000000006 0.3640625 0.18750000000000006 0.3640625 0.2593750000000001 0.4484375 0.2593750000000001
28 0.5437500000000002 0.8359375 0.4593750000000002 0.8359375 0.4593750000000002 0.9078125 0.5437500000000002 0.9078125
21 0.64375 0.4125 0.5625 0.4125 0.5625 0.484375 0.64375 0.484375