55 0.33281250000000007 0.5171875 0.2968750000000001 0.5171875 0.2968750000000001 0.5859375 0.33281250000000007 0.5859375
2 0.19218750000000004 0.2609375 0.15781250000000005 0.2609375 0.15781250000000005 0.3390625 0.19218750000000004 0.3390625
30 0.9734375 0.07031250000000006 0.04062500000000001 0.0703125 0.04062500000000005 0.7375 0.9734375 0.7375000000000002
36 0.5015625 0.3468750000000001 0.4703125 0.3468750000000001 0.4703125 0.4109375 0.5015625 0.4109375
52 0.12500000000000006 0.35 0.06875000000000005 0.35 0.06875000000000005 0.421875 0.12500000000000006 0.421875
17 0.10156250000000004 0.2625 0.06875000000000002 0.2625 0.06875000000000003 0.33125 0.10156250000000004 0.33125
47 0.4875 0.59375 0.2296875000000001 0.59375 0.2296875000000001 0.684375 0.4875 0.684375
35 0.415625 0.5125 0.3812500000000001 0.5125 0.3812500000000001 0.58125 0.415625 0.58125
38 0.5375 0.3437500000000001 0.509375 0.3437500000000001 0.509375 0.409375 0.5375 0.409375
3 0.234375 0.2578125 0.2 0.2578125 0.2 0.3390625 0.234375 0.3390625
28 0.4328125 0.428125 0.4015625 0.428125 0.4015625 0.4953125 0.4328125 0.4953125
8 0.440625 0.2593750000000001 0.4078125 0.2593750000000001 0.4078125 0.3375000000000001 0.440625 0.3375000000000001
22 0.671875 0.3421875000000001 0.621875 0.3421875000000001 0.621875 0.490625 0.671875 0.490625
51 0.34062500000000007 0.346875 0.309375 0.346875 0.30937500000000007 0.415625 0.34062500000000007 0.415625
20 0.66875 0.26250000000000007 0.603125 0.26250000000000007 0.603125 0.3281250000000001 0.66875 0.3281250000000001
54 0.5765625 0.3437500000000001 0.546875 0.3437500000000001 0.546875 0.4109375 0.5765625 0.4109375
37 0.55 0.4265625 0.51875 0.4265625 0.51875 0.4921875 0.55 0.4921875
7 0.4 0.2593750000000001 0.36875 0.2593750000000001 0.36875 0.3375000000000001 0.4 0.3375000000000001
32 0.15781250000000008 0.5234375 0.11875000000000005 0.5234375 0.11875000000000006 0.6015625 0.15781250000000008 0.6015625
39 0.6140625 0.3437500000000001 0.5859375 0.3437500000000001 0.5859375 0.4125 0.6140625 0.4125
16 0.2906250000000001 0.5203125 0.2531250000000001 0.5203125 0.2531250000000001 0.5921875 0.2906250000000001 0.5921875
41 0.17187500000000006 0.35 0.13437500000000005 0.35 0.13437500000000005 0.428125 0.17187500000000006 0.428125
4 0.2765625 0.259375 0.24375 0.259375 0.24375 0.3359375 0.2765625 0.3359375
56 0.21562500000000004 0.35 0.17968750000000006 0.35 0.17968750000000006 0.4234375 0.2156250000000001 0.4234375
29 0.471875 0.428125 0.440625 0.428125 0.440625 0.49375 0.471875 0.49375
48 0.55625 0.26250000000000007 0.5265625 0.26250000000000007 0.5265625 0.3312500000000001 0.55625 0.3312500000000001
0 0.51875 0.26250000000000007 0.4875 0.26250000000000007 0.4875 0.3343750000000001 0.51875 0.3343750000000001
31 0.5109375 0.428125 0.4796875 0.428125 0.4796875 0.490625 0.5109375 0.490625
49 0.10937500000000008 0.6171875 0.05937500000000007 0.6171875 0.05937500000000008 0.7015625 0.10937500000000008 0.7015625
43 0.2234375000000001 0.4359375 0.18750000000000006 0.4359375 0.18750000000000006 0.5125 0.2234375000000001 0.5125
21 0.25781250000000006 0.3484375 0.221875 0.3484375 0.22187500000000004 0.4203125 0.2578125000000001 0.4203125
23 0.30937500000000007 0.4328125 0.2750000000000001 0.4328125 0.2750000000000001 0.5046875 0.30937500000000007 0.5046875
40 0.5328125 0.50625 0.5015625 0.50625 0.5015625 0.575 0.5328125 0.575
46 0.6765625 0.5046875 0.578125 0.5046875 0.578125 0.5703125 0.6765625 0.5703125
44 0.11093750000000006 0.528125 0.06250000000000007 0.528125 0.06250000000000007 0.6046875 0.11093750000000009 0.6046875
59 0.38125000000000003 0.34843750000000007 0.35 0.3484375 0.35000000000000003 0.4140625 0.3812500000000001 0.4140625
58 0.2000000000000001 0.5234375 0.16562500000000005 0.5234375 0.16562500000000008 0.59375 0.2000000000000001 0.59375
18 0.4953125 0.5109375 0.4625 0.5109375 0.4625 0.578125 0.4953125 0.578125
24 0.3515625000000001 0.4328125 0.3187500000000001 0.4328125 0.3187500000000001 0.4984375 0.3515625000000001 0.4984375
34 0.571875 0.50625 0.540625 0.50625 0.540625 0.575 0.571875 0.575
57 0.2468750000000001 0.521875 0.21093750000000008 0.521875 0.21093750000000008 0.59375 0.2468750000000001 0.59375
26 0.625 0.421875 0.59375 0.421875 0.59375 0.490625 0.625 0.490625
12 0.5875 0.4234375 0.5578125 0.4234375 0.5578125 0.4890625 0.5875 0.4890625
53 0.425 0.34843750000000007 0.3921875 0.34843750000000007 0.3921875 0.4140625 0.425 0.4140625
13 0.2218750000000001 0.6078125 0.17343750000000008 0.6078125 0.17343750000000008 0.6890625 0.2218750000000001 0.6890625
10 0.17968750000000006 0.4375 0.14375000000000004 0.4375 0.14375000000000004 0.515625 0.17968750000000006 0.515625
11 0.59375 0.2609375000000001 0.565625 0.2609375000000001 0.565625 0.3296875000000001 0.59375 0.3296875000000001
15 0.3734375000000001 0.515625 0.3390625000000001 0.515625 0.3390625000000001 0.584375 0.3734375000000001 0.584375
45 0.13593750000000004 0.440625 0.06718750000000004 0.440625 0.06718750000000005 0.515625 0.13593750000000004 0.515625
33 0.45625 0.5109375 0.4203125 0.5109375 0.4203125 0.5796875 0.45625 0.5796875
14 0.5375 0.5875 0.4921875 0.5875 0.4921875 0.6671875 0.5375 0.6671875
27 0.4625 0.3468750000000001 0.43125 0.3468750000000001 0.43125 0.4109375 0.4625 0.4109375
6 0.3609375 0.2625 0.3265625 0.2625 0.3265625 0.3328125 0.3609375 0.3328125
1 0.14687500000000003 0.2625 0.11093750000000005 0.2625 0.11093750000000005 0.3328125 0.14687500000000003 0.3328125
25 0.3921875000000001 0.4296875 0.3593750000000001 0.4296875 0.3593750000000001 0.4984375 0.3921875000000001 0.4984375
42 0.30000000000000004 0.346875 0.265625 0.346875 0.26562500000000006 0.415625 0.3000000000000001 0.415625
9 0.4796875 0.2593750000000001 0.4484375 0.2593750000000001 0.4484375 0.3375000000000001 0.4796875 0.3375000000000001
19 0.2671875000000001 0.434375 0.2312500000000001 0.434375 0.2312500000000001 0.5109375 0.2671875000000001 0.5109375
5 0.3203125 0.25625 0.2859375 0.25625 0.2859375 0.334375 0.3203125 0.334375
50 0.68125 0.58125 0.6390625 0.58125 0.6390625 0.6578125 0.68125 0.6578125