57 0.4203125 4.688101027985961e-17 0.3453125 4.228858478305704e-17 0.3453125 0.03437500000000005 0.4203125 0.03437500000000006
14 0.3421875000000001 0.4640625 0.2453125000000001 0.4640625 0.2453125000000001 0.55 0.3421875000000001 0.55
6 0.7125 0.1781250000000001 0.625 0.1781250000000001 0.625 0.23437500000000008 0.7125 0.23437500000000008
5 0.7125 0.10781250000000009 0.621875 0.10781250000000009 0.621875 0.16406250000000008 0.7125 0.16406250000000008
26 0.5421875 0.6671875 0.4609375 0.6671875 0.4609375000000001 0.7265625 0.5421875000000002 0.7265625
53 0.621875 0.2875000000000001 0.5453125 0.2875000000000001 0.5453125 0.3437500000000001 0.621875 0.3437500000000001
54 0.634375 0.571875 0.55625 0.571875 0.55625 0.6296875 0.634375 0.6296875
16 0.421875 0.04375000000000005 0.346875 0.043750000000000046 0.346875 0.10625000000000004 0.421875 0.10625000000000004
18 0.4390625 0.4125 0.3578125000000001 0.4125 0.3578125000000001 0.4703125 0.4390625 0.4703125
47 0.3296875 3.463454228838608e-17 0.2359375 2.8894010417382865e-17 0.23593750000000005 0.459375 0.3296875000000001 0.459375
48 0.7265625 0.5328125000000001 0.6421875 0.5328125 0.6421875 0.5921875000000001 0.7265625 0.5921875000000002
4 0.7078125 0.03750000000000008 0.621875 0.037500000000000075 0.621875 0.09375000000000008 0.7078125 0.09375000000000008
22 0.6421875000000001 0.715625 0.4609375 0.715625 0.4609375000000001 0.8203125 0.6421875000000001 0.8203125
33 0.434375 0.34062500000000007 0.35 0.340625 0.35000000000000003 0.4 0.434375 0.4
24 0.521875 0.15937500000000004 0.4453125 0.15937500000000004 0.4453125 0.2156250000000001 0.521875 0.2156250000000001
21 0.609375 0.00312500000000007 0.534375 0.0031250000000000652 0.534375 0.05937500000000007 0.609375 0.05937500000000007
46 0.4468750000000001 0.628125 0.3656250000000001 0.628125 0.3656250000000001 0.83125 0.4468750000000002 0.83125
25 0.5234375 0.2312500000000001 0.4484375 0.2312500000000001 0.4484375 0.2875000000000001 0.5234375 0.2875000000000001
7 0.71875 0.2484375000000001 0.63125 0.2484375000000001 0.63125 0.3062500000000001 0.71875 0.3062500000000001
50 0.3500000000000001 0.7546875 0.2593750000000001 0.7546875 0.2593750000000001 0.8375 0.3500000000000001 0.8375
27 0.6234375 0.3578125000000001 0.5484375 0.3578125000000001 0.5484375 0.4125 0.6234375 0.4125
59 0.6203125 0.2140625000000001 0.5421875 0.2140625000000001 0.5421875 0.27031250000000007 0.6203125 0.27031250000000007
31 0.5328125 0.446875 0.4578125 0.446875 0.4578125 0.503125 0.5328125 0.503125
38 0.6296875 0.5015625 0.5546875 0.5015625 0.5546875 0.55625 0.6296875 0.55625
30 0.9578125 6.946043563913895e-17 0.1765625 2.1622670047445454e-17 0.17656250000000007 1 0.9578125 1
39 0.6375 0.646875 0.55625 0.646875 0.55625 0.703125 0.6375 0.703125
11 0.73125 0.6078125000000001 0.6515625 0.6078125 0.6515625 0.6609375000000001 0.73125 0.6609375000000002
0 0.725 0.4625 0.63125 0.4625 0.63125 0.5203125 0.725 0.5203125
42 0.6109375 0.07187500000000006 0.5390625 0.07187500000000006 0.5390625 0.12968750000000007 0.6109375 0.1296875000000001
29 0.53125 0.3765625000000001 0.4546875 0.3765625000000001 0.4546875 0.4328125 0.53125 0.4328125
9 0.71875 0.3906250000000001 0.6375 0.3906250000000001 0.6375 0.4484375 0.71875 0.4484375
20 0.7375 0.6781250000000001 0.65625 0.678125 0.6562500000000001 0.8109375 0.7375000000000002 0.8109375
40 0.4390625 0.4859375 0.3609375000000001 0.4859375 0.3609375000000001 0.54375 0.4390625 0.54375
15 0.428125 0.19062500000000004 0.35 0.19062500000000004 0.35 0.25000000000000006 0.428125 0.2500000000000001
3 0.7 8.0845823849962e-17 0.6203125 7.596637175960925e-17 0.6203125 0.025000000000000085 0.7 0.025000000000000088
8 0.715625 0.3218750000000001 0.63125 0.3218750000000001 0.63125 0.3781250000000001 0.715625 0.3781250000000001
55 0.4265625 0.11875000000000005 0.3484375 0.11875000000000005 0.3484375 0.17812500000000003 0.4265625 0.17812500000000003
28 0.5296875 0.3031250000000001 0.4515625 0.3031250000000001 0.4515625 0.3593750000000001 0.5296875 0.3593750000000001
35 0.43125 0.2671875 0.3515625 0.2671875 0.3515625 0.32343750000000004 0.43125 0.3234375000000001
51 0.615625 0.14531250000000007 0.540625 0.14531250000000004 0.540625 0.19843750000000007 0.615625 0.1984375000000001
12 0.5390625 0.5921875 0.4625 0.5921875 0.4625 0.65 0.5390625 0.65
36 0.6265625 0.428125 0.5515625 0.428125 0.5515625 0.484375 0.6265625 0.484375
19 0.5140625 0.01562500000000006 0.4375 0.015625000000000056 0.4375 0.07343750000000006 0.5140625 0.07343750000000007
34 0.4421875 0.559375 0.3625000000000001 0.559375 0.3625000000000001 0.61875 0.4421875 0.61875
23 0.5171875 0.08750000000000005 0.4421875 0.08750000000000005 0.4421875 0.14375000000000004 0.5171875 0.14375000000000004
37 0.5359375 0.51875 0.459375 0.51875 0.459375 0.5765625 0.5359375 0.5765625