57 0.821875 0.1468750000000001 0.7375 0.1468750000000001 0.7375 0.1828125000000001 0.821875 0.1828125000000001
11 0.528125 0.5609375 0.4421875 0.5609375 0.4421875 0.6015625 0.528125 0.6015625
45 0.725 8.362041425428021e-17 0.640625 7.845393557037732e-17 0.640625 0.06250000000000008 0.725 0.06250000000000008
24 0.721875 0.2640625000000001 0.6359375 0.2640625000000001 0.6359375 0.3000000000000001 0.721875 0.3000000000000001
38 0.625 0.490625 0.540625 0.490625 0.540625 0.528125 0.625 0.528125
6 0.528125 0.2765625000000001 0.44375 0.2765625000000001 0.44375 0.31718750000000007 0.528125 0.31718750000000007
37 0.725 0.5015625 0.6390625 0.5015625 0.6390625 0.5390625 0.725 0.5390625
21 0.6265625 0.15781250000000008 0.540625 0.15781250000000005 0.540625 0.19531250000000006 0.6265625 0.19531250000000008
2 0.528125 0.08593750000000006 0.4421875 0.08593750000000004 0.4421875 0.12343750000000005 0.528125 0.12343750000000005
10 0.725 0.07343750000000009 0.6390625 0.07343750000000009 0.6390625 0.11093750000000009 0.725 0.11093750000000009
22 0.725 0.634375 0.5359375 0.634375 0.5359375 0.696875 0.725 0.696875
50 0.9234375 0.6437500000000002 0.8359375 0.6437500000000002 0.8359375 0.6953125000000002 0.9234375 0.6953125000000002
29 0.725 0.4078125 0.6390625 0.4078125 0.6390625 0.44375 0.725 0.44375
33 0.8234375 0.3828125000000001 0.7390625 0.3828125000000001 0.7390625 0.4203125000000002 0.8234375 0.4203125000000002
32 0.821875 0.0515625000000001 0.740625 0.05156250000000009 0.740625 0.0875000000000001 0.821875 0.0875000000000001
39 0.6265625 0.5859375 0.540625 0.5859375 0.540625 0.6234375 0.6265625 0.6234375
48 0.528125 0.5140625 0.44375 0.5140625 0.44375 0.5515625 0.528125 0.5515625
20 0.5234375 0.609375 0.4421875 0.609375 0.4421875 0.69375 0.5234375 0.69375
54 0.6265625 0.5390625 0.540625 0.5390625 0.540625 0.5765625 0.6265625 0.5765625
49 0.9203125 1.0763497258131032e-16 0.8375 1.0256416942859082e-16 0.8375 0.039062500000000104 0.9203125 0.03906250000000011
8 0.53125 0.3703125000000001 0.4453125 0.3703125000000001 0.4453125 0.4109375 0.53125 0.4109375
1 0.5265625 0.03906250000000006 0.4421875 0.039062500000000056 0.4421875 0.07656250000000006 0.5265625 0.07656250000000006
41 0.6265625 0.06250000000000007 0.540625 0.06250000000000007 0.540625 0.10000000000000006 0.6265625 0.10000000000000009
44 0.8234375 0.0015625000000000957 0.7421875 0.001562500000000091 0.7421875 0.0390625000000001 0.8234375 0.0390625000000001
27 0.621875 0.3968750000000001 0.540625 0.3968750000000001 0.540625 0.4328125 0.621875 0.4328125
15 0.821875 0.2890625000000001 0.7359375 0.2890625000000001 0.7359375 0.32500000000000007 0.821875 0.32500000000000007
55 0.821875 0.24218750000000008 0.7375 0.24218750000000008 0.7375 0.2765625000000001 0.821875 0.2765625000000001
52 0.6234375 7.11825952004399e-17 0.5390625 6.6016116516537e-17 0.5390625 0.050000000000000065 0.6234375 0.050000000000000065
19 0.725 0.1687500000000001 0.6375 0.1687500000000001 0.6375 0.2062500000000001 0.725 0.2062500000000001
28 0.725 0.3593750000000001 0.6390625 0.3593750000000001 0.6390625 0.3968750000000001 0.725 0.3968750000000001
31 0.7234375 0.4546875 0.6390625 0.4546875 0.6390625 0.490625 0.7234375 0.490625
36 0.6265625 0.44375 0.5421875 0.44375 0.5421875 0.48125 0.6265625 0.48125
9 0.528125 0.41875 0.44375 0.41875 0.44375 0.45625 0.528125 0.45625
34 0.821875 0.5265625000000002 0.7375 0.5265625000000002 0.7375 0.5625000000000002 0.821875 0.5625000000000002
17 0.5265625 5.931882933369991e-17 0.4421875 5.415235064979703e-17 0.4421875 0.026562500000000062 0.5265625 0.026562500000000065
16 0.821875 0.1937500000000001 0.7375 0.1937500000000001 0.7375 0.2296875000000001 0.821875 0.2296875000000001
59 0.6234375 0.3000000000000001 0.5375 0.3000000000000001 0.5375 0.3375000000000001 0.6234375 0.3375000000000001
46 0.821875 0.5750000000000002 0.7375 0.5750000000000002 0.7375 0.6937500000000002 0.821875 0.6937500000000002
30 1 7.233070157464055e-17 0.18125 2.2196723234545777e-17 0.18125000000000008 1 1 1
14 0.925 0.4656250000000002 0.8390625 0.4656250000000002 0.8390625 0.5156250000000002 0.925 0.5156250000000002
18 0.8234375 0.43281250000000016 0.7390625 0.43281250000000016 0.7390625 0.4671875000000002 0.8234375 0.4671875000000002
0 0.53125 0.4671875 0.4453125 0.4671875 0.4453125 0.5046875 0.53125 0.5046875
35 0.8234375 0.3375000000000001 0.7375 0.3375000000000001 0.7375 0.37187500000000007 0.8234375 0.37187500000000007
26 0.7234375 0.5984375 0.6421875 0.5984375 0.6421875 0.6328125 0.7234375 0.6328125
58 0.821875 0.10000000000000009 0.740625 0.10000000000000009 0.740625 0.13437500000000008 0.821875 0.13437500000000008
5 0.528125 0.2296875000000001 0.44375 0.2296875000000001 0.44375 0.2671875000000001 0.528125 0.2671875000000001
53 0.6265625 0.34843750000000007 0.540625 0.34843750000000007 0.540625 0.3859375000000001 0.6265625 0.3859375000000001
40 0.821875 0.47968750000000016 0.740625 0.47968750000000016 0.740625 0.5156250000000002 0.821875 0.5156250000000002
7 0.528125 0.32500000000000007 0.44375 0.32500000000000007 0.44375 0.3625000000000001 0.528125 0.3625000000000001
12 0.725 0.55 0.6375 0.55 0.6375 0.5875 0.725 0.5875
23 0.725 0.2171875000000001 0.6375 0.2171875000000001 0.6375 0.2531250000000001 0.725 0.2531250000000001
56 0.6265625 0.10937500000000007 0.5390625 0.10937500000000004 0.5390625 0.14687500000000006 0.6265625 0.1468750000000001
25 0.7234375 0.3125000000000001 0.6390625 0.3125000000000001 0.6390625 0.34843750000000007 0.7234375 0.34843750000000007
3 0.53125 0.13437500000000005 0.4453125 0.13437500000000005 0.4453125 0.17187500000000006 0.53125 0.17187500000000006
42 0.6265625 0.2062500000000001 0.540625 0.2062500000000001 0.540625 0.24375000000000008 0.6265625 0.24375000000000008
47 0.9390625 0.1656250000000001 0.8359375 0.16562500000000008 0.8359375 0.4593750000000002 0.9390625 0.4593750000000002
43 0.728125 0.1218750000000001 0.6375 0.1218750000000001 0.6375 0.1593750000000001 0.728125 0.1593750000000001
4 0.528125 0.18281250000000004 0.44375 0.18281250000000004 0.44375 0.22031250000000008 0.528125 0.22031250000000008
51 0.6234375 0.2531250000000001 0.5375 0.2531250000000001 0.5375 0.2890625000000001 0.6234375 0.2890625000000001
13 0.925 0.10781250000000012 0.8390625 0.10781250000000009 0.8390625 0.1578125000000001 0.925 0.15781250000000013