47 0.8171875 0.6000000000000001 0.5625 0.6 0.5625 0.6359375 0.8171875 0.6359375000000002
50 0.4015625 0.5984375 0.3546875000000001 0.5984375 0.3546875000000001 0.6359375 0.4015625 0.6359375
32 0.9203125 0.5593750000000002 0.8875 0.5593750000000002 0.8875 0.5937500000000002 0.9203125 0.5937500000000002
37 0.5265625 0.5171875 0.4921875 0.5171875 0.4921875 0.5515625 0.5265625 0.5515625
56 0.8671875 0.4750000000000002 0.834375 0.4750000000000002 0.834375 0.5093750000000001 0.8671875 0.5093750000000001
39 0.453125 0.475 0.41875 0.475 0.41875 0.5125 0.453125 0.5125
20 0.43125 0.434375 0.35625000000000007 0.434375 0.35625000000000007 0.46875 0.43125 0.46875
54 0.49375 0.4765625 0.459375 0.4765625 0.459375 0.5109375 0.49375 0.5109375
18 0.5859375 0.5578125 0.553125 0.5578125 0.553125 0.5921875 0.5859375 0.5921875
26 0.44375 0.5171875 0.409375 0.5171875 0.409375 0.553125 0.44375 0.553125
21 0.8265625 0.47656250000000017 0.7921875 0.47656250000000017 0.7921875 0.5109375000000002 0.8265625 0.5109375000000002
6 0.7234375 0.4328125 0.6890625 0.4328125 0.6890625 0.46875 0.7234375 0.46875
14 0.55625 0.5984375 0.5109375 0.5984375 0.5109375 0.6359375 0.55625 0.6359375
36 0.5765625 0.475 0.54375 0.475 0.54375 0.509375 0.5765625 0.509375
48 0.515625 0.434375 0.48125 0.434375 0.48125 0.4703125 0.515625 0.4703125
10 0.9 0.5171875000000001 0.865625 0.5171875000000001 0.865625 0.5515625000000002 0.9 0.5515625000000002
13 0.86875 0.5984375000000002 0.821875 0.5984375000000002 0.821875 0.6359375000000002 0.86875 0.6359375000000002
28 0.65 0.5171875 0.6171875 0.5171875 0.6171875 0.5515625 0.65 0.5515625
53 0.659375 0.4765625 0.625 0.4765625 0.625 0.5109375 0.659375 0.5109375
33 0.6296875 0.5578125 0.5953125 0.5578125 0.5953125 0.59375 0.6296875 0.59375
15 0.7125 0.55625 0.678125 0.55625 0.678125 0.59375 0.7125 0.59375
4 0.80625 0.43281250000000016 0.7734375 0.43281250000000016 0.7734375 0.4671875000000002 0.80625 0.4671875000000002
30 0.99375 0.35156250000000006 0.018750000000000044 0.3515625 0.018750000000000062 0.6562500000000001 0.99375 0.6562500000000002
16 0.7953125 0.5578125000000002 0.7609375 0.5578125000000002 0.7609375 0.5921875000000002 0.7953125 0.5921875000000002
43 0.859375 0.5171875000000001 0.8265625 0.5171875000000001 0.8265625 0.5515625000000002 0.859375 0.5515625000000002
23 0.775 0.5171875000000001 0.7421875 0.5171875000000001 0.7421875 0.5515625000000002 0.775 0.5515625000000002
38 0.534375 0.4765625 0.503125 0.4765625 0.503125 0.5109375 0.534375 0.5109375
34 0.503125 0.5578125 0.4703125 0.5578125 0.4703125 0.5921875 0.503125 0.5921875
55 0.753125 0.5578125 0.7203125 0.5578125 0.7203125 0.5921875000000001 0.753125 0.5921875000000002
3 0.8484375 0.43281250000000016 0.8140625 0.43281250000000016 0.8140625 0.46875000000000017 0.8484375 0.46875000000000017
40 0.54375 0.5578125 0.5125 0.5578125 0.5125 0.5921875 0.54375 0.5921875
17 0.9734375 0.43281250000000016 0.940625 0.43281250000000016 0.940625 0.4671875000000002 0.9734375 0.4671875000000002
57 0.8359375 0.5578125000000002 0.8046875 0.5578125000000002 0.8046875 0.5921875000000002 0.8359375 0.5921875000000002
44 0.9734375 0.5578125000000002 0.928125 0.5578125000000002 0.928125 0.5921875000000002 0.9734375 0.5921875000000002
29 0.609375 0.5171875 0.5765625 0.5171875 0.5765625 0.5515625 0.609375 0.5515625
35 0.6703125 0.5578125 0.6359375 0.5578125 0.6359375 0.59375 0.6703125 0.59375
2 0.890625 0.4343750000000002 0.85625 0.4343750000000002 0.85625 0.46875000000000017 0.890625 0.46875000000000017
52 0.971875 0.4750000000000002 0.9171875 0.4750000000000002 0.9171875 0.5093750000000001 0.971875 0.5093750000000001
12 0.4828125 0.515625 0.45 0.515625 0.45 0.55 0.4828125 0.55
41 0.9109375 0.47656250000000017 0.8765625 0.47656250000000017 0.8765625 0.5109375000000002 0.9109375 0.5109375000000002
8 0.640625 0.4328125 0.60625 0.4328125 0.60625 0.4703125 0.640625 0.4703125
51 0.7421875 0.4765625000000001 0.709375 0.4765625 0.709375 0.5093750000000001 0.7421875 0.5093750000000001
42 0.784375 0.4750000000000002 0.7515625 0.4750000000000002 0.7515625 0.5093750000000001 0.784375 0.5093750000000001
59 0.7015625 0.4765625 0.66875 0.4765625 0.66875 0.5109375 0.7015625 0.5109375
49 0.975 0.5968750000000002 0.928125 0.5968750000000002 0.928125 0.6375000000000002 0.975 0.6375000000000002
9 0.5984375 0.4328125 0.565625 0.4328125 0.565625 0.4703125 0.5984375 0.4703125
7 0.6828125 0.434375 0.6484375 0.434375 0.6484375 0.46875 0.6828125 0.46875
5 0.765625 0.43281250000000016 0.73125 0.43281250000000016 0.73125 0.46875000000000017 0.765625 0.46875000000000017
24 0.7328125 0.5156250000000001 0.7015625 0.515625 0.7015625 0.55 0.7328125 0.5500000000000002
11 0.471875 0.434375 0.4390625 0.434375 0.4390625 0.46875 0.471875 0.46875
58 0.878125 0.5578125000000002 0.84375 0.5578125000000002 0.84375 0.5921875000000002 0.878125 0.5921875000000002
45 0.971875 0.5171875000000001 0.9078125 0.5171875000000001 0.9078125 0.5515625000000002 0.971875 0.5515625000000002
27 0.6171875 0.475 0.584375 0.475 0.584375 0.509375 0.6171875 0.509375
46 0.4625 0.5578125 0.3578125000000001 0.5578125 0.3578125000000001 0.590625 0.4625 0.590625
25 0.6921875 0.515625 0.659375 0.515625 0.659375 0.55 0.6921875 0.55
19 0.8171875 0.5156250000000002 0.7859375 0.5156250000000002 0.7859375 0.5500000000000002 0.8171875 0.5500000000000002
22 0.4109375 0.4734375 0.3546875000000001 0.4734375 0.3546875000000001 0.5515625 0.4109375 0.5515625
1 0.9328125 0.4343750000000002 0.8984375 0.4343750000000002 0.8984375 0.46875000000000017 0.9328125 0.46875000000000017
0 0.55625 0.4328125 0.521875 0.4328125 0.521875 0.4703125 0.55625 0.4703125
31 0.5671875 0.515625 0.5359375 0.515625 0.5359375 0.55 0.5671875 0.55