36 0.4921875 0.3234375000000001 0.4375 0.3234375000000001 0.4375 0.3937500000000001 0.4921875 0.3937500000000001
31 0.5078125 0.409375 0.45625 0.409375 0.45625 0.4796875 0.5078125 0.4796875
28 0.3750000000000001 0.4125 0.3218750000000001 0.4125 0.3218750000000001 0.4859375 0.3750000000000001 0.4859375
16 0.14218750000000008 0.5109375 0.08437500000000006 0.5109375 0.08437500000000006 0.58125 0.14218750000000008 0.58125
24 0.2406250000000001 0.41875 0.18906250000000005 0.41875 0.18906250000000005 0.490625 0.2406250000000001 0.490625
51 0.22500000000000003 0.3359375 0.17656250000000004 0.3359375 0.17656250000000004 0.403125 0.2250000000000001 0.403125
23 0.17500000000000004 0.421875 0.12343750000000005 0.421875 0.12343750000000005 0.49375 0.17500000000000004 0.49375
5 0.19375000000000003 0.24375 0.14218750000000005 0.24375 0.14218750000000005 0.328125 0.19375000000000003 0.328125
19 0.11093750000000005 0.425 0.057812500000000044 0.425 0.05781250000000006 0.496875 0.11093750000000005 0.496875
4 0.12968750000000004 0.2484375 0.07500000000000002 0.2484375 0.07500000000000004 0.328125 0.12968750000000004 0.328125
47 0.46875 0.5921875 0.046875000000000076 0.5921875 0.04687500000000008 0.68125 0.46875 0.68125
6 0.259375 0.246875 0.20625 0.246875 0.20625 0.3234375 0.259375 0.3234375
20 0.8 0.2156250000000001 0.6734375 0.2156250000000001 0.6734375 0.29375000000000007 0.8 0.29375000000000007
37 0.578125 0.40625 0.5234375 0.40625 0.5234375 0.478125 0.578125 0.478125
38 0.559375 0.3203125000000001 0.50625 0.3203125000000001 0.50625 0.3906250000000001 0.559375 0.3906250000000001
59 0.29218750000000004 0.3296875 0.240625 0.3296875 0.24062500000000003 0.4046875 0.2921875000000001 0.4046875
43 0.045312500000000054 0.4265625 5.223884002612928e-17 0.4265625 5.663991446056509e-17 0.4984375 0.045312500000000054 0.4984375
56 0.03437500000000005 0.34375 4.209723372069027e-17 0.34375 4.62112815615759e-17 0.4109375 0.03437500000000006 0.4109375
3 0.06562500000000003 0.2484375 0.014062500000000028 0.2484375 0.014062500000000033 0.3328125 0.06562500000000004 0.3328125
12 0.646875 0.403125 0.59375 0.403125 0.59375 0.475 0.646875 0.475
0 0.5234375 0.2328125000000001 0.4703125 0.2328125000000001 0.4703125 0.3125000000000001 0.5234375 0.3125000000000001
53 0.3609375 0.3265625 0.3078125 0.3265625 0.30781250000000004 0.4 0.3609375000000001 0.4
54 0.628125 0.3156250000000001 0.575 0.3156250000000001 0.575 0.38750000000000007 0.628125 0.38750000000000007
15 0.2734375000000001 0.5046875 0.21875000000000008 0.5046875 0.21875000000000008 0.5765625 0.2734375000000001 0.5765625
55 0.2093750000000001 0.50625 0.15312500000000004 0.50625 0.15312500000000007 0.5796875 0.2093750000000001 0.5796875
40 0.546875 0.49375 0.490625 0.49375 0.490625 0.56875 0.546875 0.56875
33 0.4125 0.5015625 0.35625000000000007 0.5015625 0.35625000000000007 0.5765625 0.4125 0.5765625
21 0.09687500000000004 0.340625 0.04531250000000005 0.340625 0.04531250000000005 0.4078125 0.09687500000000004 0.4078125
8 0.390625 0.22968750000000004 0.334375 0.2296875 0.334375 0.32812500000000006 0.390625 0.3281250000000001
30 0.9953125 0.06406250000000005 0.0015625000000000077 0.0640625 0.0015625000000000489 0.7375 0.9953125 0.7375000000000002
11 0.659375 0.2234375000000001 0.6078125 0.2234375000000001 0.6078125 0.2984375000000001 0.659375 0.2984375000000001
29 0.4421875 0.4109375 0.3906250000000001 0.4109375 0.3906250000000001 0.48125 0.4421875 0.48125
57 0.07656250000000006 0.5125 0.018750000000000062 0.5125 0.018750000000000065 0.5828125 0.07656250000000006 0.5828125
26 0.71875 0.4 0.6625 0.4 0.6625 0.475 0.71875 0.475
13 0.03906250000000008 0.5984375 7.328745688647442e-17 0.5984375 7.883663769511086e-17 0.6890625 0.03906250000000009 0.6890625
18 0.4765625 0.496875 0.4234375 0.496875 0.4234375 0.5703125 0.4765625 0.5703125
9 0.45625 0.22812500000000008 0.403125 0.22812500000000008 0.403125 0.3234375000000001 0.45625 0.3234375000000001
35 0.34062500000000007 0.503125 0.2875000000000001 0.503125 0.2875000000000001 0.575 0.34062500000000007 0.575
50 0.821875 0.5765625000000002 0.74375 0.5765625000000002 0.74375 0.6656250000000001 0.821875 0.6656250000000001
46 0.8171875 0.48906250000000007 0.625 0.4890625 0.625 0.5640625000000001 0.8171875 0.5640625000000001
14 0.553125 0.5828125 0.4703125 0.5828125 0.4703125 0.675 0.553125 0.675
42 0.16250000000000003 0.3375 0.10937500000000004 0.3375 0.10937500000000004 0.40625 0.16250000000000003 0.40625
48 0.590625 0.22656250000000008 0.5359375 0.22656250000000008 0.5359375 0.3078125000000001 0.590625 0.3078125000000001
27 0.4234375 0.32500000000000007 0.3734375 0.32500000000000007 0.37343750000000003 0.3968750000000001 0.4234375 0.3968750000000001
22 0.8078125 0.3062500000000001 0.7078125 0.3062500000000001 0.7078125 0.4750000000000001 0.8078125 0.4750000000000002
39 0.6984375 0.3125000000000001 0.6453125 0.3125000000000001 0.6453125 0.38750000000000007 0.6984375 0.38750000000000007
34 0.6171875 0.4921875 0.559375 0.4921875 0.559375 0.5671875 0.6171875 0.5671875
25 0.3046875000000001 0.4171875 0.25468750000000007 0.4171875 0.25468750000000007 0.4890625 0.3046875000000001 0.4890625
7 0.3234375 0.2375 0.26875 0.2375 0.26875 0.325 0.3234375 0.325