13 0.7640625 0.14843750000000008 0.6921875 0.14843750000000008 0.6921875 0.19531250000000008 0.7640625 0.19531250000000008
39 0.5234375 0.5828125 0.453125 0.5828125 0.453125 0.6171875 0.5234375 0.6171875
14 0.7671875 0.4718750000000001 0.690625 0.471875 0.690625 0.5218750000000001 0.7671875 0.5218750000000002
10 0.6 0.11406250000000007 0.534375 0.11406250000000004 0.534375 0.15000000000000008 0.6 0.15000000000000008
46 0.678125 0.571875 0.6140625 0.571875 0.6140625 0.68125 0.678125 0.68125
57 0.678125 0.18125000000000008 0.6140625 0.18125000000000008 0.6140625 0.2156250000000001 0.678125 0.2156250000000001
55 0.6796875 0.2671875000000001 0.6109375 0.2671875000000001 0.6109375 0.30156250000000007 0.6796875 0.30156250000000007
51 0.51875 0.2796875000000001 0.453125 0.2796875000000001 0.453125 0.3109375000000001 0.51875 0.3109375000000001
54 0.5203125 0.5375 0.4546875 0.5375 0.4546875 0.5734375 0.5203125 0.5734375
48 0.440625 0.515625 0.37187500000000007 0.515625 0.37187500000000007 0.553125 0.440625 0.553125
52 0.51875 0.03906250000000006 0.453125 0.039062500000000056 0.453125 0.09531250000000005 0.51875 0.09531250000000006
1 0.440625 0.08125000000000004 0.371875 0.08125000000000004 0.371875 0.11562500000000005 0.440625 0.11562500000000005
40 0.6796875 0.484375 0.6140625 0.484375 0.6140625 0.51875 0.6796875 0.51875
59 0.5203125 0.3218750000000001 0.4546875 0.3218750000000001 0.4546875 0.35625000000000007 0.5203125 0.35625000000000007
20 0.4390625 0.6046875 0.3750000000000001 0.6046875 0.3750000000000001 0.6828125 0.4390625 0.6828125
22 0.603125 0.625 0.45 0.625 0.45 0.684375 0.603125 0.684375
12 0.6 0.55 0.53125 0.55 0.53125 0.584375 0.6 0.584375
50 0.765625 0.6359375 0.690625 0.6359375 0.690625 0.6859375000000001 0.765625 0.6859375000000002
26 0.6 0.5921875 0.53125 0.5921875 0.53125 0.6265625 0.6 0.6265625
37 0.6015625 0.50625 0.5328125 0.50625 0.5328125 0.540625 0.6015625 0.540625
31 0.6 0.4625 0.534375 0.4625 0.534375 0.496875 0.6 0.496875
3 0.440625 0.16875000000000004 0.3703125 0.16875000000000004 0.3703125 0.20468750000000008 0.440625 0.20468750000000008
33 0.6828125 0.3968750000000001 0.6140625 0.3968750000000001 0.6140625 0.434375 0.6828125 0.434375
18 0.6796875 0.4421875 0.6140625 0.4421875 0.6140625 0.4765625 0.6796875 0.4765625
11 0.440625 0.5609375 0.37187500000000007 0.5609375 0.37187500000000007 0.5953125 0.440625 0.5953125
58 0.6796875 0.1375000000000001 0.6140625 0.1375000000000001 0.6140625 0.17343750000000008 0.6796875 0.17343750000000008
32 0.6796875 0.09375000000000008 0.6140625 0.09375000000000007 0.6140625 0.1281250000000001 0.6796875 0.1281250000000001
9 0.4421875 0.4296875 0.37187500000000007 0.4296875 0.37187500000000007 0.4640625 0.4421875 0.4640625
7 0.440625 0.3421875000000001 0.371875 0.3421875000000001 0.37187500000000007 0.3781250000000001 0.440625 0.3781250000000001
43 0.6015625 0.15781250000000008 0.5328125 0.15781250000000005 0.5328125 0.19218750000000007 0.6015625 0.1921875000000001
19 0.6 0.2000000000000001 0.534375 0.2000000000000001 0.534375 0.23593750000000008 0.6 0.23593750000000008
44 0.6796875 0.037500000000000075 0.6140625 0.037500000000000075 0.6140625 0.08437500000000007 0.6796875 0.08437500000000009
35 0.6828125 0.3546875000000001 0.6125 0.3546875000000001 0.6125 0.3906250000000001 0.6828125 0.3906250000000001
28 0.6 0.3750000000000001 0.534375 0.3750000000000001 0.534375 0.409375 0.6 0.409375
49 0.765625 0.03593750000000009 0.690625 0.03593750000000009 0.690625 0.08593750000000008 0.765625 0.08593750000000008
17 0.440625 0.03750000000000005 0.371875 0.03750000000000005 0.371875 0.07187500000000005 0.440625 0.07187500000000005
2 0.4421875 0.12500000000000006 0.371875 0.12500000000000006 0.371875 0.16093750000000004 0.4421875 0.16093750000000004
45 0.6015625 0.04062500000000007 0.5359375 0.040625000000000064 0.5359375 0.10781250000000006 0.6015625 0.10781250000000009
15 0.6796875 0.3109375000000001 0.6109375 0.3109375000000001 0.6109375 0.3468750000000001 0.6796875 0.3468750000000001
4 0.440625 0.21250000000000008 0.3703125 0.21250000000000008 0.3703125 0.2468750000000001 0.440625 0.2468750000000001
24 0.596875 0.2890625000000001 0.53125 0.2890625000000001 0.53125 0.3234375000000001 0.596875 0.3234375000000001
41 0.521875 0.10312500000000005 0.453125 0.10312500000000005 0.453125 0.13906250000000003 0.521875 0.13906250000000003
27 0.51875 0.409375 0.4546875 0.409375 0.4546875 0.44375 0.51875 0.44375
42 0.521875 0.23593750000000008 0.453125 0.23593750000000008 0.453125 0.27031250000000007 0.521875 0.27031250000000007
53 0.5203125 0.3656250000000001 0.4546875 0.3656250000000001 0.4546875 0.4015625 0.5203125 0.4015625
56 0.5203125 0.14843750000000006 0.4546875 0.14843750000000006 0.4546875 0.18281250000000004 0.5203125 0.18281250000000004
5 0.440625 0.25468750000000007 0.3703125 0.25468750000000007 0.3703125 0.2906250000000001 0.440625 0.2906250000000001
38 0.521875 0.4953125 0.453125 0.4953125 0.453125 0.5296875 0.521875 0.5296875
8 0.4421875 0.3859375000000001 0.37187500000000007 0.3859375000000001 0.37187500000000007 0.421875 0.4421875 0.421875
23 0.6 0.2453125000000001 0.534375 0.2453125000000001 0.534375 0.2796875000000001 0.6 0.2796875000000001
29 0.6 0.4203125 0.534375 0.4203125 0.534375 0.4515625 0.6 0.4515625
16 0.6796875 0.2234375000000001 0.6109375 0.2234375000000001 0.6109375 0.2593750000000001 0.6796875 0.2593750000000001
6 0.440625 0.2984375000000001 0.3703125 0.2984375000000001 0.3703125 0.3343750000000001 0.440625 0.3343750000000001
0 0.4421875 0.4734375 0.3703125000000001 0.4734375 0.3703125000000001 0.509375 0.4421875 0.509375
21 0.51875 0.19062500000000004 0.453125 0.19062500000000004 0.453125 0.22656250000000008 0.51875 0.22656250000000008
47 0.7671875 0.2015625000000001 0.690625 0.2015625000000001 0.690625 0.4687500000000001 0.7671875 0.46875000000000017
25 0.6 0.3312500000000001 0.534375 0.3312500000000001 0.534375 0.3656250000000001 0.6 0.3656250000000001
34 0.6796875 0.528125 0.6140625 0.528125 0.6140625 0.5640625 0.6796875 0.5640625
36 0.5203125 0.453125 0.4546875 0.453125 0.4546875 0.4875 0.5203125 0.4875
30 0.8046875 0.015625000000000062 0.20625 0.015625000000000028 0.20625000000000004 1 0.8046875 1