3 0.2171875000000001 0.446875 0.18593750000000003 0.446875 0.18593750000000003 0.50625 0.2171875000000001 0.50625
14 0.4921875000000001 0.7234375 0.45 0.7234375 0.45000000000000007 0.7796875 0.49218750000000017 0.7796875
26 0.6 0.5875 0.5671875 0.5875 0.5671875 0.6484375 0.6 0.6484375
35 0.3843750000000001 0.6515625 0.3531250000000001 0.6515625 0.3531250000000001 0.709375 0.3843750000000001 0.709375
41 0.15937500000000007 0.5140625 0.12812500000000004 0.5140625 0.12812500000000007 0.571875 0.1593750000000001 0.571875
2 0.17656250000000004 0.4484375 0.14531250000000004 0.4484375 0.14531250000000004 0.50625 0.17656250000000004 0.50625
13 0.2171875000000001 0.7171875 0.1750000000000001 0.7171875 0.1750000000000001 0.775 0.2171875000000001 0.775
49 0.11562500000000009 0.7171875 0.0671875000000001 0.7171875 0.0671875000000001 0.775 0.11562500000000009 0.775
6 0.3343750000000001 0.4484375 0.3031250000000001 0.4484375 0.3031250000000001 0.5078125 0.3343750000000001 0.5078125
56 0.19843750000000007 0.5140625 0.16875000000000004 0.5140625 0.16875000000000007 0.5734375 0.1984375000000001 0.5734375
47 0.4453125000000001 0.71875 0.2250000000000001 0.71875 0.2250000000000001 0.7984375 0.44531250000000017 0.7984375
40 0.5 0.6546875 0.46875 0.6546875 0.46875 0.7125 0.5 0.7125
59 0.3546875000000001 0.5171875 0.32500000000000007 0.5171875 0.32500000000000007 0.575 0.3546875000000001 0.575
48 0.53125 0.4515625 0.4984375 0.4515625 0.4984375 0.5125 0.53125 0.5125
21 0.23593750000000008 0.515625 0.2078125000000001 0.515625 0.2078125000000001 0.571875 0.23593750000000008 0.571875
33 0.421875 0.6515625 0.3906250000000001 0.6515625 0.3906250000000001 0.7125 0.421875 0.7125
20 0.6515625 0.4546875 0.578125 0.4546875 0.578125 0.5109375 0.6515625 0.5109375
34 0.540625 0.6546875 0.509375 0.6546875 0.509375 0.7140625 0.540625 0.7140625
53 0.39531250000000007 0.51875 0.36406250000000007 0.51875 0.36406250000000007 0.5765625 0.39531250000000007 0.5765625
19 0.2468750000000001 0.58125 0.2171875000000001 0.58125 0.2171875000000001 0.640625 0.2468750000000001 0.640625
57 0.22656250000000008 0.65 0.19687500000000008 0.65 0.19687500000000008 0.70625 0.22656250000000008 0.70625
45 0.1281250000000001 0.5828125 0.07031250000000007 0.5828125 0.07031250000000008 0.6390625 0.1281250000000001 0.6390625
50 0.6500000000000001 0.725 0.596875 0.725 0.596875 0.784375 0.6500000000000001 0.784375
22 0.65 0.5203125 0.5984375 0.5203125 0.5984375 0.65 0.65 0.65
55 0.3062500000000001 0.65 0.2765625000000001 0.65 0.2765625000000001 0.7078125 0.3062500000000001 0.7078125
8 0.4140625 0.45 0.3812500000000001 0.45 0.3812500000000001 0.5109375 0.4140625 0.5109375
31 0.48125 0.5875 0.45 0.5875 0.45 0.6453125 0.48125 0.6453125
27 0.4328125 0.5171875 0.4015625 0.5171875 0.4015625 0.575 0.4328125 0.575
38 0.5109375 0.51875 0.4796875 0.51875 0.4796875 0.5765625 0.5109375 0.5765625
0 0.4921875 0.45 0.459375 0.45 0.459375 0.5109375 0.4921875 0.5109375
29 0.44375 0.584375 0.4125 0.584375 0.4125 0.64375 0.44375 0.64375
11 0.5703125 0.453125 0.5390625 0.453125 0.5390625 0.5109375 0.5703125 0.5109375
58 0.18750000000000008 0.6484375 0.15625000000000008 0.6484375 0.15625000000000008 0.7078125 0.18750000000000008 0.7078125
32 0.14843750000000008 0.6484375 0.11718750000000008 0.6484375 0.11718750000000008 0.709375 0.14843750000000008 0.709375
16 0.2671875000000001 0.6484375 0.23593750000000008 0.6484375 0.23593750000000008 0.7078125 0.2671875000000001 0.7078125
24 0.32500000000000007 0.5828125 0.2953125000000001 0.5828125 0.2953125000000001 0.640625 0.32500000000000007 0.640625
12 0.559375 0.5859375 0.528125 0.5859375 0.528125 0.646875 0.559375 0.646875
4 0.25468750000000007 0.4484375 0.2250000000000001 0.4484375 0.2250000000000001 0.50625 0.25468750000000007 0.50625
54 0.55 0.5203125 0.51875 0.5203125 0.51875 0.5796875 0.55 0.5796875
28 0.403125 0.584375 0.3734375000000001 0.584375 0.3734375000000001 0.6453125 0.403125 0.6453125
51 0.3156250000000001 0.515625 0.2843750000000001 0.515625 0.2843750000000001 0.5734375 0.3156250000000001 0.5734375
17 0.09531250000000005 0.446875 0.06562500000000004 0.446875 0.06562500000000006 0.503125 0.09531250000000006 0.503125
7 0.3750000000000001 0.4484375 0.3437500000000001 0.4484375 0.3437500000000001 0.509375 0.3750000000000001 0.509375
46 0.6484375 0.6578125 0.55 0.6578125 0.55 0.715625 0.6484375 0.715625
37 0.521875 0.5875 0.4890625 0.5875 0.4890625 0.6453125 0.521875 0.6453125
42 0.2765625000000001 0.515625 0.2468750000000001 0.515625 0.2468750000000001 0.571875 0.2765625000000001 0.571875
1 0.13593750000000004 0.446875 0.10468750000000004 0.446875 0.10468750000000004 0.503125 0.13593750000000004 0.503125
39 0.5890625 0.5203125 0.55625 0.5203125 0.55625 0.5796875 0.5890625 0.5796875
5 0.2953125000000001 0.4484375 0.2640625000000001 0.4484375 0.2640625000000001 0.5078125 0.2953125000000001 0.5078125
52 0.11875000000000006 0.5125 0.06875000000000006 0.5125 0.06875000000000006 0.5703125 0.11875000000000009 0.5703125
15 0.3437500000000001 0.6515625 0.3140625000000001 0.6515625 0.3140625000000001 0.709375 0.3437500000000001 0.709375
43 0.2078125000000001 0.5828125 0.1765625000000001 0.5828125 0.1765625000000001 0.640625 0.2078125000000001 0.640625
44 0.1062500000000001 0.65 0.0671875000000001 0.65 0.0671875000000001 0.70625 0.1062500000000001 0.70625
25 0.36406250000000007 0.584375 0.3343750000000001 0.584375 0.3343750000000001 0.6421875 0.36406250000000007 0.6421875
23 0.28593750000000007 0.5828125 0.2562500000000001 0.5828125 0.2562500000000001 0.6390625 0.28593750000000007 0.6390625
10 0.1687500000000001 0.5828125 0.1375000000000001 0.5828125 0.1375000000000001 0.640625 0.1687500000000001 0.640625
30 0.975 0.27656250000000004 3.386913803891899e-17 0.2765625 6.764260054665459e-17 0.828125 0.975 0.828125
9 0.453125 0.45 0.4203125 0.45 0.4203125 0.5109375 0.453125 0.5109375
36 0.4734375 0.51875 0.440625 0.51875 0.440625 0.5765625 0.4734375 0.5765625
18 0.4609375 0.653125 0.4296875 0.653125 0.4296875 0.7140625 0.4609375 0.7140625