7 0.3500000000000001 0.4984375 0.31718750000000007 0.4984375 0.31718750000000007 0.5359375 0.3500000000000001 0.5359375
34 0.5328125 0.6296875 0.5 0.6296875 0.5 0.665625 0.5328125 0.665625
2 0.13437500000000005 0.4984375 0.10000000000000005 0.4984375 0.10000000000000005 0.5375 0.13437500000000005 0.5375
17 0.04687500000000006 0.496875 0.012500000000000061 0.496875 0.012500000000000063 0.5359375 0.04687500000000007 0.5359375
29 0.425 0.5859375 0.3921875000000001 0.5859375 0.3921875000000001 0.621875 0.425 0.621875
14 0.4921875 0.6734375 0.4453125 0.6734375 0.4453125 0.7109375 0.4921875 0.7109375
59 0.3281250000000001 0.5421875 0.2953125000000001 0.5421875 0.2953125000000001 0.5796875 0.3281250000000001 0.5796875
4 0.22031250000000008 0.4984375 0.18593750000000003 0.4984375 0.18593750000000003 0.5359375 0.22031250000000008 0.5359375
9 0.4375 0.4984375 0.403125 0.4984375 0.403125 0.5359375 0.4375 0.5359375
58 0.1437500000000001 0.6296875 0.11093750000000009 0.6296875 0.11093750000000009 0.665625 0.1437500000000001 0.665625
19 0.2093750000000001 0.5859375 0.1765625000000001 0.5859375 0.1765625000000001 0.6234375 0.2093750000000001 0.6234375
38 0.5015625 0.5421875 0.46875 0.5421875 0.46875 0.5796875 0.5015625 0.5796875
31 0.46875 0.5875 0.4359375 0.5875 0.4359375 0.6234375 0.46875 0.6234375
11 0.5671875 0.4984375 0.5328125 0.4984375 0.5328125 0.5375 0.5671875 0.5375
53 0.37187500000000007 0.5421875 0.3390625000000001 0.5421875 0.3390625000000001 0.5796875 0.37187500000000007 0.5796875
33 0.40625 0.6296875 0.37187500000000007 0.6296875 0.37187500000000007 0.6671875 0.40625 0.6671875
41 0.11250000000000007 0.5421875 0.07812500000000007 0.5421875 0.07812500000000007 0.5796875 0.11250000000000009 0.5796875
39 0.5875 0.5421875 0.5546875 0.5421875 0.5546875 0.578125 0.5875 0.578125
37 0.5125 0.5859375 0.478125 0.5859375 0.478125 0.621875 0.5125 0.621875
44 0.05781250000000008 0.628125 0.012500000000000077 0.628125 0.01250000000000008 0.665625 0.057812500000000086 0.665625
36 0.4578125 0.54375 0.425 0.54375 0.425 0.578125 0.4578125 0.578125
54 0.5453125 0.5421875 0.5125 0.5421875 0.5125 0.5796875 0.5453125 0.5796875
21 0.19843750000000007 0.5421875 0.16562500000000005 0.5421875 0.16562500000000008 0.578125 0.1984375000000001 0.578125
24 0.2953125000000001 0.5859375 0.26250000000000007 0.5859375 0.26250000000000007 0.621875 0.2953125000000001 0.621875
52 0.06875000000000006 0.5421875 0.015625000000000066 0.5421875 0.01562500000000007 0.578125 0.06875000000000006 0.578125
28 0.3828125000000001 0.5859375 0.3500000000000001 0.5859375 0.3500000000000001 0.621875 0.3828125000000001 0.621875
46 0.653125 0.6296875 0.5453125 0.6296875 0.5453125 0.665625 0.653125 0.665625
32 0.10156250000000008 0.628125 0.06875000000000006 0.628125 0.06875000000000007 0.665625 0.10156250000000008 0.665625
26 0.5984375 0.5859375 0.565625 0.5859375 0.565625 0.621875 0.5984375 0.621875
18 0.4484375 0.6296875 0.415625 0.6296875 0.415625 0.6671875 0.4484375 0.6671875
16 0.2312500000000001 0.6296875 0.1984375000000001 0.6296875 0.1984375000000001 0.665625 0.2312500000000001 0.665625
6 0.3078125000000001 0.4984375 0.2734375000000001 0.4984375 0.2734375000000001 0.5359375 0.3078125000000001 0.5359375
0 0.48125 0.4984375 0.446875 0.4984375 0.446875 0.5359375 0.48125 0.5359375
42 0.24218750000000008 0.540625 0.2078125000000001 0.540625 0.2078125000000001 0.578125 0.24218750000000008 0.578125
30 1 0.41875000000000007 5.128208471429541e-17 0.41875 7.156529732517345e-17 0.7500000000000001 1 0.7500000000000002
23 0.2515625000000001 0.5859375 0.21875000000000008 0.5859375 0.21875000000000008 0.621875 0.2515625000000001 0.621875
15 0.3187500000000001 0.6296875 0.2843750000000001 0.6296875 0.2843750000000001 0.665625 0.3187500000000001 0.665625
10 0.1218750000000001 0.584375 0.08906250000000007 0.584375 0.08906250000000007 0.621875 0.1218750000000001 0.621875
1 0.08906250000000007 0.5 0.056250000000000064 0.5 0.056250000000000064 0.5359375 0.08906250000000007 0.5359375
51 0.2843750000000001 0.5421875 0.2515625000000001 0.5421875 0.2515625000000001 0.578125 0.2843750000000001 0.578125
5 0.2640625000000001 0.5 0.2296875000000001 0.5 0.2296875000000001 0.5359375 0.2640625000000001 0.5359375
55 0.2750000000000001 0.6296875 0.24218750000000008 0.6296875 0.24218750000000008 0.665625 0.2750000000000001 0.665625
57 0.18750000000000008 0.628125 0.1546875000000001 0.628125 0.1546875000000001 0.665625 0.18750000000000008 0.665625
43 0.16406250000000008 0.584375 0.1312500000000001 0.584375 0.1312500000000001 0.621875 0.16406250000000008 0.621875
25 0.3390625000000001 0.5859375 0.3062500000000001 0.5859375 0.3062500000000001 0.621875 0.3390625000000001 0.621875
50 0.65625 0.6734375 0.609375 0.6734375 0.609375 0.7109375 0.65625 0.7109375
12 0.55625 0.5859375 0.521875 0.5859375 0.521875 0.6234375 0.55625 0.6234375
47 0.4390625 0.671875 0.17343750000000008 0.671875 0.17343750000000008 0.7109375 0.4390625 0.7109375
13 0.16562500000000008 0.671875 0.12031250000000009 0.671875 0.12031250000000009 0.7109375 0.16562500000000008 0.7109375
20 0.653125 0.4984375 0.578125 0.4984375 0.578125 0.534375 0.653125 0.534375
40 0.4921875 0.6296875 0.459375 0.6296875 0.459375 0.665625 0.4921875 0.665625
45 0.07968750000000006 0.5859375 0.014062500000000071 0.5859375 0.014062500000000075 0.621875 0.07968750000000006 0.621875
8 0.3937500000000001 0.4984375 0.3593750000000001 0.4984375 0.3593750000000001 0.5375 0.3937500000000001 0.5375
35 0.3609375000000001 0.6296875 0.3281250000000001 0.6296875 0.3281250000000001 0.6671875 0.3609375000000001 0.6671875
22 0.6546875 0.540625 0.5984375 0.540625 0.5984375 0.6234375 0.6546875 0.6234375
27 0.4140625 0.5421875 0.3828125000000001 0.5421875 0.3828125000000001 0.578125 0.4140625 0.578125
49 0.057812500000000086 0.671875 0.012500000000000084 0.671875 0.012500000000000086 0.7109375 0.057812500000000086 0.7109375
3 0.17812500000000003 0.4984375 0.14218750000000005 0.4984375 0.14218750000000005 0.5375 0.17812500000000003 0.5375
48 0.525 0.5 0.490625 0.5 0.490625 0.5375 0.525 0.5375
56 0.15625000000000006 0.5421875 0.12187500000000004 0.5421875 0.12187500000000007 0.5796875 0.15625000000000008 0.5796875