40 0.4125 0.46875 0.3515625000000001 0.46875 0.3515625000000001 0.503125 0.4125 0.503125
32 0.2656250000000001 0.8234375 0.2015625000000001 0.8234375 0.2015625000000001 0.8546875 0.2656250000000001 0.8546875
25 0.4265625 0.6140625 0.36406250000000007 0.6140625 0.36406250000000007 0.6484375 0.4265625 0.6484375
28 0.4421875 0.575 0.3765625000000001 0.575 0.3765625000000001 0.609375 0.4421875 0.609375
47 0.3281250000000001 0.5046875 0.16875000000000004 0.5046875 0.16875000000000007 0.7484375 0.3281250000000001 0.7484375
35 0.3656250000000001 0.584375 0.30156250000000007 0.584375 0.30156250000000007 0.61875 0.3656250000000001 0.61875
22 0.6125 0.3343750000000001 0.478125 0.3343750000000001 0.478125 0.3968750000000001 0.6125 0.3968750000000001
37 0.4890625 0.459375 0.428125 0.459375 0.428125 0.49375 0.4890625 0.49375
30 0.95 0.0015625000000000597 0.021875 0.0015625000000000027 0.021875000000000058 0.9703125 0.95 0.9703125
4 0.5203125000000002 0.7390625 0.45625000000000016 0.7390625 0.45625000000000016 0.7734375 0.5203125000000002 0.7734375
1 0.47187500000000016 0.859375 0.4078125000000002 0.859375 0.4078125000000002 0.890625 0.47187500000000016 0.890625
13 0.2234375000000001 0.7546875 0.1515625000000001 0.7546875 0.1515625000000001 0.7984375 0.2234375000000001 0.7984375
3 0.5046875000000002 0.778125 0.4390625000000002 0.778125 0.4390625000000002 0.8125 0.5046875000000002 0.8125
14 0.3453125000000001 0.4578125 0.2765625000000001 0.4578125 0.2765625000000001 0.5046875 0.3453125000000001 0.5046875
8 0.5859375 0.5828125 0.5203125 0.5828125 0.5203125 0.6171875 0.5859375 0.6171875
38 0.553125 0.4796875 0.4921875 0.4796875 0.4921875 0.5109375 0.553125 0.5109375
51 0.475 0.671875 0.4109375 0.671875 0.4109375 0.703125 0.475 0.703125
27 0.521875 0.5546875 0.4609375 0.5546875 0.4609375 0.5890625 0.521875 0.5890625
59 0.490625 0.6328125 0.428125 0.6328125 0.428125 0.6640625 0.490625 0.6640625
48 0.63125 0.4671875 0.5671875 0.4671875 0.5671875 0.5015625 0.63125 0.5015625
50 0.409375 0.3140625 0.3375 0.3140625 0.3375 0.3609375 0.409375 0.3609375000000001
19 0.3765625000000001 0.73125 0.3109375000000001 0.73125 0.3109375000000001 0.765625 0.3765625000000001 0.765625
36 0.5375 0.515625 0.475 0.515625 0.475 0.55 0.5375 0.55
10 0.3437500000000001 0.8109375 0.2765625000000001 0.8109375 0.2765625000000001 0.8453125 0.3437500000000001 0.8453125
20 0.678125 0.3546875000000001 0.6 0.3546875000000001 0.6 0.4234375 0.678125 0.4234375
2 0.48750000000000016 0.8171875 0.4234375000000002 0.8171875 0.4234375000000002 0.8515625 0.48750000000000016 0.8515625
58 0.2812500000000001 0.7828125 0.21875000000000008 0.7828125 0.21875000000000008 0.8140625 0.2812500000000001 0.8140625
7 0.56875 0.621875 0.5046875 0.621875 0.5046875 0.65625 0.56875 0.65625
57 0.2984375000000001 0.74375 0.23593750000000008 0.74375 0.23593750000000008 0.775 0.2984375000000001 0.775
12 0.50625 0.421875 0.44375 0.421875 0.44375 0.45625 0.50625 0.45625
45 0.32500000000000007 0.8515625 0.2500000000000001 0.8515625 0.2500000000000001 0.9125 0.32500000000000007 0.9125
5 0.5359375000000001 0.7 0.471875 0.7 0.4718750000000001 0.734375 0.5359375000000002 0.734375
21 0.44062500000000016 0.75 0.3781250000000001 0.75 0.3781250000000001 0.784375 0.44062500000000016 0.784375
34 0.43125 0.4296875 0.3671875000000001 0.4296875 0.3671875000000001 0.4640625 0.43125 0.4640625
46 0.471875 0.3312500000000001 0.384375 0.3312500000000001 0.384375 0.421875 0.471875 0.421875
0 0.6171875 0.50625 0.553125 0.50625 0.553125 0.540625 0.6171875 0.540625
15 0.3500000000000001 0.6234375 0.2843750000000001 0.6234375 0.2843750000000001 0.6578125 0.3500000000000001 0.6578125
23 0.3937500000000001 0.69375 0.3296875000000001 0.69375 0.3296875000000001 0.725 0.3937500000000001 0.725
53 0.50625 0.59375 0.44375 0.59375 0.44375 0.628125 0.50625 0.628125
43 0.3609375000000001 0.7703125 0.2953125000000001 0.7703125 0.2953125000000001 0.8046875 0.3609375000000001 0.8046875
17 0.45625000000000016 0.9 0.3921875000000001 0.9 0.3921875000000001 0.93125 0.45625000000000016 0.93125
44 0.2484375000000001 0.8625 0.17968750000000008 0.8625 0.17968750000000008 0.9046875 0.2484375000000001 0.9046875
29 0.4578125 0.5359375 0.39531250000000007 0.5359375 0.39531250000000007 0.5703125 0.4578125 0.5703125
42 0.4593750000000001 0.7109375 0.3937500000000001 0.7109375 0.3937500000000001 0.7421875 0.4593750000000002 0.7421875
31 0.4734375 0.4984375 0.4109375 0.4984375 0.4109375 0.5328125 0.4734375 0.5328125
26 0.521875 0.3843750000000001 0.459375 0.3843750000000001 0.459375 0.41875 0.521875 0.41875
52 0.39531250000000007 0.8703125 0.3203125000000001 0.8703125 0.3203125000000001 0.921875 0.39531250000000007 0.921875
11 0.6484375 0.43125 0.5859375 0.43125 0.5859375 0.4625 0.6484375 0.4625
54 0.571875 0.440625 0.509375 0.440625 0.509375 0.471875 0.571875 0.471875
55 0.3343750000000001 0.6625 0.2687500000000001 0.6625 0.2687500000000001 0.696875 0.3343750000000001 0.696875
16 0.3156250000000001 0.703125 0.2515625000000001 0.703125 0.2515625000000001 0.7375 0.3156250000000001 0.7375
39 0.5859375 0.4015625 0.5234375 0.4015625 0.5234375 0.4359375 0.5859375 0.4359375
33 0.3828125000000001 0.546875 0.31718750000000007 0.546875 0.31718750000000007 0.58125 0.3828125000000001 0.58125
9 0.6 0.54375 0.5359375 0.54375 0.5359375 0.578125 0.6 0.578125
56 0.4265625000000002 0.7890625 0.3609375000000001 0.7890625 0.3609375000000001 0.8234375 0.4265625000000002 0.8234375
24 0.409375 0.6515625 0.3453125000000001 0.6515625 0.3453125000000001 0.6859375 0.409375 0.6859375
41 0.40937500000000016 0.828125 0.3437500000000001 0.828125 0.3437500000000001 0.8625 0.40937500000000016 0.8625
18 0.3984375000000001 0.5078125 0.3343750000000001 0.5078125 0.3343750000000001 0.5421875 0.3984375000000001 0.5421875
6 0.553125 0.6609375 0.4875 0.6609375 0.4875 0.6953125 0.553125 0.6953125
49 0.17968750000000008 0.8546875 0.10156250000000008 0.8546875 0.10156250000000008 0.8984375 0.17968750000000008 0.8984375