4 0.8078125 0.2765625000000001 0.7734375 0.2765625000000001 0.7734375 0.3765625000000001 0.8078125 0.3765625000000001
17 0.978125 0.2734375000000001 0.94375 0.2734375000000001 0.94375 0.3734375000000001 0.978125 0.3734375000000001
24 0.734375 0.5062500000000001 0.7015625 0.50625 0.7015625 0.6046875 0.734375 0.6046875000000002
25 0.6921875 0.50625 0.659375 0.50625 0.659375 0.6046875 0.6921875 0.6046875
14 0.5546875000000002 0.740625 0.5109375000000002 0.740625 0.5109375000000002 0.84375 0.5546875000000002 0.84375
26 0.4390625 0.5046875 0.40625 0.5046875 0.40625 0.60625 0.4390625 0.60625
1 0.934375 0.2765625000000001 0.9015625 0.2765625000000001 0.9015625 0.3765625000000001 0.934375 0.3765625000000001
22 0.40625 0.38593750000000004 0.3500000000000001 0.3859375 0.3500000000000001 0.6078125 0.40625 0.6078125
59 0.7015625 0.3921875000000001 0.66875 0.3921875000000001 0.66875 0.4890625 0.7015625 0.4890625
36 0.575 0.3937500000000001 0.5421875 0.3937500000000001 0.5421875 0.4875 0.575 0.4875
51 0.74375 0.3890625000000001 0.7109375 0.3890625000000001 0.7109375 0.48906250000000007 0.74375 0.4890625000000002
31 0.565625 0.50625 0.5328125 0.50625 0.5328125 0.60625 0.565625 0.60625
19 0.81875 0.5062500000000002 0.7859375 0.5062500000000002 0.7859375 0.6062500000000002 0.81875 0.6062500000000002
44 0.978125 0.6234375000000002 0.934375 0.6234375000000002 0.934375 0.7203125000000001 0.978125 0.7203125000000001
53 0.659375 0.3906250000000001 0.6265625 0.3906250000000001 0.6265625 0.4890625 0.659375 0.4890625
13 0.871875 0.7343750000000002 0.8265625 0.7343750000000002 0.8265625 0.84375 0.871875 0.84375
42 0.7859375 0.3890625000000001 0.753125 0.3890625000000001 0.753125 0.48750000000000016 0.7859375 0.48750000000000016
18 0.584375 0.6234375 0.553125 0.6234375 0.553125 0.7234375 0.584375 0.7234375
39 0.4484375 0.38750000000000007 0.415625 0.38750000000000007 0.415625 0.490625 0.4484375 0.490625
47 0.821875 0.7359375000000001 0.5625000000000002 0.7359375 0.5625000000000002 0.846875 0.821875 0.846875
0 0.5546875 0.2750000000000001 0.521875 0.2750000000000001 0.521875 0.3734375000000001 0.5546875 0.3734375000000001
46 0.4578125 0.625 0.3531250000000001 0.625 0.3531250000000001 0.71875 0.4578125 0.71875
10 0.9015625 0.5000000000000002 0.8703125 0.5000000000000002 0.8703125 0.6015625000000002 0.9015625 0.6015625000000002
23 0.775 0.5062500000000002 0.74375 0.5062500000000002 0.74375 0.6062500000000002 0.775 0.6062500000000002
41 0.9125 0.3890625000000001 0.8796875 0.3890625000000001 0.8796875 0.4906250000000002 0.9125 0.4906250000000002
40 0.5421875 0.6234375 0.5109375 0.6234375 0.5109375 0.7203125 0.5421875 0.7203125
15 0.7125 0.61875 0.6796875 0.61875 0.6796875 0.7203125 0.7125 0.7203125
55 0.753125 0.6218750000000001 0.721875 0.621875 0.721875 0.721875 0.753125 0.7218750000000002
12 0.48125 0.50625 0.4484375 0.50625 0.4484375 0.6078125 0.48125 0.6078125
6 0.7234375 0.2765625000000001 0.6890625 0.2765625000000001 0.6890625 0.3781250000000001 0.7234375 0.3781250000000001
35 0.6703125 0.6234375 0.6375 0.6234375 0.6375 0.725 0.6703125 0.725
45 0.975 0.5062500000000002 0.9125 0.5062500000000002 0.9125 0.6062500000000002 0.975 0.6062500000000002
29 0.6078125 0.5078125 0.575 0.5078125 0.575 0.6046875 0.6078125 0.6046875
56 0.8703125 0.3890625000000001 0.8375 0.3890625000000001 0.8375 0.48750000000000016 0.8703125 0.48750000000000016
58 0.8796875 0.6218750000000002 0.8484375 0.6218750000000002 0.8484375 0.7218750000000002 0.8796875 0.7218750000000002
11 0.4703125 0.2750000000000001 0.4375 0.2750000000000001 0.4375 0.3781250000000001 0.4703125 0.3781250000000001
38 0.5328125 0.3890625000000001 0.5 0.3890625000000001 0.5 0.4890625 0.5328125 0.4890625
43 0.8625 0.5046875000000002 0.8296875 0.5046875000000002 0.8296875 0.6046875000000002 0.8625 0.6046875000000002
32 0.921875 0.6187500000000001 0.8890625 0.6187500000000001 0.8890625 0.7203125000000001 0.921875 0.7203125000000001
50 0.3968750000000001 0.734375 0.3500000000000001 0.734375 0.3500000000000001 0.846875 0.3968750000000001 0.846875
54 0.490625 0.3906250000000001 0.45625 0.3906250000000001 0.45625 0.490625 0.490625 0.490625
57 0.8390625 0.6203125000000002 0.80625 0.6203125000000002 0.80625 0.7187500000000002 0.8390625 0.7187500000000002
28 0.65 0.5078125 0.6171875 0.5078125 0.6171875 0.60625 0.65 0.60625
49 0.978125 0.7328125000000002 0.93125 0.7328125000000002 0.93125 0.84375 0.978125 0.84375
34 0.5015625 0.6203125 0.46875 0.6203125 0.46875 0.71875 0.5015625 0.71875
9 0.596875 0.2750000000000001 0.5625 0.2750000000000001 0.5625 0.37187500000000007 0.596875 0.37187500000000007
3 0.85 0.2765625000000001 0.815625 0.2765625000000001 0.815625 0.37968750000000007 0.85 0.37968750000000007
37 0.5234375 0.5078125 0.490625 0.5078125 0.490625 0.60625 0.5234375 0.60625
27 0.6171875 0.3906250000000001 0.584375 0.3906250000000001 0.584375 0.484375 0.6171875 0.484375
20 0.4265625 0.27343750000000006 0.353125 0.2734375 0.353125 0.37187500000000007 0.4265625 0.37187500000000007
33 0.6265625 0.6234375 0.59375 0.6234375 0.59375 0.725 0.6265625 0.725
21 0.828125 0.3890625000000001 0.7953125 0.3890625000000001 0.7953125 0.4890625000000002 0.828125 0.4890625000000002
30 0.996875 0.06562500000000006 0.006250000000000008 0.065625 0.006250000000000063 0.94375 0.996875 0.94375
16 0.796875 0.6187500000000001 0.7640625 0.6187500000000001 0.7640625 0.7187500000000002 0.796875 0.7187500000000002
2 0.8921875 0.2765625000000001 0.859375 0.2765625000000001 0.859375 0.37968750000000007 0.8921875 0.37968750000000007
52 0.9765625 0.38750000000000007 0.9234375 0.38750000000000007 0.9234375 0.48750000000000016 0.9765625 0.48750000000000016
7 0.68125 0.2765625000000001 0.6484375 0.2765625000000001 0.6484375 0.3765625000000001 0.68125 0.3765625000000001
8 0.6390625 0.2765625000000001 0.6046875 0.2765625000000001 0.6046875 0.3781250000000001 0.6390625 0.3781250000000001
5 0.7640625 0.2765625000000001 0.73125 0.2765625000000001 0.73125 0.3781250000000001 0.7640625 0.3781250000000001
48 0.5125 0.2765625000000001 0.478125 0.2765625000000001 0.478125 0.3765625000000001 0.5125 0.3765625000000001