55 0.4328125000000001 0.7140625 0.3546875000000001 0.7140625 0.3546875000000001 0.753125 0.43281250000000016 0.753125
2 0.7171875000000002 0.8703125 0.6296875000000002 0.8703125 0.6296875000000002 0.9078125 0.7171875000000002 0.9078125
30 0.9296875 0.0015625000000000684 0.1875 0.0015625000000000229 0.18750000000000006 1 0.9296875 1
36 0.621875 0.5265625 0.55 0.5265625 0.55 0.5609375 0.621875 0.5609375
52 0.6187500000000001 0.94375 0.5390625000000002 0.94375 0.5390625000000002 1 0.6187500000000001 1
17 0.7140625000000002 0.9703125 0.6390625000000002 0.9703125 0.6390625000000002 1 0.7140625000000002 1
47 0.3468750000000001 0.540625 0.2453125000000001 0.540625 0.2453125000000001 0.8265625 0.3468750000000001 0.8265625
35 0.4359375 0.621875 0.3609375000000001 0.621875 0.3609375000000001 0.659375 0.4359375 0.659375
38 0.625 0.4859375 0.5515625 0.4859375 0.5515625 0.5171875 0.625 0.5171875
3 0.7203125000000001 0.8234375 0.6296875000000002 0.8234375 0.6296875000000002 0.8609375 0.7203125000000001 0.8609375
28 0.53125 0.6015625 0.45625 0.6015625 0.45625 0.6375 0.53125 0.6375
8 0.7203125 0.59375 0.6328125 0.59375 0.6328125 0.6296875 0.7203125 0.6296875
22 0.628125 0.3359375000000001 0.4625 0.3359375000000001 0.4625 0.3921875000000001 0.628125 0.3921875000000001
51 0.6203125 0.703125 0.5453125 0.703125 0.5453125000000001 0.7390625 0.6203125000000002 0.7390625
20 0.715625 0.34062500000000007 0.6421875 0.34062500000000007 0.6421875 0.4140625 0.715625 0.4140625
54 0.625 0.440625 0.55 0.440625 0.55 0.475 0.625 0.475
37 0.5328125 0.471875 0.459375 0.471875 0.459375 0.50625 0.5328125 0.50625
7 0.7203125 0.6375 0.6328125 0.6375 0.6328125 0.671875 0.7203125 0.671875
32 0.42500000000000016 0.9078125 0.3375000000000001 0.9078125 0.3375000000000001 0.95 0.42500000000000016 0.95
39 0.625 0.4015625 0.546875 0.4015625 0.546875 0.4328125 0.625 0.4328125
16 0.42968750000000017 0.7609375 0.34843750000000007 0.7609375 0.34843750000000007 0.8015625 0.42968750000000017 0.8015625
41 0.6187500000000001 0.890625 0.5312500000000002 0.890625 0.5312500000000002 0.9328125 0.6187500000000001 0.9328125
4 0.7187500000000002 0.775 0.6343750000000001 0.775 0.6343750000000001 0.8125 0.7187500000000002 0.8125
56 0.6187500000000001 0.84375 0.5359375000000002 0.84375 0.5359375000000002 0.884375 0.6187500000000001 0.884375
29 0.53125 0.5578125 0.4578125 0.5578125 0.4578125 0.5921875 0.53125 0.5921875
48 0.7140625 0.4640625 0.6390625 0.4640625 0.6390625 0.4984375 0.7140625 0.4984375
0 0.715625 0.50625 0.634375 0.50625 0.634375 0.5421875 0.715625 0.5421875
31 0.53125 0.515625 0.459375 0.515625 0.459375 0.55 0.53125 0.55
49 0.3203125000000001 0.9609375 0.22656250000000008 0.9609375 0.22656250000000008 1 0.3203125000000001 1
43 0.5218750000000002 0.834375 0.43750000000000017 0.834375 0.43750000000000017 0.875 0.5218750000000002 0.875
21 0.6218750000000002 0.796875 0.5406250000000001 0.796875 0.5406250000000001 0.8359375 0.6218750000000002 0.8359375
23 0.5265625000000002 0.7375 0.44531250000000017 0.7375 0.44531250000000017 0.7765625 0.5265625000000002 0.7765625
40 0.44375 0.490625 0.3687500000000001 0.490625 0.3687500000000001 0.525 0.44375 0.525
46 0.446875 0.3312500000000001 0.3734375 0.3312500000000001 0.37343750000000003 0.440625 0.446875 0.440625
44 0.4203125000000002 0.959375 0.3359375000000001 0.959375 0.3359375000000001 1 0.4203125000000002 1
59 0.6203125 0.659375 0.546875 0.659375 0.546875 0.69375 0.6203125 0.69375
58 0.42500000000000016 0.8609375 0.3468750000000001 0.8609375 0.3468750000000001 0.8984375 0.42500000000000016 0.8984375
18 0.4390625 0.5328125 0.36406250000000007 0.5328125 0.36406250000000007 0.56875 0.4390625 0.56875
24 0.5265625 0.6921875 0.453125 0.6921875 0.4531250000000001 0.7296875 0.5265625000000002 0.7296875
34 0.44375 0.446875 0.3687500000000001 0.446875 0.3687500000000001 0.4828125 0.44375 0.4828125
57 0.4281250000000002 0.809375 0.3468750000000001 0.809375 0.3468750000000001 0.85 0.4281250000000002 0.85
26 0.5375 0.38750000000000007 0.459375 0.38750000000000007 0.459375 0.421875 0.5375 0.421875
12 0.5359375 0.4296875 0.4625 0.4296875 0.4625 0.4640625 0.5359375 0.4640625
53 0.6203125 0.6109375 0.546875 0.6109375 0.546875 0.6484375 0.6203125 0.6484375
13 0.3312500000000001 0.8359375 0.2406250000000001 0.8359375 0.2406250000000001 0.890625 0.3312500000000001 0.890625
10 0.5218750000000002 0.8828125 0.4343750000000002 0.8828125 0.4343750000000002 0.9234375 0.5218750000000002 0.9234375
11 0.7171875 0.4234375 0.6390625 0.4234375 0.6390625 0.4546875 0.7171875 0.4546875
15 0.434375 0.6671875 0.35625000000000007 0.6671875 0.35625000000000007 0.70625 0.434375 0.70625
45 0.5171875000000001 0.93125 0.4343750000000002 0.93125 0.4343750000000002 1 0.5171875000000001 1
33 0.4390625 0.5765625 0.3609375000000001 0.5765625 0.3609375000000001 0.615625 0.4390625 0.615625
14 0.3546875000000001 0.4859375 0.2640625000000001 0.4859375 0.2640625000000001 0.5359375 0.3546875000000001 0.5359375
27 0.621875 0.56875 0.55 0.56875 0.55 0.603125 0.621875 0.603125
6 0.715625 0.68125 0.6375 0.68125 0.6375 0.71875 0.715625 0.71875
1 0.7156250000000002 0.91875 0.6375000000000002 0.91875 0.6375000000000002 0.959375 0.7156250000000002 0.959375
25 0.528125 0.646875 0.453125 0.646875 0.453125 0.684375 0.528125 0.684375
42 0.6203125000000002 0.75 0.5453125000000002 0.75 0.5453125000000002 0.7875 0.6203125000000002 0.7875
9 0.7203125 0.5484375 0.6328125 0.5484375 0.6328125 0.584375 0.7203125 0.584375
19 0.5234375000000002 0.7859375 0.4390625000000002 0.7859375 0.4390625000000002 0.825 0.5234375000000002 0.825
5 0.7218750000000002 0.728125 0.6343750000000001 0.728125 0.6343750000000001 0.765625 0.7218750000000002 0.765625
50 0.3609375 0.325 0.2765625 0.325 0.27656250000000004 0.371875 0.3609375000000001 0.371875