6 0.3609375000000001 0.4171875 0.2640625000000001 0.4171875 0.2640625000000001 0.4796875 0.3609375000000001 0.4796875
8 0.3593750000000001 0.55625 0.26250000000000007 0.55625 0.26250000000000007 0.61875 0.3593750000000001 0.61875
52 0.478125 5.262154215086284e-17 0.38125 4.6689659217492845e-17 0.38125 0.09375000000000006 0.478125 0.09375000000000007
32 0.696875 0.08906250000000007 0.6015625 0.08906250000000007 0.6015625 0.1515625000000001 0.696875 0.1515625000000001
38 0.46093750000000017 0.7296875 0.36406250000000007 0.7296875 0.36406250000000007 0.7890625 0.46093750000000017 0.7890625
27 0.4640625 0.5921875 0.3687500000000001 0.5921875 0.3687500000000001 0.6515625 0.4640625 0.6515625
55 0.6859375 0.3687500000000001 0.590625 0.3687500000000001 0.590625 0.43125 0.6859375 0.43125
51 0.4703125 0.3843750000000001 0.3750000000000001 0.3843750000000001 0.3750000000000001 0.44375 0.4703125 0.44375
46 0.6718750000000002 0.8484375 0.5718750000000001 0.8484375 0.5718750000000001 0.9953125 0.6718750000000002 0.9953125
42 0.4734375 0.3140625000000001 0.3765625 0.3140625000000001 0.3765625 0.3765625000000001 0.4734375 0.3765625000000001
34 0.6734375000000001 0.7796875 0.5796875000000001 0.7796875 0.5796875000000001 0.8421875 0.6734375000000001 0.8421875
29 0.571875 0.6109375 0.4765625 0.6109375 0.4765625 0.6703125 0.571875 0.6703125
44 0.6984375 7.960204194457797e-17 0.6015625 7.367015901120797e-17 0.6015625 0.07968750000000008 0.6984375 0.07968750000000009
40 0.675 0.7140625 0.58125 0.7140625 0.58125 0.7734375 0.6750000000000002 0.7734375
14 0.8015625 0.7328125000000001 0.6890625000000001 0.7328125 0.6890625000000001 0.7953125000000001 0.8015625 0.7953125000000002
35 0.6828125 0.5078125 0.5859375 0.5078125 0.5859375 0.5703125 0.6828125 0.5703125
13 0.8203125 0.14218750000000008 0.7078125 0.14218750000000008 0.7078125 0.2078125000000001 0.8203125 0.2078125000000001
25 0.5765625 0.4734375 0.48125 0.4734375 0.48125 0.5328125 0.5765625 0.5328125
21 0.475 0.24375000000000008 0.375 0.24375000000000008 0.375 0.3062500000000001 0.475 0.3062500000000001
24 0.578125 0.4015625 0.4828125 0.4015625 0.4828125 0.4640625 0.578125 0.4640625
49 0.8234375 0.0718750000000001 0.709375 0.07187500000000009 0.709375 0.1375000000000001 0.8234375 0.1375000000000001
45 0.5875 0.0015625000000000662 0.490625 0.0015625000000000604 0.490625 0.11406250000000007 0.5875 0.1140625000000001
39 0.45625000000000016 0.865625 0.3609375000000001 0.865625 0.3609375000000001 0.9265625 0.45625000000000016 0.9265625
16 0.690625 0.2984375000000001 0.59375 0.2984375000000001 0.59375 0.3609375000000001 0.690625 0.3609375000000001
11 0.3500000000000001 0.8328125 0.25468750000000007 0.8328125 0.25468750000000007 0.8921875 0.3500000000000001 0.8921875
48 0.3531250000000001 0.7625 0.2578125000000001 0.7625 0.2578125000000001 0.825 0.3531250000000001 0.825
31 0.5718750000000001 0.678125 0.475 0.678125 0.4750000000000001 0.740625 0.5718750000000001 0.740625
58 0.69375 0.1593750000000001 0.5984375 0.1593750000000001 0.5984375 0.2218750000000001 0.69375 0.2218750000000001
10 0.5859375 0.12187500000000007 0.490625 0.12187500000000004 0.490625 0.18437500000000007 0.5859375 0.1843750000000001
23 0.5796875 0.33281250000000007 0.4828125 0.33281250000000007 0.4828125 0.39531250000000007 0.5796875 0.39531250000000007
0 0.3546875000000001 0.69375 0.2578125000000001 0.69375 0.2578125000000001 0.75625 0.3546875000000001 0.75625
22 0.5640625000000001 0.934375 0.3578125000000001 0.934375 0.3578125000000001 0.996875 0.5640625000000001 0.996875
18 0.6765625 0.6453125 0.5828125 0.6453125 0.5828125 0.7046875 0.6765625 0.7046875
36 0.4640625 0.659375 0.3671875000000001 0.659375 0.3671875000000001 0.721875 0.4640625 0.721875
1 0.36875 0.06718750000000004 0.2734375 0.06718750000000004 0.2734375 0.12968750000000004 0.36875 0.12968750000000004
5 0.36250000000000004 0.3484375 0.2671875 0.3484375 0.2671875 0.4109375 0.3625000000000001 0.4109375
54 0.4593750000000002 0.796875 0.3625000000000001 0.796875 0.3625000000000001 0.859375 0.4593750000000002 0.859375
47 0.8125 0.30156250000000007 0.69375 0.30156250000000007 0.69375 0.6390625000000001 0.8125 0.6390625000000002
9 0.35625000000000007 0.625 0.2593750000000001 0.625 0.2593750000000001 0.6875 0.35625000000000007 0.6875
41 0.4765625 0.10156250000000004 0.38125 0.10156250000000004 0.38125 0.16562500000000005 0.4765625 0.16562500000000005
56 0.475 0.17500000000000004 0.378125 0.17500000000000004 0.378125 0.2375000000000001 0.475 0.2375000000000001
19 0.584375 0.26250000000000007 0.4875 0.26250000000000007 0.4875 0.32500000000000007 0.584375 0.32500000000000007
17 0.36875 3.9322643316372043e-17 0.2734375 3.348643591418544e-17 0.2734375 0.05625000000000004 0.36875 0.05625000000000004
53 0.4671875 0.521875 0.3703125000000001 0.521875 0.3703125000000001 0.584375 0.4671875 0.584375
28 0.5734375 0.5421875 0.4765625 0.5421875 0.4765625 0.6015625 0.5734375 0.6015625
20 0.34843750000000007 0.9 0.2515625000000001 0.9 0.2515625000000001 0.9953125 0.34843750000000007 0.9953125
4 0.3640625 0.27968750000000003 0.2671875 0.2796875 0.2671875 0.33906250000000004 0.3640625 0.3390625000000001
59 0.46875 0.453125 0.37187500000000007 0.453125 0.37187500000000007 0.515625 0.46875 0.515625
26 0.5640625000000001 0.884375 0.46875000000000017 0.884375 0.46875000000000017 0.94375 0.5640625000000001 0.94375
3 0.3671875 0.20781250000000004 0.2703125 0.2078125 0.2703125 0.27031250000000007 0.3671875 0.27031250000000007
7 0.3609375000000001 0.4875 0.2640625000000001 0.4875 0.2640625000000001 0.55 0.3609375000000001 0.55
33 0.678125 0.5765625 0.5828125 0.5765625 0.5828125 0.6390625 0.678125 0.6390625
57 0.690625 0.2312500000000001 0.5953125 0.2312500000000001 0.5953125 0.29375000000000007 0.690625 0.29375000000000007
30 0.853125 5.625721233583154e-17 0.065625 8.036744619404505e-18 0.06562500000000007 1 0.853125 1
37 0.5687500000000002 0.746875 0.4734375000000002 0.746875 0.4734375000000002 0.809375 0.5687500000000002 0.809375
43 0.5859375 0.19375000000000006 0.4890625 0.19375000000000003 0.4890625 0.2562500000000001 0.5859375 0.2562500000000001
15 0.684375 0.4375 0.5890625 0.4375 0.5890625 0.5 0.684375 0.5
2 0.36875 0.13750000000000004 0.26875 0.13750000000000004 0.26875 0.20000000000000004 0.36875 0.2000000000000001
12 0.5671875000000002 0.815625 0.47187500000000016 0.815625 0.47187500000000016 0.875 0.5671875000000002 0.875