6 0.675 0.4078125 0.5875 0.4078125 0.5875 0.4640625 0.675 0.4640625
8 0.6765625 0.5359375 0.5890625 0.5359375 0.5890625 0.5921875 0.6765625 0.5921875
52 0.5671875 0.023437500000000066 0.4796875 0.023437500000000062 0.4796875 0.11406250000000007 0.5671875 0.1140625000000001
32 0.36875 0.10937500000000004 0.2828125 0.10937500000000004 0.2828125 0.16562500000000005 0.36875 0.16562500000000005
38 0.5828125000000001 0.6921875 0.4953125 0.6921875 0.4953125000000001 0.746875 0.5828125000000002 0.746875
27 0.5796875 0.5671875 0.49375 0.5671875 0.49375 0.621875 0.5796875 0.621875
55 0.3765625000000001 0.36406250000000007 0.2906250000000001 0.3640625 0.2906250000000001 0.4203125 0.3765625000000001 0.4203125
51 0.5734375 0.3781250000000001 0.4875 0.3781250000000001 0.4875 0.4328125 0.5734375 0.4328125
46 0.39531250000000007 0.8015625 0.3046875000000001 0.8015625 0.3046875000000001 0.934375 0.39531250000000007 0.934375
42 0.571875 0.3140625000000001 0.484375 0.3140625000000001 0.484375 0.3703125000000001 0.571875 0.3703125000000001
34 0.38750000000000007 0.7390625 0.3031250000000001 0.7390625 0.3031250000000001 0.7953125 0.38750000000000007 0.7953125
29 0.48125 0.584375 0.39531250000000007 0.584375 0.39531250000000007 0.6390625 0.48125 0.6390625
44 0.36875 0.026562500000000037 0.28125 0.026562500000000034 0.28125 0.10156250000000004 0.36875 0.10156250000000004
40 0.3859375000000001 0.678125 0.30156250000000007 0.678125 0.30156250000000007 0.7328125 0.3859375000000001 0.7328125
14 0.2890625000000001 0.6953125 0.1859375000000001 0.6953125 0.1859375000000001 0.7515625 0.2890625000000001 0.7515625
35 0.3828125000000001 0.490625 0.2953125000000001 0.490625 0.2953125000000001 0.546875 0.3828125000000001 0.546875
13 0.271875 0.15781250000000002 0.16875 0.1578125 0.16875 0.2171875 0.271875 0.2171875
25 0.4765625 0.459375 0.3906250000000001 0.459375 0.3906250000000001 0.5140625 0.4765625 0.5140625
21 0.5734375 0.2515625000000001 0.4828125 0.2515625000000001 0.4828125 0.3078125000000001 0.5734375 0.3078125000000001
24 0.475 0.39531250000000007 0.3890625000000001 0.39531250000000007 0.3890625000000001 0.4515625 0.475 0.4515625
49 0.26875 0.09375000000000003 0.165625 0.09375000000000003 0.165625 0.153125 0.26875 0.15312500000000004
45 0.46875 0.02656250000000005 0.38125 0.026562500000000044 0.38125 0.13281250000000006 0.46875 0.13281250000000006
39 0.5859375000000002 0.8171875 0.5000000000000002 0.8171875 0.5000000000000002 0.871875 0.5859375000000002 0.871875
16 0.375 0.30156250000000007 0.2875 0.3015625 0.2875 0.35781250000000003 0.375 0.3578125000000001
11 0.6828125000000002 0.7859375 0.5968750000000002 0.7859375 0.5968750000000002 0.840625 0.6828125000000002 0.840625
48 0.6796875000000001 0.7234375 0.59375 0.7234375 0.5937500000000001 0.7796875 0.6796875000000002 0.7796875
31 0.4828125 0.646875 0.39531250000000007 0.646875 0.39531250000000007 0.703125 0.4828125 0.703125
58 0.3703125 0.17500000000000004 0.284375 0.17500000000000004 0.284375 0.23125000000000004 0.3703125 0.2312500000000001
10 0.46875 0.14062500000000006 0.3828125 0.14062500000000006 0.3828125 0.19687500000000005 0.46875 0.19687500000000005
23 0.475 0.33281250000000007 0.3875 0.33281250000000007 0.38750000000000007 0.3890625000000001 0.475 0.3890625000000001
0 0.6796875 0.6609375 0.5921875 0.6609375 0.5921875 0.7171875 0.6796875 0.7171875
22 0.5890625000000002 0.878125 0.40156250000000016 0.878125 0.40156250000000016 0.934375 0.5890625000000002 0.934375
18 0.3843750000000001 0.615625 0.3000000000000001 0.615625 0.3000000000000001 0.6703125 0.3843750000000001 0.6703125
36 0.58125 0.6296875 0.49375 0.6296875 0.49375 0.6859375 0.58125 0.6859375
1 0.665625 0.09062500000000008 0.5796875 0.09062500000000007 0.5796875 0.1468750000000001 0.665625 0.1468750000000001
5 0.6703125 0.3453125000000001 0.584375 0.3453125000000001 0.584375 0.4015625 0.6703125 0.4015625
54 0.5843750000000002 0.7546875 0.4968750000000002 0.7546875 0.4968750000000002 0.8109375 0.5843750000000002 0.8109375
47 0.2828125 0.303125 0.17656250000000004 0.303125 0.17656250000000007 0.609375 0.2828125000000001 0.609375
9 0.678125 0.596875 0.590625 0.596875 0.590625 0.653125 0.678125 0.653125
41 0.5671875 0.12031250000000007 0.48125 0.12031250000000004 0.48125 0.17968750000000006 0.5671875 0.17968750000000008
56 0.5703125 0.18750000000000006 0.4828125 0.18750000000000006 0.4828125 0.24375000000000008 0.5703125 0.24375000000000008
19 0.471875 0.2671875000000001 0.384375 0.2671875000000001 0.384375 0.3234375000000001 0.471875 0.3234375000000001
17 0.665625 0.023437500000000076 0.5796875 0.023437500000000073 0.5796875 0.07968750000000008 0.665625 0.07968750000000009
53 0.578125 0.5046875 0.490625 0.5046875 0.490625 0.5609375 0.578125 0.5609375
28 0.48125 0.5234375 0.3937500000000001 0.5234375 0.3937500000000001 0.5765625 0.48125 0.5765625
20 0.6843750000000002 0.846875 0.5968750000000002 0.846875 0.5968750000000002 0.9328125 0.6843750000000002 0.9328125
4 0.6703125 0.2828125000000001 0.5828125 0.2828125000000001 0.5828125 0.3375000000000001 0.6703125 0.3375000000000001
59 0.5765625 0.440625 0.4890625 0.440625 0.4890625 0.496875 0.5765625 0.496875
26 0.48750000000000016 0.834375 0.40156250000000016 0.834375 0.40156250000000016 0.8875 0.48750000000000016 0.8875
3 0.66875 0.2171875000000001 0.58125 0.2171875000000001 0.58125 0.2734375000000001 0.66875 0.2734375000000001
7 0.675 0.4734375 0.5875 0.4734375 0.5875 0.5296875 0.675 0.5296875
33 0.3843750000000001 0.553125 0.2984375000000001 0.553125 0.2984375000000001 0.609375 0.3843750000000001 0.609375
57 0.3734375 0.23906250000000004 0.2875 0.2390625 0.2875 0.29531250000000003 0.3734375 0.2953125000000001
30 0.8546875 0.00781250000000006 0.1390625 0.007812500000000017 0.13906250000000006 0.9515625 0.8546875 0.9515625
37 0.4843750000000001 0.7078125 0.3984375000000001 0.7078125 0.3984375000000001 0.7640625 0.48437500000000017 0.7640625
43 0.4703125 0.20468750000000008 0.3828125 0.20468750000000008 0.3828125 0.2609375000000001 0.4703125 0.2609375000000001
15 0.3781250000000001 0.4265625 0.2921875000000001 0.4265625 0.2921875000000001 0.4828125 0.3781250000000001 0.4828125
2 0.6703125 0.1531250000000001 0.5796875 0.1531250000000001 0.5796875 0.2093750000000001 0.6703125 0.2093750000000001
12 0.4859375000000002 0.7703125 0.4000000000000002 0.7703125 0.4000000000000002 0.825 0.4859375000000002 0.825