10 0.1671875000000001 0.634375 0.1281250000000001 0.634375 0.1281250000000001 0.6953125 0.1671875000000001 0.6953125
7 0.3812500000000001 0.5140625 0.3468750000000001 0.5140625 0.3468750000000001 0.56875 0.3812500000000001 0.56875
15 0.36875 0.24375000000000005 0.3390625 0.24375 0.3390625 0.28906250000000006 0.36875 0.2890625000000001
39 0.5953125 0.1375000000000001 0.56875 0.1375000000000001 0.56875 0.1859375000000001 0.5953125 0.1859375000000001
26 0.603125 0.6453125 0.5671875 0.6453125 0.5671875 0.7046875 0.603125 0.7046875
25 0.3671875000000001 0.6375 0.3312500000000001 0.6375 0.3312500000000001 0.6984375 0.3671875000000001 0.6984375
13 0.234375 0.2984375 0.19062500000000004 0.2984375 0.19062500000000004 0.346875 0.234375 0.346875
14 0.5781250000000002 0.7765625 0.5296875000000002 0.7765625 0.5296875000000002 0.84375 0.5781250000000002 0.84375
33 0.44375 0.2468750000000001 0.4125 0.2468750000000001 0.4125 0.2953125000000001 0.44375 0.2953125000000001
19 0.2765625 0.17812500000000003 0.246875 0.17812500000000003 0.246875 0.2265625 0.2765625 0.2265625
32 0.18125000000000005 0.234375 0.14531250000000004 0.234375 0.14531250000000004 0.2828125 0.18125000000000005 0.2828125
3 0.22812500000000008 0.5078125 0.19062500000000004 0.5078125 0.19062500000000007 0.565625 0.22812500000000008 0.565625
45 0.12656250000000008 0.63125 0.05468750000000007 0.63125 0.054687500000000076 0.69375 0.12656250000000008 0.69375
37 0.525 0.64375 0.4890625 0.64375 0.4890625 0.703125 0.525 0.703125
24 0.3281250000000001 0.6375 0.2906250000000001 0.6375 0.2906250000000001 0.696875 0.3281250000000001 0.696875
43 0.2078125000000001 0.6359375 0.1687500000000001 0.6359375 0.1687500000000001 0.696875 0.2078125000000001 0.696875
36 0.4765625 0.578125 0.440625 0.578125 0.440625 0.6375 0.4765625 0.6375
29 0.446875 0.640625 0.4109375 0.640625 0.4109375 0.7015625 0.446875 0.7015625
36 0.4890625 0.12968750000000004 0.4625 0.12968750000000004 0.4625 0.17656250000000004 0.4890625 0.17656250000000004
55 0.33125 0.240625 0.3015625 0.240625 0.3015625 0.2875 0.33125 0.2875
35 0.38750000000000007 0.70625 0.34843750000000007 0.70625 0.34843750000000007 0.76875 0.38750000000000007 0.76875
5 0.328125 0.06250000000000004 0.2984375 0.06250000000000004 0.2984375 0.11406250000000004 0.328125 0.11406250000000004
49 0.14218750000000005 0.290625 0.08906250000000004 0.290625 0.08906250000000004 0.3671875 0.14218750000000005 0.3671875
37 0.5359375 0.19531250000000006 0.5078125 0.19531250000000006 0.5078125 0.24218750000000008 0.5359375 0.24218750000000008
8 0.4375 0.06562500000000004 0.40625 0.06562500000000004 0.40625 0.12343750000000005 0.4375 0.12343750000000005
22 0.65 0.1375000000000001 0.603125 0.1375000000000001 0.603125 0.2468750000000001 0.65 0.2468750000000001
56 0.2015625000000001 0.56875 0.16406250000000008 0.56875 0.16406250000000008 0.628125 0.2015625000000001 0.628125
31 0.4859375 0.6421875 0.45 0.6421875 0.45 0.7015625 0.4859375 0.7015625
16 0.2953125 0.240625 0.2625 0.240625 0.2625 0.2875 0.2953125 0.2875
28 0.40625 0.6390625 0.37187500000000007 0.6390625 0.37187500000000007 0.7 0.40625 0.7
46 0.6328125000000001 0.709375 0.5484375 0.709375 0.5484375000000001 0.771875 0.6328125000000002 0.771875
16 0.2640625000000001 0.703125 0.22656250000000008 0.703125 0.22656250000000008 0.765625 0.2640625000000001 0.765625
58 0.2171875 0.2359375 0.18593750000000003 0.2359375 0.18593750000000003 0.2828125 0.2171875 0.2828125
59 0.3609375000000001 0.575 0.3234375000000001 0.575 0.3234375000000001 0.6328125 0.3609375000000001 0.6328125
6 0.3437500000000001 0.5125 0.3078125000000001 0.5125 0.3078125000000001 0.5671875 0.3437500000000001 0.5671875
59 0.38125 0.12656250000000005 0.3515625 0.12656250000000005 0.3515625 0.17656250000000004 0.38125 0.17656250000000004
45 0.16562500000000002 0.1734375 0.1015625 0.1734375 0.10156250000000003 0.221875 0.16562500000000005 0.221875
32 0.14062500000000008 0.7 0.10000000000000009 0.7 0.10000000000000009 0.765625 0.14062500000000008 0.765625
0 0.5078125 0.07031250000000007 0.478125 0.07031250000000007 0.478125 0.12500000000000006 0.5078125 0.12500000000000006
21 0.271875 0.11875000000000005 0.240625 0.11875000000000005 0.240625 0.17031250000000003 0.271875 0.17031250000000003
21 0.24218750000000008 0.5703125 0.20468750000000008 0.5703125 0.20468750000000008 0.6296875 0.24218750000000008 0.6296875
2 0.18750000000000006 0.50625 0.15000000000000005 0.50625 0.15000000000000008 0.5640625 0.18750000000000008 0.5640625
46 0.653125 0.25468750000000007 0.5609375 0.25468750000000007 0.5609375 0.3062500000000001 0.653125 0.3062500000000001
38 0.5234375 0.13281250000000006 0.496875 0.13281250000000006 0.496875 0.17812500000000003 0.5234375 0.17812500000000003
18 0.46562500000000007 0.70625 0.4296875 0.70625 0.4296875000000001 0.76875 0.4656250000000002 0.76875
42 0.30625 0.12187500000000004 0.278125 0.12187500000000004 0.278125 0.16875000000000004 0.30625 0.16875000000000004
1 0.178125 0.05312500000000002 0.1484375 0.05312500000000002 0.1484375 0.1046875 0.178125 0.1046875
9 0.4734375 0.06875000000000006 0.4421875 0.06875000000000005 0.4421875 0.12500000000000006 0.4734375 0.12500000000000006
5 0.3046875000000001 0.5109375 0.2687500000000001 0.5109375 0.2687500000000001 0.5671875 0.3046875000000001 0.5671875
12 0.5640625 0.64375 0.528125 0.64375 0.528125 0.7046875 0.5640625 0.7046875
34 0.5453125000000001 0.709375 0.509375 0.709375 0.5093750000000001 0.76875 0.5453125000000002 0.76875
19 0.2484375000000001 0.6375 0.2093750000000001 0.6375 0.2093750000000001 0.6984375 0.2484375000000001 0.6984375
38 0.515625 0.5796875 0.4796875 0.5796875 0.4796875 0.6359375 0.515625 0.6359375
10 0.2 0.17500000000000002 0.1703125 0.175 0.17031250000000003 0.2234375 0.2 0.2234375
39 0.590625 0.58125 0.55625 0.58125 0.55625 0.6390625 0.590625 0.6390625
48 0.534375 0.5234375 0.5 0.5234375 0.5 0.578125 0.534375 0.578125
52 0.1218750000000001 0.5671875 0.06093750000000007 0.5671875 0.06093750000000007 0.628125 0.1218750000000001 0.628125
55 0.3062500000000001 0.7046875 0.2671875000000001 0.7046875 0.2671875000000001 0.7671875 0.3062500000000001 0.7671875
51 0.3218750000000001 0.5734375 0.28593750000000007 0.5734375 0.28593750000000007 0.63125 0.3218750000000001 0.63125
29 0.4625 0.18750000000000006 0.4328125 0.18750000000000006 0.4328125 0.2390625000000001 0.4625 0.2390625000000001
57 0.2250000000000001 0.703125 0.1859375000000001 0.703125 0.1859375000000001 0.765625 0.2250000000000001 0.765625
41 0.196875 0.11562500000000002 0.1640625 0.115625 0.1640625 0.16718750000000002 0.196875 0.16718750000000004
44 0.13906250000000003 0.2328125 0.09687500000000002 0.2328125 0.09687500000000003 0.278125 0.13906250000000003 0.278125
58 0.1828125000000001 0.7015625 0.14218750000000008 0.7015625 0.14218750000000008 0.7640625 0.1828125000000001 0.7640625
33 0.42656250000000007 0.70625 0.3890625000000001 0.70625 0.3890625000000001 0.76875 0.4265625000000002 0.76875
25 0.3890625 0.18593750000000003 0.3578125 0.18593750000000003 0.3578125 0.23593750000000005 0.3890625 0.23593750000000008
54 0.559375 0.13437500000000008 0.5328125 0.13437500000000005 0.5328125 0.18281250000000007 0.559375 0.1828125000000001
17 0.10781250000000006 0.5046875 0.06875000000000006 0.5046875 0.06875000000000006 0.5609375 0.10781250000000009 0.5609375
43 0.2390625 0.17812500000000003 0.209375 0.17812500000000003 0.209375 0.2265625 0.2390625 0.2265625
40 0.5062500000000001 0.7078125 0.46875 0.7078125 0.4687500000000001 0.76875 0.5062500000000002 0.76875
2 0.215625 0.05468750000000002 0.1859375 0.05468750000000002 0.1859375 0.10625000000000004 0.215625 0.10625000000000004
34 0.553125 0.2515625000000001 0.525 0.2515625000000001 0.525 0.2953125000000001 0.553125 0.2953125000000001
23 0.2875000000000001 0.6375 0.2515625000000001 0.6375 0.2515625000000001 0.6984375 0.2875000000000001 0.6984375
24 0.3515625 0.18281250000000004 0.321875 0.18281250000000004 0.321875 0.23125 0.3515625 0.23125
44 0.09687500000000009 0.6984375 0.04531250000000009 0.6984375 0.04531250000000009 0.765625 0.09687500000000009 0.765625
52 0.15625 0.1125 0.1078125 0.1125 0.1078125 0.1609375 0.15625 0.1609375
3 0.253125 0.05625000000000002 0.2234375 0.05625000000000002 0.2234375 0.11250000000000004 0.253125 0.11250000000000004
53 0.4 0.5765625 0.3625000000000001 0.5765625 0.3625000000000001 0.634375 0.4 0.634375
15 0.3453125000000001 0.7046875 0.3078125000000001 0.7046875 0.3078125000000001 0.7671875 0.3453125000000001 0.7671875
49 0.10312500000000009 0.76875 0.03593750000000009 0.76875 0.035937500000000094 0.8390625 0.10312500000000009 0.8390625
23 0.3140625 0.18125000000000005 0.2859375 0.18125000000000005 0.2859375 0.2296875 0.3140625 0.2296875
42 0.2812500000000001 0.571875 0.2453125000000001 0.571875 0.2453125000000001 0.63125 0.2812500000000001 0.63125
51 0.3421875 0.12500000000000006 0.3140625 0.12500000000000006 0.3140625 0.17031250000000003 0.3421875 0.17031250000000003
27 0.453125 0.12968750000000004 0.425 0.12968750000000004 0.425 0.17812500000000003 0.453125 0.17812500000000003
9 0.459375 0.515625 0.4234375 0.515625 0.4234375 0.571875 0.459375 0.571875
47 0.4656250000000002 0.7734375 0.21875000000000008 0.7734375 0.21875000000000008 0.840625 0.4656250000000002 0.840625
1 0.14687500000000006 0.5046875 0.10937500000000004 0.5046875 0.10937500000000007 0.5625 0.1468750000000001 0.5625
53 0.41875 0.12656250000000005 0.3875 0.12656250000000005 0.3875 0.17812500000000003 0.41875 0.17812500000000003
35 0.4078125 0.2453125000000001 0.3765625 0.2453125000000001 0.3765625 0.2953125000000001 0.4078125 0.2953125000000001
8 0.4203125 0.5140625 0.3843750000000001 0.5140625 0.3843750000000001 0.571875 0.4203125 0.571875
0 0.496875 0.515625 0.4609375 0.515625 0.4609375 0.5734375 0.496875 0.5734375
22 0.6328125 0.584375 0.596875 0.584375 0.596875 0.7078125 0.6328125 0.7078125
30 0.9390625 0.4312500000000001 0.023437500000000056 0.43125 0.02343750000000008 0.8734375 0.9390625 0.8734375
20 0.628125 0.521875 0.575 0.521875 0.575 0.5765625 0.628125 0.5765625
48 0.5421875 0.07343750000000007 0.5140625 0.07343750000000007 0.5140625 0.12500000000000006 0.5421875 0.12500000000000006
54 0.5546875 0.5796875 0.51875 0.5796875 0.51875 0.6375 0.5546875 0.6375
57 0.2546875 0.2390625 0.225 0.2390625 0.225 0.284375 0.2546875 0.284375
7 0.4 0.06718750000000004 0.3703125 0.06718750000000004 0.3703125 0.11875000000000005 0.4 0.11875000000000005
27 0.4390625 0.5765625 0.403125 0.5765625 0.403125 0.634375 0.4390625 0.634375
4 0.2656250000000001 0.5078125 0.2296875000000001 0.5078125 0.2296875000000001 0.565625 0.2656250000000001 0.565625
11 0.5796875 0.07656250000000006 0.5515625 0.07656250000000006 0.5515625 0.1296875000000001 0.5796875 0.1296875000000001
40 0.51875 0.25468750000000007 0.490625 0.25468750000000007 0.490625 0.2984375000000001 0.51875 0.2984375000000001
12 0.571875 0.1984375000000001 0.5453125 0.1984375000000001 0.5453125 0.2453125000000001 0.571875 0.2453125000000001
18 0.48125 0.2531250000000001 0.453125 0.2531250000000001 0.453125 0.2968750000000001 0.48125 0.2968750000000001
14 0.5171875 0.3140625000000001 0.48125 0.3140625000000001 0.48125 0.3578125000000001 0.5171875 0.3578125000000001
4 0.2921875 0.06406250000000004 0.2625 0.06406250000000002 0.2625 0.11562500000000005 0.2921875 0.11562500000000005
6 0.365625 0.06875000000000005 0.334375 0.06875000000000005 0.334375 0.12031250000000004 0.365625 0.12031250000000004
28 0.4265625 0.19062500000000004 0.3953125 0.19062500000000004 0.3953125 0.2406250000000001 0.4265625 0.2406250000000001
26 0.6046875 0.1984375000000001 0.5765625 0.1984375000000001 0.5765625 0.2453125000000001 0.6046875 0.2453125000000001
50 0.6109375 0.3156250000000001 0.575 0.3156250000000001 0.575 0.3609375000000001 0.6109375 0.3609375000000001
30 0.66875 0.043750000000000046 0.08125 0.04375000000000001 0.08125000000000002 0.421875 0.66875 0.421875
50 0.6390625000000002 0.78125 0.5796875000000001 0.78125 0.5796875000000001 0.846875 0.6390625000000002 0.846875
31 0.5 0.19375000000000003 0.4734375 0.19375000000000003 0.4734375 0.2406250000000001 0.5 0.2406250000000001
11 0.5734375 0.525 0.5390625 0.525 0.5390625 0.5796875 0.5734375 0.5796875
13 0.1593750000000001 0.771875 0.10468750000000009 0.771875 0.10468750000000009 0.8421875 0.1593750000000001 0.8421875
41 0.1625000000000001 0.5734375 0.12500000000000008 0.5734375 0.12500000000000008 0.6328125 0.1625000000000001 0.6328125
20 0.65 0.07812500000000008 0.5875 0.07812500000000007 0.5875 0.1312500000000001 0.65 0.1312500000000001
47 0.4734375 0.2984375 0.2421875 0.2984375 0.24218750000000006 0.37187500000000007 0.4734375 0.37187500000000007
56 0.2359375 0.12187500000000004 0.2046875 0.12187500000000004 0.2046875 0.17343750000000005 0.2359375 0.17343750000000005