33 0.578125 0.6875 0.528125 0.6875 0.528125 0.7125 0.578125 0.7125
16 0.8 0.6828125000000002 0.74375 0.6828125000000002 0.74375 0.7093750000000002 0.8 0.7093750000000002
37 0.4390625 0.665625 0.3906250000000001 0.665625 0.3906250000000001 0.6875 0.4390625 0.6875
36 0.5046875 0.640625 0.459375 0.640625 0.459375 0.6609375 0.5046875 0.6609375
11 0.3781250000000001 0.6203125 0.33281250000000007 0.6203125 0.33281250000000007 0.6390625 0.3781250000000001 0.6390625
48 0.4265625 0.6203125 0.3828125000000001 0.6203125 0.3828125000000001 0.6390625 0.4265625 0.6390625
18 0.521875 0.6890625 0.471875 0.6890625 0.471875 0.7140625 0.521875 0.7140625
22 0.29375000000000007 0.6421875 0.20312500000000008 0.6421875 0.20312500000000008 0.6875 0.29375000000000007 0.6875
25 0.6515625 0.659375 0.6015625 0.659375 0.6015625 0.684375 0.6515625 0.684375
57 0.853125 0.6828125000000002 0.7984375 0.6828125000000002 0.7984375 0.7093750000000002 0.853125 0.7093750000000002
32 0.9546875 0.6828125000000002 0.9 0.6828125000000002 0.9 0.7078125000000002 0.9546875 0.7078125000000002
19 0.809375 0.6593750000000002 0.75625 0.6593750000000002 0.75625 0.6828125000000002 0.809375 0.6828125000000002
50 0.4078125000000001 0.7171875 0.3531250000000001 0.7171875 0.3531250000000001 0.7515625 0.4078125000000002 0.7515625
10 0.9109375 0.6593750000000002 0.8578125 0.6593750000000002 0.8578125 0.6828125000000002 0.9109375 0.6828125000000002
52 0.9609375 0.6359375000000002 0.896875 0.6359375000000002 0.896875 0.6562500000000002 0.9609375 0.6562500000000002
35 0.6359375 0.6859375 0.5828125 0.6859375 0.5828125 0.7109375 0.6359375 0.7109375
49 1 0.7125000000000001 0.96875 0.7125000000000001 0.96875 0.7468750000000002 1 0.7468750000000002
40 0.465625 0.690625 0.415625 0.690625 0.415625 0.7140625 0.465625 0.7140625
27 0.5546875 0.6390625 0.509375 0.6390625 0.509375 0.6609375 0.5546875 0.6609375
4 0.765625 0.6156250000000001 0.7203125 0.615625 0.7203125 0.6359375 0.765625 0.6359375000000002
59 0.65625 0.6375 0.609375 0.6375 0.609375 0.659375 0.65625 0.659375
45 0.9828125 0.6578125000000001 0.9015625 0.6578125000000001 0.9015625 0.6812500000000001 0.9828125 0.6812500000000001
21 0.8046875 0.6375000000000002 0.7546875 0.6375000000000002 0.7546875 0.6593750000000002 0.8046875 0.6593750000000002
15 0.690625 0.6859375 0.6375 0.6859375 0.6375 0.7109375 0.690625 0.7109375
38 0.453125 0.6421875 0.40625 0.6421875 0.40625 0.6625 0.453125 0.6625
26 0.3312500000000001 0.665625 0.2750000000000001 0.665625 0.2750000000000001 0.6875 0.3312500000000001 0.6875
51 0.7046875 0.6375 0.6578125 0.6375 0.6578125 0.659375 0.7046875 0.659375
20 0.3296875000000001 0.621875 0.2218750000000001 0.621875 0.2218750000000001 0.640625 0.3296875000000001 0.640625
14 0.5265625 0.715625 0.4734375 0.715625 0.47343750000000007 0.75 0.5265625000000002 0.75
41 0.9046875 0.6359375000000002 0.8515625 0.6359375000000002 0.8515625 0.6578125000000001 0.9046875 0.6578125000000001
1 0.90625 0.6171875000000002 0.859375 0.6171875000000002 0.859375 0.6359375000000002 0.90625 0.6359375000000002
56 0.853125 0.6359375000000002 0.8046875 0.6359375000000002 0.8046875 0.6578125000000001 0.853125 0.6578125000000001
3 0.815625 0.6156250000000002 0.765625 0.6156250000000002 0.765625 0.6375000000000002 0.815625 0.6375000000000002
46 0.3531250000000001 0.690625 0.18906250000000008 0.690625 0.18906250000000008 0.715625 0.3531250000000001 0.715625
31 0.4921875 0.6640625 0.4453125 0.6640625 0.4453125 0.6875 0.4921875 0.6875
30 1 0.5921875000000001 7.252205263700732e-17 0.5921875 8.333338766073005e-17 0.76875 1 0.7687500000000002
53 0.6046875 0.6390625 0.559375 0.6390625 0.559375 0.6609375 0.6046875 0.6609375
6 0.6703125 0.6171875 0.6265625 0.6171875 0.6265625 0.6375 0.6703125 0.6375
13 0.878125 0.7109375000000002 0.8125 0.7109375000000002 0.8125 0.7453125000000002 0.878125 0.7453125000000002
5 0.71875 0.615625 0.6734375 0.615625 0.6734375 0.6359375 0.71875 0.6359375
43 0.859375 0.6578125000000001 0.80625 0.6578125000000001 0.80625 0.6828125000000002 0.859375 0.6828125000000002
8 0.5734375 0.61875 0.528125 0.61875 0.528125 0.6375 0.5734375 0.6375
29 0.5453125 0.6640625 0.4984375 0.6640625 0.4984375 0.6859375 0.5453125 0.6859375
2 0.8609375 0.6171875000000002 0.8109375 0.6171875000000002 0.8109375 0.6359375000000002 0.8609375 0.6359375000000002
39 0.3500000000000001 0.6421875 0.3000000000000001 0.6421875 0.3000000000000001 0.6640625 0.3500000000000001 0.6640625
34 0.4109375 0.690625 0.3578125000000001 0.690625 0.3578125000000001 0.715625 0.4109375 0.715625
28 0.6 0.6609375 0.5515625 0.6609375 0.5515625 0.6859375 0.6 0.6859375
7 0.621875 0.61875 0.578125 0.61875 0.578125 0.6375 0.621875 0.6375
0 0.4765625 0.6203125 0.43125 0.6203125 0.43125 0.6390625 0.4765625 0.6390625
44 1 0.6828125000000002 0.94375 0.6828125000000002 0.94375 0.7062500000000002 1 0.7062500000000002
54 0.4015625 0.640625 0.35625000000000007 0.640625 0.35625000000000007 0.6625 0.4015625 0.6625
12 0.3843750000000001 0.665625 0.3359375000000001 0.665625 0.3359375000000001 0.6890625 0.3843750000000001 0.6890625
58 0.9046875 0.6828125000000002 0.8484375 0.6828125000000002 0.8484375 0.7078125000000002 0.9046875 0.7078125000000002
55 0.7453125 0.6843750000000001 0.6921875 0.684375 0.6921875 0.7093750000000001 0.7453125 0.7093750000000002
24 0.7046875 0.6609375 0.65625 0.6609375 0.65625 0.684375 0.7046875 0.684375
23 0.75625 0.659375 0.70625 0.659375 0.70625 0.6843750000000001 0.75625 0.6843750000000002
47 0.8171875 0.7109375000000001 0.53125 0.7109375 0.5312500000000001 0.7484375000000001 0.8171875 0.7484375000000002
17 0.940625 0.6171875000000002 0.903125 0.6171875000000002 0.903125 0.6359375000000002 0.940625 0.6359375000000002
9 0.525 0.61875 0.48125 0.61875 0.48125 0.6375 0.525 0.6375
42 0.7546875 0.6375000000000001 0.70625 0.6375 0.70625 0.659375 0.7546875 0.6593750000000002