45 0.48750000000000016 0.7828125 0.4734375000000002 0.7828125 0.4734375000000002 0.853125 0.48750000000000016 0.853125
51 0.503125 0.584375 0.490625 0.584375 0.490625 0.61875 0.503125 0.61875
44 0.4703125000000002 0.809375 0.4578125000000002 0.809375 0.4578125000000002 0.8609375 0.4703125000000002 0.8609375
14 0.459375 0.4203125 0.44375 0.4203125 0.44375 0.4609375 0.459375 0.4609375
25 0.490625 0.53125 0.4765625 0.53125 0.4765625 0.5703125 0.490625 0.5703125
41 0.5015625000000001 0.7484375 0.4890625000000002 0.7484375 0.4890625000000002 0.7859375 0.5015625000000001 0.7859375
23 0.4890625 0.6171875 0.4765625 0.6171875 0.4765625 0.65625 0.4890625 0.65625
37 0.4875 0.3593750000000001 0.475 0.3593750000000001 0.475 0.3906250000000001 0.4875 0.3906250000000001
3 0.5140625 0.68125 0.5015625 0.68125 0.5015625 0.71875 0.5140625 0.71875
8 0.515625 0.475 0.503125 0.475 0.503125 0.5109375 0.515625 0.5109375
24 0.4890625 0.5734375 0.4765625 0.5734375 0.4765625 0.6125 0.4890625 0.6125
13 0.4578125 0.684375 0.4421875 0.684375 0.4421875 0.725 0.4578125 0.725
21 0.503125 0.665625 0.490625 0.665625 0.490625 0.7015625 0.503125 0.7015625
58 0.4734375000000002 0.728125 0.46093750000000017 0.728125 0.46093750000000017 0.76875 0.4734375000000002 0.76875
17 0.5140625000000002 0.8 0.5015625000000001 0.8 0.5015625000000001 0.8375 0.5140625000000002 0.8375
36 0.503125 0.4140625 0.490625 0.4140625 0.490625 0.45 0.503125 0.45
34 0.4734375 0.3359375000000001 0.4609375 0.3359375000000001 0.4609375 0.3671875000000001 0.4734375 0.3671875000000001
22 0.503125 0.2375000000000001 0.475 0.2375000000000001 0.475 0.2890625000000001 0.503125 0.2890625000000001
57 0.475 0.684375 0.4609375 0.684375 0.4609375 0.7234375 0.475 0.7234375
32 0.4734375000000002 0.7703125 0.4578125000000002 0.7703125 0.4578125000000002 0.809375 0.4734375000000002 0.809375
7 0.515625 0.5140625 0.503125 0.5140625 0.503125 0.5515625 0.515625 0.5515625
40 0.475 0.3828125000000001 0.4609375 0.3828125000000001 0.4609375 0.4203125 0.475 0.4203125
54 0.503125 0.3296875000000001 0.490625 0.3296875000000001 0.490625 0.36406250000000007 0.503125 0.36406250000000007
52 0.5000000000000002 0.784375 0.48750000000000016 0.784375 0.48750000000000016 0.84375 0.5000000000000002 0.84375
4 0.515625 0.640625 0.503125 0.640625 0.503125 0.6765625 0.515625 0.6765625
59 0.503125 0.540625 0.490625 0.540625 0.490625 0.5765625 0.503125 0.5765625
48 0.5140625 0.34843750000000007 0.503125 0.34843750000000007 0.503125 0.3843750000000001 0.5140625 0.3843750000000001
1 0.5140625000000002 0.759375 0.5015625000000001 0.759375 0.5015625000000001 0.796875 0.5140625000000002 0.796875
27 0.503125 0.4578125 0.490625 0.4578125 0.490625 0.49375 0.503125 0.49375
33 0.475 0.4703125 0.4625 0.4703125 0.4625 0.5046875 0.475 0.5046875
6 0.515625 0.5546875 0.503125 0.5546875 0.503125 0.5921875 0.515625 0.5921875
42 0.503125 0.6265625 0.490625 0.6265625 0.490625 0.659375 0.503125 0.659375
5 0.5140625 0.5984375 0.5015625 0.5984375 0.5015625 0.63125 0.5140625 0.63125
2 0.5140625000000001 0.721875 0.5015625 0.721875 0.5015625000000001 0.759375 0.5140625000000002 0.759375
10 0.48750000000000016 0.74375 0.4750000000000002 0.74375 0.4750000000000002 0.7828125 0.48750000000000016 0.7828125
12 0.4875 0.31718750000000007 0.475 0.31718750000000007 0.475 0.34843750000000007 0.4875 0.34843750000000007
30 0.5296875000000001 0.05781250000000006 0.4359375 0.057812500000000044 0.4359375000000001 0.8859375 0.5296875000000002 0.8859375
53 0.503125 0.4984375 0.490625 0.4984375 0.490625 0.5328125 0.503125 0.5328125
0 0.515625 0.3906250000000001 0.5046875 0.3906250000000001 0.5046875 0.4265625 0.515625 0.4265625
50 0.4578125 0.3125000000000001 0.4453125 0.3125000000000001 0.4453125 0.36406250000000007 0.4578125 0.36406250000000007
20 0.5140625 0.2406250000000001 0.503125 0.2406250000000001 0.503125 0.3000000000000001 0.5140625 0.3000000000000001
16 0.4734375 0.6421875 0.4609375 0.6421875 0.4609375 0.68125 0.4734375 0.68125
15 0.475 0.55625 0.4625 0.55625 0.4625 0.59375 0.475 0.59375
39 0.503125 0.29375000000000007 0.490625 0.29375000000000007 0.490625 0.3281250000000001 0.503125 0.3281250000000001
11 0.5140625 0.3078125000000001 0.503125 0.3078125000000001 0.503125 0.3437500000000001 0.5140625 0.3437500000000001
55 0.4734375 0.6 0.4609375 0.6 0.4609375 0.6359375 0.4734375 0.6359375
29 0.4890625 0.4484375 0.4765625 0.4484375 0.4765625 0.484375 0.4890625 0.484375
19 0.4890625 0.6609375 0.4765625 0.6609375 0.4765625 0.6984375 0.4890625 0.6984375
26 0.490625 0.27812500000000007 0.475 0.27812500000000007 0.475 0.3125000000000001 0.490625 0.3125000000000001
18 0.475 0.4265625 0.4609375 0.4265625 0.4609375 0.459375 0.475 0.459375
38 0.5015625 0.3687500000000001 0.4890625 0.3687500000000001 0.4890625 0.403125 0.5015625 0.403125
28 0.4890625 0.490625 0.4765625 0.490625 0.4765625 0.528125 0.4890625 0.528125
47 0.4578125 0.4609375 0.4421875 0.4609375 0.4421875 0.6796875 0.4578125 0.6796875
35 0.4734375 0.5140625 0.4609375 0.5140625 0.4609375 0.55 0.4734375 0.55
31 0.490625 0.4046875 0.478125 0.4046875 0.478125 0.440625 0.490625 0.440625
46 0.4734375 0.2750000000000001 0.4609375 0.2750000000000001 0.4609375 0.3265625000000001 0.4734375 0.3265625000000001
56 0.503125 0.709375 0.490625 0.709375 0.4906250000000001 0.7421875 0.5031250000000002 0.7421875
49 0.45625000000000016 0.8140625 0.44062500000000016 0.8140625 0.44062500000000016 0.8671875 0.45625000000000016 0.8671875
43 0.48906250000000007 0.7015625 0.4765625 0.7015625 0.4765625000000001 0.7421875 0.4890625000000002 0.7421875
9 0.5140625 0.43125 0.503125 0.43125 0.503125 0.4671875 0.5140625 0.4671875