1 1 0.4265625000000002 0.9625 0.4265625000000002 0.9625 0.5343750000000002 1 0.5343750000000002
23 0.4984375000000001 0.6953125 0.3765625000000001 0.6953125 0.3765625000000001 0.8109375 0.4984375000000002 0.8109375
42 0.540625 0.559375 0.4171875 0.559375 0.4171875 0.6703125 0.540625 0.6703125
25 0.1515625000000001 0.6953125 0.03281250000000009 0.6953125 0.03281250000000009 0.8078125 0.1515625000000001 0.8078125
2 0.975 0.42500000000000016 0.846875 0.42500000000000016 0.846875 0.5406250000000001 0.975 0.5406250000000001
3 0.8 0.4250000000000001 0.6734375 0.425 0.6734375 0.5390625000000001 0.8 0.5390625000000002
55 0.4125000000000002 0.83125 0.2875000000000001 0.83125 0.2875000000000001 0.9453125 0.4125000000000002 0.9453125
47 0.6859375000000002 0.9703125 0.0015625000000001187 0.9703125 0.0015625000000001204 1 0.6859375000000002 1
43 0.8390625 0.6953125000000001 0.715625 0.6953125 0.7156250000000001 0.809375 0.8390625 0.809375
7 0.11562500000000005 0.4234375 5.1856137901395736e-17 0.4234375 5.893612720896637e-17 0.5390625 0.11562500000000005 0.5390625
51 0.3656250000000001 0.559375 0.2468750000000001 0.559375 0.2468750000000001 0.66875 0.3656250000000001 0.66875
15 0.24218750000000008 0.83125 0.11562500000000009 0.83125 0.11562500000000012 0.94375 0.24218750000000008 0.94375
53 0.020312500000000074 0.5625 6.888638245203862e-17 0.5625 7.558366963487571e-17 0.671875 0.020312500000000084 0.671875
35 0.06875000000000012 0.83125 1.0179876517912373e-16 0.83125 1.0878307895551096e-16 0.9453125 0.06875000000000012 0.9453125
32 1 0.83125 0.9421875 0.83125 0.9421875 0.95 1 0.95
16 0.5828125000000002 0.8296875 0.4578125000000002 0.8296875 0.4578125000000002 0.9453125 0.5828125000000002 0.9453125
13 0.8796875 0.96875 0.7140625000000002 0.96875 0.7140625000000002 1 0.8796875 1
59 0.19687500000000008 0.5609375 0.07343750000000007 0.5609375 0.07343750000000007 0.6703125 0.19687500000000008 0.6703125
10 1 0.6953125000000002 0.890625 0.6953125000000002 0.890625 0.809375 1 0.809375
6 0.2875000000000001 0.4234375 0.15625000000000006 0.4234375 0.15625000000000006 0.5421875 0.2875000000000001 0.5421875
5 0.4609375 0.4234375 0.3296875000000001 0.4234375 0.3296875000000001 0.5390625 0.4609375 0.5390625
24 0.3265625000000001 0.6953125 0.2015625000000001 0.6953125 0.2015625000000001 0.809375 0.3265625000000001 0.809375
41 1 0.5593750000000002 0.9296875 0.5593750000000002 0.9296875 0.6734375000000001 1 0.6734375000000001
21 0.7125 0.559375 0.5875 0.559375 0.5875 0.6703125 0.7125 0.6703125
4 0.6296875 0.425 0.5015625 0.425 0.5015625 0.5375 0.6296875 0.5375
57 0.7546875000000002 0.8328125 0.6296875000000002 0.8328125 0.6296875000000002 0.946875 0.7546875000000002 0.946875
19 0.6687500000000001 0.69375 0.5453125 0.69375 0.5453125000000001 0.809375 0.6687500000000002 0.809375
56 0.8828125 0.5578125000000002 0.7609375 0.5578125000000002 0.7609375 0.6703125000000002 0.8828125 0.6703125000000002
58 0.93125 0.8296875 0.803125 0.8296875 0.803125 0.9453125 0.93125 0.9453125