59 0.4890625 0.425 0.45625 0.425 0.45625 0.4875 0.4890625 0.4875
56 0.3281250000000001 0.4265625 0.2953125000000001 0.4265625 0.2953125000000001 0.490625 0.3281250000000001 0.490625
16 0.3984375000000001 0.5765625 0.3656250000000001 0.5765625 0.3656250000000001 0.640625 0.3984375000000001 0.640625
6 0.4703125 0.3500000000000001 0.4359375 0.3500000000000001 0.4359375 0.4140625 0.4703125 0.4140625
28 0.5375 0.4984375 0.50625 0.4984375 0.50625 0.5640625 0.5375 0.5640625
9 0.5890625 0.34843750000000007 0.55625 0.34843750000000007 0.55625 0.4125 0.5890625 0.4125
52 0.2468750000000001 0.428125 0.19375000000000003 0.428125 0.19375000000000003 0.4921875 0.2468750000000001 0.4921875
23 0.41875 0.5015625 0.3859375000000001 0.5015625 0.3859375000000001 0.565625 0.41875 0.565625
55 0.440625 0.5765625 0.4078125 0.5765625 0.4078125 0.640625 0.440625 0.640625
31 0.6203125 0.4984375 0.5875 0.4984375 0.5875 0.5640625 0.6203125 0.5640625
11 0.7109375 0.3468750000000001 0.678125 0.3468750000000001 0.678125 0.4109375 0.7109375 0.4109375
51 0.4484375 0.428125 0.415625 0.428125 0.415625 0.4890625 0.4484375 0.4890625
18 0.5984375 0.575 0.565625 0.575 0.565625 0.6390625 0.5984375 0.6390625
57 0.3593750000000001 0.5796875 0.3265625000000001 0.5796875 0.3265625000000001 0.6421875 0.3593750000000001 0.6421875
29 0.578125 0.4984375 0.546875 0.4984375 0.546875 0.5640625 0.578125 0.5640625
30 0.840625 0.25781250000000006 0.18593750000000003 0.2578125 0.18593750000000006 0.7437500000000001 0.840625 0.7437500000000001
12 0.7 0.4984375 0.6671875 0.4984375 0.6671875 0.5640625 0.7 0.5640625
27 0.56875 0.425 0.5359375 0.425 0.5359375 0.4859375 0.56875 0.4859375
39 0.7328125 0.4250000000000001 0.7 0.425 0.7 0.4906250000000001 0.7328125 0.4906250000000002
15 0.4796875 0.5765625 0.446875 0.5765625 0.446875 0.640625 0.4796875 0.640625
25 0.4984375 0.5015625 0.465625 0.5015625 0.465625 0.5640625 0.4984375 0.5640625
24 0.459375 0.5015625 0.4265625 0.5015625 0.4265625 0.5640625 0.459375 0.5640625
21 0.3687500000000001 0.4265625 0.3359375000000001 0.4265625 0.3359375000000001 0.490625 0.3687500000000001 0.490625
22 0.7921875 0.4187500000000002 0.7375 0.4187500000000002 0.7375 0.5640625000000001 0.7921875 0.5640625000000001
44 0.2375000000000001 0.5796875 0.1937500000000001 0.5796875 0.1937500000000001 0.646875 0.2375000000000001 0.646875
45 0.2578125000000001 0.503125 0.19531250000000006 0.503125 0.19531250000000006 0.5703125 0.2578125000000001 0.5703125
35 0.5203125 0.575 0.4875 0.575 0.4875 0.6390625 0.5203125 0.6390625
58 0.3187500000000001 0.5796875 0.28593750000000007 0.5796875 0.28593750000000007 0.64375 0.3187500000000001 0.64375
41 0.2875000000000001 0.4265625 0.2531250000000001 0.4265625 0.2531250000000001 0.490625 0.2875000000000001 0.490625
19 0.37968750000000007 0.503125 0.3453125000000001 0.503125 0.3453125000000001 0.565625 0.37968750000000007 0.565625
0 0.6296875 0.3468750000000001 0.596875 0.3468750000000001 0.596875 0.4125 0.6296875 0.4125
1 0.2671875 0.3515625 0.2328125 0.3515625 0.23281250000000003 0.415625 0.2671875000000001 0.415625
5 0.4296875 0.3515625000000001 0.3953125 0.3515625000000001 0.39531250000000007 0.4140625 0.4296875 0.4140625
49 0.2390625000000001 0.65625 0.1937500000000001 0.65625 0.1937500000000001 0.7234375 0.2390625000000001 0.7234375
8 0.5484375 0.3500000000000001 0.515625 0.3500000000000001 0.515625 0.4140625 0.5484375 0.4140625
20 0.7921875 0.3421875000000001 0.71875 0.3421875000000001 0.71875 0.4078125000000001 0.7921875 0.4078125000000002
54 0.690625 0.4234375 0.6578125 0.4234375 0.6578125 0.4875 0.690625 0.4875
38 0.6484375 0.4234375 0.6171875 0.4234375 0.6171875 0.4859375 0.6484375 0.4859375
33 0.559375 0.575 0.5265625 0.575 0.5265625 0.6390625 0.559375 0.6390625
2 0.30781250000000004 0.3515625 0.2734375 0.3515625 0.27343750000000006 0.415625 0.3078125000000001 0.415625
50 0.7125 0.6515625 0.6765625 0.6515625 0.6765625 0.71875 0.7125 0.71875
13 0.2953125000000001 0.659375 0.2484375000000001 0.659375 0.2484375000000001 0.7296875 0.2953125000000001 0.7296875
34 0.6796875 0.575 0.646875 0.575 0.646875 0.6390625 0.6796875 0.6390625
47 0.5921875 0.6515625 0.3453125000000001 0.6515625 0.3453125000000001 0.7234375 0.5921875 0.7234375
53 0.528125 0.425 0.496875 0.425 0.496875 0.4875 0.528125 0.4875
7 0.5078125 0.3500000000000001 0.4765625 0.3500000000000001 0.4765625 0.4140625 0.5078125 0.4140625
43 0.3375000000000001 0.503125 0.3046875000000001 0.503125 0.3046875000000001 0.565625 0.3375000000000001 0.565625
42 0.409375 0.4265625 0.3765625000000001 0.4265625 0.3765625000000001 0.490625 0.409375 0.490625
32 0.2796875000000001 0.5796875 0.2453125000000001 0.5796875 0.2453125000000001 0.64375 0.2796875000000001 0.64375
26 0.74375 0.503125 0.7109375 0.503125 0.7109375 0.5687500000000001 0.74375 0.5687500000000002
46 0.7515625 0.5718750000000001 0.6859375 0.571875 0.6859375 0.6421875000000001 0.7515625 0.6421875000000001
48 0.6703125 0.3468750000000001 0.6359375 0.3468750000000001 0.6359375 0.4109375 0.6703125 0.4109375
4 0.38906250000000003 0.35156250000000006 0.35625 0.3515625 0.35625000000000007 0.4140625 0.3890625000000001 0.4140625
40 0.640625 0.5765625 0.6078125 0.5765625 0.6078125 0.640625 0.640625 0.640625
3 0.35000000000000003 0.3515625 0.315625 0.3515625 0.31562500000000004 0.4140625 0.3500000000000001 0.4140625
37 0.6609375 0.4984375 0.6265625 0.4984375 0.6265625 0.5640625 0.6609375 0.5640625
10 0.2984375000000001 0.503125 0.2656250000000001 0.503125 0.2656250000000001 0.565625 0.2984375000000001 0.565625
36 0.609375 0.4234375 0.5765625 0.4234375 0.5765625 0.4875 0.609375 0.4875
17 0.22656250000000006 0.35 0.19375000000000003 0.35 0.19375000000000003 0.4140625 0.22656250000000008 0.4140625