55 0.5921875000000001 0.721875 0.453125 0.721875 0.4531250000000001 0.846875 0.5921875000000002 0.846875
10 0.45 0.24062500000000003 0.309375 0.240625 0.30937500000000007 0.37500000000000006 0.45 0.3750000000000001
15 0.5859375000000002 0.8375 0.44843750000000016 0.8375 0.44843750000000016 0.959375 0.5859375000000002 0.959375
51 0.3062500000000001 0.7 0.1937500000000001 0.7 0.1937500000000001 0.8046875 0.3062500000000001 0.8046875
45 0.45625 4.649830815512607e-17 0.303125 3.7122106099154144e-17 0.303125 0.23437500000000006 0.45625 0.23437500000000008
53 0.3046875000000001 0.896875 0.20312500000000008 0.896875 0.20312500000000008 0.996875 0.3046875000000001 0.996875
52 0.296875 0.001562500000000028 0.1640625 0.00156250000000002 0.16406250000000003 0.19843750000000002 0.296875 0.19843750000000004
8 0.19375000000000014 0.9140625 0.10468750000000013 0.9140625 0.10468750000000013 1 0.19375000000000014 1
6 0.18750000000000008 0.7234375 0.0906250000000001 0.7234375 0.0906250000000001 0.821875 0.18750000000000008 0.821875
4 0.17656250000000007 0.5140625 0.07343750000000007 0.5140625 0.07343750000000007 0.6171875 0.1765625000000001 0.6171875
58 0.6203125 0.3187500000000001 0.4640625 0.3187500000000001 0.4640625 0.459375 0.6203125 0.459375
7 0.19218750000000012 0.8234375 0.09843750000000011 0.8234375 0.09843750000000011 0.91875 0.19218750000000012 0.91875
41 0.303125 0.2078125 0.17187500000000006 0.2078125 0.17187500000000006 0.3359375 0.303125 0.3359375
35 0.5750000000000002 0.946875 0.44843750000000016 0.946875 0.44843750000000016 1 0.5750000000000002 1
43 0.45 0.38125000000000003 0.3109375000000001 0.38125 0.3109375000000001 0.509375 0.45 0.509375
42 0.3031250000000001 0.5859375 0.18906250000000008 0.5859375 0.18906250000000008 0.7 0.3031250000000001 0.7
32 0.15625 0.0031250000000000123 0.046875 0.0031250000000000054 0.04687500000000001 0.128125 0.15625 0.128125
1 0.15781250000000002 0.14375 0.04843750000000002 0.14375 0.04843750000000003 0.2609375 0.15781250000000005 0.2609375
57 0.609375 0.4640625 0.4625 0.4640625 0.4625 0.5984375 0.609375 0.5984375
49 0.86875 0.12031250000000009 0.65 0.12031250000000009 0.65 0.2765625000000001 0.86875 0.2765625000000001
24 0.43750000000000017 0.746875 0.3156250000000001 0.746875 0.3156250000000001 0.8671875 0.43750000000000017 0.8671875
23 0.4437500000000001 0.6359375 0.3156250000000001 0.6359375 0.3156250000000001 0.7546875 0.4437500000000002 0.7546875
21 0.3031250000000001 0.46875 0.18281250000000004 0.46875 0.18281250000000007 0.5859375 0.3031250000000001 0.5859375
3 0.17343750000000005 0.3953125 0.06718750000000004 0.3953125 0.06718750000000005 0.5046875 0.17343750000000005 0.5046875
56 0.30312500000000003 0.340625 0.17656250000000004 0.340625 0.17656250000000004 0.4625 0.3031250000000001 0.4625
47 0.8125 0.6218750000000001 0.5875 0.621875 0.5875000000000001 1 0.8125 1
16 0.6046875 0.596875 0.4546875 0.596875 0.4546875000000001 0.728125 0.6046875000000002 0.728125
25 0.4343750000000002 0.8546875 0.3156250000000001 0.8546875 0.3156250000000001 0.96875 0.4343750000000002 0.96875
44 0.634375 6.754692501547121e-17 0.46875 5.740531871003217e-17 0.46875 0.3156250000000001 0.634375 0.3156250000000001
59 0.3062500000000001 0.803125 0.2000000000000001 0.803125 0.2000000000000001 0.90625 0.3062500000000001 0.90625
5 0.1828125000000001 0.61875 0.08125000000000007 0.61875 0.08125000000000007 0.721875 0.1828125000000001 0.721875
19 0.446875 0.5125 0.3125000000000001 0.5125 0.3125000000000001 0.6359375 0.446875 0.6359375
2 0.16562500000000005 0.2734375 0.05625000000000004 0.2734375 0.05625000000000004 0.3875 0.16562500000000005 0.3875
28 0.42968750000000017 0.95625 0.31718750000000007 0.95625 0.31718750000000007 1 0.42968750000000017 1
30 0.9921875 6.084963783263412e-17 0.0015625 1.9135106236677395e-19 0.001562500000000061 1 0.9921875 1
13 0.846875 0.2843750000000001 0.640625 0.2843750000000001 0.640625 0.4406250000000001 0.846875 0.44062500000000016