28 0.6328125 0.5640625 0.60625 0.5640625 0.60625 0.6109375 0.6328125 0.6109375
29 0.6359375 0.515625 0.609375 0.515625 0.609375 0.565625 0.6359375 0.565625
41 0.5828125000000002 0.825 0.5593750000000002 0.825 0.5593750000000002 0.8734375 0.5828125000000002 0.8734375
12 0.646875 0.3671875000000001 0.6203125 0.3671875000000001 0.6203125 0.415625 0.646875 0.415625
15 0.6546875 0.6453125 0.6265625 0.6453125 0.6265625 0.6953125 0.6546875 0.6953125
59 0.6 0.6109375 0.575 0.6109375 0.575 0.6578125 0.6 0.6578125
56 0.5875000000000001 0.784375 0.5625000000000002 0.784375 0.5625000000000002 0.83125 0.5875000000000001 0.83125
58 0.6375000000000002 0.8265625 0.6125000000000002 0.8265625 0.6125000000000002 0.878125 0.6375000000000002 0.878125
14 0.7015625 0.5015625 0.6703125 0.5015625 0.6703125 0.5453125 0.7015625 0.5453125
17 0.5546875000000002 0.86875 0.5343750000000002 0.86875 0.5343750000000002 0.90625 0.5546875000000002 0.90625
38 0.6140625 0.425 0.5890625 0.425 0.5890625 0.4703125 0.6140625 0.4703125
53 0.6046875 0.5640625 0.5796875 0.5640625 0.5796875 0.6109375 0.6046875 0.6109375
51 0.596875 0.6546875 0.571875 0.6546875 0.571875 0.7015625 0.596875 0.7015625
21 0.5906250000000002 0.7421875 0.5656250000000002 0.7421875 0.5656250000000002 0.7890625 0.5906250000000002 0.7890625
47 0.7031250000000001 0.540625 0.65 0.540625 0.6500000000000001 0.79375 0.7031250000000002 0.79375
49 0.6625000000000002 0.9296875 0.6328125000000002 0.9296875 0.6328125000000002 0.990625 0.6625000000000002 0.990625
34 0.675 0.3984375000000001 0.646875 0.3984375000000001 0.646875 0.4484375 0.675 0.4484375
31 0.6390625 0.46875 0.6140625 0.46875 0.6140625 0.515625 0.6390625 0.515625
55 0.6515625 0.6921875 0.6234375 0.6921875 0.6234375000000001 0.7421875 0.6515625000000002 0.7421875
8 0.5796875 0.534375 0.5578125 0.534375 0.5578125 0.578125 0.5796875 0.578125
18 0.6671875 0.4984375 0.6390625 0.4984375 0.6390625 0.5484375 0.6671875 0.5484375
50 0.7109375 0.4125 0.6765625 0.4125 0.6765625 0.45625 0.7109375 0.45625
6 0.5734375 0.621875 0.5515625 0.621875 0.5515625 0.665625 0.5734375 0.665625
4 0.5671875000000001 0.7078125 0.5453125 0.7078125 0.5453125000000001 0.7515625 0.5671875000000002 0.7515625
16 0.6453125000000002 0.7375 0.6203125000000002 0.7375 0.6203125000000002 0.7875 0.6453125000000002 0.7875
19 0.6171875000000002 0.7453125 0.5921875000000002 0.7453125 0.5921875000000002 0.79375 0.6171875000000002 0.79375
23 0.6203125 0.7 0.5953125 0.7 0.5953125000000001 0.7484375 0.6203125000000002 0.7484375
20 0.5984375 0.2578125000000001 0.5734375 0.2578125000000001 0.5734375 0.3453125000000001 0.5984375 0.3453125000000001
1 0.5578125000000002 0.8296875 0.5359375000000002 0.8296875 0.5359375000000002 0.8765625 0.5578125000000002 0.8765625
52 0.5796875000000001 0.865625 0.5578125000000002 0.865625 0.5578125000000002 0.925 0.5796875000000001 0.925
54 0.61875 0.3765625000000001 0.59375 0.3765625000000001 0.59375 0.4234375 0.61875 0.4234375
48 0.5890625 0.39531250000000007 0.565625 0.39531250000000007 0.565625 0.440625 0.5890625 0.440625
26 0.653125 0.3125000000000001 0.625 0.3125000000000001 0.625 0.36406250000000007 0.653125 0.36406250000000007
0 0.5859375 0.4421875 0.5640625 0.4421875 0.5640625 0.4875 0.5859375 0.4875
36 0.6109375 0.4734375 0.5859375 0.4734375 0.5859375 0.5203125 0.6109375 0.5203125
3 0.5640625000000001 0.7484375 0.5421875000000002 0.7484375 0.5421875000000002 0.7953125 0.5640625000000001 0.7953125
24 0.6234375 0.65625 0.5984375 0.65625 0.5984375 0.7046875 0.6234375 0.7046875
40 0.671875 0.4484375 0.64375 0.4484375 0.64375 0.4984375 0.671875 0.4984375
37 0.64375 0.41875 0.6171875 0.41875 0.6171875 0.465625 0.64375 0.465625
42 0.5937500000000001 0.6984375 0.56875 0.6984375 0.5687500000000001 0.7453125 0.5937500000000002 0.7453125
11 0.59375 0.34843750000000007 0.56875 0.34843750000000007 0.56875 0.3921875000000001 0.59375 0.3921875000000001
10 0.6093750000000002 0.8328125 0.5843750000000002 0.8328125 0.5843750000000002 0.88125 0.6093750000000002 0.88125
35 0.659375 0.596875 0.63125 0.596875 0.63125 0.646875 0.659375 0.646875
57 0.6421875000000001 0.7828125 0.6156250000000002 0.7828125 0.6156250000000002 0.8328125 0.6421875000000001 0.8328125
7 0.5765625 0.578125 0.5546875 0.578125 0.5546875 0.6234375 0.5765625 0.6234375
45 0.6062500000000002 0.871875 0.5812500000000002 0.871875 0.5812500000000002 0.94375 0.6062500000000002 0.94375
22 0.65625 0.2578125000000001 0.6 0.2578125000000001 0.6 0.3218750000000001 0.65625 0.3218750000000001
33 0.6625 0.5484375 0.634375 0.5484375 0.634375 0.5984375 0.6625 0.5984375
9 0.5828125 0.4875 0.5609375 0.4875 0.5609375 0.5328125 0.5828125 0.5328125
25 0.6265625 0.6109375 0.6015625 0.6109375 0.6015625 0.659375 0.6265625 0.659375
13 0.6750000000000002 0.7875 0.6437500000000002 0.7875 0.6437500000000002 0.8453125 0.6750000000000002 0.8453125
27 0.6078125 0.51875 0.5828125 0.51875 0.5828125 0.565625 0.6078125 0.565625
46 0.6875 0.2593750000000001 0.653125 0.2593750000000001 0.653125 0.39531250000000007 0.6875 0.39531250000000007
2 0.5609375000000002 0.7890625 0.5390625000000002 0.7890625 0.5390625000000002 0.8359375 0.5609375000000002 0.8359375
39 0.621875 0.3265625000000001 0.596875 0.3265625000000001 0.596875 0.3734375000000001 0.621875 0.3734375000000001
43 0.6140625000000002 0.7890625 0.5890625000000002 0.7890625 0.5890625000000002 0.8359375 0.6140625000000002 0.8359375
30 0.7453125 0.09531250000000008 0.515625 0.09531250000000006 0.5156250000000001 1 0.7453125000000002 1
44 0.6296875000000002 0.909375 0.6062500000000002 0.909375 0.6062500000000002 0.965625 0.6296875000000002 0.965625
5 0.5703125 0.6640625 0.5484375 0.6640625 0.5484375 0.709375 0.5703125 0.709375
32 0.6343750000000001 0.86875 0.6093750000000002 0.86875 0.6093750000000002 0.91875 0.6343750000000001 0.91875