3 0.3500000000000001 0.6234375 0.3265625000000001 0.6234375 0.3265625000000001 0.646875 0.3500000000000001 0.646875
11 0.56875 0.6296875 0.5453125 0.6296875 0.5453125 0.6515625 0.56875 0.6515625
24 0.4140625 0.675 0.3921875000000001 0.675 0.3921875000000001 0.7 0.4140625 0.7
41 0.3109375000000001 0.6484375 0.2890625000000001 0.6484375 0.2890625000000001 0.671875 0.3109375000000001 0.671875
54 0.5578125 0.653125 0.5359375 0.653125 0.5359375 0.678125 0.5578125 0.678125
10 0.3140625000000001 0.675 0.2921875000000001 0.675 0.2921875000000001 0.7 0.3140625000000001 0.7
2 0.32500000000000007 0.6234375 0.3031250000000001 0.6234375 0.3031250000000001 0.6453125 0.32500000000000007 0.6453125
30 0.7250000000000001 0.590625 0.2328125000000001 0.590625 0.2328125000000001 0.784375 0.7250000000000002 0.784375
57 0.3515625000000001 0.7015625 0.3296875000000001 0.7015625 0.3296875000000001 0.725 0.3515625000000001 0.725
35 0.4531250000000001 0.703125 0.43125 0.703125 0.4312500000000001 0.728125 0.45312500000000017 0.728125
51 0.409375 0.6515625 0.38750000000000007 0.6515625 0.38750000000000007 0.675 0.409375 0.675
46 0.6203125 0.70625 0.559375 0.70625 0.5593750000000001 0.73125 0.6203125000000002 0.73125
31 0.5140625 0.678125 0.49375 0.678125 0.49375 0.7015625 0.5140625 0.7015625
36 0.50625 0.6515625 0.4859375 0.6515625 0.4859375 0.675 0.50625 0.675
38 0.5328125 0.653125 0.5109375 0.653125 0.5109375 0.6765625 0.5328125 0.6765625
16 0.3750000000000001 0.703125 0.3546875000000001 0.703125 0.3546875000000001 0.7265625 0.3750000000000001 0.7265625
0 0.5171875 0.6296875 0.496875 0.6296875 0.496875 0.6515625 0.5171875 0.6515625
37 0.5421875 0.68125 0.5203125 0.68125 0.5203125 0.7046875 0.5421875 0.7046875
28 0.4640625 0.675 0.4421875 0.675 0.4421875 0.7015625 0.4640625 0.7015625
20 0.6078125 0.6296875 0.5703125 0.6296875 0.5703125 0.653125 0.6078125 0.653125
39 0.5828125 0.6546875 0.559375 0.6546875 0.559375 0.678125 0.5828125 0.678125
33 0.4796875000000001 0.703125 0.45625 0.703125 0.4562500000000001 0.728125 0.47968750000000016 0.728125
52 0.2875000000000001 0.646875 0.2515625000000001 0.646875 0.2515625000000001 0.6703125 0.2875000000000001 0.6703125
17 0.27812500000000007 0.628125 0.2562500000000001 0.628125 0.2562500000000001 0.6484375 0.27812500000000007 0.6484375
45 0.2906250000000001 0.6734375 0.2484375000000001 0.6734375 0.2484375000000001 0.696875 0.2906250000000001 0.696875
53 0.4578125 0.6515625 0.4359375 0.6515625 0.4359375 0.675 0.4578125 0.675
56 0.3359375000000001 0.65 0.3140625000000001 0.65 0.3140625000000001 0.6734375 0.3359375000000001 0.6734375
22 0.6171875 0.68125 0.56875 0.68125 0.56875 0.7046875 0.6171875 0.7046875
40 0.5312500000000001 0.7046875 0.509375 0.7046875 0.5093750000000001 0.7296875 0.5312500000000002 0.7296875
55 0.4015625000000001 0.7015625 0.37968750000000007 0.7015625 0.37968750000000007 0.7265625 0.40156250000000016 0.7265625
5 0.3984375000000001 0.625 0.3765625000000001 0.625 0.3765625000000001 0.646875 0.3984375000000001 0.646875
48 0.54375 0.628125 0.5203125 0.628125 0.5203125 0.6515625 0.54375 0.6515625
15 0.4281250000000001 0.703125 0.4046875 0.703125 0.4046875000000001 0.728125 0.4281250000000002 0.728125
49 0.2718750000000001 0.7265625 0.2375000000000001 0.7265625 0.2375000000000001 0.7609375 0.2718750000000001 0.7609375
29 0.490625 0.6765625 0.4671875 0.6765625 0.4671875 0.703125 0.490625 0.703125
59 0.4328125 0.6515625 0.4140625 0.6515625 0.4140625 0.675 0.4328125 0.675
19 0.36406250000000007 0.6765625 0.3437500000000001 0.6765625 0.3437500000000001 0.703125 0.36406250000000007 0.703125
18 0.5046875000000001 0.7046875 0.4828125 0.7046875 0.4828125000000001 0.7296875 0.5046875000000002 0.7296875
6 0.421875 0.6265625 0.4015625 0.6265625 0.4015625 0.6484375 0.421875 0.6484375
43 0.34062500000000007 0.6765625 0.3187500000000001 0.6765625 0.3187500000000001 0.7015625 0.34062500000000007 0.7015625
50 0.5406250000000001 0.73125 0.5093750000000001 0.73125 0.5093750000000001 0.765625 0.5406250000000001 0.765625
42 0.3843750000000001 0.6484375 0.3625000000000001 0.6484375 0.3625000000000001 0.6734375 0.3843750000000001 0.6734375
1 0.30156250000000007 0.628125 0.2828125000000001 0.628125 0.2828125000000001 0.6484375 0.30156250000000007 0.6484375
27 0.4828125 0.6515625 0.4609375 0.6515625 0.4609375 0.675 0.4828125 0.675
58 0.32500000000000007 0.7 0.3031250000000001 0.7 0.3031250000000001 0.725 0.32500000000000007 0.725
47 0.4812500000000002 0.728125 0.3515625000000001 0.728125 0.3515625000000001 0.7640625 0.4812500000000002 0.7640625
8 0.471875 0.628125 0.4484375 0.628125 0.4484375 0.65 0.471875 0.65
23 0.3890625000000001 0.675 0.3671875000000001 0.675 0.3671875000000001 0.7 0.3890625000000001 0.7
32 0.3000000000000001 0.7 0.2750000000000001 0.7 0.2750000000000001 0.7265625 0.3000000000000001 0.7265625
44 0.2734375000000001 0.7 0.24218750000000008 0.7 0.24218750000000008 0.725 0.2734375000000001 0.725
4 0.3734375000000001 0.6234375 0.3515625000000001 0.6234375 0.3515625000000001 0.646875 0.3734375000000001 0.646875
34 0.5562500000000001 0.70625 0.534375 0.70625 0.534375 0.7296875 0.5562500000000001 0.7296875
26 0.6125 0.6546875 0.584375 0.6546875 0.584375 0.6796875 0.6125 0.6796875
21 0.3593750000000001 0.6484375 0.3375000000000001 0.6484375 0.3375000000000001 0.6734375 0.3593750000000001 0.6734375
12 0.56875 0.6828125 0.54375 0.6828125 0.54375 0.7046875 0.56875 0.7046875
9 0.4953125 0.628125 0.4734375 0.628125 0.4734375 0.65 0.4953125 0.65
14 0.5078125000000002 0.7328125 0.4828125000000002 0.7328125 0.4828125000000002 0.765625 0.5078125000000002 0.765625
25 0.440625 0.675 0.4171875 0.675 0.4171875 0.7 0.440625 0.7
7 0.4453125 0.6265625 0.4234375 0.6265625 0.4234375 0.65 0.4453125 0.65
13 0.3500000000000001 0.7265625 0.32500000000000007 0.7265625 0.32500000000000007 0.759375 0.3500000000000001 0.759375