6 0.628125 0.4703125 0.603125 0.4703125 0.603125 0.5109375 0.628125 0.5109375
19 0.6828125 0.3671875000000001 0.65625 0.3671875000000001 0.65625 0.409375 0.6828125 0.409375
14 0.746875 0.6671875 0.715625 0.6671875 0.715625 0.7125000000000001 0.746875 0.7125000000000001
43 0.6828125 0.3234375000000001 0.65625 0.3234375000000001 0.65625 0.36406250000000007 0.6828125 0.36406250000000007
55 0.7125 0.4296875 0.684375 0.4296875 0.684375 0.4734375 0.7125 0.4734375
13 0.7453125 0.27812500000000007 0.7140625 0.27812500000000007 0.7140625 0.32500000000000007 0.7453125 0.32500000000000007
1 0.6265625 0.2578125000000001 0.6015625 0.2578125000000001 0.6015625 0.2984375000000001 0.6265625 0.2984375000000001
32 0.7109375 0.2500000000000001 0.6828125 0.2500000000000001 0.6828125 0.29375000000000007 0.7109375 0.29375000000000007
46 0.7156250000000002 0.746875 0.6875000000000002 0.746875 0.6875000000000002 0.846875 0.7156250000000002 0.846875
57 0.7125 0.34062500000000007 0.684375 0.34062500000000007 0.684375 0.3828125000000001 0.7125 0.3828125000000001
9 0.6296875 0.5953125 0.6046875 0.5953125 0.6046875 0.6359375 0.6296875 0.6359375
24 0.6828125 0.4546875 0.65625 0.4546875 0.65625 0.4953125 0.6828125 0.4953125
25 0.684375 0.4984375 0.65625 0.4984375 0.65625 0.540625 0.684375 0.540625
53 0.6546875 0.53125 0.6296875 0.53125 0.6296875 0.571875 0.6546875 0.571875
15 0.7125 0.475 0.684375 0.475 0.684375 0.51875 0.7125 0.51875
26 0.6843750000000002 0.7640625 0.6578125000000001 0.7640625 0.6578125000000001 0.8078125 0.6843750000000002 0.8078125
23 0.6828125 0.4109375 0.65625 0.4109375 0.65625 0.4515625 0.6828125 0.4515625
29 0.684375 0.5875 0.65625 0.5875 0.65625 0.628125 0.684375 0.628125
48 0.6296875 0.68125 0.6046875 0.68125 0.6046875 0.721875 0.6296875 0.721875
54 0.6562500000000001 0.7046875 0.63125 0.7046875 0.6312500000000001 0.7453125 0.6562500000000002 0.7453125
18 0.7125 0.6109375 0.684375 0.6109375 0.684375 0.653125 0.7125 0.653125
39 0.6562500000000002 0.7484375 0.6312500000000002 0.7484375 0.6312500000000002 0.7890625 0.6562500000000002 0.7890625
20 0.6296875000000002 0.7671875 0.6046875000000002 0.7671875 0.6046875000000002 0.828125 0.6296875000000002 0.828125
58 0.7125 0.2953125000000001 0.684375 0.2953125000000001 0.684375 0.3390625000000001 0.7125 0.3390625000000001
33 0.7140625 0.5640625 0.6859375 0.5640625 0.6859375 0.6078125 0.7140625 0.6078125
47 0.74375 0.3828125000000001 0.7140625 0.3828125000000001 0.7140625 0.6093750000000001 0.74375 0.6093750000000002
40 0.7140625 0.6546875 0.6859375 0.6546875 0.6859375 0.6984375 0.7140625 0.6984375
30 0.7546875000000001 0.1765625000000001 0.5875 0.1765625000000001 0.5875000000000001 0.8734375 0.7546875000000002 0.8734375
3 0.628125 0.3421875000000001 0.603125 0.3421875000000001 0.603125 0.3828125000000001 0.628125 0.3828125000000001
42 0.6546875 0.403125 0.6296875 0.403125 0.6296875 0.44375 0.6546875 0.44375
37 0.6859375 0.675 0.6578125 0.675 0.6578125 0.71875 0.6859375 0.71875
41 0.653125 0.2718750000000001 0.628125 0.2718750000000001 0.628125 0.3156250000000001 0.653125 0.3156250000000001
0 0.6296875 0.6375 0.6046875 0.6375 0.6046875 0.678125 0.6296875 0.678125
16 0.7125 0.3843750000000001 0.684375 0.3843750000000001 0.684375 0.428125 0.7125 0.428125
52 0.6546875 0.2093750000000001 0.6296875 0.2093750000000001 0.6296875 0.2718750000000001 0.6546875 0.2718750000000001
8 0.6296875 0.5546875 0.6046875 0.5546875 0.6046875 0.5953125 0.6296875 0.5953125
34 0.7140625 0.7 0.6859375 0.7 0.6859375000000001 0.74375 0.7140625000000002 0.74375
12 0.6843750000000001 0.71875 0.6578125 0.71875 0.6578125000000001 0.7625 0.6843750000000002 0.7625
59 0.6546875 0.4890625 0.6296875 0.4890625 0.6296875 0.5296875 0.6546875 0.5296875
31 0.684375 0.63125 0.65625 0.63125 0.65625 0.671875 0.684375 0.671875
44 0.7125 0.1937500000000001 0.684375 0.1937500000000001 0.684375 0.2500000000000001 0.7125 0.2500000000000001
49 0.74375 0.2328125000000001 0.7140625 0.2328125000000001 0.7140625 0.27812500000000007 0.74375 0.27812500000000007
17 0.628125 0.2156250000000001 0.603125 0.2156250000000001 0.603125 0.2562500000000001 0.628125 0.2562500000000001
7 0.628125 0.5109375 0.603125 0.5109375 0.603125 0.5515625 0.628125 0.5515625
21 0.6546875 0.3593750000000001 0.6296875 0.3593750000000001 0.6296875 0.4 0.6546875 0.4
4 0.628125 0.3859375000000001 0.603125 0.3859375000000001 0.603125 0.425 0.628125 0.425
51 0.6546875 0.446875 0.6296875 0.446875 0.6296875 0.4859375 0.6546875 0.4859375
5 0.628125 0.428125 0.603125 0.428125 0.603125 0.46875 0.628125 0.46875
22 0.6859375000000002 0.7921875 0.6312500000000002 0.7921875 0.6312500000000002 0.8421875 0.6859375000000002 0.8421875
10 0.6828125 0.27812500000000007 0.65625 0.27812500000000007 0.65625 0.3218750000000001 0.6828125 0.3218750000000001
56 0.653125 0.3156250000000001 0.628125 0.3156250000000001 0.628125 0.3578125000000001 0.653125 0.3578125000000001
36 0.6546875 0.61875 0.6296875 0.61875 0.6296875 0.659375 0.6546875 0.659375
2 0.6265625 0.3000000000000001 0.6015625 0.3000000000000001 0.6015625 0.34062500000000007 0.6265625 0.34062500000000007
38 0.65625 0.6609375 0.63125 0.6609375 0.63125 0.7015625 0.65625 0.7015625
28 0.684375 0.5421875 0.65625 0.5421875 0.65625 0.5828125 0.684375 0.5828125
11 0.6296875000000001 0.7234375 0.6046875 0.7234375 0.6046875 0.7640625 0.6296875000000002 0.7640625
27 0.6546875 0.5765625 0.6296875 0.5765625 0.6296875 0.615625 0.6546875 0.615625
45 0.6828125 0.20312500000000008 0.65625 0.20312500000000008 0.65625 0.27812500000000007 0.6828125 0.27812500000000007
35 0.7125 0.5203125 0.684375 0.5203125 0.684375 0.5625 0.7125 0.5625