30 0.996875 0.25625000000000003 0.08437500000000002 0.25625 0.08437500000000005 0.5390625000000001 0.996875 0.5390625000000002
0 0.5296875000000002 0.8953125 0.48750000000000016 0.8953125 0.48750000000000016 0.9359375 0.5296875000000002 0.9359375
39 0.6515625 0.6296875 0.6109375 0.6296875 0.6109375 0.6609375 0.6515625 0.6609375
21 0.2171875000000001 0.9234375 0.17187500000000014 0.9234375 0.17187500000000014 0.9625 0.2171875000000001 0.9625
36 0.5171875 0.6359375 0.4796875 0.6359375 0.4796875 0.6671875 0.5171875 0.6671875
26 0.6671875 0.665625 0.6265625 0.665625 0.6265625 0.696875 0.6671875 0.696875
57 0.2765625000000001 0.4390625 0.2484375000000001 0.4390625 0.2484375000000001 0.459375 0.2765625000000001 0.459375
54 0.58125 0.3687500000000001 0.5546875 0.3687500000000001 0.5546875 0.3890625000000001 0.58125 0.3890625000000001
0 0.5375 0.6 0.4984375 0.6 0.4984375 0.63125 0.5375 0.63125
4 0.2765625000000001 0.6109375 0.2406250000000001 0.6109375 0.2406250000000001 0.640625 0.2765625000000001 0.640625
57 0.2468750000000001 0.709375 0.21093750000000008 0.709375 0.21093750000000008 0.7390625 0.2468750000000001 0.7390625
46 0.7312500000000001 0.7015625000000001 0.6078125 0.7015625 0.6078125000000001 0.7375 0.7312500000000002 0.7375000000000002
11 0.603125 0.3437500000000001 0.575 0.3437500000000001 0.575 0.36406250000000007 0.603125 0.36406250000000007
27 0.471875 0.6375 0.4359375 0.6375 0.4359375 0.6671875 0.471875 0.6671875
32 0.20468750000000008 0.4453125 0.17812500000000003 0.4453125 0.17812500000000003 0.4640625 0.20468750000000008 0.4640625
41 0.2250000000000001 0.3953125 0.19687500000000005 0.3953125 0.19687500000000005 0.415625 0.2250000000000001 0.415625
54 0.6046875 0.63125 0.5640625 0.63125 0.5640625 0.6625 0.6046875 0.6625
48 0.5640625 0.3468750000000001 0.534375 0.3468750000000001 0.534375 0.3671875000000001 0.5640625 0.3671875000000001
49 0.12656250000000008 0.7453125 0.08125000000000009 0.7453125 0.08125000000000009 0.7734375 0.12656250000000008 0.7734375
56 0.2562500000000001 0.3953125 0.2312500000000001 0.3953125 0.2312500000000001 0.4140625 0.2562500000000001 0.4140625
53 0.428125 0.6390625 0.3921875000000001 0.6390625 0.3921875000000001 0.66875 0.428125 0.66875
47 0.478125 0.45 0.2687500000000001 0.45 0.2687500000000001 0.4984375 0.478125 0.4984375
50 0.7375000000000002 0.7406250000000001 0.6593750000000002 0.740625 0.6593750000000002 0.7734375000000001 0.7375000000000002 0.7734375000000002
44 0.12343750000000009 0.7109375 0.08125000000000009 0.7109375 0.08125000000000009 0.740625 0.12343750000000009 0.740625
4 0.3140625000000001 0.3671875 0.2875000000000001 0.3671875 0.2875000000000001 0.3875 0.3140625000000001 0.3875
38 0.54375 0.3734375000000001 0.5171875 0.3734375000000001 0.5171875 0.3937500000000001 0.54375 0.3937500000000001
56 0.21875000000000008 0.6453125 0.18125000000000008 0.6453125 0.18125000000000008 0.6734375 0.21875000000000008 0.6734375
55 0.34843750000000007 0.4359375 0.3203125000000001 0.4359375 0.3203125000000001 0.45625 0.34843750000000007 0.45625
45 0.18906250000000005 0.421875 0.14062500000000006 0.421875 0.14062500000000006 0.4421875 0.18906250000000005 0.4421875
9 0.4921875 0.6015625 0.453125 0.6015625 0.453125 0.6328125 0.4921875 0.6328125
22 0.725 0.628125 0.6578125 0.628125 0.6578125 0.696875 0.725 0.696875
19 0.2687500000000001 0.6765625 0.23437500000000008 0.6765625 0.23437500000000008 0.70625 0.2687500000000001 0.70625
52 0.14218750000000008 0.6453125 0.07968750000000009 0.6453125 0.07968750000000009 0.675 0.14218750000000008 0.675
26 0.6328125 0.3906250000000001 0.6015625 0.3906250000000001 0.6015625 0.4109375 0.6328125 0.4109375
10 0.18750000000000008 0.678125 0.1546875000000001 0.678125 0.1546875000000001 0.7078125 0.18750000000000008 0.7078125
33 0.46562500000000007 0.70625 0.4265625 0.70625 0.42656250000000007 0.7390625 0.4656250000000002 0.7390625
7 0.40625 0.6046875 0.3671875000000001 0.6046875 0.3671875000000001 0.6359375 0.40625 0.6359375
6 0.3625000000000001 0.609375 0.3265625000000001 0.609375 0.3265625000000001 0.6390625 0.3625000000000001 0.6390625
48 0.5828125 0.5984375 0.5421875 0.5984375 0.5421875 0.628125 0.5828125 0.628125
48 0.5796875000000001 0.896875 0.5375000000000002 0.896875 0.5375000000000002 0.9375 0.5796875000000001 0.9375
0 0.5265625 0.3500000000000001 0.496875 0.3500000000000001 0.496875 0.3687500000000001 0.5265625 0.3687500000000001
8 0.42968750000000017 0.890625 0.3890625000000001 0.890625 0.3890625000000001 0.9296875 0.42968750000000017 0.9296875
58 0.2390625000000001 0.440625 0.2093750000000001 0.440625 0.2093750000000001 0.4609375 0.2390625000000001 0.4609375
33 0.459375 0.428125 0.4296875 0.428125 0.4296875 0.45 0.459375 0.45
43 0.2640625000000001 0.4171875 0.2375000000000001 0.4171875 0.2375000000000001 0.4375 0.2640625000000001 0.4375
53 0.4000000000000002 0.934375 0.3593750000000001 0.934375 0.3593750000000001 0.9734375 0.4000000000000002 0.9734375
11 0.6296875 0.596875 0.5890625 0.596875 0.5890625 0.628125 0.6296875 0.628125
7 0.4171875 0.3578125000000001 0.3890625 0.3578125000000001 0.38906250000000003 0.3781250000000001 0.4171875 0.3781250000000001
41 0.12500000000000014 0.9203125 0.08437500000000012 0.9203125 0.08437500000000012 0.9578125 0.12500000000000014 0.9578125
51 0.3390625000000001 0.64375 0.3031250000000001 0.64375 0.3031250000000001 0.6703125 0.3390625000000001 0.6703125
16 0.2875000000000001 0.7078125 0.2515625000000001 0.7078125 0.2515625000000001 0.7375 0.2875000000000001 0.7375
34 0.5984375000000001 0.703125 0.559375 0.703125 0.5593750000000001 0.734375 0.5984375000000002 0.734375
11 0.6312500000000002 0.8984375 0.5906250000000002 0.8984375 0.5906250000000002 0.9390625 0.6312500000000002 0.9390625
52 0.08281250000000011 0.9171875 0.02031250000000011 0.9171875 0.020312500000000115 0.95625 0.08281250000000011 0.95625
22 0.6859375 0.3609375000000001 0.6328125 0.3609375000000001 0.6328125 0.409375 0.6859375 0.409375
55 0.3296875000000001 0.7078125 0.29375000000000007 0.7078125 0.29375000000000007 0.7375 0.3296875000000001 0.7375
1 0.1531250000000001 0.6125 0.12031250000000009 0.6125 0.12031250000000009 0.640625 0.1531250000000001 0.640625
27 0.46875 0.3781250000000001 0.4421875 0.3781250000000001 0.4421875 0.3968750000000001 0.46875 0.3968750000000001
9 0.47968750000000016 0.8921875 0.43750000000000017 0.8921875 0.43750000000000017 0.9328125 0.47968750000000016 0.9328125
2 0.1937500000000001 0.6109375 0.15781250000000008 0.6109375 0.15781250000000008 0.6390625 0.1937500000000001 0.6390625
2 0.2453125000000001 0.371875 0.22031250000000008 0.371875 0.22031250000000008 0.390625 0.2453125000000001 0.390625
8 0.446875 0.603125 0.4109375 0.603125 0.4109375 0.6328125 0.446875 0.6328125
18 0.4953125 0.425 0.4671875 0.425 0.4671875 0.4453125 0.4953125 0.4453125
7 0.3843750000000001 0.8875 0.3421875000000001 0.8875 0.3421875000000001 0.928125 0.3843750000000001 0.928125
12 0.621875 0.6703125 0.5828125 0.6703125 0.5828125 0.7015625 0.621875 0.7015625
45 0.14843750000000008 0.6796875 0.07812500000000008 0.6796875 0.07812500000000008 0.709375 0.14843750000000008 0.709375
14 0.528125 0.4484375 0.4859375 0.4484375 0.4859375 0.48125 0.528125 0.48125
6 0.38281250000000006 0.36250000000000004 0.3546875 0.3625 0.35468750000000004 0.38125000000000003 0.3828125000000001 0.3812500000000001
6 0.3343750000000001 0.8859375 0.29375000000000007 0.8859375 0.29375000000000007 0.925 0.3343750000000001 0.925
17 0.1140625000000001 0.615625 0.08125000000000007 0.615625 0.08125000000000007 0.6421875 0.1140625000000001 0.6421875
20 0.6828125 0.3359375000000001 0.6109375 0.3359375000000001 0.6109375 0.3593750000000001 0.6828125 0.3593750000000001
42 0.3265625000000001 0.3890625 0.3000000000000001 0.3890625 0.3000000000000001 0.409375 0.3265625000000001 0.409375
5 0.2875000000000001 0.884375 0.2484375000000001 0.884375 0.2484375000000001 0.921875 0.2875000000000001 0.921875
29 0.478125 0.4015625 0.45 0.4015625 0.45 0.421875 0.478125 0.421875
52 0.19218750000000004 0.3984375 0.14843750000000006 0.3984375 0.14843750000000006 0.41875 0.19218750000000004 0.41875
51 0.3625000000000001 0.3875 0.3359375000000001 0.3875 0.3359375000000001 0.40625 0.3625000000000001 0.40625
37 0.5765625 0.6703125 0.5375 0.6703125 0.5375 0.7015625 0.5765625 0.7015625
1 0.12031250000000011 0.878125 0.07812500000000011 0.878125 0.07812500000000011 0.9171875 0.12031250000000013 0.9171875
31 0.515625 0.4 0.4890625 0.4 0.4890625 0.4203125 0.515625 0.4203125
4 0.2453125000000001 0.88125 0.20312500000000008 0.88125 0.20312500000000008 0.9203125 0.2453125000000001 0.9203125
46 0.6875 0.4109375 0.584375 0.4109375 0.584375 0.4390625 0.6875 0.4390625
41 0.17968750000000008 0.6453125 0.14062500000000008 0.6453125 0.14062500000000008 0.675 0.17968750000000008 0.675
5 0.3203125000000001 0.6078125 0.2828125000000001 0.6078125 0.2828125000000001 0.6375 0.3203125000000001 0.6375
20 0.71875 0.5921875 0.6328125 0.5921875 0.6328125 0.6234375 0.71875 0.6234375
38 0.5609375 0.634375 0.5234375 0.634375 0.5234375 0.665625 0.5609375 0.665625
9 0.4890625 0.3531250000000001 0.4625 0.3531250000000001 0.4625 0.37187500000000007 0.4890625 0.37187500000000007
31 0.5296875 0.671875 0.4921875 0.671875 0.4921875 0.7015625 0.5296875 0.7015625
56 0.17031250000000014 0.921875 0.12968750000000012 0.921875 0.12968750000000012 0.9609375 0.17031250000000014 0.9609375
51 0.3062500000000001 0.9296875 0.2656250000000001 0.9296875 0.2656250000000001 0.9671875 0.3062500000000001 0.9671875
59 0.3515625000000001 0.93125 0.3125000000000001 0.93125 0.3125000000000001 0.96875 0.3515625000000001 0.96875
35 0.4203125 0.43125 0.3937500000000001 0.43125 0.3937500000000001 0.4515625 0.4203125 0.4515625
5 0.34843750000000007 0.3640625 0.3203125000000001 0.3640625 0.3203125000000001 0.384375 0.34843750000000007 0.384375
8 0.453125 0.35625000000000007 0.425 0.35625000000000007 0.425 0.3750000000000001 0.453125 0.3750000000000001
58 0.20468750000000008 0.709375 0.1687500000000001 0.709375 0.1687500000000001 0.7375 0.20468750000000008 0.7375
39 0.621875 0.3656250000000001 0.5921875 0.3656250000000001 0.5921875 0.38750000000000007 0.621875 0.38750000000000007
34 0.5734375 0.41875 0.54375 0.41875 0.54375 0.440625 0.5734375 0.440625
32 0.16406250000000008 0.709375 0.1296875000000001 0.709375 0.1296875000000001 0.7390625 0.16406250000000008 0.7390625
30 0.996875 0.5375000000000001 0.06562500000000007 0.5375 0.06562500000000007 0.7937500000000001 0.996875 0.7937500000000002
43 0.22812500000000008 0.6765625 0.1921875000000001 0.6765625 0.1921875000000001 0.70625 0.22812500000000008 0.70625
42 0.2593750000000001 0.9265625 0.22031250000000008 0.9265625 0.22031250000000008 0.9640625 0.2593750000000001 0.9640625
40 0.5515625000000001 0.7046875 0.5140625 0.7046875 0.5140625000000001 0.7359375 0.5515625000000002 0.7359375
10 0.2296875000000001 0.41875 0.2015625000000001 0.41875 0.2015625000000001 0.4390625 0.2296875000000001 0.4390625
43 0.17812500000000014 0.96875 0.13593750000000013 0.96875 0.13593750000000013 0.9984375 0.17812500000000014 0.9984375
24 0.3687500000000001 0.409375 0.34062500000000007 0.409375 0.34062500000000007 0.4296875 0.3687500000000001 0.4296875
18 0.5093750000000001 0.70625 0.46875 0.70625 0.4687500000000001 0.7375 0.5093750000000001 0.7375
19 0.2250000000000001 0.96875 0.18281250000000013 0.96875 0.18281250000000013 0.9984375 0.2250000000000001 0.9984375
2 0.16093750000000012 0.88125 0.12031250000000009 0.88125 0.12031250000000011 0.9203125 0.16093750000000012 0.9203125
54 0.6078125000000002 0.9484375 0.5671875000000002 0.9484375 0.5671875000000002 0.9875 0.6078125000000002 0.9875
20 0.7421875000000002 0.9046875 0.6437500000000002 0.9046875 0.6437500000000002 0.946875 0.7421875000000002 0.946875
59 0.3843750000000001 0.640625 0.34843750000000007 0.640625 0.34843750000000007 0.6671875 0.3843750000000001 0.6671875
28 0.440625 0.4046875 0.4125 0.4046875 0.4125 0.425 0.440625 0.425
40 0.534375 0.421875 0.5046875 0.421875 0.5046875 0.4421875 0.534375 0.4421875
12 0.59375 0.3937500000000001 0.565625 0.3937500000000001 0.565625 0.4140625 0.59375 0.4140625
53 0.434375 0.3812500000000001 0.4078125 0.3812500000000001 0.4078125 0.4 0.434375 0.4
21 0.2921875000000001 0.3921875 0.2656250000000001 0.3921875 0.2656250000000001 0.4125 0.2921875000000001 0.4125
23 0.3343750000000001 0.4125 0.3062500000000001 0.4125 0.3062500000000001 0.4328125 0.3343750000000001 0.4328125
13 0.2640625000000001 0.4640625 0.2250000000000001 0.4640625 0.2250000000000001 0.4953125 0.2640625000000001 0.4953125
3 0.20468750000000008 0.88125 0.1625000000000001 0.88125 0.16250000000000012 0.9203125 0.20468750000000008 0.9203125
16 0.3125000000000001 0.4390625 0.2843750000000001 0.4390625 0.2843750000000001 0.459375 0.3125000000000001 0.459375
47 0.5140625000000002 0.74375 0.2531250000000001 0.74375 0.2531250000000001 0.7765625 0.5140625000000002 0.7765625
21 0.2593750000000001 0.6453125 0.2234375000000001 0.6453125 0.2234375000000001 0.671875 0.2593750000000001 0.671875
36 0.5046875000000002 0.9421875 0.46406250000000016 0.9421875 0.46406250000000016 0.98125 0.5046875000000002 0.98125
22 0.7593750000000001 0.953125 0.6734375000000001 0.953125 0.6734375000000001 0.9984375 0.7593750000000001 0.9984375
50 0.6921875 0.4390625 0.6390625 0.4390625 0.6390625 0.46875 0.6921875 0.46875
39 0.6625000000000002 0.9515625 0.6234375000000002 0.9515625 0.6234375000000002 0.990625 0.6625000000000002 0.990625
44 0.17343750000000005 0.4453125 0.13437500000000005 0.4453125 0.13437500000000005 0.4671875 0.17343750000000005 0.4671875
23 0.2687500000000001 0.9734375 0.22656250000000008 0.9734375 0.22656250000000008 0.9984375 0.2687500000000001 0.9984375
19 0.2984375000000001 0.415625 0.27031250000000007 0.415625 0.27031250000000007 0.4359375 0.2984375000000001 0.4359375
59 0.3984375000000001 0.3828125000000001 0.37187500000000007 0.3828125000000001 0.37187500000000007 0.403125 0.3984375000000001 0.403125
49 0.17656250000000004 0.4703125 0.12812500000000004 0.4703125 0.12812500000000004 0.4953125 0.17656250000000004 0.4953125
42 0.2984375000000001 0.64375 0.26250000000000007 0.64375 0.26250000000000007 0.6703125 0.2984375000000001 0.6703125
35 0.4203125000000001 0.7078125 0.3812500000000001 0.7078125 0.3812500000000001 0.7390625 0.4203125000000002 0.7390625
15 0.3843750000000001 0.4328125 0.3578125000000001 0.4328125 0.3578125000000001 0.453125 0.3843750000000001 0.453125
28 0.440625 0.671875 0.403125 0.671875 0.403125 0.703125 0.440625 0.703125
36 0.5078125 0.3765625000000001 0.48125 0.3765625000000001 0.48125 0.39531250000000007 0.5078125 0.39531250000000007
14 0.5578125000000002 0.74375 0.5187500000000002 0.74375 0.5187500000000002 0.775 0.5578125000000002 0.775
10 0.12968750000000012 0.9640625 0.08906250000000011 0.9640625 0.08906250000000013 0.9984375 0.12968750000000012 0.9984375
38 0.5546875000000002 0.946875 0.5156250000000002 0.946875 0.5156250000000002 0.9859375 0.5546875000000002 0.9859375
45 0.0796875000000001 0.9578125 0.014062500000000117 0.9578125 0.01406250000000012 0.9953125 0.0796875000000001 0.9953125
27 0.4546875000000002 0.940625 0.41406250000000017 0.940625 0.41406250000000017 0.9796875 0.4546875000000002 0.9796875
25 0.3984375000000001 0.6734375 0.3609375000000001 0.6734375 0.3609375000000001 0.703125 0.3984375000000001 0.703125
1 0.21250000000000008 0.375 0.18593750000000003 0.375 0.18593750000000003 0.39375 0.21250000000000008 0.39375
3 0.2375000000000001 0.6109375 0.2015625000000001 0.6109375 0.2015625000000001 0.640625 0.2375000000000001 0.640625
23 0.3125000000000001 0.675 0.2750000000000001 0.675 0.2750000000000001 0.70625 0.3125000000000001 0.70625
25 0.4046875 0.4078125 0.3765625000000001 0.4078125 0.3765625000000001 0.428125 0.4046875 0.428125
17 0.17968750000000006 0.378125 0.15468750000000003 0.378125 0.15468750000000003 0.396875 0.17968750000000006 0.396875
3 0.27812500000000007 0.3703125 0.2515625000000001 0.3703125 0.2515625000000001 0.3890625 0.27812500000000007 0.3890625
37 0.553125 0.3968750000000001 0.5265625 0.3968750000000001 0.5265625 0.4171875 0.553125 0.4171875
17 0.07656250000000012 0.8765625 0.03750000000000011 0.8765625 0.03750000000000011 0.9140625 0.07656250000000012 0.9140625
29 0.484375 0.671875 0.446875 0.671875 0.446875 0.703125 0.484375 0.703125
24 0.31718750000000007 0.978125 0.2750000000000001 0.978125 0.2750000000000001 0.9984375 0.31718750000000007 0.9984375
13 0.2500000000000001 0.7453125 0.2140625000000001 0.7453125 0.2140625000000001 0.775 0.2500000000000001 0.775
28 0.41406250000000017 0.984375 0.37187500000000007 0.984375 0.37187500000000007 0.9984375 0.41406250000000017 0.9984375
25 0.3656250000000001 0.98125 0.3234375000000001 0.98125 0.3234375000000001 0.9984375 0.3656250000000001 0.9984375
30 0.996875 0.7984375000000001 0.0031250000000000973 0.7984375 0.0031250000000001095 0.996875 0.996875 0.996875