45 0.5046875000000002 0.8375 0.4890625000000002 0.8375 0.4890625000000002 0.9140625 0.5046875000000002 0.9140625
51 0.4859375 0.6234375 0.4734375 0.6234375 0.4734375 0.6609375 0.4859375 0.6609375
44 0.5218750000000002 0.865625 0.5062500000000002 0.865625 0.5062500000000002 0.921875 0.5218750000000002 0.921875
14 0.534375 0.4453125 0.51875 0.4453125 0.51875 0.4890625 0.534375 0.4890625
25 0.5015625 0.5671875 0.4859375 0.5671875 0.4859375 0.609375 0.5015625 0.609375
41 0.48750000000000016 0.8015625 0.4750000000000002 0.8015625 0.4750000000000002 0.8421875 0.48750000000000016 0.8421875
23 0.5015625 0.659375 0.4875 0.659375 0.4875 0.7015625 0.5015625 0.7015625
37 0.5046875 0.37968750000000007 0.4890625 0.37968750000000007 0.4890625 0.4140625 0.5046875 0.4140625
3 0.4750000000000002 0.7296875 0.4593750000000002 0.7296875 0.4593750000000002 0.7703125 0.4750000000000002 0.7703125
8 0.471875 0.5046875 0.459375 0.5046875 0.459375 0.54375 0.471875 0.54375
24 0.5015625 0.6125 0.4859375 0.6125 0.4859375 0.6546875 0.5015625 0.6546875
13 0.5375000000000002 0.73125 0.5218750000000002 0.73125 0.5218750000000002 0.7765625 0.5375000000000002 0.7765625
21 0.4859375000000001 0.7125 0.4734375 0.7125 0.47343750000000007 0.7515625 0.4859375000000002 0.7515625
58 0.5187500000000002 0.7796875 0.5031250000000002 0.7796875 0.5031250000000002 0.8234375 0.5187500000000002 0.8234375
17 0.4734375000000002 0.85625 0.46093750000000017 0.85625 0.46093750000000017 0.896875 0.4734375000000002 0.896875
36 0.4859375 0.4390625 0.471875 0.4390625 0.471875 0.478125 0.4859375 0.478125
34 0.51875 0.35625000000000007 0.503125 0.35625000000000007 0.503125 0.3906250000000001 0.51875 0.3906250000000001
22 0.503125 0.2484375000000001 0.4734375 0.2484375000000001 0.4734375 0.3046875000000001 0.503125 0.3046875000000001
57 0.5187500000000002 0.7328125 0.5031250000000002 0.7328125 0.5031250000000002 0.775 0.5187500000000002 0.775
32 0.5203125000000002 0.825 0.5046875000000002 0.825 0.5046875000000002 0.8671875 0.5203125000000002 0.8671875
7 0.4734375 0.5484375 0.459375 0.5484375 0.459375 0.5890625 0.4734375 0.5890625
40 0.51875 0.4046875 0.503125 0.4046875 0.503125 0.4453125 0.51875 0.4453125
54 0.4859375 0.34843750000000007 0.4734375 0.34843750000000007 0.4734375 0.3859375000000001 0.4859375 0.3859375000000001
52 0.4890625000000002 0.840625 0.47656250000000017 0.840625 0.47656250000000017 0.9046875 0.4890625000000002 0.9046875
4 0.471875 0.684375 0.459375 0.684375 0.459375 0.7234375 0.471875 0.7234375
59 0.4859375 0.5765625 0.4734375 0.5765625 0.4734375 0.615625 0.4859375 0.615625
48 0.471875 0.3687500000000001 0.459375 0.3687500000000001 0.459375 0.4078125 0.471875 0.4078125
1 0.4734375000000002 0.8140625 0.46093750000000017 0.8140625 0.46093750000000017 0.8546875 0.4734375000000002 0.8546875
27 0.4859375 0.4859375 0.471875 0.4859375 0.471875 0.525 0.4859375 0.525
33 0.5171875 0.5 0.5015625 0.5 0.5015625 0.5375 0.5171875 0.5375
6 0.4734375 0.5921875 0.459375 0.5921875 0.459375 0.6328125 0.4734375 0.6328125
42 0.4859375 0.66875 0.471875 0.66875 0.471875 0.7046875 0.4859375 0.7046875
5 0.4734375 0.6390625 0.4609375 0.6390625 0.4609375 0.675 0.4734375 0.675
2 0.4734375000000002 0.7734375 0.46093750000000017 0.7734375 0.46093750000000017 0.8140625 0.4734375000000002 0.8140625
10 0.5031250000000002 0.796875 0.4890625000000002 0.796875 0.4890625000000002 0.8390625 0.5031250000000002 0.8390625
12 0.503125 0.3359375000000001 0.4875 0.3359375000000001 0.4875 0.3703125000000001 0.503125 0.3703125000000001
30 0.5468750000000001 0.054687500000000056 0.44375 0.05468750000000004 0.4437500000000001 0.9484375 0.5468750000000002 0.9484375
53 0.4859375 0.53125 0.471875 0.53125 0.471875 0.56875 0.4859375 0.56875
0 0.471875 0.4140625 0.459375 0.4140625 0.459375 0.453125 0.471875 0.453125
50 0.5359375 0.3296875000000001 0.5203125 0.3296875000000001 0.5203125 0.3859375000000001 0.5359375 0.3859375000000001
20 0.471875 0.2531250000000001 0.459375 0.2531250000000001 0.459375 0.31718750000000007 0.471875 0.31718750000000007
16 0.51875 0.6859375 0.503125 0.6859375 0.503125 0.728125 0.5187500000000002 0.728125
15 0.5171875 0.59375 0.5015625 0.59375 0.5015625 0.634375 0.5171875 0.634375
39 0.4859375 0.30937500000000007 0.4734375 0.30937500000000007 0.4734375 0.3468750000000001 0.4859375 0.3468750000000001
11 0.4734375 0.32500000000000007 0.4609375 0.32500000000000007 0.4609375 0.36406250000000007 0.4734375 0.36406250000000007
55 0.51875 0.640625 0.503125 0.640625 0.503125 0.6796875 0.51875 0.6796875
29 0.5015625 0.4765625 0.4859375 0.4765625 0.4859375 0.515625 0.5015625 0.515625
19 0.5015625000000001 0.70625 0.4875 0.70625 0.4875000000000001 0.746875 0.5015625000000001 0.746875
26 0.503125 0.29375000000000007 0.4875 0.29375000000000007 0.4875 0.3312500000000001 0.503125 0.3312500000000001
18 0.51875 0.453125 0.503125 0.453125 0.503125 0.4890625 0.51875 0.4890625
38 0.4875 0.3906250000000001 0.475 0.3906250000000001 0.475 0.428125 0.4875 0.428125
28 0.5015625 0.521875 0.4859375 0.521875 0.4859375 0.5625 0.5015625 0.5625
47 0.5375000000000001 0.490625 0.521875 0.490625 0.5218750000000001 0.728125 0.5375000000000002 0.728125
35 0.5171875 0.546875 0.503125 0.546875 0.503125 0.5859375 0.5171875 0.5859375
31 0.5015625 0.4296875 0.4859375 0.4296875 0.4859375 0.46875 0.5015625 0.46875
46 0.51875 0.2890625000000001 0.503125 0.2890625000000001 0.503125 0.3453125000000001 0.51875 0.3453125000000001
56 0.4859375000000002 0.759375 0.4734375000000002 0.759375 0.4734375000000002 0.7953125 0.4859375000000002 0.7953125
49 0.5375000000000002 0.871875 0.5218750000000002 0.871875 0.5218750000000002 0.9296875 0.5375000000000002 0.9296875
43 0.5015625000000001 0.7515625 0.48750000000000016 0.7515625 0.48750000000000016 0.7953125 0.5015625000000001 0.7953125
9 0.4734375 0.4578125 0.4609375 0.4578125 0.4609375 0.496875 0.4734375 0.496875