59 0.446875 0.4625 0.40625 0.4625 0.40625 0.540625 0.446875 0.540625
56 0.2453125000000001 0.465625 0.20468750000000008 0.465625 0.20468750000000008 0.54375 0.2453125000000001 0.54375
16 0.3343750000000001 0.653125 0.29375000000000007 0.653125 0.29375000000000007 0.73125 0.3343750000000001 0.73125
6 0.421875 0.3671875000000001 0.37968750000000007 0.3671875000000001 0.37968750000000007 0.4484375 0.421875 0.4484375
28 0.5078125 0.5546875 0.4671875 0.5546875 0.4671875 0.6359375 0.5078125 0.6359375
9 0.5703125 0.3671875000000001 0.5296875 0.3671875000000001 0.5296875 0.4453125 0.5703125 0.4453125
52 0.14375000000000007 0.465625 0.07812500000000007 0.465625 0.07812500000000007 0.546875 0.1437500000000001 0.546875
23 0.3593750000000001 0.5578125 0.3187500000000001 0.5578125 0.3187500000000001 0.6390625 0.3593750000000001 0.6390625
55 0.3859375000000001 0.653125 0.3453125000000001 0.653125 0.3453125000000001 0.73125 0.3859375000000001 0.73125
31 0.609375 0.5546875 0.56875 0.5546875 0.56875 0.6359375 0.609375 0.6359375
11 0.721875 0.3656250000000001 0.68125 0.3656250000000001 0.68125 0.44375 0.721875 0.44375
51 0.3968750000000001 0.465625 0.35625000000000007 0.465625 0.35625000000000007 0.540625 0.3968750000000001 0.540625
18 0.5843750000000001 0.65 0.54375 0.65 0.5437500000000001 0.73125 0.5843750000000002 0.73125
57 0.2843750000000001 0.65625 0.24375000000000008 0.65625 0.24375000000000008 0.734375 0.2843750000000001 0.734375
29 0.559375 0.5546875 0.51875 0.5546875 0.51875 0.6359375 0.559375 0.6359375
30 0.8859375 0.25312500000000004 0.07031250000000003 0.253125 0.07031250000000007 0.8625 0.8859375 0.8625
12 0.709375 0.5546875 0.66875 0.5546875 0.66875 0.6359375 0.709375 0.6359375
27 0.546875 0.4625 0.50625 0.4625 0.50625 0.5375 0.546875 0.5375
39 0.7515625 0.4625000000000001 0.7109375 0.4625 0.7109375 0.5437500000000001 0.7515625 0.5437500000000002
15 0.43437500000000007 0.653125 0.3937500000000001 0.653125 0.3937500000000001 0.73125 0.4343750000000002 0.73125
25 0.459375 0.5578125 0.41875 0.5578125 0.41875 0.6359375 0.459375 0.6359375
24 0.409375 0.5578125 0.3687500000000001 0.5578125 0.3687500000000001 0.6359375 0.409375 0.6359375
21 0.2968750000000001 0.465625 0.2562500000000001 0.465625 0.2562500000000001 0.54375 0.2968750000000001 0.54375
22 0.825 0.4546875000000002 0.75625 0.4546875000000002 0.75625 0.6359375000000002 0.825 0.6359375000000002
44 0.13437500000000008 0.6546875 0.07812500000000008 0.6546875 0.07812500000000008 0.7390625 0.13437500000000008 0.7390625
45 0.15781250000000008 0.559375 0.07968750000000006 0.559375 0.07968750000000008 0.64375 0.15781250000000008 0.64375
35 0.4843750000000001 0.65 0.44375 0.65 0.4437500000000001 0.73125 0.48437500000000017 0.73125
58 0.23437500000000008 0.6546875 0.1937500000000001 0.6546875 0.1937500000000001 0.7359375 0.23437500000000008 0.7359375
41 0.19531250000000006 0.465625 0.15312500000000004 0.465625 0.15312500000000004 0.54375 0.19531250000000006 0.54375
19 0.3109375000000001 0.5609375 0.2687500000000001 0.5609375 0.2687500000000001 0.6390625 0.3109375000000001 0.6390625
0 0.621875 0.36406250000000007 0.58125 0.36406250000000007 0.58125 0.4453125 0.621875 0.4453125
1 0.17031250000000003 0.3703125 0.12812500000000004 0.3703125 0.12812500000000004 0.4515625 0.17031250000000003 0.4515625
5 0.3734375000000001 0.37031250000000004 0.3312500000000001 0.3703125 0.3312500000000001 0.4484375 0.3734375000000001 0.4484375
49 0.13437500000000008 0.75 0.07812500000000008 0.75 0.0781250000000001 0.834375 0.13437500000000008 0.834375
8 0.521875 0.3671875000000001 0.48125 0.3671875000000001 0.48125 0.4484375 0.521875 0.4484375
20 0.825 0.3593750000000001 0.7328125 0.3593750000000001 0.7328125 0.44062500000000016 0.825 0.44062500000000016
54 0.696875 0.459375 0.65625 0.459375 0.65625 0.540625 0.696875 0.540625
38 0.646875 0.459375 0.60625 0.459375 0.60625 0.5375 0.646875 0.5375
33 0.534375 0.65 0.49375 0.65 0.4937500000000001 0.73125 0.5343750000000002 0.73125
2 0.2218750000000001 0.3703125 0.17968750000000006 0.3703125 0.17968750000000006 0.4515625 0.2218750000000001 0.4515625
50 0.7250000000000002 0.7453125 0.6812500000000001 0.7453125 0.6812500000000001 0.8296875 0.7250000000000002 0.8296875
13 0.2062500000000001 0.75625 0.1468750000000001 0.75625 0.1468750000000001 0.84375 0.2062500000000001 0.84375
34 0.6843750000000001 0.65 0.64375 0.65 0.64375 0.73125 0.6843750000000002 0.73125
47 0.5734375000000002 0.74375 0.2671875000000001 0.74375 0.2671875000000001 0.834375 0.5734375000000002 0.834375
53 0.496875 0.4625 0.45625 0.4625 0.45625 0.540625 0.496875 0.540625
7 0.471875 0.3671875000000001 0.43125 0.3671875000000001 0.43125 0.4484375 0.471875 0.4484375
43 0.2578125000000001 0.5609375 0.2171875000000001 0.5609375 0.2171875000000001 0.6390625 0.2578125000000001 0.6390625
42 0.3468750000000001 0.465625 0.3062500000000001 0.465625 0.3062500000000001 0.54375 0.3468750000000001 0.54375
32 0.1843750000000001 0.6546875 0.14218750000000008 0.6546875 0.14218750000000008 0.7359375 0.1843750000000001 0.7359375
26 0.7640625 0.5609375000000001 0.7234375 0.5609375 0.7234375 0.6421875000000001 0.7640625 0.6421875000000001
46 0.7734375000000001 0.6468750000000001 0.6921875 0.646875 0.6921875000000001 0.7343750000000001 0.7734375000000002 0.7343750000000002
48 0.6734375 0.3656250000000001 0.63125 0.3656250000000001 0.63125 0.44375 0.6734375 0.44375
4 0.3218750000000001 0.3703125 0.2812500000000001 0.3703125 0.2812500000000001 0.4484375 0.3218750000000001 0.4484375
40 0.6343750000000001 0.653125 0.59375 0.653125 0.5937500000000001 0.73125 0.6343750000000001 0.73125
3 0.2718750000000001 0.3703125 0.2296875000000001 0.3703125 0.2296875000000001 0.4484375 0.2718750000000001 0.4484375
37 0.6609375 0.5546875 0.61875 0.5546875 0.61875 0.6359375 0.6609375 0.6359375
10 0.2078125000000001 0.5609375 0.1671875000000001 0.5609375 0.1671875000000001 0.6390625 0.2078125000000001 0.6390625
36 0.596875 0.459375 0.55625 0.459375 0.55625 0.540625 0.596875 0.540625
17 0.11875000000000005 0.3671875 0.07812500000000004 0.3671875 0.07812500000000004 0.4484375 0.11875000000000005 0.4484375