21 0.18437500000000004 0.4359375 0.15781250000000005 0.4359375 0.15781250000000005 0.4953125 0.18437500000000004 0.4953125
17 0.06718750000000004 0.36875 0.042187500000000044 0.36875 0.04218750000000005 0.4296875 0.06718750000000004 0.4296875
28 0.3375000000000001 0.5109375 0.30937500000000007 0.5109375 0.30937500000000007 0.56875 0.3375000000000001 0.56875
38 0.4453125 0.4453125 0.415625 0.4453125 0.415625 0.4984375 0.4453125 0.4984375
10 0.12343750000000006 0.503125 0.09062500000000007 0.503125 0.09062500000000007 0.5609375 0.12343750000000009 0.5609375
39 0.5234375 0.446875 0.49375 0.446875 0.49375 0.50625 0.5234375 0.50625
55 0.2453125000000001 0.5765625 0.2171875000000001 0.5765625 0.2171875000000001 0.6296875 0.2453125000000001 0.6296875
31 0.415625 0.5140625 0.38750000000000007 0.5140625 0.38750000000000007 0.571875 0.415625 0.571875
52 0.08125000000000006 0.4375 0.04062500000000006 0.4375 0.04062500000000006 0.490625 0.08125000000000007 0.490625
0 0.4265625 0.3687500000000001 0.3968750000000001 0.3687500000000001 0.3968750000000001 0.4328125 0.4265625 0.4328125
49 0.07812500000000008 0.6328125 0.039062500000000076 0.6328125 0.03906250000000008 0.6890625 0.07812500000000008 0.6890625
32 0.1062500000000001 0.56875 0.07968750000000006 0.56875 0.07968750000000006 0.6265625 0.1062500000000001 0.6265625
40 0.434375 0.5859375 0.4046875 0.5859375 0.4046875 0.6421875 0.434375 0.6421875
20 0.5875 0.3687500000000001 0.515625 0.3687500000000001 0.515625 0.43125 0.5875 0.43125
19 0.19218750000000007 0.50625 0.16718750000000004 0.50625 0.16718750000000007 0.5625 0.1921875000000001 0.5625
14 0.4234375 0.65625 0.3843750000000001 0.65625 0.3843750000000001 0.7109375 0.4234375 0.7109375
30 0.9625 0.22187500000000004 0.023437500000000028 0.221875 0.023437500000000062 0.825 0.9625 0.825
57 0.17343750000000008 0.571875 0.14843750000000008 0.571875 0.14843750000000008 0.625 0.17343750000000008 0.625
48 0.465625 0.3687500000000001 0.4359375 0.3687500000000001 0.4359375 0.4328125 0.465625 0.4328125
36 0.40625 0.4421875 0.3781250000000001 0.4421875 0.3781250000000001 0.4984375 0.40625 0.4984375
16 0.2093750000000001 0.5734375 0.1828125000000001 0.5734375 0.1828125000000001 0.628125 0.2093750000000001 0.628125
29 0.3765625000000001 0.5109375 0.3468750000000001 0.5109375 0.3468750000000001 0.5671875 0.3765625000000001 0.5671875
15 0.2812500000000001 0.575 0.2531250000000001 0.575 0.2531250000000001 0.6359375 0.2812500000000001 0.6359375
1 0.10000000000000005 0.36875 0.07343750000000004 0.36875 0.07343750000000004 0.4265625 0.10000000000000005 0.4265625
5 0.2375000000000001 0.36875 0.2093750000000001 0.36875 0.2093750000000001 0.4265625 0.2375000000000001 0.4265625
27 0.3671875000000001 0.4421875 0.34062500000000007 0.4421875 0.34062500000000007 0.4984375 0.3671875000000001 0.4984375
3 0.16718750000000004 0.36875 0.14062500000000006 0.36875 0.14062500000000006 0.4265625 0.16718750000000004 0.4265625
25 0.3000000000000001 0.509375 0.2734375000000001 0.509375 0.2734375000000001 0.5671875 0.3000000000000001 0.5671875
23 0.22812500000000008 0.5046875 0.2015625000000001 0.5046875 0.2015625000000001 0.5625 0.22812500000000008 0.5625
6 0.2750000000000001 0.36875 0.2468750000000001 0.36875 0.2468750000000001 0.4296875 0.2750000000000001 0.4296875
22 0.5875 0.4453125 0.5359375 0.4453125 0.5359375 0.5828125 0.5875 0.5828125
53 0.3296875000000001 0.4421875 0.3031250000000001 0.4421875 0.3031250000000001 0.5 0.3296875000000001 0.5
45 0.08437500000000006 0.5046875 0.040625000000000064 0.5046875 0.040625000000000064 0.5625 0.08437500000000006 0.5625
26 0.534375 0.5171875 0.5046875 0.5171875 0.5046875 0.578125 0.534375 0.578125
7 0.3109375000000001 0.36875 0.2828125000000001 0.36875 0.2828125000000001 0.4296875 0.3109375000000001 0.4296875
4 0.2015625000000001 0.36875 0.17343750000000005 0.36875 0.17343750000000005 0.4296875 0.2015625000000001 0.4296875
12 0.49375 0.5171875 0.4640625 0.5171875 0.4640625 0.5734375 0.49375 0.5734375
24 0.2640625000000001 0.509375 0.23593750000000008 0.509375 0.23593750000000008 0.5625 0.2640625000000001 0.5625
33 0.35625000000000007 0.5796875 0.3281250000000001 0.5796875 0.3281250000000001 0.6375 0.35625000000000007 0.6375
42 0.21875000000000008 0.4359375 0.19062500000000004 0.4359375 0.19062500000000004 0.49375 0.21875000000000008 0.49375
37 0.453125 0.515625 0.425 0.515625 0.425 0.5734375 0.453125 0.5734375
11 0.5046875 0.3703125000000001 0.475 0.3703125000000001 0.475 0.43125 0.5046875 0.43125
54 0.484375 0.44375 0.4546875 0.44375 0.4546875 0.5046875 0.484375 0.5046875
43 0.15625000000000006 0.5046875 0.13125000000000003 0.5046875 0.13125000000000006 0.559375 0.15625000000000008 0.559375
56 0.15000000000000005 0.4359375 0.12343750000000005 0.4359375 0.12343750000000005 0.49375 0.15000000000000005 0.49375
8 0.34843750000000007 0.36875 0.3187500000000001 0.36875 0.3187500000000001 0.43125 0.34843750000000007 0.43125
35 0.3187500000000001 0.578125 0.2906250000000001 0.578125 0.2906250000000001 0.6359375 0.3187500000000001 0.6359375
59 0.2921875000000001 0.440625 0.2656250000000001 0.440625 0.2656250000000001 0.4953125 0.2921875000000001 0.4953125
44 0.07187500000000006 0.5734375 0.03906250000000007 0.5734375 0.03906250000000007 0.625 0.07187500000000006 0.625
50 0.5859375000000001 0.6671875 0.53125 0.6671875 0.5312500000000001 0.7296875 0.5859375000000002 0.7296875
34 0.4734375 0.5859375 0.44375 0.5859375 0.44375 0.646875 0.4734375 0.646875
18 0.3937500000000001 0.584375 0.3656250000000001 0.584375 0.3656250000000001 0.6421875 0.3937500000000001 0.6421875
13 0.1625000000000001 0.6375 0.1281250000000001 0.6375 0.1281250000000001 0.69375 0.1625000000000001 0.69375
41 0.11562500000000005 0.4359375 0.08750000000000005 0.4359375 0.08750000000000005 0.490625 0.11562500000000005 0.490625
58 0.1390625000000001 0.571875 0.1140625000000001 0.571875 0.1140625000000001 0.625 0.1390625000000001 0.625
47 0.3765625000000001 0.640625 0.17187500000000008 0.640625 0.17187500000000008 0.7140625 0.3765625000000001 0.7140625
51 0.2562500000000001 0.4375 0.2296875000000001 0.4375 0.2296875000000001 0.49375 0.2562500000000001 0.49375
46 0.584375 0.5890625 0.4828125 0.5890625 0.4828125 0.6515625 0.584375 0.6515625
2 0.13281250000000006 0.36875 0.10468750000000004 0.36875 0.10468750000000004 0.4265625 0.13281250000000006 0.4265625
9 0.38750000000000007 0.36875 0.3578125000000001 0.36875 0.3578125000000001 0.43125 0.38750000000000007 0.43125