44 0.03593750000000009 0.6609375 8.094149938114538e-17 0.6609375 8.888256846936651e-17 0.790625 0.0359375000000001 0.790625
45 0.06406250000000006 0.5046875 6.180639314446799e-17 0.5046875 6.97474622326891e-17 0.634375 0.06406250000000006 0.634375
20 0.9375 0.1875000000000001 0.815625 0.18750000000000008 0.815625 0.31718750000000007 0.9375 0.31718750000000007
51 0.3765625 0.34843750000000007 0.3234375 0.3484375 0.32343750000000004 0.4734375 0.3765625000000001 0.4734375
55 0.3609375000000001 0.665625 0.3062500000000001 0.665625 0.3062500000000001 0.7890625 0.3609375000000001 0.7890625
6 0.4109375 0.18906250000000005 0.3546875 0.18906250000000005 0.3546875 0.31718750000000007 0.4109375 0.31718750000000007
58 0.1625000000000001 0.665625 0.10781250000000009 0.665625 0.10781250000000009 0.790625 0.1625000000000001 0.790625
27 0.575 0.34843750000000007 0.5203125 0.34843750000000007 0.5203125 0.471875 0.575 0.471875
48 0.740625 0.18906250000000008 0.684375 0.18906250000000008 0.684375 0.31718750000000007 0.740625 0.31718750000000007
54 0.7734375 0.34843750000000007 0.7171875 0.34843750000000007 0.7171875 0.4765625000000001 0.7734375 0.47656250000000017
14 0.6750000000000002 0.821875 0.6171875000000002 0.821875 0.6171875000000002 0.9515625 0.6750000000000002 0.9515625
42 0.31093750000000003 0.3484375 0.25625 0.3484375 0.25625000000000003 0.4734375 0.3109375000000001 0.4734375
7 0.4765625 0.18906250000000005 0.421875 0.18906250000000005 0.421875 0.31718750000000007 0.4765625 0.31718750000000007
21 0.24531250000000004 0.3484375 0.19062500000000004 0.3484375 0.19062500000000004 0.4734375 0.2453125000000001 0.4734375
17 0.026562500000000027 0.1875 2.2962127484012874e-17 0.1875 3.080752104105061e-17 0.315625 0.026562500000000034 0.315625
31 0.6578125 0.5046875 0.603125 0.5046875 0.603125 0.6328125 0.6578125 0.6328125
43 0.19531250000000006 0.50625 0.14062500000000006 0.50625 0.14062500000000006 0.6328125 0.19531250000000008 0.6328125
46 0.8703125 0.6609375000000002 0.765625 0.6609375000000002 0.7656250000000001 0.7906250000000001 0.8703125 0.7906250000000001
25 0.459375 0.50625 0.4046875 0.50625 0.4046875 0.6328125 0.459375 0.6328125
12 0.7875 0.5062500000000002 0.734375 0.5062500000000002 0.734375 0.6328125000000002 0.7875 0.6328125000000002
32 0.0984375000000001 0.6625 0.04218750000000008 0.6625 0.042187500000000086 0.790625 0.0984375000000001 0.790625
50 0.8078125 0.81875 0.7484375000000002 0.81875 0.7484375000000002 0.9515625 0.8078125 0.9515625
56 0.17812500000000003 0.3453125 0.12500000000000006 0.3453125 0.12500000000000006 0.4734375 0.17812500000000003 0.4734375
30 1 6.123233995736766e-17 0 0 6.113666442618428e-17 0.9984375 1 0.9984375
3 0.2125 0.18906250000000002 0.15781250000000005 0.1890625 0.15781250000000005 0.3171875 0.2125 0.3171875
35 0.4921875000000001 0.665625 0.4375 0.665625 0.4375000000000001 0.7890625 0.49218750000000017 0.7890625
37 0.7234375 0.50625 0.66875 0.50625 0.66875 0.6328125 0.7234375 0.6328125
47 0.6125000000000002 0.821875 0.2015625000000001 0.821875 0.2015625000000001 0.95625 0.6125000000000002 0.95625
52 0.04687500000000005 0.346875 4.247993584542381e-17 0.346875 5.0421004933644933e-17 0.4765625 0.046875000000000056 0.4765625
1 0.07968750000000004 0.1890625 0.026562500000000024 0.1890625 0.026562500000000027 0.3171875 0.07968750000000005 0.3171875
29 0.590625 0.5046875 0.5359375 0.5046875 0.5359375 0.6328125 0.590625 0.6328125
41 0.11406250000000004 0.3484375 0.057812500000000044 0.3484375 0.05781250000000006 0.4765625 0.11406250000000004 0.4765625
5 0.3453125 0.18750000000000006 0.2890625 0.18750000000000006 0.2890625 0.3171875 0.3453125 0.3171875
16 0.2953125000000001 0.665625 0.2390625000000001 0.665625 0.2390625000000001 0.7890625 0.2953125000000001 0.7890625
59 0.44375 0.34843750000000007 0.3890625 0.34843750000000007 0.38906250000000003 0.4734375 0.44375 0.4734375
38 0.70625 0.34843750000000007 0.6515625 0.34843750000000007 0.6515625 0.4734375 0.70625 0.4734375
39 0.8390625 0.34843750000000007 0.784375 0.34843750000000007 0.784375 0.4734375000000002 0.8390625 0.4734375000000002
10 0.12968750000000007 0.50625 0.07500000000000007 0.50625 0.07500000000000007 0.6328125 0.1296875000000001 0.6328125
34 0.7546875000000001 0.6656250000000001 0.7 0.665625 0.7000000000000001 0.7890625000000001 0.7546875000000002 0.7890625000000002
18 0.6234375000000001 0.665625 0.56875 0.665625 0.5687500000000001 0.7890625 0.6234375000000002 0.7890625
15 0.4281250000000001 0.6625 0.3703125000000001 0.6625 0.3703125000000001 0.7890625 0.4281250000000002 0.7890625
2 0.14531250000000004 0.1890625 0.09062500000000002 0.1890625 0.09062500000000004 0.3171875 0.14531250000000004 0.3171875
19 0.2609375000000001 0.50625 0.2062500000000001 0.50625 0.2062500000000001 0.6328125 0.2609375000000001 0.6328125
36 0.640625 0.34843750000000007 0.584375 0.34843750000000007 0.584375 0.4734375 0.640625 0.4734375
40 0.6890625000000001 0.665625 0.6359375 0.665625 0.6359375 0.7890625 0.6890625000000001 0.7890625
33 0.5578125 0.6625 0.503125 0.6625 0.503125 0.7890625 0.5578125000000002 0.7890625
49 0.03750000000000011 0.8203125 1.0045930774255631e-16 0.8203125 1.086874034243276e-16 0.9546875 0.037500000000000124 0.9546875
8 0.5421875 0.18906250000000005 0.4859375 0.18906250000000005 0.4859375 0.31718750000000007 0.5421875 0.31718750000000007
26 0.853125 0.5015625000000001 0.7984375 0.5015625000000001 0.7984375 0.6343750000000001 0.853125 0.6343750000000001
53 0.509375 0.34843750000000007 0.4546875 0.34843750000000007 0.4546875 0.4765625 0.509375 0.4765625
11 0.8046875 0.18906250000000008 0.75 0.18906250000000008 0.75 0.3156250000000001 0.8046875 0.3156250000000001
57 0.2296875000000001 0.665625 0.1750000000000001 0.665625 0.1750000000000001 0.7890625 0.2296875000000001 0.7890625
13 0.1968750000000001 0.81875 0.12343750000000009 0.81875 0.12343750000000012 0.9515625 0.19687500000000013 0.9515625
0 0.675 0.18906250000000008 0.61875 0.18906250000000008 0.61875 0.31718750000000007 0.675 0.31718750000000007
22 0.9390625 0.3390625000000001 0.8484375 0.3390625000000001 0.8484375 0.6390625000000002 0.9390625 0.6390625000000002
9 0.609375 0.18906250000000008 0.553125 0.18906250000000008 0.553125 0.3156250000000001 0.609375 0.3156250000000001
23 0.3281250000000001 0.5046875 0.2734375000000001 0.5046875 0.2734375000000001 0.6328125 0.3281250000000001 0.6328125
28 0.525 0.5046875 0.4703125 0.5046875 0.4703125 0.634375 0.525 0.634375
24 0.3937500000000001 0.50625 0.3390625000000001 0.50625 0.3390625000000001 0.6328125 0.3937500000000001 0.6328125
4 0.278125 0.18906250000000005 0.2234375 0.18906250000000005 0.2234375 0.3171875 0.278125 0.3171875