6 0.5125 0.559375 0.471875 0.559375 0.471875 0.584375 0.5125 0.584375
19 0.4140625 0.6109375 0.3734375000000001 0.6109375 0.3734375000000001 0.6359375 0.4140625 0.6359375
14 0.709375 0.6703125 0.665625 0.6703125 0.665625 0.7 0.709375 0.7
43 0.3703125000000001 0.6109375 0.3296875000000001 0.6109375 0.3296875000000001 0.6359375 0.3703125000000001 0.6359375
55 0.4765625 0.6390625 0.434375 0.6390625 0.434375 0.665625 0.4765625 0.665625
13 0.33281250000000007 0.6671875 0.2875000000000001 0.6671875 0.2875000000000001 0.696875 0.33281250000000007 0.696875
1 0.3062500000000001 0.559375 0.2671875000000001 0.559375 0.2671875000000001 0.5828125 0.3062500000000001 0.5828125
32 0.3031250000000001 0.6375 0.2609375000000001 0.6375 0.2609375000000001 0.665625 0.3031250000000001 0.665625
46 0.8390625 0.6421875000000001 0.740625 0.6421875000000001 0.740625 0.6687500000000002 0.8390625 0.6687500000000002
57 0.3890625000000001 0.6390625 0.34843750000000007 0.6390625 0.34843750000000007 0.665625 0.3890625000000001 0.665625
9 0.634375 0.5609375 0.5953125 0.5609375 0.5953125 0.584375 0.634375 0.584375
24 0.4984375 0.6109375 0.4578125 0.6109375 0.4578125 0.6375 0.4984375 0.6375
25 0.5421875 0.6125 0.5015625 0.6125 0.5015625 0.6390625 0.5421875 0.6390625
53 0.5734375 0.5859375 0.534375 0.5859375 0.534375 0.6109375 0.5734375 0.6109375
15 0.51875 0.6390625 0.478125 0.6390625 0.478125 0.665625 0.51875 0.665625
26 0.8015625 0.6140625000000002 0.7578125 0.6140625000000002 0.7578125 0.6390625000000002 0.8015625 0.6390625000000002
23 0.45625 0.6109375 0.415625 0.6109375 0.415625 0.6359375 0.45625 0.6359375
29 0.6265625 0.6109375 0.5859375 0.6109375 0.5859375 0.6390625 0.6265625 0.6390625
48 0.7171875 0.5609375 0.678125 0.5609375 0.678125 0.584375 0.7171875 0.584375
54 0.740625 0.5875000000000001 0.7015625 0.5875 0.7015625 0.6109375000000001 0.740625 0.6109375000000001
18 0.65 0.6390625 0.609375 0.6390625 0.609375 0.6671875 0.65 0.6671875
39 0.784375 0.5875000000000001 0.74375 0.5875000000000001 0.74375 0.6125000000000002 0.784375 0.6125000000000002
20 0.821875 0.5625000000000002 0.7625 0.5625000000000002 0.7625 0.5859375000000002 0.821875 0.5859375000000002
58 0.3453125000000001 0.6390625 0.3046875000000001 0.6390625 0.3046875000000001 0.665625 0.3453125000000001 0.665625
33 0.60625 0.6390625 0.565625 0.6390625 0.565625 0.6671875 0.60625 0.6671875
47 0.6078125 0.6671875 0.38750000000000007 0.6671875 0.38750000000000007 0.696875 0.6078125 0.696875
40 0.69375 0.6390625 0.653125 0.6390625 0.653125 0.6671875 0.69375 0.6671875
30 0.865625 0.5453125000000001 0.18750000000000008 0.5453125 0.18750000000000008 0.7078125000000001 0.865625 0.7078125000000002
3 0.3890625000000001 0.559375 0.34843750000000007 0.559375 0.34843750000000007 0.5828125 0.3890625000000001 0.5828125
42 0.4484375 0.584375 0.4078125 0.584375 0.4078125 0.609375 0.4484375 0.609375
37 0.7140625 0.6125 0.671875 0.6125 0.671875 0.6390625 0.7140625 0.6390625
41 0.3234375000000001 0.584375 0.2812500000000001 0.584375 0.2812500000000001 0.609375 0.3234375000000001 0.609375
0 0.6765625 0.5609375 0.6375 0.5609375 0.6375 0.584375 0.6765625 0.584375
16 0.43125 0.6390625 0.3906250000000001 0.6390625 0.3906250000000001 0.665625 0.43125 0.665625
52 0.2812500000000001 0.584375 0.22031250000000008 0.584375 0.22031250000000008 0.609375 0.2812500000000001 0.609375
8 0.5953125 0.5625 0.55625 0.5625 0.55625 0.5859375 0.5953125 0.5859375
34 0.7390625 0.6406250000000001 0.696875 0.640625 0.696875 0.6671875 0.7390625 0.6671875000000002
12 0.75625 0.6140625000000001 0.715625 0.6140625 0.715625 0.6390625000000001 0.75625 0.6390625000000002
59 0.53125 0.5859375 0.4921875 0.5859375 0.4921875 0.6109375 0.53125 0.6109375
31 0.6703125 0.6125 0.6296875 0.6125 0.6296875 0.6390625 0.6703125 0.6390625
44 0.2593750000000001 0.6390625 0.20468750000000008 0.6390625 0.20468750000000008 0.665625 0.2593750000000001 0.665625
49 0.2875000000000001 0.6671875 0.24218750000000008 0.6671875 0.24218750000000008 0.696875 0.2875000000000001 0.696875
17 0.2656250000000001 0.559375 0.22656250000000008 0.559375 0.22656250000000008 0.5828125 0.2656250000000001 0.5828125
7 0.553125 0.559375 0.5140625 0.559375 0.5140625 0.584375 0.553125 0.584375
21 0.40625 0.584375 0.3656250000000001 0.584375 0.3656250000000001 0.609375 0.40625 0.609375
4 0.4296875 0.559375 0.3906250000000001 0.559375 0.3906250000000001 0.5828125 0.4296875 0.5828125
51 0.4890625 0.584375 0.45 0.584375 0.45 0.609375 0.4890625 0.609375
5 0.471875 0.559375 0.4328125 0.559375 0.4328125 0.584375 0.471875 0.584375
22 0.834375 0.5875000000000001 0.7875 0.5875000000000001 0.7875 0.6406250000000002 0.834375 0.6406250000000002
10 0.3281250000000001 0.6109375 0.2875000000000001 0.6109375 0.2875000000000001 0.6359375 0.3281250000000001 0.6359375
56 0.36406250000000007 0.584375 0.3234375000000001 0.584375 0.3234375000000001 0.609375 0.36406250000000007 0.609375
36 0.65625 0.5859375 0.6171875 0.5859375 0.6171875 0.6109375 0.65625 0.6109375
2 0.34843750000000007 0.559375 0.3078125000000001 0.559375 0.3078125000000001 0.5828125 0.34843750000000007 0.5828125
38 0.6984375 0.5859375 0.659375 0.5859375 0.659375 0.6109375 0.6984375 0.6109375
28 0.5828125 0.6125 0.54375 0.6125 0.54375 0.6390625 0.5828125 0.6390625
11 0.759375 0.5609375000000001 0.7203125 0.5609375 0.7203125 0.5843750000000001 0.759375 0.5843750000000002
27 0.6140625 0.5859375 0.5765625 0.5859375 0.5765625 0.609375 0.6140625 0.609375
45 0.28593750000000007 0.6109375 0.21250000000000008 0.6109375 0.21250000000000008 0.6359375 0.28593750000000007 0.6359375
35 0.5625 0.6390625 0.521875 0.6390625 0.521875 0.6671875 0.5625 0.6671875