41 0.765625 0.6250000000000002 0.7375 0.6250000000000002 0.7375 0.6500000000000001 0.765625 0.6500000000000001
43 0.734375 0.6500000000000001 0.709375 0.65 0.709375 0.6781250000000001 0.734375 0.6781250000000002
22 0.4375 0.625 0.3937500000000001 0.625 0.3937500000000001 0.6828125 0.4375 0.6828125
19 0.70625 0.6515625 0.68125 0.6515625 0.68125 0.6796875 0.70625 0.6796875
1 0.7734375 0.5968750000000002 0.7453125 0.5968750000000002 0.7453125 0.6218750000000002 0.7734375 0.6218750000000002
40 0.521875 0.6828125 0.496875 0.6828125 0.496875 0.7109375 0.521875 0.7109375
32 0.7859375 0.6796875000000002 0.75625 0.6796875000000002 0.75625 0.7109375000000002 0.7859375 0.7109375000000002
6 0.6375 0.596875 0.6125 0.596875 0.6125 0.621875 0.6375 0.621875
3 0.71875 0.59375 0.69375 0.59375 0.69375 0.621875 0.71875 0.621875
5 0.6640625 0.5953125 0.6390625 0.5953125 0.6390625 0.6234375 0.6640625 0.6234375
56 0.7359375 0.6234375000000001 0.7109375 0.6234375 0.7109375 0.6484375000000001 0.7359375 0.6484375000000002
52 0.8078125 0.6234375000000002 0.765625 0.6234375000000002 0.765625 0.6484375000000002 0.8078125 0.6484375000000002
29 0.5640625 0.6515625 0.5390625 0.6515625 0.5390625 0.6796875 0.5640625 0.6796875
51 0.653125 0.625 0.628125 0.625 0.628125 0.65 0.653125 0.65
17 0.8015625 0.5953125000000001 0.7734375 0.5953125000000001 0.7734375 0.6203125000000002 0.8015625 0.6203125000000002
14 0.5375000000000001 0.7125 0.509375 0.7125 0.5093750000000001 0.74375 0.5375000000000002 0.74375
21 0.7078125 0.6234375 0.6828125 0.6234375 0.6828125 0.6515625 0.7078125 0.6515625
34 0.49375 0.68125 0.46875 0.68125 0.46875 0.7125 0.49375 0.7125
48 0.5046875 0.5984375 0.4796875 0.5984375 0.4796875 0.6234375 0.5046875 0.6234375
20 0.4515625 0.5984375 0.4015625 0.5984375 0.4015625 0.6234375 0.4515625 0.6234375
23 0.678125 0.65 0.65 0.65 0.65 0.678125 0.678125 0.678125
18 0.5515625 0.68125 0.5265625 0.68125 0.5265625 0.7125 0.5515625 0.7125
12 0.48125 0.653125 0.45625 0.653125 0.45625 0.68125 0.48125 0.68125
39 0.4625 0.625 0.4375 0.625 0.4375 0.653125 0.4625 0.653125
30 0.8359375 0.5718750000000001 0.3359375000000001 0.571875 0.3359375000000001 0.7593750000000001 0.8359375 0.7593750000000001
8 0.5828125 0.6 0.5578125 0.6 0.5578125 0.621875 0.5828125 0.621875
53 0.5984375 0.625 0.5734375 0.625 0.5734375 0.65 0.5984375 0.65
45 0.8140625 0.6500000000000001 0.7640625 0.6500000000000001 0.7640625 0.6781250000000002 0.8140625 0.6781250000000002
13 0.7234375000000001 0.7125 0.6859375 0.7125 0.6859375000000001 0.74375 0.7234375000000002 0.74375
46 0.4640625 0.68125 0.4140625 0.68125 0.4140625 0.7125 0.4640625 0.7125
57 0.725 0.68125 0.7 0.68125 0.7 0.709375 0.725 0.709375
15 0.6359375 0.68125 0.6109375 0.68125 0.6109375 0.709375 0.6359375 0.709375
31 0.5359375 0.6515625 0.5109375 0.6515625 0.5109375 0.6796875 0.5359375 0.6796875
47 0.6843750000000001 0.7125 0.5390625 0.7125 0.5390625000000001 0.74375 0.6843750000000002 0.74375
25 0.6203125 0.6515625 0.5953125 0.6515625 0.5953125 0.6796875 0.6203125 0.6796875
59 0.625 0.6234375 0.6 0.6234375 0.6 0.6515625 0.625 0.6515625
28 0.5921875 0.6515625 0.5671875 0.6515625 0.5671875 0.6796875 0.5921875 0.6796875
10 0.7625 0.6515625000000002 0.7375 0.6515625000000002 0.7375 0.6796875000000002 0.7625 0.6796875000000002
24 0.6484375 0.6515625 0.6234375 0.6515625 0.6234375 0.6796875 0.6484375 0.6796875
16 0.6953125 0.6796875 0.6671875 0.6796875 0.6671875 0.7109375 0.6953125 0.7109375
44 0.8234375 0.6812500000000001 0.7859375 0.6812500000000001 0.7859375 0.7093750000000002 0.8234375 0.7093750000000002
9 0.55625 0.5984375 0.53125 0.5984375 0.53125 0.6234375 0.55625 0.6234375
38 0.515625 0.6234375 0.490625 0.6234375 0.490625 0.6515625 0.515625 0.6515625
49 0.8328125 0.7093750000000002 0.7828125 0.7093750000000002 0.7828125000000001 0.7437500000000001 0.8328125 0.7437500000000001
50 0.5078125000000001 0.7125 0.4703125 0.7125 0.4703125000000001 0.746875 0.5078125000000002 0.746875
42 0.68125 0.625 0.65625 0.625 0.65625 0.65 0.68125 0.65
37 0.5078125 0.653125 0.4828125 0.653125 0.4828125 0.68125 0.5078125 0.68125
7 0.609375 0.596875 0.584375 0.596875 0.584375 0.621875 0.609375 0.621875
2 0.74375 0.596875 0.71875 0.596875 0.71875 0.6218750000000001 0.74375 0.6218750000000002
4 0.690625 0.59375 0.665625 0.59375 0.665625 0.621875 0.690625 0.621875
26 0.453125 0.653125 0.428125 0.653125 0.428125 0.68125 0.453125 0.68125
58 0.7546875 0.6812500000000001 0.7265625 0.6812500000000001 0.7265625 0.7093750000000002 0.7546875 0.7093750000000002
33 0.5796875 0.68125 0.5546875 0.68125 0.5546875 0.709375 0.5796875 0.709375
0 0.528125 0.5984375 0.50625 0.5984375 0.50625 0.6234375 0.528125 0.6234375
36 0.54375 0.625 0.51875 0.625 0.51875 0.65 0.54375 0.65
27 0.5703125 0.625 0.5453125 0.625 0.5453125 0.65 0.5703125 0.65
11 0.4765625 0.6 0.4546875 0.6 0.4546875 0.625 0.4765625 0.625
54 0.4890625 0.6234375 0.4640625 0.6234375 0.4640625 0.6515625 0.4890625 0.6515625
55 0.665625 0.68125 0.640625 0.68125 0.640625 0.709375 0.665625 0.709375
35 0.6078125 0.68125 0.5828125 0.68125 0.5828125 0.709375 0.6078125 0.709375