1 0.5125000000000002 0.746875 0.46093750000000017 0.746875 0.46093750000000017 0.7953125 0.5125000000000002 0.7953125
23 0.615625 0.5609375 0.565625 0.5609375 0.565625 0.6078125 0.615625 0.6078125
25 0.615625 0.4609375 0.565625 0.4609375 0.565625 0.5078125 0.615625 0.5078125
41 0.5640625000000001 0.7203125 0.5140625 0.7203125 0.5140625000000001 0.7703125 0.5640625000000001 0.7703125
27 0.5625 0.3750000000000001 0.5140625 0.3750000000000001 0.5140625 0.421875 0.5625 0.421875
51 0.5640625 0.5234375 0.5140625 0.5234375 0.5140625 0.5703125 0.5640625 0.5703125
20 0.5125 0.12500000000000006 0.4625 0.12500000000000006 0.4625 0.19687500000000005 0.5125 0.19687500000000005
9 0.5125 0.34843750000000007 0.4625 0.34843750000000007 0.4625 0.3968750000000001 0.5125 0.3968750000000001
56 0.5640625 0.6703125 0.5140625 0.6703125 0.5140625 0.7203125 0.5640625 0.7203125
33 0.66875 0.3859375000000001 0.6171875 0.3859375000000001 0.6171875 0.434375 0.66875 0.434375
8 0.5140625 0.3984375000000001 0.4625 0.3984375000000001 0.4625 0.446875 0.5140625 0.446875
31 0.615625 0.3109375000000001 0.565625 0.3109375000000001 0.565625 0.3593750000000001 0.615625 0.3593750000000001
53 0.5640625 0.421875 0.5140625 0.421875 0.5140625 0.4703125 0.5640625 0.4703125
58 0.6687500000000001 0.6828125 0.61875 0.6828125 0.6187500000000001 0.73125 0.6687500000000002 0.73125
38 0.5640625 0.2750000000000001 0.5140625 0.2750000000000001 0.5140625 0.3218750000000001 0.5640625 0.3218750000000001
52 0.5640625000000001 0.7734375 0.5140625000000002 0.7734375 0.5140625000000002 0.8453125 0.5640625000000001 0.8453125
4 0.5125 0.596875 0.4609375 0.596875 0.4609375 0.6453125 0.5125 0.6453125
10 0.6171875000000001 0.709375 0.565625 0.709375 0.565625 0.75625 0.6171875000000002 0.75625
59 0.5640625 0.471875 0.5140625 0.471875 0.5140625 0.5203125 0.5640625 0.5203125
29 0.615625 0.3625000000000001 0.565625 0.3625000000000001 0.565625 0.409375 0.615625 0.409375
47 0.7234375 0.3859375000000001 0.671875 0.3859375000000001 0.671875 0.6328125 0.7234375 0.6328125
46 0.66875 0.12343750000000009 0.6171875 0.12343750000000009 0.6171875 0.2328125000000001 0.66875 0.2328125000000001
19 0.6171875 0.609375 0.565625 0.609375 0.565625 0.659375 0.6171875 0.659375
42 0.5640625 0.571875 0.5140625 0.571875 0.5140625 0.6203125 0.5640625 0.6203125
49 0.7234375000000002 0.74375 0.6718750000000002 0.74375 0.6718750000000002 0.79375 0.7234375000000002 0.79375
40 0.6671875 0.28593750000000007 0.6171875 0.28593750000000007 0.6171875 0.3343750000000001 0.6671875 0.3343750000000001
5 0.5125 0.546875 0.4625 0.546875 0.4625 0.596875 0.5125 0.596875
18 0.6671875 0.3359375000000001 0.6171875 0.3359375000000001 0.6171875 0.3843750000000001 0.6671875 0.3843750000000001
12 0.615625 0.21093750000000008 0.565625 0.21093750000000008 0.565625 0.2593750000000001 0.615625 0.2593750000000001
32 0.6687500000000002 0.7328125 0.6171875000000002 0.7328125 0.6171875000000002 0.7828125 0.6687500000000002 0.7828125
35 0.66875 0.434375 0.6171875 0.434375 0.6171875 0.484375 0.66875 0.484375
0 0.5140625 0.2984375000000001 0.4625 0.2984375000000001 0.4625 0.3468750000000001 0.5140625 0.3468750000000001
26 0.615625 0.1625000000000001 0.565625 0.1625000000000001 0.565625 0.21093750000000008 0.615625 0.21093750000000008
2 0.5140625000000001 0.6953125 0.4625 0.6953125 0.4625000000000001 0.7453125 0.5140625000000002 0.7453125
36 0.5640625 0.3234375000000001 0.5140625 0.3234375000000001 0.5140625 0.37187500000000007 0.5640625 0.37187500000000007
6 0.5125 0.496875 0.4609375 0.496875 0.4609375 0.5453125 0.5125 0.5453125
39 0.5640625 0.17343750000000008 0.5140625 0.17343750000000005 0.5140625 0.22031250000000008 0.5640625 0.22031250000000008
34 0.6671875 0.23593750000000008 0.6171875 0.23593750000000008 0.6171875 0.2843750000000001 0.6671875 0.2843750000000001
28 0.615625 0.4125 0.565625 0.4125 0.565625 0.459375 0.615625 0.459375
37 0.615625 0.2609375000000001 0.565625 0.2609375000000001 0.565625 0.30937500000000007 0.615625 0.30937500000000007
24 0.615625 0.5109375 0.565625 0.5109375 0.565625 0.5578125 0.615625 0.5578125
44 0.6687500000000002 0.784375 0.6187500000000001 0.784375 0.6187500000000001 0.8453125 0.6687500000000002 0.8453125
30 0.7312500000000001 0.10468750000000007 0.4203125 0.10468750000000004 0.4203125000000001 0.85625 0.7312500000000002 0.85625
7 0.5140625 0.446875 0.4625 0.446875 0.4625 0.4953125 0.5140625 0.4953125
55 0.66875 0.534375 0.6171875 0.534375 0.6171875 0.584375 0.66875 0.584375
57 0.66875 0.634375 0.6171875 0.634375 0.6171875 0.6828125 0.66875 0.6828125
22 0.6171875 0.12343750000000006 0.5140625 0.12343750000000005 0.5140625 0.17187500000000006 0.6171875 0.17187500000000008
45 0.6171875000000002 0.759375 0.5656250000000002 0.759375 0.5656250000000002 0.84375 0.6171875000000002 0.84375
54 0.5640625 0.2234375000000001 0.5140625 0.2234375000000001 0.5140625 0.2718750000000001 0.5640625 0.2718750000000001
48 0.5125 0.2484375000000001 0.4625 0.2484375000000001 0.4625 0.2953125000000001 0.5125 0.2953125000000001
43 0.6171875 0.6609375 0.5671875 0.6609375 0.5671875 0.7078125 0.6171875 0.7078125
13 0.7234375000000001 0.69375 0.671875 0.69375 0.6718750000000001 0.74375 0.7234375000000002 0.74375
15 0.66875 0.484375 0.6171875 0.484375 0.6171875 0.534375 0.66875 0.534375
11 0.5109375 0.2000000000000001 0.4625 0.2000000000000001 0.4625 0.2453125000000001 0.5109375 0.2453125000000001
14 0.721875 0.2734375000000001 0.66875 0.2734375000000001 0.66875 0.3234375000000001 0.721875 0.3234375000000001
21 0.5640625 0.621875 0.5140625 0.621875 0.5140625 0.671875 0.5640625 0.671875
3 0.5140625 0.646875 0.4609375 0.646875 0.4609375 0.696875 0.5140625 0.696875
17 0.5125000000000002 0.796875 0.4625000000000002 0.796875 0.4625000000000002 0.8453125 0.5125000000000002 0.8453125
16 0.66875 0.584375 0.6171875 0.584375 0.6171875 0.634375 0.66875 0.634375