7 0.4984375 0.4984375 0.4515625 0.4984375 0.4515625 0.5296875 0.4984375 0.5296875
32 0.8234375 0.6140625000000002 0.7765625 0.6140625000000002 0.7765625 0.6515625000000002 0.8234375 0.6515625000000002
49 0.8953125 0.6578125000000001 0.825 0.6578125000000001 0.825 0.6984375000000002 0.8953125 0.6984375000000002
23 0.63125 0.5703125 0.584375 0.5703125 0.584375 0.6046875 0.63125 0.6046875
13 0.7125 0.653125 0.6578125 0.653125 0.6578125 0.690625 0.7125 0.690625
58 0.771875 0.6125 0.7203125 0.6125 0.7203125 0.6500000000000001 0.771875 0.6500000000000001
36 0.3828125000000001 0.528125 0.3390625000000001 0.528125 0.3390625000000001 0.559375 0.3828125000000001 0.559375
15 0.5484375 0.60625 0.4984375 0.60625 0.4984375 0.6421875 0.5484375 0.6421875
53 0.4875 0.53125 0.440625 0.53125 0.440625 0.5625 0.4875 0.5625
34 0.27812500000000007 0.6 0.22812500000000008 0.6 0.22812500000000008 0.634375 0.27812500000000007 0.634375
9 0.4015625 0.4953125 0.3515625000000001 0.4953125 0.3515625000000001 0.5265625 0.4015625 0.5265625
46 0.2218750000000001 0.5984375 0.15625000000000008 0.5984375 0.15625000000000008 0.6328125 0.2218750000000001 0.6328125
59 0.5359375 0.5328125 0.4921875 0.5328125 0.4921875 0.5640625 0.5359375 0.5640625
47 0.6515625 0.6453125 0.37968750000000007 0.6453125 0.37968750000000007 0.6875 0.6515625 0.6875
39 0.23593750000000008 0.528125 0.19218750000000004 0.528125 0.19218750000000007 0.559375 0.23593750000000008 0.559375
29 0.4171875 0.565625 0.3703125000000001 0.565625 0.3703125000000001 0.6 0.4171875 0.6
33 0.4375 0.603125 0.3906250000000001 0.603125 0.3906250000000001 0.6390625 0.4375 0.6390625
44 0.8875 0.6171875000000002 0.825 0.6171875000000002 0.825 0.6546875000000002 0.8875 0.6546875000000002
4 0.6546875 0.5015625 0.6078125 0.5015625 0.6078125 0.5328125 0.6546875 0.5328125
30 0.90625 0.4875000000000001 0.02187500000000006 0.4875 0.021875000000000075 0.7093750000000001 0.90625 0.7093750000000002
21 0.696875 0.5359375 0.65 0.5359375 0.65 0.5703125 0.696875 0.5703125
14 0.3750000000000001 0.6421875 0.3234375000000001 0.6421875 0.3234375000000001 0.6796875 0.3750000000000001 0.6796875
37 0.3109375000000001 0.5625 0.2640625000000001 0.5625 0.2640625000000001 0.596875 0.3109375000000001 0.596875
52 0.8734375 0.5421875000000002 0.8109375 0.5421875000000002 0.8109375 0.5734375000000002 0.8734375 0.5734375000000002
19 0.6859375 0.571875 0.6390625 0.571875 0.6390625 0.60625 0.6859375 0.60625
12 0.2609375000000001 0.5640625 0.2171875000000001 0.5640625 0.2171875000000001 0.5953125 0.2609375000000001 0.5953125
28 0.4703125 0.5671875 0.4234375 0.5671875 0.4234375 0.6015625 0.4703125 0.6015625
31 0.36406250000000007 0.5640625 0.31718750000000007 0.5640625 0.31718750000000007 0.5984375 0.36406250000000007 0.5984375
5 0.603125 0.5 0.55625 0.5 0.55625 0.53125 0.603125 0.53125
25 0.5234375 0.5671875 0.4765625 0.5671875 0.4765625 0.6015625 0.5234375 0.6015625
40 0.3312500000000001 0.6015625 0.2812500000000001 0.6015625 0.2812500000000001 0.6359375 0.3312500000000001 0.6359375
55 0.6015625 0.609375 0.5546875 0.609375 0.5546875 0.64375 0.6015625 0.64375
22 0.19218750000000007 0.525 0.12031250000000004 0.525 0.12031250000000007 0.59375 0.1921875000000001 0.59375
8 0.45 0.496875 0.403125 0.496875 0.403125 0.528125 0.45 0.528125
50 0.2640625000000001 0.6390625 0.1984375000000001 0.6390625 0.1984375000000001 0.6765625 0.2640625000000001 0.6765625
48 0.3000000000000001 0.49375 0.2531250000000001 0.49375 0.2531250000000001 0.525 0.3000000000000001 0.525
27 0.4328125 0.53125 0.3890625000000001 0.53125 0.3890625000000001 0.5625 0.4328125 0.5625
54 0.2828125000000001 0.528125 0.2390625000000001 0.528125 0.2390625000000001 0.559375 0.2828125000000001 0.559375
35 0.490625 0.60625 0.44375 0.60625 0.44375 0.640625 0.490625 0.640625
41 0.80625 0.5390625000000002 0.7546875 0.5390625000000002 0.7546875 0.5734375000000002 0.80625 0.5734375000000002
56 0.75 0.5390625000000001 0.703125 0.5390625 0.703125 0.5703125000000001 0.75 0.5703125000000002
1 0.8109375 0.5062500000000002 0.7640625 0.5062500000000002 0.7640625 0.5375000000000002 0.8109375 0.5375000000000002
43 0.740625 0.5750000000000001 0.690625 0.575 0.690625 0.6093750000000001 0.740625 0.6093750000000002
45 0.88125 0.5781250000000002 0.803125 0.5781250000000002 0.803125 0.6140625000000002 0.88125 0.6140625000000002
24 0.578125 0.56875 0.53125 0.56875 0.53125 0.603125 0.578125 0.603125
10 0.796875 0.5765625000000002 0.746875 0.5765625000000002 0.746875 0.6109375000000001 0.796875 0.6109375000000001
16 0.659375 0.609375 0.6078125 0.609375 0.6078125 0.6453125 0.659375 0.6453125
0 0.3500000000000001 0.49375 0.3031250000000001 0.49375 0.3031250000000001 0.525 0.3500000000000001 0.525
3 0.70625 0.503125 0.659375 0.503125 0.659375 0.534375 0.70625 0.534375
42 0.64375 0.5359375 0.596875 0.5359375 0.596875 0.5671875 0.64375 0.5671875
57 0.7125 0.6109375 0.665625 0.6109375 0.665625 0.6484375 0.7125 0.6484375
38 0.3312500000000001 0.528125 0.2843750000000001 0.528125 0.2843750000000001 0.559375 0.3312500000000001 0.559375
20 0.19843750000000004 0.49375 0.13906250000000003 0.49375 0.13906250000000003 0.525 0.19843750000000004 0.525
18 0.3843750000000001 0.603125 0.3375000000000001 0.603125 0.3375000000000001 0.6390625 0.3843750000000001 0.6390625
51 0.5890625 0.534375 0.5453125 0.534375 0.5453125 0.565625 0.5890625 0.565625
26 0.2156250000000001 0.5609375 0.17187500000000008 0.5609375 0.17187500000000008 0.5953125 0.2156250000000001 0.5953125
11 0.2484375000000001 0.4921875 0.2015625000000001 0.4921875 0.2015625000000001 0.5234375 0.2484375000000001 0.5234375
6 0.5515625 0.4984375 0.5046875 0.4984375 0.5046875 0.5296875 0.5515625 0.5296875