43 0.2312500000000001 0.4875 0.18750000000000006 0.4875 0.18750000000000006 0.565625 0.2312500000000001 0.565625
6 0.415625 0.3125000000000001 0.3765625 0.3125000000000001 0.3765625 0.3890625000000001 0.415625 0.3890625000000001
56 0.2140625000000001 0.3890625 0.17343750000000005 0.3890625 0.17343750000000005 0.4671875 0.2140625000000001 0.4671875
47 0.5828125000000001 0.678125 0.2500000000000001 0.678125 0.2500000000000001 0.7609375 0.5828125000000002 0.7609375
18 0.5890625 0.596875 0.55 0.596875 0.55 0.665625 0.5890625 0.665625
3 0.24687500000000004 0.2953125 0.2046875 0.2953125 0.20468750000000005 0.371875 0.2468750000000001 0.371875
4 0.30468750000000006 0.3015625 0.2640625 0.3015625 0.26406250000000003 0.3796875 0.3046875000000001 0.3796875
25 0.4546875 0.5015625 0.4171875 0.5015625 0.4171875 0.5734375 0.4546875 0.5734375
45 0.10937500000000007 0.478125 0.012500000000000061 0.478125 0.012500000000000063 0.5609375 0.10937500000000008 0.5609375
51 0.3843750000000001 0.4046875 0.34843750000000007 0.4046875 0.34843750000000007 0.4765625 0.3843750000000001 0.4765625
21 0.2734375000000001 0.39375 0.2328125000000001 0.39375 0.2328125000000001 0.471875 0.2734375000000001 0.471875
19 0.2906250000000001 0.490625 0.2484375000000001 0.490625 0.2484375000000001 0.5671875 0.2906250000000001 0.5671875
8 0.5203125 0.3234375000000001 0.4828125 0.3234375000000001 0.4828125 0.3984375000000001 0.5203125 0.3984375000000001
29 0.5578125 0.50625 0.5203125 0.50625 0.5203125 0.578125 0.5578125 0.578125
36 0.5921875 0.4203125 0.55625 0.4203125 0.55625 0.490625 0.5921875 0.490625
42 0.3296875000000001 0.4 0.2906250000000001 0.4 0.2906250000000001 0.4734375 0.3296875000000001 0.4734375
12 0.7 0.5140625 0.665625 0.5140625 0.665625 0.58125 0.7 0.58125
54 0.6859375 0.428125 0.653125 0.428125 0.653125 0.496875 0.6859375 0.496875
55 0.37968750000000007 0.5875 0.3359375000000001 0.5875 0.3359375000000001 0.6625 0.37968750000000007 0.6625
31 0.60625 0.509375 0.5703125 0.509375 0.5703125 0.578125 0.60625 0.578125
41 0.15312500000000004 0.3859375 0.10937500000000004 0.3859375 0.10937500000000004 0.4640625 0.15312500000000004 0.4640625
17 0.059375000000000046 0.2734375 0.015625000000000035 0.2734375 0.015625000000000038 0.35625 0.059375000000000046 0.35625
16 0.3234375000000001 0.5859375 0.2796875000000001 0.5859375 0.2796875000000001 0.6609375 0.3234375000000001 0.6609375
5 0.3609375 0.3078125 0.3203125 0.3078125 0.32031250000000006 0.3859375 0.3609375000000001 0.3859375
35 0.4875 0.590625 0.446875 0.590625 0.446875 0.6625 0.4875 0.6625
32 0.1453125000000001 0.58125 0.09843750000000007 0.58125 0.09843750000000008 0.6609375 0.1453125000000001 0.6609375
46 0.80625 0.5984375000000001 0.6921875 0.5984375 0.6921875 0.6656250000000001 0.80625 0.6656250000000001
13 0.2390625000000001 0.68125 0.1781250000000001 0.68125 0.1781250000000001 0.7578125 0.2390625000000001 0.7578125
34 0.6828125 0.6 0.6453125 0.6 0.6453125 0.665625 0.6828125 0.665625
40 0.6359375 0.596875 0.5984375 0.596875 0.5984375 0.6640625 0.6359375 0.6640625
1 0.12500000000000006 0.28125 0.08125000000000004 0.28125 0.08125000000000004 0.3625 0.12500000000000006 0.3625
39 0.73125 0.4328125000000001 0.6984375 0.4328125 0.6984375 0.5000000000000001 0.73125 0.5000000000000002
59 0.4390625 0.409375 0.4015625 0.409375 0.4015625 0.48125 0.4390625 0.48125
26 0.7453125 0.5171875000000001 0.709375 0.5171875 0.709375 0.5843750000000001 0.7453125 0.5843750000000002
50 0.8109375 0.6859375000000002 0.7640625 0.6859375000000002 0.7640625000000001 0.7515625000000001 0.8109375 0.7515625000000001
38 0.6390625 0.425 0.60625 0.425 0.60625 0.4921875 0.6390625 0.4921875
53 0.4921875 0.4125 0.4546875 0.4125 0.4546875 0.484375 0.4921875 0.484375
58 0.20468750000000008 0.584375 0.1609375000000001 0.584375 0.1609375000000001 0.6609375 0.20468750000000008 0.6609375
0 0.61875 0.3343750000000001 0.5828125 0.3343750000000001 0.5828125 0.4078125 0.61875 0.4078125
48 0.6640625 0.3390625000000001 0.63125 0.3390625000000001 0.63125 0.4109375 0.6640625 0.4109375
11 0.709375 0.3453125000000001 0.6765625 0.3453125000000001 0.6765625 0.4125 0.709375 0.4125
2 0.18593750000000003 0.2875 0.14218750000000005 0.2875 0.14218750000000005 0.36875 0.18593750000000003 0.36875
37 0.6546875 0.5125 0.61875 0.5125 0.61875 0.58125 0.6546875 0.58125
27 0.5421875 0.415625 0.50625 0.415625 0.50625 0.4859375 0.5421875 0.4859375
44 0.08281250000000008 0.58125 0.01718750000000007 0.58125 0.017187500000000078 0.6609375 0.0828125000000001 0.6609375
30 1 0.09062500000000007 1.1098361617272889e-17 0.090625 5.625721233583154e-17 0.828125 1 0.828125
52 0.09218750000000006 0.378125 0.012500000000000044 0.378125 0.01250000000000005 0.4578125 0.09218750000000006 0.4578125
20 0.796875 0.3500000000000001 0.7234375 0.3500000000000001 0.7234375 0.4156250000000001 0.796875 0.4156250000000002
22 0.7984375 0.43281250000000016 0.7421875 0.43281250000000016 0.7421875 0.5843750000000002 0.7984375 0.5843750000000002
15 0.434375 0.5890625 0.3921875000000001 0.5890625 0.3921875000000001 0.6625 0.434375 0.6625
23 0.3453125000000001 0.49375 0.3062500000000001 0.49375 0.3062500000000001 0.56875 0.3453125000000001 0.56875
24 0.4015625 0.496875 0.3625000000000001 0.496875 0.3625000000000001 0.5703125 0.4015625 0.5703125
33 0.5390625 0.59375 0.4984375 0.59375 0.4984375 0.6640625 0.5390625 0.6640625
28 0.50625 0.503125 0.46875 0.503125 0.46875 0.575 0.50625 0.575
14 0.6406250000000001 0.6828125 0.5890625 0.6828125 0.5890625 0.753125 0.6406250000000002 0.753125
57 0.2656250000000001 0.584375 0.2218750000000001 0.584375 0.2218750000000001 0.659375 0.2656250000000001 0.659375
49 0.08593750000000008 0.68125 0.017187500000000085 0.68125 0.017187500000000088 0.7625 0.08593750000000008 0.7625
7 0.4671875 0.3203125000000001 0.43125 0.3203125000000001 0.43125 0.39531250000000007 0.4671875 0.39531250000000007
9 0.56875 0.3296875000000001 0.5328125 0.3296875000000001 0.5328125 0.4046875 0.56875 0.4046875
10 0.17031250000000006 0.4828125 0.12500000000000006 0.4828125 0.12500000000000006 0.5625 0.1703125000000001 0.5625