31 0.24218750000000008 0.459375 0.17343750000000005 0.459375 0.17343750000000005 0.5078125 0.24218750000000008 0.5078125
48 0.4078125 0.38593750000000004 0.3390625000000001 0.3859375 0.3390625000000001 0.4359375 0.4078125 0.4359375
52 0.3312500000000001 0.975 0.26250000000000007 0.975 0.26250000000000007 1 0.3312500000000001 1
56 0.3296875000000001 0.8828125 0.2609375000000001 0.8828125 0.2609375000000001 0.9328125 0.3296875000000001 0.9328125
35 0.1625000000000001 0.60625 0.09218750000000006 0.60625 0.09218750000000007 0.65625 0.1625000000000001 0.65625
30 0.5046875000000001 3.0903196572234e-17 0 0 6.123233995736766e-17 1 0.5046875000000002 1
6 0.41093750000000007 0.678125 0.3421875000000001 0.678125 0.3421875000000001 0.728125 0.4109375000000002 0.728125
57 0.16406250000000008 0.8390625 0.0953125000000001 0.8390625 0.0953125000000001 0.8875 0.16406250000000008 0.8875
54 0.32812500000000006 0.35625 0.2578125 0.35625 0.25781250000000006 0.40625 0.3281250000000001 0.40625
12 0.24531250000000004 0.3421875 0.17656250000000004 0.3421875 0.17656250000000004 0.3921875 0.2453125000000001 0.3921875
44 0.16562500000000013 0.9796875 0.09687500000000011 0.9796875 0.09687500000000013 1 0.16562500000000013 1
10 0.2484375000000001 0.925 0.17968750000000014 0.925 0.17968750000000014 0.9734375 0.2484375000000001 0.9734375
18 0.16093750000000004 0.4890625 0.09062500000000007 0.4890625 0.09062500000000007 0.5390625 0.16093750000000004 0.5390625
32 0.16562500000000013 0.953125 0.0953125000000001 0.953125 0.09531250000000012 1 0.16562500000000013 1
0 0.409375 0.44375 0.3390625000000001 0.44375 0.3390625000000001 0.49375 0.409375 0.49375
22 0.328125 0.2140625 0.17500000000000004 0.2140625 0.17500000000000004 0.2921875 0.328125 0.2921875
21 0.3281250000000001 0.8234375 0.2578125000000001 0.8234375 0.2578125000000001 0.875 0.3281250000000001 0.875
36 0.3281250000000001 0.475 0.2578125000000001 0.475 0.2578125000000001 0.525 0.3281250000000001 0.525
46 0.16406250000000006 0.2125 0.09375000000000003 0.2125 0.09375000000000003 0.3625 0.16406250000000006 0.3625
50 0.07968750000000005 0.3703125 0.010937500000000044 0.3703125 0.010937500000000048 0.4234375 0.07968750000000005 0.4234375
5 0.4109375000000002 0.7375 0.3421875000000001 0.7375 0.3421875000000001 0.7875 0.4109375000000002 0.7875
43 0.2468750000000001 0.8671875 0.1781250000000001 0.8671875 0.17812500000000012 0.9171875 0.2468750000000001 0.9171875
4 0.4109375000000002 0.7953125 0.3421875000000001 0.7953125 0.3421875000000001 0.84375 0.4109375000000002 0.84375
1 0.4125000000000002 0.965625 0.3437500000000001 0.965625 0.3437500000000001 1 0.4125000000000002 1
19 0.2468750000000001 0.809375 0.1781250000000001 0.809375 0.1781250000000001 0.859375 0.2468750000000001 0.859375
16 0.16406250000000008 0.78125 0.09375000000000008 0.78125 0.0937500000000001 0.83125 0.16406250000000008 0.83125
47 0.08125000000000009 0.546875 0.009375000000000067 0.546875 0.009375000000000085 0.83125 0.08125000000000011 0.83125
59 0.3281250000000001 0.65 0.2578125000000001 0.65 0.2578125000000001 0.7 0.3281250000000001 0.7
58 0.1640625000000001 0.896875 0.09687500000000011 0.896875 0.09687500000000011 0.946875 0.16406250000000014 0.946875
24 0.2453125000000001 0.6953125 0.1765625000000001 0.6953125 0.1765625000000001 0.74375 0.2453125000000001 0.74375
14 0.07968750000000006 0.4890625 0.010937500000000062 0.4890625 0.010937500000000063 0.5390625 0.07968750000000006 0.5390625
2 0.4109375000000002 0.909375 0.3421875000000001 0.909375 0.3421875000000001 0.959375 0.4109375000000002 0.959375
41 0.3296875000000001 0.9390625 0.2593750000000001 0.9390625 0.2593750000000001 0.9890625 0.3296875000000001 0.9890625
3 0.4109375000000002 0.8515625 0.3421875000000001 0.8515625 0.3421875000000001 0.9015625 0.4109375000000002 0.9015625
49 0.08593750000000012 0.9796875 0.01562500000000012 0.9796875 0.01562500000000012 1 0.08593750000000014 1
13 0.08125000000000011 0.8390625 0.012500000000000105 0.8390625 0.012500000000000108 0.8890625 0.08125000000000011 0.8890625
9 0.4078125 0.5015625 0.3390625000000001 0.5015625 0.3390625000000001 0.5515625 0.4078125 0.5515625
42 0.3281250000000001 0.7671875 0.2593750000000001 0.7671875 0.2593750000000001 0.8171875 0.3281250000000001 0.8171875
15 0.1625000000000001 0.6640625 0.09218750000000009 0.6640625 0.09218750000000009 0.715625 0.1625000000000001 0.715625
55 0.1625000000000001 0.721875 0.09375000000000008 0.721875 0.09375000000000008 0.7734375 0.1625000000000001 0.7734375
28 0.24218750000000008 0.578125 0.17343750000000008 0.578125 0.17343750000000008 0.6265625 0.24218750000000008 0.6265625
34 0.16093750000000004 0.371875 0.09218750000000005 0.371875 0.09218750000000005 0.421875 0.16093750000000004 0.421875
25 0.2453125000000001 0.6359375 0.1765625000000001 0.6359375 0.1765625000000001 0.6859375 0.2453125000000001 0.6859375
11 0.4109375 0.32812500000000006 0.3421875 0.328125 0.34218750000000003 0.37812500000000004 0.4109375 0.3781250000000001
20 0.4109375 0.21406250000000004 0.3421875 0.2140625 0.3421875 0.32031250000000006 0.4109375 0.3203125000000001
45 0.2484375000000001 0.9671875 0.18125000000000013 0.9671875 0.18125000000000013 1 0.2484375000000001 1
26 0.2453125 0.284375 0.17656250000000004 0.284375 0.17656250000000004 0.334375 0.2453125 0.334375
39 0.328125 0.2984375 0.2578125 0.2984375 0.2578125 0.3484375 0.328125 0.3484375
40 0.16093750000000004 0.43125 0.09218750000000005 0.43125 0.09218750000000006 0.48125 0.16093750000000004 0.48125
33 0.1625000000000001 0.5484375 0.09062500000000007 0.5484375 0.09062500000000007 0.5984375 0.1625000000000001 0.5984375
27 0.3265625000000001 0.5328125 0.2593750000000001 0.5328125 0.2593750000000001 0.58125 0.3265625000000001 0.58125
53 0.3281250000000001 0.5921875 0.2578125000000001 0.5921875 0.2578125000000001 0.6421875 0.3281250000000001 0.6421875
17 0.4109375000000002 0.984375 0.3437500000000001 0.984375 0.3437500000000001 1 0.4109375000000002 1
37 0.2453125000000001 0.4 0.17500000000000004 0.4 0.17500000000000004 0.45 0.2453125000000001 0.45
29 0.2453125000000001 0.5171875 0.17500000000000004 0.5171875 0.17500000000000007 0.5671875 0.2453125000000001 0.5671875
8 0.4078125 0.5609375 0.3390625000000001 0.5609375 0.3390625000000001 0.6109375 0.4078125 0.6109375
7 0.4078125 0.6203125 0.3390625000000001 0.6203125 0.3390625000000001 0.6703125 0.4078125 0.6703125
23 0.2453125000000001 0.753125 0.1781250000000001 0.753125 0.1781250000000001 0.8015625 0.2453125000000001 0.8015625
38 0.3281250000000001 0.415625 0.2578125000000001 0.415625 0.2578125000000001 0.4640625 0.3281250000000001 0.4640625
51 0.3281250000000001 0.709375 0.2593750000000001 0.709375 0.2593750000000001 0.7578125 0.3281250000000001 0.7578125