12 0.6875 0.4 0.6203125 0.4 0.6203125 0.44375 0.6875 0.44375
41 0.7718750000000002 0.934375 0.7062500000000002 0.934375 0.7062500000000002 0.98125 0.7718750000000002 0.98125
43 0.6953125000000002 0.871875 0.6281250000000002 0.871875 0.6281250000000002 0.915625 0.6953125000000002 0.915625
29 0.690625 0.55625 0.6234375 0.55625 0.6234375 0.6 0.690625 0.6
24 0.6921875000000001 0.7125 0.625 0.7125 0.6250000000000001 0.7578125 0.6921875000000002 0.7578125
10 0.6953125000000002 0.925 0.6281250000000002 0.925 0.6281250000000002 0.9703125 0.6953125000000002 0.9703125
52 0.7734375000000002 0.9703125 0.7078125000000002 0.9703125 0.7078125000000002 1 0.7734375000000002 1
21 0.7703125000000002 0.828125 0.7046875000000001 0.828125 0.7046875000000001 0.875 0.7703125000000002 0.875
44 0.6187500000000001 0.9765625 0.5515625000000002 0.9765625 0.5515625000000002 1 0.6187500000000001 1
46 0.6125 0.27812500000000007 0.5453125 0.27812500000000007 0.5453125 0.41875 0.6125 0.41875
39 0.7640625 0.3609375000000001 0.696875 0.3609375000000001 0.696875 0.4062500000000001 0.7640625 0.40625000000000017
57 0.6156250000000002 0.8453125 0.5484375000000001 0.8453125 0.5484375000000001 0.8921875 0.6156250000000002 0.8921875
36 0.7640625 0.5171875000000001 0.6984375 0.5171875 0.6984375 0.5609375000000001 0.7640625 0.5609375000000002
22 0.7640625 0.2828125000000001 0.6203125 0.2828125000000001 0.6203125 0.3546875000000001 0.7640625 0.3546875000000001
59 0.7671875 0.6718750000000001 0.7015625 0.671875 0.7015625 0.7156250000000001 0.7671875 0.7156250000000002
32 0.6187500000000001 0.953125 0.5500000000000002 0.953125 0.5500000000000002 1 0.6187500000000001 1
15 0.6140625000000001 0.6859375 0.546875 0.6859375 0.5468750000000001 0.7328125 0.6140625000000002 0.7328125
20 0.840625 0.2875000000000001 0.775 0.2875000000000001 0.775 0.3812500000000001 0.840625 0.3812500000000001
55 0.6156250000000002 0.7390625 0.5484375000000001 0.7390625 0.5484375000000001 0.7859375 0.6156250000000002 0.7859375
33 0.6125 0.58125 0.5453125 0.58125 0.5453125 0.628125 0.6125 0.628125
51 0.76875 0.7250000000000001 0.703125 0.725 0.7031250000000001 0.76875 0.7687500000000002 0.7687500000000002
28 0.690625 0.6078125 0.6234375 0.6078125 0.6234375 0.6515625 0.690625 0.6515625
19 0.6937500000000002 0.8171875 0.6265625000000001 0.8171875 0.6265625000000001 0.8625 0.6937500000000002 0.8625
30 0.975 0.04375000000000009 0.409375 0.04375000000000005 0.4093750000000001 1 0.975 1
56 0.7718750000000002 0.8828125 0.7062500000000002 0.8828125 0.7062500000000002 0.9265625 0.7718750000000002 0.9265625
6 0.8421875 0.6984375000000002 0.7796875 0.6984375000000002 0.7796875000000001 0.7421875000000002 0.8421875 0.7421875000000002
2 0.8453125 0.9046875 0.7828125000000001 0.9046875 0.7828125000000001 0.95 0.8453125 0.95
0 0.840625 0.4906250000000002 0.775 0.4906250000000002 0.775 0.5359375000000002 0.840625 0.5359375000000002
7 0.840625 0.6453125000000002 0.778125 0.6453125000000002 0.778125 0.6890625000000001 0.840625 0.6890625000000001
4 0.84375 0.8 0.7812500000000002 0.8 0.7812500000000002 0.8453125 0.84375 0.8453125
27 0.7640625 0.5687500000000001 0.7015625 0.56875 0.7015625 0.6125 0.7640625 0.6125000000000002
40 0.6125 0.475 0.5453125 0.475 0.5453125 0.521875 0.6125 0.521875
25 0.690625 0.659375 0.625 0.659375 0.625 0.7046875 0.690625 0.7046875
31 0.6875 0.5046875 0.6203125 0.5046875 0.6203125 0.5484375 0.6875 0.5484375
48 0.8390625 0.4390625000000002 0.7765625 0.4390625000000002 0.7765625 0.48437500000000017 0.8390625 0.48437500000000017
23 0.6921875000000002 0.765625 0.6250000000000002 0.765625 0.6250000000000002 0.8109375 0.6921875000000002 0.8109375
9 0.840625 0.5421875000000002 0.775 0.5421875000000002 0.775 0.5875000000000001 0.840625 0.5875000000000001
53 0.765625 0.6203125 0.6984375 0.6203125 0.6984375 0.6640625000000001 0.765625 0.6640625000000002
8 0.840625 0.5937500000000002 0.775 0.5937500000000002 0.775 0.6390625000000002 0.840625 0.6390625000000002
5 0.84375 0.7484375000000002 0.7812500000000002 0.7484375000000002 0.7812500000000002 0.7937500000000002 0.84375 0.7937500000000002
47 0.5375000000000001 0.5828125 0.4671875 0.5828125 0.4671875000000001 0.8390625 0.5375000000000002 0.8390625
37 0.6875 0.453125 0.6203125 0.453125 0.6203125 0.496875 0.6875 0.496875
38 0.7640625 0.46562500000000007 0.6984375 0.465625 0.6984375 0.5093750000000001 0.7640625 0.5093750000000001
50 0.534375 0.421875 0.465625 0.421875 0.465625 0.471875 0.534375 0.471875
58 0.6171875000000002 0.9 0.5500000000000002 0.9 0.5500000000000002 0.946875 0.6171875000000002 0.946875
3 0.846875 0.853125 0.7812500000000002 0.853125 0.7812500000000002 0.8984375 0.846875 0.8984375
45 0.6968750000000001 0.9640625 0.6296875000000002 0.9640625 0.6296875000000002 1 0.6968750000000001 1
14 0.534375 0.528125 0.4671875 0.528125 0.4671875 0.575 0.534375 0.575
34 0.6109375 0.425 0.54375 0.425 0.54375 0.471875 0.6109375 0.471875
11 0.8390625 0.3890625000000001 0.7765625 0.3890625000000001 0.7765625 0.43281250000000016 0.8390625 0.43281250000000016
42 0.7671875000000001 0.7765625 0.7046875000000001 0.7765625 0.7046875000000001 0.821875 0.7671875000000001 0.821875
54 0.7640625 0.4140625000000001 0.696875 0.4140625 0.696875 0.4593750000000001 0.7640625 0.4593750000000002
35 0.6140625 0.634375 0.546875 0.634375 0.546875 0.6796875 0.6140625 0.6796875
13 0.5375000000000002 0.846875 0.46875000000000017 0.846875 0.46875000000000017 0.896875 0.5375000000000002 0.896875
1 0.8484375 0.9578125 0.7843750000000002 0.9578125 0.7843750000000002 1 0.8484375 1
17 0.85 0.9828125 0.7875000000000002 0.9828125 0.7875000000000002 1 0.85 1
26 0.6875 0.3468750000000001 0.6203125 0.3468750000000001 0.6203125 0.3921875000000001 0.6875 0.3921875000000001
18 0.6125 0.5296875 0.5453125 0.5296875 0.5453125 0.575 0.6125 0.575
49 0.5390625000000002 0.975 0.4703125000000002 0.975 0.4703125000000002 1 0.5390625000000002 1
16 0.6156250000000002 0.7921875 0.5484375000000001 0.7921875 0.5484375000000001 0.8390625 0.6156250000000002 0.8390625