58 0.1531250000000001 0.646875 0.10156250000000008 0.646875 0.10156250000000008 0.7859375 0.1531250000000001 0.7859375
56 0.17187500000000006 0.3234375 0.12187500000000004 0.3234375 0.12187500000000004 0.4640625 0.17187500000000006 0.4640625
32 0.09375000000000008 0.6453125 0.04218750000000008 0.6453125 0.042187500000000086 0.7875 0.09375000000000008 0.7875
19 0.24375000000000008 0.4828125 0.19218750000000004 0.4828125 0.19218750000000007 0.6234375 0.24375000000000008 0.6234375
24 0.3609375000000001 0.4765625 0.3109375000000001 0.4765625 0.3109375000000001 0.6171875 0.3609375000000001 0.6171875
11 0.7265625 0.15625000000000008 0.678125 0.15625000000000008 0.678125 0.2906250000000001 0.7265625 0.2906250000000001
1 0.08750000000000004 0.175 0.03906250000000002 0.175 0.03906250000000003 0.3078125 0.08750000000000005 0.3078125
14 0.5734375000000002 0.79375 0.5203125000000002 0.79375 0.5203125000000002 0.971875 0.5734375000000002 0.971875
52 0.054687500000000056 0.328125 4.0183723097022526e-17 0.328125 4.869884537234397e-17 0.4671875 0.05468750000000007 0.4671875
22 0.85 0.3062500000000001 0.7671875 0.3062500000000001 0.7671875 0.6046875000000002 0.85 0.6046875000000002
53 0.465625 0.31718750000000007 0.4140625 0.31718750000000007 0.4140625 0.45625 0.465625 0.45625
38 0.6421875 0.3125000000000001 0.590625 0.3125000000000001 0.590625 0.4484375 0.6421875 0.4484375
59 0.40625 0.31875000000000003 0.35625 0.31875 0.35625000000000007 0.4546875 0.40625 0.4546875
51 0.34843750000000007 0.3203125 0.2984375 0.3203125 0.2984375 0.45625 0.34843750000000007 0.45625
49 0.03125000000000011 0.809375 9.91198503059889e-17 0.809375 1.101225363920784e-16 0.9890625 0.031250000000000125 0.9890625
33 0.5125000000000001 0.634375 0.459375 0.634375 0.4593750000000001 0.7765625 0.5125000000000002 0.7765625
26 0.775 0.4671875000000001 0.725 0.4671875 0.725 0.6078125000000001 0.775 0.6078125000000002
54 0.7015625 0.3140625000000001 0.65 0.3140625000000001 0.65 0.453125 0.7015625 0.453125
28 0.48125 0.4734375 0.4296875 0.4734375 0.4296875 0.6125 0.48125 0.6125
21 0.23125000000000004 0.3234375 0.17968750000000006 0.3234375 0.17968750000000006 0.4625 0.2312500000000001 0.4625
34 0.690625 0.6296875 0.6375 0.6296875 0.6375000000000001 0.7703125 0.6906250000000002 0.7703125
9 0.553125 0.16250000000000006 0.5015625 0.16250000000000003 0.5015625 0.29375000000000007 0.553125 0.29375000000000007
0 0.6109375 0.15781250000000008 0.5609375 0.15781250000000008 0.5609375 0.29375000000000007 0.6109375 0.29375000000000007
12 0.71875 0.4703125 0.6671875 0.4703125 0.6671875 0.609375 0.71875 0.609375
43 0.18437500000000007 0.484375 0.13281250000000006 0.484375 0.13281250000000006 0.6234375 0.1843750000000001 0.6234375
15 0.3921875000000001 0.6390625 0.3390625000000001 0.6390625 0.3390625000000001 0.78125 0.3921875000000001 0.78125
16 0.2718750000000001 0.640625 0.22031250000000008 0.640625 0.22031250000000008 0.7828125 0.2718750000000001 0.7828125
3 0.203125 0.17031250000000003 0.153125 0.1703125 0.153125 0.303125 0.203125 0.303125
27 0.525 0.3156250000000001 0.4734375 0.3156250000000001 0.4734375 0.45 0.525 0.45
42 0.290625 0.3234375 0.2390625 0.3234375 0.23906250000000004 0.4609375 0.2906250000000001 0.4609375
41 0.11406250000000004 0.328125 0.06250000000000004 0.328125 0.06250000000000006 0.4671875 0.11406250000000004 0.4671875
39 0.759375 0.30937500000000007 0.7078125 0.30937500000000007 0.7078125 0.4453125000000001 0.759375 0.44531250000000017
36 0.5828125 0.3140625000000001 0.53125 0.3140625000000001 0.53125 0.453125 0.5828125 0.453125
7 0.4359375 0.16250000000000003 0.3859375 0.16250000000000003 0.3859375 0.2984375000000001 0.4359375 0.2984375000000001
46 0.853125 0.6250000000000001 0.6984375 0.625 0.6984375 0.7671875000000001 0.853125 0.7671875000000001
29 0.540625 0.471875 0.4890625 0.471875 0.4890625 0.6109375 0.540625 0.6109375
35 0.4515625000000001 0.6375 0.3984375000000001 0.6375 0.3984375000000001 0.778125 0.4515625000000002 0.778125
18 0.5718750000000001 0.63125 0.51875 0.63125 0.51875 0.7703125 0.5718750000000001 0.7703125
47 0.5140625000000002 0.8 0.21875000000000008 0.8 0.21875000000000008 0.98125 0.5140625000000002 0.98125
55 0.3312500000000001 0.640625 0.2796875000000001 0.640625 0.2796875000000001 0.78125 0.3312500000000001 0.78125
13 0.21093750000000008 0.8046875 0.15781250000000008 0.8046875 0.1578125000000001 0.9828125 0.21093750000000008 0.9828125
44 0.03281250000000009 0.6453125 7.902798875747763e-17 0.6453125 8.773446209516585e-17 0.7875 0.0328125000000001 0.7875
8 0.49375 0.16250000000000003 0.44375 0.16250000000000003 0.44375 0.2953125000000001 0.49375 0.2953125000000001
37 0.659375 0.4703125 0.60625 0.4703125 0.60625 0.6109375 0.659375 0.6109375
5 0.3203125 0.17031250000000003 0.2703125 0.17031250000000003 0.2703125 0.3 0.3203125 0.3
40 0.6312500000000001 0.6296875 0.578125 0.6296875 0.5781250000000001 0.76875 0.6312500000000002 0.76875
2 0.14687500000000003 0.175 0.09687500000000002 0.175 0.09687500000000003 0.3046875 0.14687500000000003 0.3046875
48 0.66875 0.15781250000000008 0.61875 0.15781250000000008 0.61875 0.2906250000000001 0.66875 0.2906250000000001
31 0.6 0.4703125 0.5484375 0.4703125 0.5484375 0.609375 0.6 0.609375
6 0.378125 0.16562500000000005 0.328125 0.16562500000000005 0.328125 0.2984375 0.378125 0.2984375000000001
20 0.840625 0.1531250000000001 0.7359375 0.1531250000000001 0.7359375 0.2875000000000001 0.840625 0.2875000000000001
10 0.12500000000000006 0.4859375 0.07500000000000007 0.4859375 0.07500000000000007 0.621875 0.12500000000000008 0.621875
25 0.4203125 0.4765625 0.3703125000000001 0.4765625 0.3703125000000001 0.615625 0.4203125 0.615625
23 0.3031250000000001 0.48125 0.2515625000000001 0.48125 0.2515625000000001 0.6203125 0.3031250000000001 0.6203125
30 1 0.02031250000000006 2.487563810768061e-18 0.0203125 6.247612186275169e-17 1 1 1
57 0.21250000000000008 0.64375 0.1609375000000001 0.64375 0.1609375000000001 0.784375 0.21250000000000008 0.784375
4 0.2625 0.16875000000000004 0.2125 0.16875000000000004 0.2125 0.3015625 0.2625 0.3015625
50 0.6937500000000002 0.7921875 0.6390625000000002 0.7921875 0.6390625000000002 0.971875 0.6937500000000002 0.971875
17 0.02812500000000003 0.1765625 2.1622670047445454e-17 0.1765625 2.956373913566657e-17 0.30625 0.028125000000000032 0.30625
45 0.06718750000000007 0.4859375 5.95101803960667e-17 0.4859375 6.812097820257152e-17 0.6265625 0.06718750000000007 0.6265625