10 0.9078125 0.6953125000000002 0.8484375 0.6953125000000002 0.8484375 0.7734375000000002 0.9078125 0.7734375000000002
8 0.484375 0.5234375 0.425 0.5234375 0.425 0.603125 0.484375 0.603125
45 1 0.6921875000000002 0.915625 0.6921875000000002 0.915625 0.7718750000000002 1 0.7718750000000002
23 0.70625 0.696875 0.646875 0.696875 0.6468750000000001 0.7734375 0.7062500000000002 0.7734375
49 1 0.8625 0.946875 0.8625 0.946875 0.9390625 1 0.9390625
35 0.5375000000000002 0.7796875 0.4781250000000002 0.7796875 0.4781250000000002 0.8578125 0.5375000000000002 0.8578125
52 1 0.6078125000000002 0.934375 0.6078125000000002 0.934375 0.6875000000000002 1 0.6875000000000002
55 0.6734375000000001 0.7796875 0.6140625000000002 0.7796875 0.6140625000000002 0.8578125 0.6734375000000001 0.8578125
7 0.553125 0.5234375 0.4921875 0.5234375 0.4921875 0.603125 0.553125 0.603125
51 0.65625 0.6109375 0.596875 0.6109375 0.596875 0.6875 0.65625 0.6875
56 0.8609375 0.6078125000000002 0.8015625 0.6078125000000002 0.8015625 0.6875000000000002 0.8609375 0.6875000000000002
57 0.8078125 0.7796875000000002 0.7484375000000002 0.7796875000000002 0.7484375000000002 0.8578125 0.8078125 0.8578125
1 0.959375 0.5234375000000002 0.903125 0.5234375000000002 0.903125 0.6015625000000002 0.959375 0.6015625000000002
44 1 0.7765625000000002 0.9484375 0.7765625000000002 0.9484375 0.85625 1 0.85625
16 0.7390625000000002 0.7812500000000001 0.6796875000000002 0.78125 0.6796875000000002 0.8578125 0.7390625000000002 0.8578125
47 0.7390625000000002 0.865625 0.3765625000000001 0.865625 0.3765625000000001 0.94375 0.7390625000000002 0.94375
17 1 0.5203125000000002 0.9703125 0.5203125000000002 0.9703125 0.6000000000000002 1 0.6000000000000002
14 0.3687500000000001 0.8625 0.30937500000000007 0.8625 0.30937500000000007 0.940625 0.3687500000000001 0.940625
6 0.621875 0.5234375 0.5625 0.5234375 0.5625 0.6015625 0.621875 0.6015625
11 0.2156250000000001 0.521875 0.15625000000000006 0.521875 0.15625000000000006 0.5984375 0.2156250000000001 0.5984375
46 0.2015625000000001 0.7734375 0.09531250000000009 0.7734375 0.0953125000000001 0.8515625 0.2015625000000001 0.8515625
12 0.23437500000000008 0.69375 0.1750000000000001 0.69375 0.1750000000000001 0.7703125 0.23437500000000008 0.7703125
18 0.4031250000000002 0.7796875 0.3437500000000001 0.7796875 0.3437500000000001 0.8578125 0.4031250000000002 0.8578125
48 0.2828125000000001 0.521875 0.2234375000000001 0.521875 0.2234375000000001 0.6015625 0.2828125000000001 0.6015625
20 0.15000000000000008 0.5203125 0.025000000000000067 0.5203125 0.02500000000000007 0.5984375 0.15000000000000008 0.5984375
33 0.47187500000000016 0.7796875 0.40937500000000016 0.7796875 0.40937500000000016 0.8578125 0.47187500000000016 0.8578125
25 0.5718750000000001 0.696875 0.5125 0.696875 0.5125000000000001 0.7734375 0.5718750000000001 0.7734375
58 0.8734375 0.7796875000000002 0.8140625 0.7796875000000002 0.8140625 0.85625 0.8734375 0.85625
13 0.80625 0.8671875 0.7468750000000002 0.8671875 0.7468750000000002 0.9421875 0.80625 0.9421875
54 0.2515625000000001 0.60625 0.1906250000000001 0.60625 0.1906250000000001 0.6875 0.2515625000000001 0.6875
27 0.4515625 0.609375 0.3921875000000001 0.609375 0.3921875000000001 0.6875 0.4515625 0.6875
0 0.34843750000000007 0.521875 0.2890625000000001 0.521875 0.2890625000000001 0.603125 0.34843750000000007 0.603125
32 0.9390625 0.7796875000000002 0.8796875 0.7796875000000002 0.8796875 0.8578125 0.9390625 0.8578125
53 0.521875 0.609375 0.4609375 0.609375 0.4609375 0.6875 0.521875 0.6875
4 0.7578125 0.5234375000000001 0.6984375 0.5234375 0.6984375 0.6015625000000001 0.7578125 0.6015625000000002
41 0.9265625 0.6093750000000002 0.8671875 0.6093750000000002 0.8671875 0.6890625000000001 0.9265625 0.6890625000000001
59 0.5875 0.609375 0.528125 0.609375 0.528125 0.6890625 0.5875 0.6890625
24 0.6406250000000001 0.6953125 0.58125 0.6953125 0.58125 0.7734375 0.6406250000000002 0.7734375
42 0.7234375 0.6109375 0.6640625 0.6109375 0.6640625 0.6890625 0.7234375 0.6890625
22 0.11718750000000008 0.6078125 0.028125000000000077 0.6078125 0.028125000000000084 0.7671875 0.11718750000000008 0.7671875
29 0.4359375000000001 0.6953125 0.3765625000000001 0.6953125 0.3765625000000001 0.7734375 0.4359375000000002 0.7734375
26 0.1671875000000001 0.6921875 0.11093750000000009 0.6921875 0.11093750000000009 0.76875 0.1671875000000001 0.76875
2 0.89375 0.5234375000000002 0.834375 0.5234375000000002 0.834375 0.6015625000000002 0.89375 0.6015625000000002
3 0.8265625 0.5234375000000002 0.765625 0.5234375000000002 0.765625 0.6015625000000002 0.8265625 0.6015625000000002
37 0.30156250000000007 0.69375 0.24218750000000008 0.69375 0.24218750000000008 0.771875 0.30156250000000007 0.771875
15 0.6062500000000002 0.7796875 0.5453125000000002 0.7796875 0.5453125000000002 0.8578125 0.6062500000000002 0.8578125
28 0.503125 0.6953125 0.44375 0.6953125 0.4437500000000001 0.7734375 0.5031250000000002 0.7734375
9 0.41875 0.5234375 0.3578125000000001 0.5234375 0.3578125000000001 0.603125 0.41875 0.603125
31 0.3687500000000001 0.69375 0.30937500000000007 0.69375 0.30937500000000007 0.771875 0.3687500000000001 0.771875
30 1 0.4296875000000001 5.262154215086284e-17 0.4296875 8.553392487794795e-17 0.9671875 1 0.9671875
40 0.3343750000000001 0.778125 0.2750000000000001 0.778125 0.2750000000000001 0.8546875 0.3343750000000001 0.8546875
39 0.1843750000000001 0.60625 0.12500000000000008 0.60625 0.12500000000000008 0.684375 0.1843750000000001 0.684375
50 0.2390625000000001 0.8609375 0.1609375000000001 0.8609375 0.16093750000000012 0.9375 0.2390625000000001 0.9375
21 0.7921875 0.6109375000000001 0.73125 0.6109375000000001 0.73125 0.6890625000000001 0.7921875 0.6890625000000001
34 0.2687500000000001 0.778125 0.2093750000000001 0.778125 0.2093750000000001 0.853125 0.2687500000000001 0.853125
19 0.7750000000000001 0.6953125000000001 0.715625 0.6953125 0.7156250000000001 0.7734375000000001 0.7750000000000001 0.7734375000000002
36 0.3859375000000001 0.609375 0.3265625000000001 0.609375 0.3265625000000001 0.6859375 0.3859375000000001 0.6859375
5 0.690625 0.5234375 0.63125 0.5234375 0.63125 0.6015625 0.690625 0.6015625
43 0.8421875 0.6968750000000001 0.7828125 0.6968750000000001 0.7828125000000001 0.7734375000000002 0.8421875 0.7734375000000002
38 0.31718750000000007 0.6078125 0.2578125000000001 0.6078125 0.2578125000000001 0.684375 0.31718750000000007 0.684375