25 0.5171875 0.2671875000000001 0.3828125 0.2671875000000001 0.3828125 0.31718750000000007 0.5171875 0.31718750000000007
58 0.68125 7.491394091659199e-17 0.5421875 6.639881864127056e-17 0.5421875 0.04843750000000008 0.68125 0.04843750000000009
31 0.5171875 0.44375 0.3781250000000001 0.44375 0.3781250000000001 0.4953125 0.5171875 0.4953125
16 0.678125 0.11718750000000007 0.5390625 0.11718750000000004 0.5390625 0.16875000000000007 0.678125 0.1687500000000001
23 0.5171875 0.15000000000000005 0.3859375 0.15000000000000005 0.3859375 0.19843750000000004 0.5171875 0.19843750000000004
55 0.678125 0.17656250000000007 0.5390625 0.17656250000000004 0.5390625 0.22656250000000008 0.678125 0.22656250000000008
34 0.6734375 0.5328125 0.534375 0.5328125 0.534375 0.5859375 0.6734375 0.5859375
22 0.5140625000000001 0.6640625 0.2234375000000001 0.6640625 0.2234375000000001 0.7453125 0.5140625000000002 0.7453125
51 0.3609375 0.19531250000000006 0.2296875 0.19531250000000006 0.2296875 0.24375 0.3609375 0.24375
2 0.2125 1.8178350924843523e-17 0.084375 1.0332957367805793e-17 0.084375 0.04375000000000002 0.2125 0.043750000000000025
4 0.2125 0.11093750000000002 0.08125000000000002 0.1109375 0.08125000000000002 0.15937500000000002 0.2125 0.15937500000000004
19 0.5203125 0.09062500000000005 0.3859375 0.09062500000000004 0.3859375 0.14062500000000006 0.5203125 0.14062500000000006
18 0.6734375 0.4140625 0.534375 0.4140625 0.534375 0.4671875 0.6734375 0.4671875
48 0.20468750000000008 0.515625 0.07343750000000007 0.515625 0.07343750000000007 0.5671875 0.20468750000000008 0.5671875
36 0.3609375000000001 0.4296875 0.22656250000000008 0.4296875 0.22656250000000008 0.4796875 0.3609375000000001 0.4796875
54 0.3609375000000001 0.546875 0.2218750000000001 0.546875 0.2218750000000001 0.6 0.3609375000000001 0.6
6 0.2078125 0.2265625 0.07656250000000002 0.2265625 0.07656250000000003 0.2765625 0.2078125 0.2765625
9 0.2078125000000001 0.4 0.07343750000000004 0.4 0.07343750000000004 0.4515625 0.2078125000000001 0.4515625
29 0.5171875 0.3843750000000001 0.3781250000000001 0.3843750000000001 0.3781250000000001 0.4359375 0.5171875 0.4359375
47 0.840625 0.1140625000000001 0.690625 0.1140625000000001 0.690625 0.4062500000000001 0.840625 0.40625000000000017
33 0.678125 0.3546875000000001 0.5359375 0.3546875000000001 0.5359375 0.40625 0.678125 0.40625
10 0.5203125 5.539613255518106e-17 0.384375 4.7072361342226394e-17 0.384375 0.021875000000000054 0.5203125 0.02187500000000006
11 0.2015625000000001 0.575 0.07343750000000007 0.575 0.07343750000000007 0.625 0.2015625000000001 0.625
57 0.68125 0.05781250000000008 0.5390625 0.057812500000000065 0.5390625 0.10937500000000007 0.68125 0.10937500000000008
42 0.3640625 0.13593750000000004 0.2296875 0.13593750000000004 0.2296875 0.18750000000000006 0.3640625 0.18750000000000006
24 0.5171875 0.2078125000000001 0.378125 0.2078125000000001 0.378125 0.2578125000000001 0.5171875 0.2578125000000001
56 0.3640625 0.020312500000000035 0.2296875 0.02031250000000003 0.2296875 0.07031250000000003 0.3640625 0.07031250000000004
38 0.3578125000000001 0.4890625 0.2234375000000001 0.4890625 0.2234375000000001 0.5390625 0.3578125000000001 0.5390625
28 0.5140625 0.3265625000000001 0.3796875 0.3265625000000001 0.37968750000000007 0.3750000000000001 0.5140625 0.3750000000000001
59 0.365625 0.25468750000000007 0.2265625 0.2546875 0.2265625 0.30468750000000006 0.365625 0.3046875000000001
20 0.20468750000000008 0.634375 0.07031250000000007 0.634375 0.07031250000000008 0.740625 0.20468750000000008 0.740625
13 0.840625 0.0531250000000001 0.69375 0.05312500000000009 0.69375 0.1062500000000001 0.840625 0.1062500000000001
7 0.2078125 0.284375 0.07656250000000005 0.284375 0.07656250000000005 0.334375 0.2078125 0.334375
15 0.6734375 0.23437500000000008 0.5390625 0.23437500000000008 0.5390625 0.2875000000000001 0.6734375 0.2875000000000001
41 0.3671875 3.6739403974420595e-17 0.2328125 2.8511308292649316e-17 0.2328125 0.012500000000000035 0.3671875 0.012500000000000044
0 0.2078125000000001 0.4578125 0.07343750000000007 0.4578125 0.07343750000000007 0.509375 0.2078125000000001 0.509375
39 0.3578125000000001 0.60625 0.2234375000000001 0.60625 0.2234375000000001 0.6578125 0.3578125000000001 0.6578125
12 0.5140625 0.5625 0.3750000000000001 0.5625 0.3750000000000001 0.6140625 0.5140625 0.6140625
40 0.6734375 0.4734375 0.53125 0.4734375 0.53125 0.525 0.6734375 0.525
37 0.5140625 0.503125 0.3750000000000001 0.503125 0.3750000000000001 0.5546875 0.5140625 0.5546875
53 0.3609375 0.3125 0.2265625 0.3125 0.2265625 0.3625 0.3609375 0.3625
43 0.5203125 0.031250000000000056 0.3859375 0.03125000000000004 0.3859375 0.08281250000000005 0.5203125 0.08281250000000007
8 0.20781250000000004 0.3421875 0.07656250000000005 0.3421875 0.07656250000000005 0.3921875 0.2078125000000001 0.3921875
50 0.834375 0.534375 0.6921875 0.534375 0.6921875 0.5875000000000001 0.834375 0.5875000000000001
3 0.2125 0.05156250000000001 0.084375 0.0515625 0.084375 0.10312500000000002 0.2125 0.10312500000000005
5 0.2125 0.16718750000000002 0.08125000000000002 0.1671875 0.08125000000000002 0.2171875 0.2125 0.2171875
21 0.3671875 0.07812500000000003 0.2328125 0.07812500000000003 0.2328125 0.12968750000000004 0.3671875 0.12968750000000004
35 0.6734375 0.2953125000000001 0.534375 0.2953125000000001 0.534375 0.3468750000000001 0.6734375 0.3468750000000001
26 0.5140625 0.621875 0.3750000000000001 0.621875 0.3750000000000001 0.6734375 0.5140625 0.6734375
27 0.3609375000000001 0.371875 0.22656250000000008 0.371875 0.22656250000000008 0.421875 0.3609375000000001 0.421875
46 0.6703125000000001 0.5921875 0.528125 0.5921875 0.5281250000000001 0.7484375 0.6703125000000002 0.7484375
30 0.9484375 5.817072295949927e-17 0.0015625 1.9135106236677395e-19 0.001562500000000061 1 0.9484375 1
14 0.8375 0.4140625000000001 0.6953125 0.4140625 0.6953125 0.4671875000000001 0.8375 0.4671875000000002