1 0.2 0.12500000000000003 0.1546875 0.125 0.1546875 0.1765625 0.2 0.17656250000000004
35 0.5234375 0.3156250000000001 0.4765625 0.3156250000000001 0.4765625 0.3734375000000001 0.5234375 0.3734375000000001
51 0.43125 0.18750000000000006 0.3859375 0.18750000000000006 0.3859375 0.24218750000000008 0.43125 0.24218750000000008
8 0.5609375 0.12500000000000006 0.5140625 0.12500000000000006 0.5140625 0.17968750000000006 0.5609375 0.17968750000000008
53 0.534375 0.18750000000000006 0.4890625 0.18750000000000006 0.4890625 0.24375000000000008 0.534375 0.24375000000000008
28 0.55 0.2515625000000001 0.503125 0.2515625000000001 0.503125 0.3078125000000001 0.55 0.3078125000000001
20 0.871875 0.12500000000000008 0.775 0.12500000000000008 0.775 0.17968750000000008 0.871875 0.17968750000000008
31 0.6546875 0.2515625000000001 0.609375 0.2515625000000001 0.609375 0.3078125000000001 0.6546875 0.3078125000000001
5 0.40625 0.12343750000000005 0.3609375 0.12343750000000005 0.3609375 0.17812500000000003 0.40625 0.17812500000000003
29 0.603125 0.2500000000000001 0.55625 0.2500000000000001 0.55625 0.3062500000000001 0.603125 0.3062500000000001
46 0.8859375 0.3140625000000001 0.74375 0.3140625000000001 0.74375 0.3734375000000001 0.8859375 0.3734375000000001
7 0.509375 0.12500000000000006 0.4640625 0.12500000000000006 0.4640625 0.17968750000000006 0.509375 0.17968750000000006
4 0.3546875 0.12343750000000005 0.309375 0.12343750000000005 0.309375 0.17812500000000003 0.3546875 0.17812500000000003
52 0.17031250000000003 0.184375 0.09843750000000002 0.184375 0.09843750000000002 0.2421875 0.17031250000000003 0.2421875
26 0.815625 0.2500000000000001 0.76875 0.2500000000000001 0.76875 0.3062500000000001 0.815625 0.3062500000000001
24 0.44375 0.2515625000000001 0.3984375 0.2515625000000001 0.3984375 0.3078125000000001 0.44375 0.3078125000000001
39 0.7984375 0.1859375000000001 0.7515625 0.1859375000000001 0.7515625 0.24218750000000008 0.7984375 0.24218750000000008
50 0.74375 0.3812500000000001 0.69375 0.3812500000000001 0.69375 0.4546875000000001 0.74375 0.4546875000000002
38 0.6921875 0.18750000000000008 0.646875 0.18750000000000008 0.646875 0.24218750000000008 0.6921875 0.24218750000000008
27 0.5875 0.18750000000000006 0.5421875 0.18750000000000006 0.5421875 0.24218750000000008 0.5875 0.24218750000000008
30 0.9265625 0.04687500000000006 0.05 0.046875000000000014 0.05000000000000003 0.5046875000000001 0.9265625 0.5046875000000002
17 0.1453125 0.125 0.1015625 0.125 0.1015625 0.178125 0.1453125 0.178125
25 0.4953125 0.2515625000000001 0.45 0.2515625000000001 0.45 0.3078125000000001 0.4953125 0.3078125000000001
16 0.36250000000000004 0.315625 0.315625 0.315625 0.31562500000000004 0.3734375 0.3625000000000001 0.3734375
59 0.4828125 0.18750000000000006 0.4375 0.18750000000000006 0.4375 0.24375000000000008 0.4828125 0.24375000000000008
6 0.4578125 0.12500000000000006 0.4125 0.12500000000000006 0.4125 0.17812500000000003 0.4578125 0.17812500000000003
57 0.30937500000000007 0.3140625 0.2609375 0.3140625 0.26093750000000004 0.3734375 0.30937500000000007 0.3734375
15 0.4703125 0.3156250000000001 0.421875 0.3156250000000001 0.421875 0.3734375000000001 0.4703125 0.3734375000000001
43 0.284375 0.25 0.2375 0.25 0.2375 0.30625 0.284375 0.30625
48 0.7171875 0.12500000000000008 0.6703125 0.12500000000000008 0.6703125 0.1781250000000001 0.7171875 0.1781250000000001
2 0.2515625 0.12343750000000005 0.2046875 0.12343750000000005 0.2046875 0.17812500000000003 0.2515625 0.17812500000000003
34 0.7390625 0.3156250000000001 0.6890625 0.3156250000000001 0.6890625 0.3734375000000001 0.7390625 0.3734375000000001
49 0.14375000000000004 0.3796875 0.07968750000000005 0.3796875 0.07968750000000005 0.4546875 0.14375000000000004 0.4546875
54 0.7453125 0.18750000000000008 0.6984375 0.18750000000000008 0.6984375 0.24375000000000008 0.7453125 0.24375000000000008
13 0.3078125000000001 0.38125 0.2578125000000001 0.38125 0.2578125000000001 0.4546875 0.3078125000000001 0.4546875
10 0.23125 0.25 0.18437500000000004 0.25 0.18437500000000004 0.30625 0.23125 0.30625
37 0.7078125 0.2515625000000001 0.6609375 0.2515625000000001 0.6609375 0.3078125000000001 0.7078125 0.3078125000000001
36 0.640625 0.18750000000000008 0.59375 0.18750000000000008 0.59375 0.24375000000000008 0.640625 0.24375000000000008
42 0.3796875 0.18750000000000006 0.334375 0.18750000000000006 0.334375 0.24375000000000005 0.3796875 0.24375000000000008
55 0.4171875 0.3156250000000001 0.3703125 0.3156250000000001 0.37031250000000004 0.3734375000000001 0.4171875 0.3734375000000001
21 0.3265625 0.18750000000000006 0.2796875 0.18750000000000006 0.2796875 0.24375 0.3265625 0.24375
56 0.2734375 0.18593750000000003 0.2265625 0.18593750000000003 0.2265625 0.2421875 0.2734375 0.2421875
9 0.6125 0.12500000000000008 0.5671875 0.12500000000000008 0.5671875 0.17968750000000008 0.6125 0.17968750000000008
47 0.5765625 0.37968750000000007 0.3140625000000001 0.3796875 0.3140625000000001 0.4546875 0.5765625 0.4546875
0 0.6640625 0.12500000000000008 0.61875 0.12500000000000008 0.61875 0.17968750000000008 0.6640625 0.17968750000000008
40 0.684375 0.3156250000000001 0.6359375 0.3156250000000001 0.6359375 0.3734375000000001 0.684375 0.3734375000000001
41 0.221875 0.18593750000000003 0.17343750000000005 0.1859375 0.17343750000000005 0.2421875 0.221875 0.2421875
45 0.17812500000000003 0.25 0.09218750000000002 0.25 0.09218750000000003 0.3078125 0.17812500000000003 0.3078125
58 0.25625000000000003 0.3140625 0.2078125 0.3140625 0.20781250000000004 0.3734375 0.2562500000000001 0.3734375
14 0.634375 0.3812500000000001 0.584375 0.3812500000000001 0.584375 0.4546875 0.634375 0.4546875
23 0.390625 0.2515625 0.3453125 0.2515625 0.3453125 0.30781250000000004 0.390625 0.3078125000000001
11 0.7671875 0.12343750000000009 0.7234375 0.12343750000000009 0.7234375 0.1781250000000001 0.7671875 0.1781250000000001
44 0.14687500000000003 0.3140625 0.08593750000000004 0.3140625 0.08593750000000004 0.3734375 0.14687500000000003 0.3734375
22 0.8828125 0.1859375000000001 0.803125 0.1859375000000001 0.803125 0.3078125000000001 0.8828125 0.3078125000000001
12 0.7625 0.2500000000000001 0.7140625 0.2500000000000001 0.7140625 0.3062500000000001 0.7625 0.3062500000000001
19 0.3375 0.25 0.290625 0.25 0.290625 0.30625 0.3375 0.30625
18 0.6296875 0.3156250000000001 0.5828125 0.3156250000000001 0.5828125 0.3734375000000001 0.6296875 0.3734375000000001
3 0.303125 0.12500000000000006 0.2578125 0.12500000000000006 0.2578125 0.17812500000000003 0.303125 0.17812500000000003
33 0.5765625 0.3156250000000001 0.528125 0.3156250000000001 0.528125 0.3734375000000001 0.5765625 0.3734375000000001
32 0.20312500000000006 0.3140625 0.15468750000000003 0.3140625 0.15468750000000003 0.3734375 0.20312500000000008 0.3734375