27 0.6140625 0.625 0.5546875 0.625 0.5546875 0.7015625 0.6140625 0.7015625
15 0.4781250000000002 0.7875 0.4156250000000002 0.7875 0.4156250000000002 0.875 0.4781250000000002 0.875
34 0.7921875000000002 0.7875000000000002 0.7296875000000002 0.7875000000000002 0.7296875000000002 0.875 0.7921875000000002 0.875
17 0.1062500000000001 0.5515625 0.048437500000000064 0.5515625 0.04843750000000007 0.6234375 0.1062500000000001 0.6234375
25 0.5109375 0.703125 0.4484375 0.703125 0.4484375000000001 0.7875 0.5109375000000002 0.7875
32 0.16562500000000008 0.7921875 0.10312500000000009 0.7921875 0.10312500000000009 0.8765625 0.16562500000000008 0.8765625
52 0.1281250000000001 0.6265625 0.04062500000000008 0.6265625 0.040625000000000085 0.7078125 0.1281250000000001 0.7078125
29 0.6328125000000001 0.703125 0.5734375 0.703125 0.5734375 0.7875 0.6328125000000002 0.7875
36 0.675 0.621875 0.6125 0.621875 0.6125 0.7 0.675 0.7
30 1 0.48125000000000007 0.012500000000000061 0.48125 0.012500000000000091 1 1 1
28 0.5687500000000001 0.703125 0.509375 0.703125 0.5093750000000001 0.7875 0.5687500000000002 0.7875
24 0.4468750000000001 0.70625 0.38750000000000007 0.70625 0.38750000000000007 0.7875 0.4468750000000002 0.7875
4 0.3437500000000001 0.55 0.2875000000000001 0.55 0.2875000000000001 0.625 0.3437500000000001 0.625
6 0.465625 0.546875 0.4078125 0.546875 0.4078125 0.621875 0.465625 0.621875
13 0.28593750000000007 0.8765625 0.2234375000000001 0.8765625 0.2234375000000001 0.9671875 0.28593750000000007 0.9671875
3 0.28593750000000007 0.5515625 0.22656250000000008 0.5515625 0.22656250000000008 0.6265625 0.28593750000000007 0.6265625
9 0.64375 0.5453125 0.5859375 0.5453125 0.5859375 0.621875 0.64375 0.621875
39 0.8609375 0.6218750000000002 0.7984375 0.6218750000000002 0.7984375 0.7000000000000002 0.8609375 0.7000000000000002
51 0.43125 0.625 0.3734375000000001 0.625 0.3734375000000001 0.703125 0.43125 0.703125
26 0.88125 0.7031250000000002 0.81875 0.7031250000000002 0.81875 0.7843750000000002 0.88125 0.7843750000000002
10 0.2000000000000001 0.7078125 0.14218750000000008 0.7078125 0.14218750000000008 0.7890625 0.2000000000000001 0.7890625
0 0.7046875 0.5453125 0.6453125 0.5453125 0.6453125 0.621875 0.7046875 0.621875
55 0.4156250000000002 0.7890625 0.3531250000000001 0.7890625 0.3531250000000001 0.8765625 0.4156250000000002 0.8765625
54 0.8 0.6218750000000002 0.7375 0.6218750000000002 0.7375 0.7000000000000002 0.8 0.7000000000000002
43 0.2609375000000001 0.7078125 0.2015625000000001 0.7078125 0.2015625000000001 0.7890625 0.2609375000000001 0.7890625
2 0.22656250000000008 0.5515625 0.1671875000000001 0.5515625 0.1671875000000001 0.6265625 0.22656250000000008 0.6265625
47 0.6375000000000002 0.8765625 0.2875000000000001 0.8765625 0.2875000000000001 0.9671875 0.6375000000000002 0.9671875
57 0.2906250000000001 0.7921875 0.22812500000000008 0.7921875 0.22812500000000008 0.8765625 0.2906250000000001 0.8765625
46 0.9 0.7843750000000002 0.7921875000000002 0.7843750000000002 0.7921875000000002 0.871875 0.9 0.871875
20 0.9421875 0.5421875000000002 0.8265625 0.5421875000000002 0.8265625 0.6187500000000001 0.9421875 0.6187500000000001
8 0.584375 0.546875 0.5265625 0.546875 0.5265625 0.621875 0.584375 0.621875
56 0.2500000000000001 0.6265625 0.1921875000000001 0.6265625 0.1921875000000001 0.7046875 0.2500000000000001 0.7046875
59 0.4921875 0.625 0.4328125 0.625 0.4328125 0.7015625 0.4921875 0.7015625
50 0.8453125 0.8734375 0.7640625000000002 0.8734375 0.7640625000000002 0.9625 0.8453125 0.9625
37 0.7578125000000001 0.7031250000000001 0.6953125 0.703125 0.6953125000000001 0.7875000000000001 0.7578125000000002 0.7875000000000002
18 0.6656250000000001 0.7875 0.6031250000000001 0.7875 0.6031250000000001 0.875 0.6656250000000001 0.875
12 0.81875 0.7031250000000002 0.75625 0.7031250000000002 0.7562500000000001 0.7843750000000002 0.81875 0.7843750000000002
42 0.37187500000000007 0.6265625 0.3125000000000001 0.6265625 0.3125000000000001 0.703125 0.37187500000000007 0.703125
11 0.8234375 0.5453125000000002 0.7671875 0.5453125000000002 0.7671875 0.6203125000000002 0.8234375 0.6203125000000002
53 0.553125 0.621875 0.49375 0.621875 0.49375 0.703125 0.553125 0.703125
14 0.7015625000000002 0.8734375 0.6390625000000002 0.8734375 0.6390625000000002 0.9625 0.7015625000000002 0.9625
40 0.7312500000000002 0.7875000000000001 0.6687500000000002 0.7875 0.6687500000000002 0.875 0.7312500000000002 0.875
58 0.22812500000000008 0.7921875 0.16562500000000008 0.7921875 0.16562500000000008 0.8765625 0.22812500000000008 0.8765625
41 0.1906250000000001 0.6296875 0.1312500000000001 0.6296875 0.1312500000000001 0.7078125 0.1906250000000001 0.7078125
21 0.3109375000000001 0.6265625 0.2515625000000001 0.6265625 0.2515625000000001 0.7078125 0.3109375000000001 0.7078125
31 0.6953125000000001 0.703125 0.6359375 0.703125 0.6359375 0.7875 0.6953125000000002 0.7875
44 0.10156250000000008 0.7921875 0.0250000000000001 0.7921875 0.025000000000000105 0.8765625 0.10156250000000008 0.8765625
38 0.7359375 0.6218750000000001 0.6765625 0.621875 0.6765625 0.7000000000000001 0.7359375 0.7000000000000002
48 0.765625 0.5453125000000001 0.70625 0.5453125 0.70625 0.6218750000000001 0.765625 0.6218750000000002
5 0.40625 0.55 0.34843750000000007 0.55 0.34843750000000007 0.625 0.40625 0.625
33 0.6031250000000001 0.7875 0.5406250000000001 0.7875 0.5406250000000001 0.8765625 0.6031250000000001 0.8765625
7 0.525 0.546875 0.46875 0.546875 0.46875 0.621875 0.525 0.621875
22 0.95625 0.6218750000000002 0.859375 0.6218750000000002 0.859375 0.7843750000000002 0.95625 0.7843750000000002
49 0.09687500000000011 0.8796875 0.015625000000000104 0.8796875 0.01562500000000011 0.9703125 0.09687500000000011 0.9703125
1 0.16562500000000008 0.5515625 0.10937500000000008 0.5515625 0.10937500000000008 0.6234375 0.16562500000000008 0.6234375
45 0.14062500000000008 0.7078125 0.034375000000000086 0.7078125 0.03437500000000009 0.7921875 0.14062500000000008 0.7921875
35 0.5406250000000001 0.7875 0.4781250000000002 0.7875 0.4781250000000002 0.875 0.5406250000000001 0.875
19 0.3218750000000001 0.7078125 0.26250000000000007 0.7078125 0.26250000000000007 0.7890625 0.3218750000000001 0.7890625
23 0.3843750000000001 0.70625 0.32500000000000007 0.70625 0.32500000000000007 0.790625 0.3843750000000001 0.790625
16 0.3515625000000001 0.7921875 0.2890625000000001 0.7921875 0.2890625000000001 0.8765625 0.3515625000000001 0.8765625