5 0.3953125 0.10156250000000004 0.3328125 0.10156250000000004 0.3328125 0.24843750000000003 0.3953125 0.2484375000000001
30 1 6.123233995736766e-17 0 0 6.123233995736766e-17 1 1 1
14 0.6937500000000002 0.7875 0.6312500000000002 0.7875 0.6312500000000002 0.934375 0.6937500000000002 0.934375
49 0.0593750000000001 0.78125 9.567553118338697e-17 0.78125 1.0505173323935891e-16 0.934375 0.05937500000000011 0.934375
6 0.465625 0.10156250000000004 0.403125 0.10156250000000004 0.403125 0.2515625000000001 0.465625 0.2515625000000001
53 0.5703125 0.2718750000000001 0.5078125 0.2718750000000001 0.5078125 0.421875 0.5703125 0.421875
28 0.5890625 0.4421875 0.528125 0.4421875 0.528125 0.5921875 0.5890625 0.5921875
9 0.6765625 0.10156250000000008 0.6140625 0.10156250000000008 0.6140625 0.2515625000000001 0.6765625 0.2515625000000001
12 0.8703125 0.44531250000000017 0.8078125 0.44531250000000017 0.8078125 0.5921875000000002 0.8703125 0.5921875000000002
16 0.34062500000000007 0.615625 0.2796875000000001 0.615625 0.2796875000000001 0.7625 0.34062500000000007 0.7625
40 0.7656250000000001 0.6156250000000001 0.703125 0.615625 0.7031250000000001 0.7625000000000001 0.7656250000000002 0.7625000000000002
47 0.6234375000000002 0.78125 0.2812500000000001 0.78125 0.2812500000000001 0.9375 0.6234375000000002 0.9375
11 0.8890625 0.10468750000000009 0.828125 0.10468750000000009 0.828125 0.2515625000000001 0.8890625 0.2515625000000001
59 0.5015625 0.2718750000000001 0.4390625 0.2718750000000001 0.4390625 0.421875 0.5015625 0.421875
15 0.4828125000000001 0.615625 0.41875 0.615625 0.41875000000000007 0.7625 0.4828125000000002 0.7625
38 0.7828125 0.2750000000000001 0.7203125 0.2750000000000001 0.7203125 0.4218750000000001 0.7828125 0.42187500000000017
31 0.7296875 0.4453125000000001 0.6671875 0.4453125 0.6671875 0.5921875000000001 0.7296875 0.5921875000000002
21 0.28906250000000006 0.271875 0.2265625 0.271875 0.22656250000000006 0.421875 0.2890625000000001 0.421875
58 0.2000000000000001 0.615625 0.1375000000000001 0.615625 0.1375000000000001 0.7625 0.2000000000000001 0.7625
4 0.325 0.10156250000000004 0.2640625 0.10156250000000004 0.2640625 0.2484375 0.325 0.2484375
18 0.6937500000000001 0.615625 0.63125 0.615625 0.6312500000000001 0.7625 0.6937500000000002 0.7625
57 0.2687500000000001 0.615625 0.2093750000000001 0.615625 0.2093750000000001 0.7625 0.2687500000000001 0.7625
44 0.05625000000000008 0.60625 7.424421219830829e-17 0.60625 8.37160897854636e-17 0.7609375 0.05625000000000009 0.7609375
0 0.7484375 0.10156250000000008 0.6859375 0.10156250000000008 0.6859375 0.25468750000000007 0.7484375 0.25468750000000007
56 0.21718750000000003 0.26875 0.15625000000000006 0.26875 0.15625000000000006 0.41875 0.2171875000000001 0.41875
13 0.2718750000000001 0.784375 0.2078125000000001 0.784375 0.2078125000000001 0.934375 0.2718750000000001 0.934375
55 0.41093750000000007 0.6109375 0.3500000000000001 0.6109375 0.3500000000000001 0.7609375 0.4109375000000002 0.7609375
23 0.3781250000000001 0.4421875 0.3156250000000001 0.4421875 0.3156250000000001 0.5921875 0.3781250000000001 0.5921875
42 0.35937500000000006 0.271875 0.296875 0.271875 0.29687500000000006 0.41875 0.3593750000000001 0.41875
25 0.51875 0.4453125 0.45625 0.4453125 0.45625 0.5921875 0.51875 0.5921875
24 0.4484375 0.4453125 0.3859375000000001 0.4453125 0.3859375000000001 0.5921875 0.4484375 0.5921875
37 0.7984375 0.44531250000000017 0.7359375 0.44531250000000017 0.7359375 0.5953125000000001 0.7984375 0.5953125000000001
29 0.6578125 0.4453125 0.596875 0.4453125 0.596875 0.5953125 0.6578125 0.5953125
54 0.853125 0.2750000000000001 0.7890625 0.2750000000000001 0.7890625 0.42500000000000016 0.853125 0.42500000000000016
50 0.8359375 0.7875000000000002 0.7718750000000002 0.7875000000000002 0.7718750000000002 0.9375 0.8359375 0.9375
33 0.6234375000000001 0.6109375 0.559375 0.6109375 0.5593750000000001 0.765625 0.6234375000000002 0.765625
17 0.03906250000000002 0.0984375 1.2055116929106758e-17 0.0984375 2.1048616860345134e-17 0.2453125 0.039062500000000035 0.2453125
36 0.7125 0.2750000000000001 0.6484375 0.2750000000000001 0.6484375 0.421875 0.7125 0.421875
39 0.9234375 0.2750000000000001 0.8609375 0.2750000000000001 0.8609375 0.42500000000000016 0.9234375 0.42500000000000016
8 0.6078125 0.10156250000000008 0.5453125 0.10156250000000008 0.5453125 0.25468750000000007 0.6078125 0.25468750000000007
1 0.11250000000000002 0.1015625 0.050000000000000024 0.1015625 0.050000000000000024 0.2484375 0.11250000000000004 0.2484375
3 0.2546875 0.10156250000000004 0.190625 0.10156250000000004 0.19062500000000002 0.2484375 0.2546875 0.2484375
48 0.81875 0.10468750000000009 0.75625 0.10468750000000009 0.75625 0.25468750000000007 0.81875 0.25468750000000007
35 0.5531250000000001 0.615625 0.490625 0.615625 0.4906250000000001 0.7625 0.5531250000000002 0.7625
43 0.23593750000000008 0.4453125 0.17500000000000004 0.4453125 0.17500000000000007 0.5921875 0.23593750000000008 0.5921875
20 1 0.10468750000000011 0.896875 0.10468750000000009 0.896875 0.25468750000000007 1 0.25468750000000007
34 0.8359375 0.6156250000000002 0.7734375 0.6156250000000002 0.7734375000000001 0.7656250000000002 0.8359375 0.7656250000000002
52 0.07500000000000004 0.2640625 3.2338329539984796e-17 0.2640625 4.1810207127140106e-17 0.41875 0.07500000000000004 0.41875
7 0.5375 0.10156250000000004 0.475 0.10156250000000004 0.475 0.25468750000000007 0.5375 0.25468750000000007
10 0.16406250000000006 0.4421875 0.10312500000000005 0.4421875 0.10312500000000006 0.5890625 0.16406250000000008 0.5890625
22 1 0.2718750000000001 0.93125 0.2718750000000001 0.93125 0.6015625000000002 1 0.6015625000000002
45 0.09375000000000006 0.4375 5.357829746269671e-17 0.4375 6.305017504985202e-17 0.5921875 0.09375000000000007 0.5921875
51 0.4296875 0.2718750000000001 0.36875 0.2718750000000001 0.36875 0.41875 0.4296875 0.41875
2 0.18281250000000002 0.10156250000000003 0.1203125 0.1015625 0.12031250000000002 0.2484375 0.18281250000000004 0.2484375
26 0.9390625 0.44531250000000017 0.878125 0.44531250000000017 0.878125 0.5953125000000001 0.9390625 0.5953125000000001
46 1 0.6109375000000001 0.8421875 0.6109375000000001 0.8421875 0.7640625000000002 1 0.7640625000000002
27 0.6421875 0.2718750000000001 0.5796875 0.2718750000000001 0.5796875 0.421875 0.6421875 0.421875
19 0.3062500000000001 0.4421875 0.2453125000000001 0.4421875 0.2453125000000001 0.5921875 0.3062500000000001 0.5921875
32 0.1296875000000001 0.6109375 0.06562500000000007 0.6109375 0.06562500000000007 0.7609375 0.1296875000000001 0.7609375
41 0.14843750000000006 0.271875 0.08593750000000003 0.271875 0.08593750000000003 0.421875 0.14843750000000006 0.421875