10 0.5515625 5.817072295949927e-17 0.3984375 4.8794520903527353e-17 0.3984375 0.04375000000000005 0.5515625 0.04375000000000007
0 0.2078125000000001 0.48125 0.05156250000000007 0.48125 0.05156250000000007 0.534375 0.2078125000000001 0.534375
12 0.5546875 0.590625 0.3984375000000001 0.590625 0.3984375000000001 0.64375 0.5546875 0.64375
45 0.5515625 5.79793718971325e-17 0.3953125 4.8411818778793805e-17 0.3953125 0.028125000000000056 0.5515625 0.028125000000000067
32 0.7234375 7.902798875747764e-17 0.5671875 6.946043563913895e-17 0.5671875 0.01406250000000008 0.7234375 0.014062500000000089
42 0.378125 0.15625000000000006 0.2296875 0.15625000000000006 0.2296875 0.20937500000000003 0.378125 0.2093750000000001
6 0.2078125 0.2453125 0.051562500000000025 0.2453125 0.05156250000000003 0.2984375 0.2078125 0.2984375
59 0.38125 0.275 0.225 0.275 0.225 0.32812500000000006 0.38125 0.3281250000000001
13 0.8984375 0.0812500000000001 0.7453125 0.08125000000000009 0.7453125 0.13437500000000008 0.8984375 0.13437500000000008
35 0.725 0.3187500000000001 0.56875 0.3187500000000001 0.56875 0.37187500000000007 0.725 0.37187500000000007
47 0.8984375 0.14218750000000008 0.7421875 0.14218750000000008 0.7421875 0.43281250000000016 0.8984375 0.43281250000000016
14 0.8953125 0.4359375000000002 0.7421875 0.4359375000000002 0.7421875 0.4890625000000002 0.8953125 0.4890625000000002
28 0.5515625 0.34843750000000007 0.3953125 0.34843750000000007 0.39531250000000007 0.4015625 0.5515625 0.4015625
36 0.3812500000000001 0.4515625 0.22031250000000008 0.4515625 0.22031250000000008 0.5046875 0.3812500000000001 0.5046875
23 0.5515625 0.17187500000000006 0.3984375 0.17187500000000006 0.3984375 0.2250000000000001 0.5515625 0.2250000000000001
38 0.3812500000000001 0.5125 0.2250000000000001 0.5125 0.2250000000000001 0.5625 0.3812500000000001 0.5625
22 0.5515625000000001 0.690625 0.2250000000000001 0.690625 0.2250000000000001 0.771875 0.5515625000000002 0.771875
57 0.725 0.08125000000000007 0.56875 0.08125000000000007 0.56875 0.13437500000000008 0.725 0.13437500000000008
3 0.203125 0.06718750000000001 0.0546875 0.0671875 0.054687500000000014 0.12031250000000002 0.203125 0.12031250000000004
41 0.378125 0.0015625000000000372 0.225 0.0015625000000000278 0.225 0.029687500000000033 0.378125 0.029687500000000044
20 0.2078125000000001 0.659375 0.05156250000000009 0.659375 0.05156250000000009 0.7703125 0.2078125000000001 0.7703125
16 0.725 0.14218750000000008 0.56875 0.14218750000000008 0.56875 0.1921875000000001 0.725 0.1921875000000001
50 0.8984375 0.5546875000000002 0.7453125 0.5546875000000002 0.7453125 0.6109375000000001 0.8984375 0.6109375000000001
58 0.725 0.025000000000000078 0.571875 0.025000000000000067 0.571875 0.07500000000000008 0.725 0.0750000000000001
7 0.2078125 0.3046875 0.05468750000000004 0.3046875 0.05468750000000004 0.3578125 0.2078125 0.3578125
25 0.5515625 0.2890625000000001 0.3984375 0.2890625000000001 0.3984375 0.3421875000000001 0.5515625 0.3421875000000001
5 0.2078125 0.18750000000000003 0.05468750000000002 0.1875 0.05468750000000002 0.2375 0.2078125 0.2375
46 0.7250000000000001 0.615625 0.56875 0.615625 0.5687500000000001 0.771875 0.7250000000000002 0.771875
18 0.725 0.4375 0.56875 0.4375 0.56875 0.490625 0.725 0.490625
49 0.896875 1.005549832737397e-16 0.7453125 9.127445674895118e-17 0.7453125 0.0125000000000001 0.896875 0.012500000000000112
21 0.378125 0.09687500000000003 0.225 0.09687500000000002 0.225 0.15000000000000005 0.378125 0.15000000000000005
54 0.3859375000000001 0.5734375 0.2296875000000001 0.5734375 0.2296875000000001 0.6265625 0.3859375000000001 0.6265625
9 0.2078125000000001 0.4234375 0.05468750000000004 0.4234375 0.054687500000000056 0.4765625 0.2078125000000001 0.4765625
31 0.5515625 0.4671875 0.3984375000000001 0.4671875 0.3984375000000001 0.5203125 0.5515625 0.5203125
44 0.7234375 7.93150153510278e-17 0.571875 7.003448882623926e-17 0.571875 0.01250000000000008 0.7234375 0.01250000000000009
52 0.3765625 3.6548052912053824e-17 0.2203125 2.6980499793715128e-17 0.2203125 0.018750000000000037 0.3765625 0.018750000000000044
11 0.2078125000000001 0.6015625 0.05468750000000007 0.6015625 0.054687500000000076 0.6546875 0.2078125000000001 0.6546875
51 0.378125 0.21718750000000003 0.225 0.2171875 0.225 0.2671875 0.378125 0.2671875000000001
24 0.5515625 0.2296875000000001 0.3953125 0.2296875000000001 0.3953125 0.2828125000000001 0.5515625 0.2828125000000001
4 0.2078125 0.12656250000000002 0.05468750000000002 0.1265625 0.05468750000000002 0.17968750000000003 0.2078125 0.17968750000000006
19 0.5515625 0.11093750000000006 0.3953125 0.11093750000000005 0.3953125 0.16406250000000006 0.5515625 0.16406250000000008
37 0.5515625 0.5265625 0.39531250000000007 0.5265625 0.39531250000000007 0.5796875 0.5515625 0.5796875
34 0.725 0.55625 0.56875 0.55625 0.56875 0.609375 0.725 0.609375
53 0.38125000000000003 0.33281250000000007 0.225 0.3328125 0.22500000000000003 0.38593750000000004 0.3812500000000001 0.3859375000000001
27 0.3781250000000001 0.39375000000000004 0.2250000000000001 0.39375 0.2250000000000001 0.446875 0.3781250000000001 0.446875
29 0.5515625 0.4078125 0.3984375000000001 0.4078125 0.3984375000000001 0.4609375 0.5515625 0.4609375
8 0.20781250000000004 0.3625 0.05468750000000004 0.3625 0.05468750000000004 0.415625 0.2078125000000001 0.415625
55 0.7203125 0.2000000000000001 0.5671875 0.2000000000000001 0.5671875 0.2531250000000001 0.7203125 0.2531250000000001
56 0.3765625 0.03750000000000003 0.2203125 0.03750000000000002 0.2203125 0.08750000000000004 0.3765625 0.08750000000000005
30 0.965625 5.912747827133314e-17 0 0 6.123233995736766e-17 1 0.965625 1
33 0.7203125 0.3765625000000001 0.5671875 0.3765625000000001 0.5671875 0.4296875 0.7203125 0.4296875
43 0.5515625 0.053125000000000054 0.3953125 0.05312500000000005 0.3953125 0.10625000000000007 0.5515625 0.1062500000000001
15 0.725 0.2593750000000001 0.56875 0.2593750000000001 0.56875 0.3125000000000001 0.725 0.3125000000000001
2 0.203125 0.009375000000000015 0.0546875 0.009375000000000005 0.0546875 0.06250000000000001 0.203125 0.06250000000000003
40 0.725 0.496875 0.56875 0.496875 0.56875 0.55 0.725 0.55