52 0.08125000000000006 0.3953125 0.009375000000000046 0.3953125 0.009375000000000053 0.5015625 0.08125000000000007 0.5015625
55 0.3062500000000001 0.625 0.26250000000000007 0.625 0.26250000000000007 0.728125 0.3062500000000001 0.728125
4 0.24531250000000004 0.2859375 0.2015625 0.2859375 0.20156250000000003 0.3875 0.2453125000000001 0.3875
3 0.19843750000000004 0.284375 0.15468750000000003 0.284375 0.15468750000000003 0.3859375 0.19843750000000004 0.3859375
21 0.2234375000000001 0.3984375 0.17968750000000006 0.3984375 0.17968750000000006 0.503125 0.2234375000000001 0.503125
1 0.10312500000000005 0.2859375 0.059375000000000046 0.2859375 0.059375000000000046 0.3875 0.10312500000000005 0.3875
26 0.6640625 0.5125 0.6203125 0.5125 0.6203125 0.6140625 0.6640625 0.6140625
43 0.18750000000000006 0.5140625 0.14375000000000004 0.5140625 0.14375000000000007 0.615625 0.18750000000000008 0.615625
7 0.38906250000000003 0.28593750000000007 0.3453125 0.2859375 0.3453125 0.38750000000000007 0.3890625000000001 0.38750000000000007
54 0.6046875 0.3984375000000001 0.5609375 0.3984375000000001 0.5609375 0.503125 0.6046875 0.503125
2 0.15000000000000005 0.2859375 0.10625000000000004 0.2859375 0.10625000000000004 0.3875 0.15000000000000005 0.3875
50 0.6687500000000002 0.7421875 0.6000000000000002 0.7421875 0.6000000000000002 0.846875 0.6687500000000002 0.846875
57 0.21093750000000008 0.625 0.16562500000000008 0.625 0.16562500000000008 0.728125 0.21093750000000008 0.728125
12 0.6171875 0.5140625 0.5734375 0.5140625 0.5734375 0.615625 0.6171875 0.615625
37 0.56875 0.5140625 0.525 0.5140625 0.525 0.615625 0.56875 0.615625
59 0.3671875000000001 0.39843750000000006 0.3234375000000001 0.3984375 0.3234375000000001 0.503125 0.3671875000000001 0.503125
11 0.628125 0.2843750000000001 0.584375 0.2843750000000001 0.584375 0.3843750000000001 0.628125 0.3843750000000001
32 0.1140625000000001 0.6234375 0.07031250000000007 0.6234375 0.07031250000000008 0.728125 0.1140625000000001 0.728125
42 0.2718750000000001 0.3984375 0.22812500000000008 0.3984375 0.22812500000000008 0.503125 0.2718750000000001 0.503125
30 1 0.12968750000000007 1.5882138176442238e-17 0.1296875 6.199774420683476e-17 0.8828125 1 0.8828125
0 0.5328125 0.28593750000000007 0.4890625 0.28593750000000007 0.4890625 0.38750000000000007 0.5328125 0.38750000000000007
53 0.415625 0.3984375000000001 0.37187500000000007 0.3984375000000001 0.37187500000000007 0.503125 0.415625 0.503125
46 0.7265625000000001 0.6234375000000001 0.596875 0.6234375 0.596875 0.7281250000000001 0.7265625000000002 0.7281250000000001
28 0.4265625 0.5125 0.3828125000000001 0.5125 0.3828125000000001 0.6140625 0.4265625 0.6140625
22 0.725 0.4015625 0.6578125 0.4015625 0.6578125 0.6171875 0.725 0.6171875
34 0.5921875000000001 0.625 0.5484375 0.625 0.5484375000000001 0.7265625 0.5921875000000002 0.7265625
33 0.4484375000000001 0.6234375 0.4046875 0.6234375 0.4046875000000001 0.728125 0.44843750000000016 0.728125
48 0.58125 0.28593750000000007 0.5375 0.28593750000000007 0.5375 0.38750000000000007 0.58125 0.38750000000000007
6 0.34218750000000003 0.2859375 0.2984375 0.2859375 0.2984375 0.3859375 0.3421875000000001 0.3859375
8 0.4375 0.28593750000000007 0.39375 0.28593750000000007 0.39375000000000004 0.38750000000000007 0.4375 0.38750000000000007
19 0.23593750000000008 0.5140625 0.19218750000000004 0.5140625 0.19218750000000007 0.615625 0.23593750000000008 0.615625
13 0.2015625000000001 0.740625 0.14218750000000008 0.740625 0.14218750000000008 0.846875 0.2015625000000001 0.846875
10 0.14062500000000006 0.5140625 0.09687500000000007 0.5140625 0.09687500000000007 0.615625 0.14062500000000008 0.615625
56 0.17656250000000004 0.3984375 0.13281250000000006 0.3984375 0.13281250000000006 0.503125 0.17656250000000004 0.503125
24 0.3312500000000001 0.5125 0.2875000000000001 0.5125 0.2875000000000001 0.6140625 0.3312500000000001 0.6140625
20 0.725 0.28593750000000007 0.634375 0.28593750000000007 0.634375 0.38750000000000007 0.725 0.38750000000000007
35 0.4015625000000001 0.6265625 0.35625000000000007 0.6265625 0.35625000000000007 0.728125 0.40156250000000016 0.728125
49 0.0812500000000001 0.740625 0.007812500000000092 0.740625 0.007812500000000097 0.846875 0.08125000000000011 0.846875
58 0.16406250000000008 0.6265625 0.12031250000000009 0.6265625 0.12031250000000009 0.728125 0.16406250000000008 0.728125
18 0.49687500000000007 0.625 0.453125 0.625 0.4531250000000001 0.728125 0.4968750000000002 0.728125
17 0.05312500000000005 0.2859375 0.009375000000000036 0.2859375 0.009375000000000041 0.3875 0.05312500000000005 0.3875
31 0.521875 0.5140625 0.478125 0.5140625 0.478125 0.6140625 0.521875 0.6140625
41 0.12968750000000004 0.3984375 0.08437500000000005 0.3984375 0.08437500000000006 0.503125 0.12968750000000004 0.503125
9 0.4859375 0.28593750000000007 0.4421875 0.28593750000000007 0.4421875 0.38750000000000007 0.4859375 0.38750000000000007
40 0.5453125000000001 0.6265625 0.5 0.6265625 0.5000000000000001 0.728125 0.5453125000000002 0.728125
47 0.4750000000000002 0.740625 0.2015625000000001 0.740625 0.2015625000000001 0.8421875 0.4750000000000002 0.8421875
38 0.5578125 0.3968750000000001 0.5140625 0.3968750000000001 0.5140625 0.5015625 0.5578125 0.5015625
5 0.29375000000000007 0.2859375 0.25 0.2859375 0.25000000000000006 0.3859375 0.29375000000000007 0.3859375
36 0.509375 0.3984375000000001 0.465625 0.3984375000000001 0.465625 0.503125 0.509375 0.503125
14 0.5359375000000002 0.7421875 0.4781250000000002 0.7421875 0.4781250000000002 0.8484375 0.5359375000000002 0.8484375
44 0.06718750000000008 0.6234375 0.009375000000000078 0.6234375 0.009375000000000083 0.7296875 0.0671875000000001 0.7296875
23 0.2843750000000001 0.5140625 0.2406250000000001 0.5140625 0.2406250000000001 0.6140625 0.2843750000000001 0.6140625
15 0.3546875000000001 0.625 0.30937500000000007 0.625 0.30937500000000007 0.7296875 0.3546875000000001 0.7296875
39 0.653125 0.3984375000000001 0.609375 0.3984375000000001 0.609375 0.5 0.653125 0.5
27 0.4609375 0.3984375000000001 0.41875 0.3984375000000001 0.41875 0.5015625 0.4609375 0.5015625
45 0.09218750000000006 0.5109375 0.010937500000000063 0.5109375 0.010937500000000069 0.615625 0.09218750000000006 0.615625
29 0.4734375 0.5125 0.4296875 0.5125 0.4296875 0.615625 0.4734375 0.615625
51 0.3187500000000001 0.3984375 0.2750000000000001 0.3984375 0.2750000000000001 0.503125 0.3187500000000001 0.503125
25 0.3781250000000001 0.515625 0.3343750000000001 0.515625 0.3343750000000001 0.615625 0.3781250000000001 0.615625
16 0.2578125000000001 0.625 0.2140625000000001 0.625 0.2140625000000001 0.728125 0.2578125000000001 0.728125