53 0.3125000000000001 0.4125 0.2750000000000001 0.4125 0.2750000000000001 0.5265625 0.3125000000000001 0.5265625
51 0.21875000000000008 0.4125 0.18281250000000004 0.4125 0.18281250000000004 0.521875 0.21875000000000008 0.521875
30 0.9859375 0.060937500000000054 7.462691432304185e-18 0.0609375 6.257179739393508e-17 0.9609375 0.9859375 0.9609375
4 0.14843750000000006 0.290625 0.11406250000000004 0.290625 0.11406250000000004 0.403125 0.14843750000000006 0.403125
17 0.01562500000000004 0.29375 3.59739997249535e-17 0.29375 4.247993584542381e-17 0.4 0.01562500000000005 0.4
7 0.28906250000000006 0.290625 0.2515625 0.290625 0.2515625 0.403125 0.2890625000000001 0.403125
26 0.55625 0.5359375 0.51875 0.5359375 0.51875 0.6484375 0.55625 0.6484375
24 0.2296875000000001 0.5390625 0.19531250000000006 0.5390625 0.19531250000000006 0.6484375 0.2296875000000001 0.6484375
31 0.4171875 0.5390625 0.37968750000000007 0.5390625 0.37968750000000007 0.6484375 0.4171875 0.6484375
9 0.38281250000000006 0.28750000000000003 0.34375 0.2875 0.34375000000000006 0.403125 0.3828125000000001 0.403125
19 0.13750000000000007 0.5359375 0.10312500000000005 0.5359375 0.10312500000000006 0.6453125 0.1375000000000001 0.6453125
15 0.25468750000000007 0.6609375 0.2171875000000001 0.6609375 0.2171875000000001 0.7734375 0.25468750000000007 0.7734375
45 0.03437500000000007 0.5453125 6.678152076600411e-17 0.5453125 7.347880794884119e-17 0.6546875 0.03437500000000008 0.6546875
43 0.09062500000000008 0.5390625 0.056250000000000064 0.5390625 0.05625000000000008 0.6484375 0.0906250000000001 0.6484375
27 0.3593750000000001 0.415625 0.3218750000000001 0.415625 0.3218750000000001 0.521875 0.3593750000000001 0.521875
55 0.2078125000000001 0.6609375 0.17187500000000008 0.6609375 0.17187500000000008 0.7734375 0.2078125000000001 0.7734375
21 0.12656250000000005 0.415625 0.09062500000000004 0.415625 0.09062500000000005 0.528125 0.12656250000000005 0.528125
33 0.34843750000000007 0.6609375 0.30937500000000007 0.6609375 0.30937500000000007 0.775 0.34843750000000007 0.775
35 0.30156250000000007 0.6609375 0.2656250000000001 0.6609375 0.2656250000000001 0.775 0.30156250000000007 0.775
25 0.27812500000000007 0.5359375 0.24218750000000008 0.5359375 0.24218750000000008 0.6484375 0.27812500000000007 0.6484375
20 0.6125 0.2906250000000001 0.5296875 0.2906250000000001 0.5296875 0.40625 0.6125 0.40625
6 0.24218750000000006 0.2875 0.203125 0.2875 0.20312500000000006 0.403125 0.24218750000000008 0.403125
32 0.01875000000000009 0.665625 8.15155525682457e-17 0.665625 8.802148868871601e-17 0.771875 0.018750000000000093 0.771875
40 0.4406250000000001 0.6609375 0.403125 0.6609375 0.40312500000000007 0.7734375 0.44062500000000016 0.7734375
44 0.02187500000000009 0.6765625 8.285501000481311e-17 0.6765625 8.897824400054988e-17 0.7765625 0.021875000000000096 0.7765625
16 0.1609375000000001 0.6640625 0.12656250000000008 0.6640625 0.12656250000000008 0.7734375 0.1609375000000001 0.7734375
2 0.05468750000000004 0.290625 0.018750000000000034 0.290625 0.01875000000000004 0.403125 0.05468750000000004 0.403125
0 0.4296875 0.2875000000000001 0.390625 0.2875000000000001 0.39062500000000006 0.403125 0.4296875 0.403125
58 0.0671875000000001 0.6640625 0.03437500000000008 0.6640625 0.034375000000000086 0.7734375 0.0671875000000001 0.7734375
13 0.10000000000000009 0.796875 0.05156250000000009 0.796875 0.0515625000000001 0.90625 0.10000000000000009 0.90625
39 0.5453125 0.4125 0.50625 0.4125 0.50625 0.5265625 0.5453125 0.5265625
14 0.42968750000000017 0.7875 0.3765625000000001 0.7875 0.3765625000000001 0.903125 0.42968750000000017 0.903125
38 0.4515625 0.4125 0.4140625 0.4125 0.4140625 0.525 0.4515625 0.525
46 0.6109375000000001 0.6609375 0.496875 0.6609375 0.49687500000000007 0.7734375 0.6109375000000001 0.7734375
42 0.17187500000000006 0.415625 0.13593750000000004 0.415625 0.13593750000000004 0.521875 0.17187500000000006 0.521875
54 0.5 0.4125 0.4578125 0.4125 0.4578125 0.5265625 0.5 0.5265625
10 0.043750000000000074 0.5390625 0.010937500000000067 0.5390625 0.010937500000000074 0.6515625 0.04375000000000008 0.6515625
37 0.4640625 0.5390625 0.425 0.5390625 0.425 0.6515625 0.4640625 0.6515625
18 0.3937500000000001 0.6609375 0.3578125000000001 0.6609375 0.3578125000000001 0.7734375 0.3937500000000001 0.7734375
29 0.3703125000000001 0.5359375 0.33281250000000007 0.5359375 0.33281250000000007 0.6484375 0.3703125000000001 0.6484375
50 0.6140625000000002 0.7875 0.5609375000000002 0.7875 0.5609375000000002 0.896875 0.6140625000000002 0.896875
57 0.1140625000000001 0.6671875 0.08125000000000009 0.6671875 0.08125000000000009 0.7703125 0.1140625000000001 0.7703125
28 0.32500000000000007 0.5359375 0.2875000000000001 0.5359375 0.2875000000000001 0.6484375 0.32500000000000007 0.6484375
12 0.5109375 0.5359375 0.471875 0.5359375 0.471875 0.6515625 0.5109375 0.6515625
48 0.475 0.2906250000000001 0.4359375 0.2906250000000001 0.4359375 0.40625 0.475 0.40625
47 0.3687500000000001 0.784375 0.1140625000000001 0.784375 0.1140625000000001 0.9 0.3687500000000001 0.9
36 0.4046875 0.415625 0.3671875000000001 0.415625 0.3671875000000001 0.525 0.4046875 0.525
52 0.026562500000000062 0.4140625 5.070803152719509e-17 0.4140625 5.759666977239896e-17 0.5265625 0.026562500000000065 0.5265625
59 0.2656250000000001 0.415625 0.22812500000000008 0.415625 0.22812500000000008 0.528125 0.2656250000000001 0.528125
49 0.025000000000000105 0.803125 9.83544460565218e-17 0.803125 1.0466903111462535e-16 0.90625 0.025000000000000112 0.90625
3 0.10156250000000004 0.290625 0.06562500000000004 0.290625 0.06562500000000004 0.403125 0.10156250000000004 0.403125
34 0.4875000000000001 0.6609375 0.4484375 0.6609375 0.4484375000000001 0.7734375 0.48750000000000016 0.7734375
11 0.5234375 0.2906250000000001 0.4828125 0.2906250000000001 0.4828125 0.403125 0.5234375 0.403125
41 0.03125000000000006 0.415625 5.089938258956187e-17 0.415625 5.778802083476573e-17 0.528125 0.03125000000000007 0.528125
5 0.19531250000000006 0.2875 0.15781250000000005 0.2875 0.15781250000000005 0.403125 0.19531250000000006 0.403125
1 0.017187500000000043 0.2875 3.5208595475486407e-17 0.2875 4.209723372069027e-17 0.4 0.01718750000000005 0.4
56 0.07968750000000005 0.415625 0.04375000000000005 0.415625 0.04375000000000006 0.525 0.07968750000000006 0.525
23 0.18437500000000007 0.5390625 0.15156250000000004 0.5390625 0.15156250000000007 0.6453125 0.1843750000000001 0.6453125
8 0.3375 0.290625 0.296875 0.290625 0.29687500000000006 0.40625 0.3375000000000001 0.40625
22 0.6125 0.4125 0.553125 0.4125 0.553125 0.6546875 0.6125 0.6546875