43 0.5453125 0.5390625 0.4703125 0.5390625 0.4703125 0.6359375 0.5453125 0.6359375
47 0.38593750000000004 4.11404784088564e-17 0.2859375 3.501724441311963e-17 0.28593750000000007 0.525 0.3859375000000001 0.525
30 0.7968750000000001 6.410260589286928e-17 0.25 3.061616997868383e-17 0.25000000000000006 0.996875 0.7968750000000002 0.996875
1 0.7000000000000002 0.7328125 0.6343750000000001 0.7328125 0.6343750000000001 0.815625 0.7000000000000002 0.815625
55 0.465625 0.2750000000000001 0.3984375 0.2750000000000001 0.3984375 0.3593750000000001 0.465625 0.3593750000000001
23 0.54375 0.3359375000000001 0.478125 0.3359375000000001 0.478125 0.4171875 0.54375 0.4171875
5 0.7 0.3078125000000001 0.634375 0.3078125000000001 0.634375 0.3921875000000001 0.7 0.3921875000000001
10 0.5453125000000001 0.64375 0.4703125 0.64375 0.4703125000000001 0.74375 0.5453125000000002 0.74375
7 0.7 0.10000000000000009 0.634375 0.10000000000000009 0.634375 0.1828125000000001 0.7 0.1828125000000001
33 0.4671875 5.300424427559639e-17 0.3984375 4.8794520903527353e-17 0.3984375 0.04375000000000005 0.4671875 0.04375000000000005
3 0.7 0.5171875 0.6328125 0.5171875 0.6328125 0.6015625 0.7 0.6015625
2 0.7 0.625 0.634375 0.625 0.634375 0.7078125 0.7 0.7078125
53 0.621875 0.04687500000000007 0.5578125 0.04687500000000007 0.5578125 0.12500000000000008 0.621875 0.12500000000000008
6 0.7 0.20312500000000008 0.634375 0.20312500000000008 0.634375 0.2875000000000001 0.7 0.2875000000000001
28 0.54375 0.018750000000000065 0.478125 0.018750000000000062 0.478125 0.09375000000000007 0.54375 0.09375000000000007
19 0.546875 0.434375 0.4734375 0.434375 0.4734375 0.534375 0.546875 0.534375
52 0.6218750000000002 0.7875 0.5546875000000002 0.7875 0.5546875000000002 0.921875 0.6218750000000002 0.921875
51 0.621875 0.2562500000000001 0.55625 0.2562500000000001 0.55625 0.3375000000000001 0.621875 0.3375000000000001
21 0.621875 0.465625 0.5546875 0.465625 0.5546875 0.546875 0.621875 0.546875
41 0.6218750000000001 0.6796875 0.553125 0.6796875 0.5531250000000001 0.7625 0.6218750000000002 0.7625
27 0.621875 7.223502604345716e-17 0.5578125 6.831232926493829e-17 0.5578125 0.018750000000000072 0.621875 0.01875000000000008
49 0.3812500000000001 0.80625 0.3062500000000001 0.80625 0.3062500000000001 0.928125 0.3812500000000001 0.928125
13 0.3812500000000001 0.546875 0.3125000000000001 0.546875 0.3125000000000001 0.6578125 0.3812500000000001 0.6578125
4 0.6984375 0.4140625 0.6328125 0.4140625 0.6328125 0.496875 0.6984375 0.496875
42 0.621875 0.3609375000000001 0.55625 0.3609375000000001 0.55625 0.4421875 0.621875 0.4421875
44 0.4625000000000002 0.8125 0.3937500000000001 0.8125 0.3937500000000001 0.9234375 0.4625000000000002 0.9234375
25 0.54375 0.12031250000000004 0.478125 0.12031250000000004 0.478125 0.20468750000000008 0.54375 0.20468750000000008
45 0.5406250000000001 0.7640625 0.4750000000000002 0.7640625 0.4750000000000002 0.9234375 0.5406250000000001 0.9234375
32 0.4625000000000001 0.7046875 0.3937500000000001 0.7046875 0.3937500000000001 0.7921875 0.4625000000000002 0.7921875
59 0.621875 0.1515625000000001 0.55625 0.1515625000000001 0.55625 0.2328125000000001 0.621875 0.2328125000000001
8 0.7 8.161122809942908e-17 0.6328125 7.749718025854345e-17 0.6328125 0.07812500000000008 0.7 0.07812500000000008
58 0.4625 0.5953125 0.3937500000000001 0.5953125 0.3937500000000001 0.68125 0.4625 0.68125
16 0.4640625 0.3828125000000001 0.39531250000000007 0.3828125000000001 0.39531250000000007 0.4671875 0.4640625 0.4671875
56 0.625 0.5625 0.55 0.5625 0.55 0.6625 0.625 0.6625
15 0.465625 0.16875000000000004 0.3984375 0.16875000000000004 0.3984375 0.2531250000000001 0.465625 0.2531250000000001
17 0.7000000000000002 0.8390625 0.6328125000000002 0.8390625 0.6328125000000002 0.921875 0.7000000000000002 0.921875
35 0.4640625 0.06406250000000005 0.3984375 0.06406250000000005 0.3984375 0.14531250000000004 0.4640625 0.14531250000000004
24 0.54375 0.2296875000000001 0.478125 0.2296875000000001 0.478125 0.3109375000000001 0.54375 0.3109375000000001
57 0.4640625 0.490625 0.39531250000000007 0.490625 0.39531250000000007 0.575 0.4640625 0.575