41 0.89375 0.49218750000000017 0.8640625 0.49218750000000017 0.8640625 0.5296875000000002 0.89375 0.5296875000000002
3 0.8390625 0.4468750000000002 0.809375 0.4468750000000002 0.809375 0.48437500000000017 0.8390625 0.48437500000000017
50 0.4734375 0.6171875 0.4234375 0.6171875 0.4234375 0.6546875 0.4734375 0.6546875
52 0.946875 0.49218750000000017 0.9 0.49218750000000017 0.9 0.5296875000000002 0.946875 0.5296875000000002
36 0.6109375 0.4859375 0.5828125 0.4859375 0.5828125 0.521875 0.6109375 0.521875
27 0.6453125 0.4875 0.6171875 0.4875 0.6171875 0.5234375 0.6453125 0.5234375
33 0.6578125 0.5765625 0.6265625 0.5765625 0.6265625 0.6140625 0.6578125 0.6140625
45 0.9515625 0.5390625000000002 0.8953125 0.5390625000000002 0.8953125 0.5765625000000002 0.9515625 0.5765625000000002
0 0.59375 0.4421875 0.565625 0.4421875 0.565625 0.4796875 0.59375 0.4796875
10 0.8875 0.5359375000000002 0.859375 0.5359375000000002 0.859375 0.5734375000000002 0.8875 0.5734375000000002
42 0.7875 0.4906250000000002 0.759375 0.4906250000000002 0.759375 0.5265625000000002 0.7875 0.5265625000000002
49 0.9625 0.6312500000000002 0.9109375 0.6312500000000002 0.9109375 0.6718750000000002 0.9625 0.6718750000000002
24 0.7453125 0.5328125000000001 0.7171875 0.5328125 0.7171875 0.5703125000000001 0.7453125 0.5703125000000002
43 0.8515625 0.5359375000000002 0.8234375 0.5359375000000002 0.8234375 0.5734375000000002 0.8515625 0.5734375000000002
18 0.6203125 0.575 0.5921875 0.575 0.5921875 0.6125 0.6203125 0.6125
32 0.9109375 0.5828125000000002 0.8796875 0.5828125000000002 0.8796875 0.6234375000000002 0.9109375 0.6234375000000002
17 0.9453125 0.44843750000000016 0.915625 0.44843750000000016 0.915625 0.48437500000000017 0.9453125 0.48437500000000017
9 0.628125 0.4421875 0.6 0.4421875 0.6 0.4796875 0.628125 0.4796875
46 0.515625 0.571875 0.4265625 0.571875 0.4265625 0.60625 0.515625 0.60625
20 0.49375 0.440625 0.4328125 0.440625 0.4328125 0.475 0.49375 0.475
12 0.534375 0.528125 0.50625 0.528125 0.50625 0.565625 0.534375 0.565625
56 0.8578125 0.4906250000000002 0.828125 0.4906250000000002 0.828125 0.5281250000000002 0.8578125 0.5281250000000002
35 0.6921875 0.578125 0.6640625 0.578125 0.6640625 0.615625 0.6921875 0.615625
19 0.815625 0.5359375000000002 0.7875 0.5359375000000002 0.7875 0.5734375000000002 0.815625 0.5734375000000002
55 0.7640625 0.5796875000000001 0.734375 0.5796875000000001 0.734375 0.6171875000000002 0.7640625 0.6171875000000002
8 0.6640625 0.44375 0.634375 0.44375 0.634375 0.48125 0.6640625 0.48125
2 0.8734375 0.4468750000000002 0.84375 0.4468750000000002 0.84375 0.48437500000000017 0.8734375 0.48437500000000017
59 0.7171875 0.4875 0.6890625 0.4875 0.6890625 0.525 0.7171875 0.525
29 0.6375 0.5296875 0.609375 0.5296875 0.609375 0.5671875 0.6375 0.5671875
21 0.821875 0.4906250000000002 0.79375 0.4906250000000002 0.79375 0.5281250000000002 0.821875 0.5281250000000002
11 0.5265625 0.4421875 0.5 0.4421875 0.5 0.4765625 0.5265625 0.4765625
47 0.8125 0.6250000000000001 0.609375 0.625 0.609375 0.6656250000000001 0.8125 0.6656250000000001
39 0.509375 0.4828125 0.48125 0.4828125 0.48125 0.5203125 0.509375 0.5203125
37 0.56875 0.5296875 0.540625 0.5296875 0.540625 0.565625 0.56875 0.565625
44 0.95625 0.5859375000000002 0.915625 0.5859375000000002 0.915625 0.6234375000000002 0.95625 0.6234375000000002
40 0.5859375 0.5734375 0.5578125 0.5734375 0.5578125 0.6109375 0.5859375 0.6109375
38 0.578125 0.4859375 0.55 0.4859375 0.55 0.521875 0.578125 0.521875
53 0.68125 0.4875 0.6515625 0.4875 0.6515625 0.525 0.68125 0.525
22 0.5 0.528125 0.43125 0.528125 0.43125 0.5625 0.5 0.5625
23 0.7796875 0.5359375000000002 0.7515625 0.5359375000000002 0.7515625 0.5718750000000001 0.7796875 0.5718750000000001
4 0.803125 0.44531250000000017 0.775 0.44531250000000017 0.775 0.4828125000000002 0.803125 0.4828125000000002
26 0.4734375 0.484375 0.4296875 0.484375 0.4296875 0.51875 0.4734375 0.51875
31 0.603125 0.5296875 0.575 0.5296875 0.575 0.565625 0.603125 0.565625
13 0.859375 0.6296875000000002 0.81875 0.6296875000000002 0.81875 0.6687500000000002 0.859375 0.6687500000000002
7 0.6984375 0.44375 0.66875 0.44375 0.66875 0.4796875 0.6984375 0.4796875
28 0.6734375 0.53125 0.6453125 0.53125 0.6453125 0.56875 0.6734375 0.56875
5 0.7671875 0.44531250000000017 0.7390625 0.44531250000000017 0.7390625 0.4828125000000002 0.7671875 0.4828125000000002
1 0.909375 0.4468750000000002 0.8796875 0.4468750000000002 0.8796875 0.48437500000000017 0.909375 0.48437500000000017
25 0.7078125 0.5328125 0.6796875 0.5328125 0.6796875 0.5703125 0.7078125 0.5703125
48 0.5609375 0.4421875 0.5328125 0.4421875 0.5328125 0.4765625 0.5609375 0.4765625
57 0.8359375 0.5812500000000002 0.8078125 0.5812500000000002 0.8078125 0.6187500000000001 0.8359375 0.6187500000000001
14 0.603125 0.6203125 0.565625 0.6203125 0.565625 0.6578125 0.603125 0.6578125
51 0.7515625 0.48906250000000007 0.7234375 0.4890625 0.7234375 0.5265625 0.7515625 0.5265625000000002
54 0.54375 0.484375 0.515625 0.484375 0.515625 0.5203125 0.54375 0.5203125
58 0.8734375 0.5828125000000002 0.84375 0.5828125000000002 0.84375 0.6203125000000002 0.8734375 0.6203125000000002
34 0.55 0.5734375 0.521875 0.5734375 0.521875 0.6109375 0.55 0.6109375
15 0.728125 0.5781250000000001 0.6984375 0.578125 0.6984375 0.6156250000000001 0.728125 0.6156250000000002
16 0.8 0.5812500000000002 0.771875 0.5812500000000002 0.771875 0.6187500000000001 0.8 0.6187500000000001
6 0.7328125 0.4437500000000001 0.7046875 0.44375 0.7046875 0.48125000000000007 0.7328125 0.4812500000000002
30 0.9765625 0.36562500000000003 0.13906250000000003 0.365625 0.13906250000000006 0.7109375000000001 0.9765625 0.7109375000000002