55 0.7015625000000002 0.8171875 0.5859375000000002 0.8171875 0.5859375000000002 0.8625 0.7015625000000002 0.8625
58 0.7000000000000002 0.9890625 0.5875000000000001 0.9890625 0.5875000000000001 1 0.7000000000000002 1
30 1 6.123233995736766e-17 0 0 6.123233995736766e-17 1 1 1
39 0.4296875 0.40625 0.3140625000000001 0.40625 0.3140625000000001 0.4484375 0.4296875 0.4484375
22 0.56875 0.31718750000000007 0.309375 0.3171875 0.30937500000000007 0.39531250000000007 0.56875 0.39531250000000007
16 0.7031250000000002 0.875 0.5859375000000002 0.875 0.5859375000000002 0.9203125 0.7031250000000002 0.9203125
23 0.5625000000000002 0.846875 0.4515625000000002 0.846875 0.4515625000000002 0.8875 0.5625000000000002 0.8875
50 0.8515625 0.3734375000000001 0.7265625 0.3734375000000001 0.7265625 0.4359375000000002 0.8515625 0.4359375000000002
20 0.290625 0.3203125 0.17968750000000006 0.3203125 0.17968750000000006 0.4203125 0.2906250000000001 0.4203125
15 0.7031250000000002 0.759375 0.5859375000000002 0.759375 0.5859375000000002 0.80625 0.7031250000000002 0.80625
7 0.29375000000000007 0.71875 0.1781250000000001 0.71875 0.1781250000000001 0.7625 0.29375000000000007 0.7625
31 0.5640625 0.5609375 0.4515625 0.5609375 0.4515625 0.6046875 0.5640625 0.6046875
13 0.8515625 0.9859375 0.7265625000000002 0.9859375 0.7265625000000002 1 0.8515625 1
56 0.4343750000000002 0.9703125 0.30937500000000007 0.9703125 0.30937500000000007 1 0.4343750000000002 1
37 0.565625 0.5046875 0.453125 0.5046875 0.453125 0.546875 0.565625 0.546875
3 0.2953125000000001 0.9453125 0.17656250000000012 0.9453125 0.17656250000000012 0.9921875 0.2953125000000001 0.9921875
42 0.4281250000000002 0.859375 0.3125000000000001 0.859375 0.3125000000000001 0.9046875 0.4281250000000002 0.9046875
9 0.2953125000000001 0.603125 0.1781250000000001 0.603125 0.1781250000000001 0.6484375 0.2953125000000001 0.6484375
14 0.8484375 0.5875000000000001 0.7265625 0.5875000000000001 0.7265625 0.6468750000000002 0.8484375 0.6468750000000002
35 0.7015625000000001 0.703125 0.5859375 0.703125 0.5859375000000001 0.7484375 0.7015625000000002 0.7484375
47 0.9015625 0.6578125000000001 0.721875 0.6578125 0.721875 0.978125 0.9015625 0.978125
0 0.2953125000000001 0.546875 0.1781250000000001 0.546875 0.1781250000000001 0.5921875 0.2953125000000001 0.5921875
24 0.5671875000000002 0.7890625 0.4515625000000002 0.7890625 0.4515625000000002 0.8328125 0.5671875000000002 0.8328125
11 0.2906250000000001 0.4328125 0.17812500000000003 0.4328125 0.17812500000000003 0.4765625 0.2906250000000001 0.4765625
46 0.70625 0.31718750000000007 0.590625 0.31718750000000007 0.590625 0.465625 0.70625 0.465625
40 0.7015625 0.5328125 0.590625 0.5328125 0.590625 0.575 0.7015625 0.575
54 0.4296875 0.4609375 0.3140625000000001 0.4609375 0.3140625000000001 0.5046875 0.4296875 0.5046875
28 0.5640625 0.6765625 0.4515625 0.6765625 0.4515625 0.7171875 0.5640625 0.7171875
8 0.2968750000000001 0.659375 0.1781250000000001 0.659375 0.1781250000000001 0.70625 0.2968750000000001 0.70625
6 0.3062500000000001 0.771875 0.18906250000000008 0.771875 0.18906250000000008 0.8171875 0.3062500000000001 0.8171875
27 0.425 0.6328125 0.3140625000000001 0.6328125 0.3140625000000001 0.675 0.425 0.675
53 0.4281250000000001 0.6890625 0.3156250000000001 0.6890625 0.3156250000000001 0.7328125 0.4281250000000002 0.7328125
43 0.5734375000000002 0.9578125 0.44843750000000016 0.9578125 0.44843750000000016 1 0.5734375000000002 1
29 0.5640625 0.61875 0.4515625 0.61875 0.4515625 0.6625 0.5640625 0.6625
59 0.4281250000000002 0.7484375 0.3156250000000001 0.7484375 0.3156250000000001 0.7890625 0.4281250000000002 0.7890625
5 0.2953125000000001 0.8296875 0.1765625000000001 0.8296875 0.1765625000000001 0.8765625 0.2953125000000001 0.8765625
36 0.428125 0.575 0.31718750000000007 0.575 0.31718750000000007 0.61875 0.428125 0.61875
57 0.7031250000000002 0.9296875 0.5875000000000001 0.9296875 0.5875000000000001 0.9765625 0.7031250000000002 0.9765625
4 0.29375000000000007 0.8875 0.1781250000000001 0.8875 0.17812500000000012 0.93125 0.29375000000000007 0.93125
26 0.5640625 0.3921875000000001 0.4515625 0.3921875000000001 0.4515625 0.434375 0.5640625 0.434375
34 0.70625 0.475 0.590625 0.475 0.590625 0.5203125 0.70625 0.5203125
18 0.7015625 0.590625 0.5890625 0.590625 0.5890625 0.634375 0.7015625 0.634375
33 0.703125 0.6453125 0.5875 0.6453125 0.5875 0.6921875 0.703125 0.6921875
12 0.5671875 0.446875 0.4515625 0.446875 0.4515625 0.490625 0.5671875 0.490625
25 0.5640625000000001 0.7328125 0.44843750000000016 0.7328125 0.44843750000000016 0.7765625 0.5640625000000001 0.7765625
38 0.428125 0.51875 0.3156250000000001 0.51875 0.3156250000000001 0.5609375 0.428125 0.5609375
48 0.2953125000000001 0.4890625 0.17968750000000006 0.4890625 0.17968750000000006 0.5359375 0.2953125000000001 0.5359375
51 0.42500000000000016 0.803125 0.3140625000000001 0.803125 0.3140625000000001 0.8453125 0.42500000000000016 0.8453125
21 0.4343750000000002 0.9140625 0.3125000000000001 0.9140625 0.3125000000000001 0.9625 0.4343750000000002 0.9625
19 0.5703125000000002 0.9015625 0.44843750000000016 0.9015625 0.44843750000000016 0.9484375 0.5703125000000002 0.9484375