34 0.5859375 0.521875 0.546875 0.521875 0.546875 0.55625 0.5859375 0.55625
23 0.5375 0.2375000000000001 0.496875 0.2375000000000001 0.496875 0.2718750000000001 0.5375 0.2718750000000001
45 0.5390625 0.03125000000000006 0.4984375 0.031250000000000056 0.4984375 0.10000000000000005 0.5390625 0.10000000000000005
24 0.5375 0.2812500000000001 0.4984375 0.2812500000000001 0.4984375 0.3156250000000001 0.5375 0.3156250000000001
27 0.484375 0.403125 0.44375 0.403125 0.44375 0.4359375 0.484375 0.4359375
56 0.4859375 0.14687500000000003 0.44375 0.14687500000000003 0.44375 0.17812500000000003 0.4859375 0.17812500000000003
59 0.484375 0.3156250000000001 0.44375 0.3156250000000001 0.44375 0.3500000000000001 0.484375 0.3500000000000001
22 0.5390625 0.6140625 0.4453125 0.6140625 0.4453125 0.6734375 0.5390625 0.6734375
4 0.4359375 0.21250000000000008 0.3921875 0.21250000000000008 0.3921875 0.2468750000000001 0.4359375 0.2468750000000001
29 0.5375 0.4109375 0.496875 0.4109375 0.496875 0.4453125 0.5375 0.4453125
3 0.434375 0.17031250000000003 0.3921875 0.17031250000000003 0.3921875 0.20468750000000008 0.434375 0.20468750000000008
8 0.4328125 0.3812500000000001 0.3921875000000001 0.3812500000000001 0.3921875000000001 0.415625 0.4328125 0.415625
26 0.5375 0.584375 0.496875 0.584375 0.496875 0.61875 0.5375 0.61875
17 0.434375 0.04375000000000005 0.39375 0.043750000000000046 0.39375 0.07656250000000005 0.434375 0.07656250000000005
0 0.43125 0.465625 0.3937500000000001 0.465625 0.3937500000000001 0.5 0.43125 0.5
52 0.49375 0.037500000000000054 0.44375 0.037500000000000054 0.44375 0.09531250000000005 0.49375 0.09531250000000006
2 0.434375 0.12812500000000004 0.39375 0.12812500000000004 0.39375 0.16250000000000003 0.434375 0.16250000000000003
41 0.490625 0.10156250000000004 0.44375 0.10156250000000004 0.44375 0.13593750000000004 0.490625 0.13593750000000004
14 0.640625 0.4625 0.6 0.4625 0.6 0.5125 0.640625 0.5125
37 0.5359375 0.4984375 0.496875 0.4984375 0.496875 0.5328125 0.5359375 0.5328125
40 0.5859375 0.4796875 0.55 0.4796875 0.55 0.5109375 0.5859375 0.5109375
35 0.5875 0.3468750000000001 0.546875 0.3468750000000001 0.546875 0.3812500000000001 0.5875 0.3812500000000001
43 0.5375 0.15156250000000004 0.5 0.15156250000000004 0.5 0.18593750000000003 0.5375 0.18593750000000003
18 0.5859375 0.434375 0.5484375 0.434375 0.5484375 0.46875 0.5859375 0.46875
13 0.640625 0.1296875000000001 0.6015625 0.1296875000000001 0.6015625 0.17968750000000008 0.640625 0.17968750000000008
47 0.646875 0.1828125000000001 0.6 0.1828125000000001 0.6 0.4578125 0.646875 0.4578125
51 0.4859375 0.2734375000000001 0.4421875 0.2734375000000001 0.4421875 0.3078125000000001 0.4859375 0.3078125000000001
20 0.4359375 0.5921875 0.39531250000000007 0.5921875 0.39531250000000007 0.6671875 0.4359375 0.6671875
53 0.4859375 0.3593750000000001 0.4453125 0.3593750000000001 0.4453125 0.3937500000000001 0.4859375 0.3937500000000001
48 0.4328125 0.5078125 0.3937500000000001 0.5078125 0.3937500000000001 0.5421875 0.4328125 0.5421875
42 0.4875 0.2312500000000001 0.4453125 0.2312500000000001 0.4453125 0.2656250000000001 0.4875 0.2656250000000001
25 0.5375 0.3234375000000001 0.496875 0.3234375000000001 0.496875 0.3578125000000001 0.5375 0.3578125000000001
15 0.5875 0.30156250000000007 0.546875 0.30156250000000007 0.546875 0.3359375000000001 0.5875 0.3359375000000001
32 0.5890625 0.07812500000000007 0.5484375 0.07812500000000007 0.5484375 0.11562500000000009 0.5890625 0.11562500000000009
19 0.5375 0.19531250000000006 0.496875 0.19531250000000006 0.496875 0.22812500000000008 0.5375 0.22812500000000008
44 0.5890625 0.02343750000000007 0.5515625 0.023437500000000066 0.5515625 0.07187500000000006 0.5890625 0.07187500000000006
30 0.6953125000000001 6.104098889500089e-17 0.3015625 3.693075503678737e-17 0.30156250000000007 0.996875 0.6953125000000002 0.996875
28 0.5359375 0.3687500000000001 0.4953125 0.3687500000000001 0.4953125 0.4015625 0.5359375 0.4015625
36 0.484375 0.44375 0.44375 0.44375 0.44375 0.478125 0.484375 0.478125
38 0.484375 0.4890625 0.44375 0.4890625 0.44375 0.5203125 0.484375 0.5203125
16 0.5890625 0.21250000000000008 0.5484375 0.21250000000000008 0.5484375 0.2500000000000001 0.5890625 0.2500000000000001
12 0.5375 0.5421875 0.496875 0.5421875 0.496875 0.5765625 0.5375 0.5765625
50 0.6390625 0.63125 0.6 0.63125 0.6 0.68125 0.6390625 0.68125
55 0.5859375 0.2562500000000001 0.5484375 0.2562500000000001 0.5484375 0.2921875000000001 0.5859375 0.2921875000000001
54 0.484375 0.5296875 0.44375 0.5296875 0.44375 0.5640625 0.484375 0.5640625
1 0.4359375 0.08593750000000004 0.3953125 0.08593750000000004 0.3953125 0.12031250000000004 0.4359375 0.12031250000000004
49 0.640625 0.015625000000000076 0.6015625 0.015625000000000073 0.6015625 0.06562500000000007 0.640625 0.06562500000000009
31 0.534375 0.4546875 0.4953125 0.4546875 0.4953125 0.4890625 0.534375 0.4890625
5 0.4328125 0.25468750000000007 0.3921875 0.25468750000000007 0.3921875 0.2890625000000001 0.4328125 0.2890625000000001
6 0.4328125 0.2968750000000001 0.39375 0.2968750000000001 0.39375 0.3312500000000001 0.4328125 0.3312500000000001
7 0.4328125 0.3390625000000001 0.3921875 0.3390625000000001 0.3921875 0.3734375000000001 0.4328125 0.3734375000000001
46 0.5890625 0.565625 0.55 0.565625 0.55 0.675 0.5890625 0.675
58 0.5890625 0.12343750000000009 0.55 0.12343750000000009 0.55 0.1593750000000001 0.5890625 0.1593750000000001
10 0.5390625 0.10781250000000005 0.5 0.10781250000000005 0.5 0.14218750000000005 0.5390625 0.14218750000000005
11 0.4328125 0.55 0.3921875000000001 0.55 0.3921875000000001 0.5828125 0.4328125 0.5828125
9 0.434375 0.425 0.3937500000000001 0.425 0.3937500000000001 0.4578125 0.434375 0.4578125
39 0.4859375 0.5734375 0.4453125 0.5734375 0.4453125 0.60625 0.4859375 0.60625
33 0.5875 0.3890625000000001 0.546875 0.3890625000000001 0.546875 0.4234375 0.5875 0.4234375
21 0.4875 0.18750000000000006 0.44375 0.18750000000000006 0.44375 0.2218750000000001 0.4875 0.2218750000000001
57 0.5875 0.1687500000000001 0.546875 0.1687500000000001 0.546875 0.20312500000000008 0.5875 0.20312500000000008