3 0.5609375000000002 0.8546875 0.5140625000000002 0.8546875 0.5140625000000002 0.8921875 0.5609375000000002 0.8921875
12 0.675 0.4625 0.625 0.4625 0.625 0.5 0.675 0.5
5 0.5593750000000002 0.765625 0.5125000000000002 0.765625 0.5125000000000002 0.803125 0.5593750000000002 0.803125
8 0.5609375 0.63125 0.5140625 0.63125 0.5140625 0.66875 0.5609375 0.66875
47 0.8015625 0.6000000000000002 0.7484375 0.6000000000000002 0.7484375000000001 0.86875 0.8015625 0.86875
23 0.6765625000000002 0.784375 0.6265625000000001 0.784375 0.6265625000000001 0.821875 0.6765625000000002 0.821875
4 0.5593750000000002 0.8109375 0.5125000000000002 0.8109375 0.5125000000000002 0.8484375 0.5593750000000002 0.8484375
33 0.7375 0.6234375000000001 0.6875 0.6234375 0.6875 0.6625000000000001 0.7375 0.6625000000000002
58 0.7390625000000002 0.9046875 0.6890625000000001 0.9046875 0.6890625000000001 0.94375 0.7390625000000002 0.94375
9 0.559375 0.5890625 0.5125 0.5890625 0.5125 0.6265625 0.559375 0.6265625
10 0.6765625000000002 0.921875 0.6281250000000002 0.921875 0.6281250000000002 0.9609375 0.6765625000000002 0.9609375
11 0.5578125 0.45625 0.5140625 0.45625 0.5140625 0.49375 0.5578125 0.49375
34 0.7375 0.4828125000000001 0.6875 0.4828125 0.6875 0.5203125000000001 0.7375 0.5203125000000002
37 0.675 0.5078125 0.625 0.5078125 0.625 0.5453125 0.675 0.5453125
13 0.803125 0.875 0.7500000000000002 0.875 0.7500000000000002 0.928125 0.803125 0.928125
50 0.8015625 0.3468750000000001 0.7484375 0.3468750000000001 0.7484375 0.4156250000000002 0.8015625 0.4156250000000002
18 0.7375 0.5765625000000001 0.6875 0.5765625 0.6875 0.6140625000000001 0.7375 0.6140625000000002
55 0.7375000000000002 0.7640625000000001 0.6875000000000002 0.7640625 0.6875000000000002 0.8015625 0.7375000000000002 0.8015625
40 0.7359375 0.5296875000000001 0.6875 0.5296875 0.6875 0.5671875000000001 0.7359375 0.5671875000000002
7 0.559375 0.675 0.5125 0.675 0.5125 0.7125 0.559375 0.7125
46 0.734375 0.3546875000000001 0.6828125 0.3546875000000001 0.6828125 0.47343750000000007 0.734375 0.4734375000000002
45 0.6750000000000002 0.96875 0.6250000000000002 0.96875 0.6250000000000002 1 0.6750000000000002 1
43 0.6781250000000002 0.8765625 0.6281250000000002 0.8765625 0.6281250000000002 0.915625 0.6781250000000002 0.915625
15 0.7375 0.7171875000000001 0.6859375 0.7171875 0.6859375000000001 0.7562500000000001 0.7375000000000002 0.7562500000000002
32 0.7406250000000002 0.9515625 0.6875000000000002 0.9515625 0.6875000000000002 0.99375 0.7406250000000002 0.99375
25 0.675 0.6921875 0.628125 0.6921875 0.628125 0.7296875 0.6750000000000002 0.7296875
6 0.5593750000000001 0.721875 0.5140625 0.721875 0.5140625000000001 0.7578125 0.5593750000000002 0.7578125
1 0.5593750000000002 0.9453125 0.5125000000000002 0.9453125 0.5125000000000002 0.9828125 0.5593750000000002 0.9828125
26 0.615625 0.3625000000000001 0.56875 0.3625000000000001 0.56875 0.421875 0.615625 0.421875
39 0.615625 0.43125 0.56875 0.43125 0.56875 0.46875 0.615625 0.46875
57 0.7390625000000002 0.859375 0.6890625000000001 0.859375 0.6890625000000001 0.896875 0.7390625000000002 0.896875
54 0.615625 0.4765625 0.56875 0.4765625 0.56875 0.5140625 0.615625 0.5140625
38 0.6140625 0.521875 0.56875 0.521875 0.56875 0.5578125 0.6140625 0.5578125
36 0.615625 0.5671875 0.5703125 0.5671875 0.5703125 0.603125 0.615625 0.603125
29 0.675 0.6 0.6265625 0.6 0.6265625 0.6359375 0.675 0.6359375
59 0.6156250000000001 0.7 0.56875 0.7 0.5687500000000001 0.7359375 0.6156250000000002 0.7359375
21 0.6187500000000001 0.8375 0.5687500000000002 0.8375 0.5687500000000002 0.875 0.6187500000000001 0.875
52 0.6156250000000002 0.975 0.5671875000000002 0.975 0.5671875000000002 1 0.6156250000000002 1
51 0.6156250000000002 0.746875 0.5703125000000002 0.746875 0.5703125000000002 0.7828125 0.6156250000000002 0.7828125
20 0.55625 0.3687500000000001 0.5125 0.3687500000000001 0.5125 0.45 0.55625 0.45
31 0.675 0.5546875 0.6265625 0.5546875 0.6265625 0.590625 0.675 0.590625
28 0.675 0.646875 0.625 0.646875 0.625 0.6828125 0.675 0.6828125
0 0.559375 0.5453125 0.5140625 0.5453125 0.5140625 0.5828125 0.559375 0.5828125
24 0.6765625000000002 0.7375 0.6265625000000001 0.7375 0.6265625000000001 0.775 0.6765625000000002 0.775
42 0.6156250000000002 0.7921875 0.5687500000000002 0.7921875 0.5687500000000002 0.8296875 0.6156250000000002 0.8296875
19 0.6781250000000002 0.8296875 0.6281250000000002 0.8296875 0.6281250000000002 0.8671875 0.6781250000000002 0.8671875
35 0.7375 0.6703125000000001 0.6875 0.6703125 0.6875 0.7078125000000001 0.7375 0.7078125000000002
27 0.615625 0.6109375 0.5703125 0.6109375 0.5703125 0.646875 0.615625 0.646875
53 0.615625 0.65625 0.5703125 0.65625 0.5703125 0.6921875 0.615625 0.6921875
16 0.7375000000000002 0.8125 0.6875000000000002 0.8125 0.6875000000000002 0.85 0.7375000000000002 0.85
48 0.559375 0.5 0.5140625 0.5 0.5140625 0.5359375 0.559375 0.5359375
56 0.6171875000000002 0.8828125 0.5703125000000002 0.8828125 0.5703125000000002 0.9203125 0.6171875000000002 0.9203125
2 0.5593750000000002 0.8984375 0.5125000000000002 0.8984375 0.5125000000000002 0.9375 0.5593750000000002 0.9375
22 0.6734375 0.3593750000000001 0.6265625 0.3593750000000001 0.6265625 0.4546875 0.6734375 0.4546875
30 0.8453125 7.730582919617666e-17 0.4171875 5.109073365192864e-17 0.4171875000000001 1 0.8453125 1
41 0.6187500000000001 0.928125 0.5687500000000002 0.928125 0.5687500000000002 0.96875 0.6187500000000001 0.96875
14 0.8015625 0.5390625000000002 0.75 0.5390625000000002 0.75 0.5906250000000002 0.8015625 0.5906250000000002
17 0.5578125000000002 0.9890625 0.5109375000000002 0.9890625 0.5109375000000002 1 0.5578125000000002 1