26 0.825 0.40312500000000007 0.71875 0.403125 0.71875 0.4468750000000001 0.825 0.4468750000000002
37 0.821875 0.5171875000000001 0.721875 0.5171875 0.721875 0.5578125 0.821875 0.5578125000000002
33 0.940625 0.6562500000000002 0.834375 0.6562500000000002 0.834375 0.7000000000000002 0.940625 0.7000000000000002
55 0.9375 0.825 0.83125 0.825 0.83125 0.86875 0.9375 0.86875
38 0.7046875 0.5296875 0.6015625 0.5296875 0.6015625 0.571875 0.7046875 0.571875
45 0.8171875 0.965625 0.7140625000000002 0.965625 0.7140625000000002 1 0.8171875 1
12 0.8234375 0.4593750000000001 0.7203125 0.459375 0.7203125 0.5015625000000001 0.8234375 0.5015625000000001
53 0.7031250000000001 0.6984375 0.6 0.6984375 0.6000000000000001 0.7421875 0.7031250000000002 0.7421875
30 1 7.826258450801054e-17 0.278125 3.406048910128576e-17 0.27812500000000007 1 1 1
1 0.5828125000000002 0.984375 0.4890625000000002 0.984375 0.4890625000000002 1 0.5828125000000002 1
51 0.7015625000000002 0.8125 0.5984375000000002 0.8125 0.5984375000000002 0.853125 0.7015625000000002 0.853125
31 0.8203125 0.5718750000000001 0.7203125 0.571875 0.7203125 0.6125 0.8203125 0.6125000000000002
8 0.5875 0.6703125 0.4875 0.6703125 0.4875 0.7125 0.5875 0.7125
13 1 0.9546875 0.9578125 0.9546875 0.9578125 1 1 1
43 0.8171875 0.965625 0.7156250000000002 0.965625 0.7156250000000002 1 0.8171875 1
40 0.940625 0.5437500000000002 0.8375 0.5437500000000002 0.8375 0.5859375000000002 0.940625 0.5859375000000002
17 0.5828125000000002 0.9859375 0.4859375000000002 0.9859375 0.4859375000000002 1 0.5828125000000002 1
23 0.81875 0.853125 0.7156250000000002 0.853125 0.7156250000000002 0.89375 0.81875 0.89375
48 0.5875 0.5015625 0.490625 0.5015625 0.490625 0.54375 0.5875 0.54375
47 1 0.6328125000000002 0.953125 0.6328125000000002 0.953125 0.940625 1 0.940625
41 0.7000000000000002 0.984375 0.5968750000000002 0.984375 0.5968750000000002 1 0.7000000000000002 1
5 0.5859375000000002 0.840625 0.4890625000000002 0.840625 0.4890625000000002 0.88125 0.5859375000000002 0.88125
54 0.70625 0.4734375 0.6 0.4734375 0.6 0.5171875 0.70625 0.5171875
44 0.9390625 0.978125 0.8375 0.978125 0.8375 1 0.9390625 1
46 0.9453125 0.3343750000000001 0.8390625 0.3343750000000001 0.8390625 0.4750000000000002 0.9453125 0.4750000000000002
42 0.7015625000000002 0.8640625 0.5984375000000002 0.8640625 0.5984375000000002 0.9078125 0.7015625000000002 0.9078125
3 0.5843750000000002 0.9515625 0.48750000000000016 0.9515625 0.48750000000000016 0.9953125 0.5843750000000002 0.9953125
24 0.81875 0.8 0.7171875000000002 0.8 0.7171875000000002 0.8390625 0.81875 0.8390625
25 0.8171875 0.7406250000000001 0.7187500000000002 0.740625 0.7187500000000002 0.7812500000000001 0.8171875 0.7812500000000002
15 0.9390625 0.7687500000000002 0.8328125 0.7687500000000002 0.8328125 0.8140625 0.9390625 0.8140625
4 0.5843750000000002 0.8953125 0.48750000000000016 0.8953125 0.48750000000000016 0.9359375 0.5843750000000002 0.9359375
6 0.5859375000000002 0.7828125 0.4890625000000002 0.7828125 0.4890625000000002 0.825 0.5859375000000002 0.825
21 0.7031250000000002 0.921875 0.6000000000000002 0.921875 0.6000000000000002 0.9640625 0.7031250000000002 0.9640625
56 0.7031250000000002 0.9796875 0.5968750000000002 0.9796875 0.5968750000000002 1 0.7031250000000002 1
22 0.8265625 0.33281250000000007 0.6015625 0.33281250000000007 0.6015625 0.4046875000000001 0.8265625 0.4046875000000002
32 0.9375 0.984375 0.828125 0.984375 0.828125 1 0.9375 1
39 0.703125 0.41875 0.6 0.41875 0.6 0.459375 0.703125 0.459375
2 0.5843750000000002 0.984375 0.48750000000000016 0.984375 0.48750000000000016 1 0.5843750000000002 1
11 0.5859375 0.446875 0.4921875 0.446875 0.4921875 0.4875 0.5859375 0.4875
19 0.81875 0.909375 0.7156250000000002 0.909375 0.7156250000000002 0.95 0.81875 0.95
52 0.7031250000000002 0.971875 0.5968750000000002 0.971875 0.5968750000000002 1 0.7031250000000002 1
10 0.81875 0.9859375 0.7156250000000002 0.9859375 0.7156250000000002 1 0.81875 1
28 0.821875 0.6859375000000001 0.71875 0.6859375 0.7187500000000001 0.7265625000000001 0.821875 0.7265625000000002
50 1 0.33281250000000007 0.965625 0.33281250000000007 0.965625 0.39531250000000007 1 0.39531250000000007
35 0.9375 0.7125000000000001 0.834375 0.7125000000000001 0.834375 0.7562500000000002 0.9375 0.7562500000000002
57 0.9359375 0.9390625 0.8328125 0.9390625 0.8328125 0.9796875 0.9359375 0.9796875
9 0.5875 0.615625 0.4890625 0.615625 0.4890625 0.65625 0.5875 0.65625
34 0.940625 0.4890625000000002 0.834375 0.4890625000000002 0.834375 0.5328125000000001 0.940625 0.5328125000000001
7 0.5875000000000001 0.728125 0.48750000000000016 0.728125 0.48750000000000016 0.76875 0.5875000000000001 0.76875
58 0.934375 0.9859375 0.83125 0.9859375 0.83125 1 0.934375 1
27 0.7015625 0.64375 0.6 0.64375 0.6 0.684375 0.7015625 0.684375
36 0.703125 0.5859375 0.6 0.5859375 0.6 0.628125 0.703125 0.628125
20 0.5890625 0.3312500000000001 0.4921875 0.3312500000000001 0.4921875 0.43125 0.5890625 0.43125
18 0.940625 0.6015625000000002 0.834375 0.6015625000000002 0.834375 0.6437500000000002 0.940625 0.6437500000000002
0 0.5859375 0.5578125 0.4875 0.5578125 0.4875 0.6 0.5859375 0.6
29 0.8203125 0.628125 0.71875 0.628125 0.71875 0.6703125000000001 0.8203125 0.6703125000000002
49 1 0.9765625 0.9609375 0.9765625 0.9609375 1 1 1
14 1 0.5593750000000002 0.9625 0.5593750000000002 0.9625 0.6203125000000002 1 0.6203125000000002
59 0.7015625000000002 0.7546875 0.6000000000000002 0.7546875 0.6000000000000002 0.7953125 0.7015625000000002 0.7953125
16 0.9375 0.88125 0.83125 0.88125 0.83125 0.925 0.9375 0.925