48 0.5125 0.10312500000000005 0.4 0.10312500000000005 0.4 0.17187500000000006 0.5125 0.17187500000000006
13 0.8265625 0.809375 0.6984375000000002 0.809375 0.6984375000000002 0.9015625 0.8265625 0.9015625
53 0.5546875 0.4015625 0.4421875 0.4015625 0.4421875 0.4671875 0.5546875 0.4671875
28 0.678125 0.3968750000000001 0.56875 0.3968750000000001 0.56875 0.4625 0.678125 0.4625
11 0.5265625 0.021875000000000058 0.4203125 0.02187500000000005 0.4203125 0.08750000000000005 0.5265625 0.08750000000000006
1 0.2890625000000001 0.915625 0.18593750000000014 0.915625 0.18593750000000014 0.978125 0.2890625000000001 0.978125
30 1 7.089556860688975e-17 0.1578125 1.932645729904417e-17 0.15781250000000008 1 1 1
41 0.42500000000000016 0.8859375 0.3125000000000001 0.8859375 0.3125000000000001 0.9515625 0.42500000000000016 0.9515625
51 0.5109375 0.5640625 0.4 0.5640625 0.4 0.6296875 0.5109375 0.6296875
58 0.6750000000000002 0.853125 0.5703125000000002 0.853125 0.5703125000000002 0.91875 0.6750000000000002 0.91875
45 0.5250000000000001 0.959375 0.42187500000000017 0.959375 0.42187500000000017 1 0.5250000000000001 1
32 0.6562500000000002 0.9328125 0.5468750000000002 0.9328125 0.5468750000000002 1 0.6562500000000002 1
37 0.7421875 0.1546875000000001 0.6359375 0.1546875000000001 0.6359375 0.22031250000000008 0.7421875 0.22031250000000008
2 0.3125000000000001 0.834375 0.2062500000000001 0.834375 0.2062500000000001 0.8984375 0.3125000000000001 0.8984375
0 0.4890625 0.18281250000000004 0.378125 0.18281250000000004 0.378125 0.2531250000000001 0.4890625 0.2531250000000001
21 0.4671875000000001 0.725 0.3578125000000001 0.725 0.3578125000000001 0.790625 0.4671875000000002 0.790625
25 0.6546875 0.478125 0.5453125 0.478125 0.5453125 0.54375 0.6546875 0.54375
16 0.721875 0.6921875 0.6109375 0.6921875 0.6109375000000001 0.7609375 0.7218750000000002 0.7609375
5 0.3765625000000001 0.590625 0.27031250000000007 0.590625 0.27031250000000007 0.65625 0.3765625000000001 0.65625
27 0.578125 0.3218750000000001 0.465625 0.3218750000000001 0.465625 0.38750000000000007 0.578125 0.38750000000000007
47 0.9625 0.34062500000000007 0.725 0.34062500000000007 0.7250000000000001 0.8 0.9625 0.8
46 0.934375 0.001562500000000105 0.784375 0.0015625000000000957 0.784375 0.11718750000000011 0.934375 0.11718750000000014
15 0.7640625 0.5312500000000001 0.6515625 0.53125 0.6515625 0.6000000000000001 0.7640625 0.6000000000000002
29 0.7015625 0.3156250000000001 0.590625 0.3156250000000001 0.590625 0.3843750000000001 0.7015625 0.3843750000000001
55 0.7421875 0.6125 0.63125 0.6125 0.63125 0.6812500000000001 0.7421875 0.6812500000000001
39 0.6578125 7.386151007357474e-17 0.5484375 6.716422289073765e-17 0.5484375 0.06250000000000008 0.6578125 0.06250000000000008
36 0.596875 0.2390625000000001 0.4875 0.2390625000000001 0.4875 0.3062500000000001 0.596875 0.3062500000000001
14 0.978125 0.23437500000000008 0.85 0.23437500000000008 0.85 0.34062500000000007 0.978125 0.34062500000000007
4 0.35625000000000007 0.671875 0.2500000000000001 0.671875 0.2500000000000001 0.7375 0.35625000000000007 0.7375
38 0.6140625 0.15781250000000008 0.5078125 0.15781250000000005 0.5078125 0.22656250000000008 0.6140625 0.22656250000000008
18 0.828125 0.2906250000000001 0.71875 0.2906250000000001 0.71875 0.35625000000000007 0.828125 0.35625000000000007
10 0.5484375000000001 0.878125 0.4390625000000002 0.878125 0.4390625000000002 0.94375 0.5484375000000001 0.94375
42 0.490625 0.64375 0.3781250000000001 0.64375 0.3781250000000001 0.709375 0.490625 0.709375
52 0.3984375000000001 0.9625 0.2921875000000001 0.9625 0.2921875000000001 1 0.3984375000000001 1
56 0.4437500000000002 0.80625 0.3343750000000001 0.80625 0.3343750000000001 0.8703125 0.4437500000000002 0.8703125
57 0.6968750000000001 0.7734375 0.5906250000000002 0.7734375 0.5906250000000002 0.8390625 0.6968750000000001 0.8390625
8 0.4453125 0.34687500000000004 0.3359375 0.346875 0.33593750000000006 0.415625 0.4453125 0.415625
3 0.3359375000000001 0.753125 0.22656250000000008 0.753125 0.22656250000000008 0.8171875 0.3359375000000001 0.8171875
23 0.6140625 0.6390625 0.5046875 0.6390625 0.5046875 0.703125 0.6140625 0.703125
6 0.4 0.5078125 0.29375000000000007 0.5078125 0.29375000000000007 0.5765625 0.4 0.5765625
34 0.871875 0.1296875000000001 0.7625 0.1296875000000001 0.7625 0.1921875000000001 0.871875 0.1921875000000001
54 0.6390625 0.07812500000000008 0.528125 0.07812500000000007 0.528125 0.14531250000000007 0.6390625 0.1453125000000001
40 0.85 0.2078125000000001 0.74375 0.2078125000000001 0.74375 0.2734375000000001 0.85 0.2734375000000001
12 0.7640625 0.07343750000000009 0.6546875 0.07343750000000009 0.6546875 0.1390625000000001 0.7640625 0.1390625000000001
19 0.5937500000000001 0.71875 0.484375 0.71875 0.4843750000000001 0.7828125 0.5937500000000002 0.7828125
43 0.5703125000000002 0.8 0.46093750000000017 0.8 0.46093750000000017 0.8640625 0.5703125000000002 0.8640625
33 0.8125 0.3703125000000001 0.696875 0.3703125000000001 0.696875 0.4406250000000001 0.8125 0.44062500000000016
24 0.63125 0.559375 0.525 0.559375 0.525 0.6234375 0.63125 0.6234375
35 0.7859375 0.4515625000000001 0.675 0.4515625 0.675 0.5171875000000001 0.7859375 0.5171875000000001
59 0.53125 0.4828125 0.421875 0.4828125 0.421875 0.5484375 0.53125 0.5484375
31 0.7234375 0.23593750000000008 0.6125 0.23593750000000008 0.6125 0.3031250000000001 0.7234375 0.3031250000000001
26 0.7875 8.955229718765019e-17 0.675 8.266365894244634e-17 0.675 0.057812500000000086 0.7875 0.057812500000000086
9 0.465625 0.26406250000000003 0.35625 0.2640625 0.35625 0.33593750000000006 0.465625 0.3359375000000001
7 0.421875 0.428125 0.3125000000000001 0.428125 0.3125000000000001 0.496875 0.421875 0.496875