2 0.21093750000000008 0.640625 0.1453125000000001 0.640625 0.1453125000000001 0.6828125 0.21093750000000008 0.6828125
3 0.2796875000000001 0.640625 0.21250000000000008 0.640625 0.21250000000000008 0.6828125 0.2796875000000001 0.6828125
40 0.7890625000000002 0.7859375000000001 0.7171875000000002 0.7859375 0.7171875000000002 0.834375 0.7890625000000002 0.834375
42 0.3734375000000001 0.6875 0.3078125000000001 0.6875 0.3078125000000001 0.7296875 0.3734375000000001 0.7296875
4 0.3453125000000001 0.6421875 0.2828125000000001 0.6421875 0.2828125000000001 0.68125 0.3453125000000001 0.68125
9 0.690625 0.6421875 0.628125 0.6421875 0.628125 0.68125 0.690625 0.68125
19 0.3109375000000001 0.7328125 0.24218750000000008 0.7328125 0.24218750000000008 0.7796875 0.3109375000000001 0.7796875
10 0.16562500000000008 0.7328125 0.09375000000000008 0.7328125 0.09375000000000008 0.778125 0.16562500000000008 0.778125
20 1 0.6406250000000002 0.9015625 0.6406250000000002 0.9015625 0.6828125000000002 1 0.6828125000000002
14 0.7203125000000001 0.840625 0.6437500000000002 0.840625 0.6437500000000002 0.89375 0.7203125000000001 0.89375
25 0.5328125000000001 0.7328125 0.4656250000000002 0.7328125 0.4656250000000002 0.7796875 0.5328125000000001 0.7796875
44 0.0375000000000001 0.7828125 9.586688224575374e-17 0.7828125 9.902417477480551e-17 0.834375 0.0375000000000001 0.834375
52 0.08906250000000009 0.6828125 8.362041425428021e-17 0.6828125 8.649068018978182e-17 0.7296875 0.08906250000000009 0.7296875
54 0.8765625 0.6843750000000002 0.8078125 0.6843750000000002 0.8078125 0.7281250000000001 0.8765625 0.7281250000000001
50 0.884375 0.8390625 0.80625 0.8390625 0.80625 0.89375 0.884375 0.89375
17 0.07343750000000009 0.6421875 0.0015625000000000784 0.6421875 0.0015625000000000808 0.68125 0.07343750000000009 0.68125
57 0.2453125000000001 0.784375 0.17187500000000008 0.784375 0.17187500000000008 0.834375 0.2453125000000001 0.834375
22 1 0.6859375000000002 0.9484375 0.6859375000000002 0.9484375 0.7781250000000002 1 0.7781250000000002
6 0.4828125 0.6421875 0.421875 0.6421875 0.421875 0.68125 0.4828125 0.68125
11 0.8984375 0.6421875000000001 0.834375 0.6421875000000001 0.834375 0.6812500000000001 0.8984375 0.6812500000000001
35 0.5515625000000002 0.7859375 0.4812500000000002 0.7859375 0.4812500000000002 0.834375 0.5515625000000002 0.834375
30 1 0.5921875000000001 7.252205263700732e-17 0.5921875 9.194418546723489e-17 0.909375 1 0.909375
33 0.6328125000000002 0.784375 0.5609375000000002 0.784375 0.5609375000000002 0.8359375 0.6328125000000002 0.8359375
56 0.2328125000000001 0.684375 0.16562500000000008 0.684375 0.16562500000000008 0.728125 0.2328125000000001 0.728125
24 0.4578125000000002 0.7328125 0.3906250000000001 0.7328125 0.3906250000000001 0.7796875 0.4578125000000002 0.7796875
31 0.7593750000000001 0.7343750000000001 0.6906250000000002 0.734375 0.6906250000000002 0.7796875000000001 0.7593750000000001 0.7796875000000002
5 0.4140625 0.64375 0.3531250000000001 0.64375 0.3531250000000001 0.6828125 0.4140625 0.6828125
13 0.23437500000000008 0.8375 0.15625000000000008 0.8375 0.15625000000000008 0.89375 0.23437500000000008 0.89375
37 0.834375 0.7343750000000002 0.7656250000000002 0.7343750000000002 0.7656250000000002 0.7812500000000002 0.834375 0.7812500000000002
48 0.828125 0.6437500000000002 0.7640625 0.6437500000000002 0.7640625 0.6828125000000002 0.828125 0.6828125000000002
32 0.0921875000000001 0.7828125 0.0359375000000001 0.7828125 0.0359375000000001 0.8328125 0.09218750000000012 0.8328125
38 0.8046875 0.6875000000000002 0.7390625 0.6875000000000002 0.7390625000000001 0.7312500000000002 0.8046875 0.7312500000000002
55 0.3968750000000001 0.784375 0.3265625000000001 0.784375 0.3265625000000001 0.834375 0.3968750000000001 0.834375
34 0.865625 0.7843750000000002 0.7921875000000002 0.7843750000000002 0.7921875000000002 0.834375 0.865625 0.834375
27 0.6625000000000001 0.6875 0.596875 0.6875 0.596875 0.73125 0.6625000000000002 0.73125
47 0.6359375000000002 0.8390625 0.2375000000000001 0.8390625 0.2375000000000001 0.8953125 0.6359375000000002 0.8953125
53 0.5875000000000001 0.6875 0.5234375 0.6875 0.5234375000000001 0.7296875 0.5875000000000001 0.7296875
39 0.95 0.6843750000000002 0.88125 0.6843750000000002 0.88125 0.7281250000000001 0.95 0.7281250000000001
28 0.6078125000000002 0.734375 0.5421875000000002 0.734375 0.5421875000000002 0.7796875 0.6078125000000002 0.7796875
41 0.1609375000000001 0.6859375 0.09218750000000009 0.6859375 0.09218750000000009 0.7296875 0.1609375000000001 0.7296875
29 0.6859375000000002 0.734375 0.6187500000000001 0.734375 0.6187500000000001 0.7796875 0.6859375000000002 0.7796875
26 0.984375 0.7312500000000002 0.9109375 0.7312500000000002 0.9109375 0.7796875000000002 0.984375 0.7796875000000002
21 0.3031250000000001 0.684375 0.23593750000000008 0.684375 0.23593750000000008 0.7296875 0.3031250000000001 0.7296875
46 0.946875 0.7828125000000001 0.8703125 0.7828125000000001 0.8703125 0.8328125 0.946875 0.8328125
18 0.7109375000000002 0.7859375 0.6406250000000002 0.7859375 0.6406250000000002 0.8359375 0.7109375000000002 0.8359375
43 0.2375000000000001 0.7328125 0.1671875000000001 0.7328125 0.1671875000000001 0.7796875 0.2375000000000001 0.7796875
23 0.3843750000000001 0.734375 0.31718750000000007 0.734375 0.31718750000000007 0.778125 0.3843750000000001 0.778125
12 0.909375 0.7328125000000002 0.8375 0.7328125000000002 0.8375 0.7796875000000002 0.909375 0.7796875000000002
15 0.4750000000000002 0.784375 0.4031250000000002 0.784375 0.4031250000000002 0.834375 0.4750000000000002 0.834375
0 0.7609375 0.64375 0.696875 0.64375 0.696875 0.6828125 0.7609375 0.6828125000000002
59 0.5156250000000001 0.6859375 0.4515625 0.6859375 0.4515625000000001 0.7296875 0.5156250000000002 0.7296875
8 0.6203125 0.6421875 0.5578125 0.6421875 0.5578125 0.68125 0.6203125 0.68125
51 0.4437500000000001 0.6859375 0.37968750000000007 0.6859375 0.37968750000000007 0.7296875 0.4437500000000002 0.7296875
36 0.7328125000000001 0.6875000000000001 0.6671875 0.6875 0.6671875 0.7296875 0.7328125000000002 0.7296875000000002
7 0.553125 0.6421875 0.490625 0.6421875 0.490625 0.68125 0.553125 0.68125
16 0.3203125000000001 0.784375 0.2484375000000001 0.784375 0.2484375000000001 0.834375 0.3203125000000001 0.834375
1 0.14062500000000008 0.64375 0.0750000000000001 0.64375 0.0750000000000001 0.6828125 0.14062500000000008 0.6828125
58 0.1687500000000001 0.784375 0.09375000000000008 0.784375 0.0937500000000001 0.8328125 0.1687500000000001 0.8328125
45 0.0906250000000001 0.7296875 8.936094612528342e-17 0.7296875 9.232688759196843e-17 0.778125 0.0906250000000001 0.778125