40 0.528125 0.665625 0.459375 0.665625 0.459375 0.715625 0.528125 0.715625
45 0.596875 6.898205798322201e-17 0.5296875 6.486801014233636e-17 0.5296875 0.07812500000000007 0.596875 0.07812500000000007
53 0.6734375 0.4859375 0.6046875 0.4859375 0.6046875 0.5484375 0.6734375 0.5484375
30 0.840625 7.33831324176578e-17 0.3578125 4.3819393281991234e-17 0.35781250000000003 1 0.840625 1
37 0.6031250000000001 0.7125 0.534375 0.7125 0.534375 0.7765625 0.6031250000000001 0.7765625
19 0.5984375 0.2250000000000001 0.5296875 0.2250000000000001 0.5296875 0.2875000000000001 0.5984375 0.2875000000000001
25 0.6 0.4328125 0.5328125 0.4328125 0.5328125 0.496875 0.6 0.496875
7 0.746875 0.4546875000000001 0.6796875 0.4546875 0.6796875 0.5171875000000001 0.746875 0.5171875000000001
6 0.7453125 0.3843750000000001 0.6796875 0.3843750000000001 0.6796875 0.4468750000000001 0.7453125 0.4468750000000002
49 0.4484375 5.07080315271951e-17 0.3796875 4.649830815512607e-17 0.3796875 0.05625000000000004 0.4484375 0.05625000000000004
42 0.671875 0.27812500000000007 0.6046875 0.27812500000000007 0.6046875 0.34062500000000007 0.671875 0.34062500000000007
55 0.5265625 0.3281250000000001 0.4578125 0.3281250000000001 0.4578125 0.3937500000000001 0.5265625 0.3937500000000001
16 0.525 0.2578125000000001 0.45625 0.2578125000000001 0.45625 0.3218750000000001 0.525 0.3218750000000001
22 0.6062500000000002 0.85 0.5375000000000002 0.85 0.5375000000000002 0.9875 0.6062500000000002 0.9875
48 0.7484375000000002 0.7312500000000001 0.6828125000000002 0.73125 0.6828125000000002 0.7937500000000001 0.7484375000000002 0.7937500000000002
44 0.525 6.008423358316701e-17 0.45625 5.587451021109799e-17 0.45625 0.11406250000000004 0.525 0.11406250000000004
14 0.453125 0.6171875 0.3843750000000001 0.6171875 0.3843750000000001 0.6828125 0.453125 0.6828125
39 0.6781250000000002 0.8328125 0.6109375000000001 0.8328125 0.6109375000000001 0.896875 0.6781250000000002 0.896875
54 0.6765625000000002 0.7625 0.6093750000000002 0.7625 0.6093750000000002 0.8265625 0.6765625000000002 0.8265625
26 0.6781250000000002 0.903125 0.6109375000000001 0.903125 0.6109375000000001 0.984375 0.6781250000000002 0.984375
29 0.6015625 0.5734375 0.5328125 0.5734375 0.5328125 0.6359375 0.6015625 0.6359375
52 0.6703125 7.7879882383277e-17 0.6015625 7.367015901120797e-17 0.6015625 0.06250000000000008 0.6703125 0.06250000000000008
23 0.5984375 0.29375000000000007 0.53125 0.29375000000000007 0.53125 0.35625000000000007 0.5984375 0.35625000000000007
46 0.5312500000000002 0.778125 0.4625000000000002 0.778125 0.4625000000000002 0.8765625 0.5312500000000002 0.8765625
51 0.671875 0.3468750000000001 0.6046875 0.3468750000000001 0.6046875 0.409375 0.671875 0.409375
35 0.5265625 0.4671875 0.4578125 0.4671875 0.4578125 0.5328125 0.5265625 0.5328125
2 0.7421875 0.10781250000000009 0.6765625 0.10781250000000009 0.6765625 0.1703125000000001 0.7421875 0.1703125000000001
28 0.6 0.503125 0.5328125 0.503125 0.5328125 0.5671875 0.6 0.5671875
27 0.6734375 0.55625 0.60625 0.55625 0.60625 0.61875 0.6734375 0.61875
12 0.6031250000000001 0.78125 0.5359375000000002 0.78125 0.5359375000000002 0.8453125 0.6031250000000001 0.8453125
33 0.5265625 0.5375 0.4578125 0.5375 0.4578125 0.603125 0.5265625 0.603125
50 0.4546875000000002 0.75625 0.3859375000000001 0.75625 0.3859375000000001 0.821875 0.4546875000000002 0.821875
58 0.5234375 0.12031250000000004 0.45625 0.12031250000000004 0.45625 0.18437500000000004 0.5234375 0.18437500000000004
17 0.7421875 8.687338231451536e-17 0.6765625 8.285501000481311e-17 0.6765625 0.03125000000000008 0.7421875 0.03125000000000009
3 0.74375 0.1765625000000001 0.678125 0.1765625000000001 0.678125 0.2406250000000001 0.74375 0.2406250000000001
59 0.6734375 0.415625 0.60625 0.415625 0.60625 0.478125 0.6734375 0.478125
18 0.528125 0.609375 0.459375 0.609375 0.459375 0.659375 0.528125 0.659375
13 0.45 0.2015625000000001 0.38125 0.2015625000000001 0.38125 0.2671875000000001 0.45 0.2671875000000001
36 0.6765625 0.625 0.6078125 0.625 0.6078125 0.6875 0.6765625 0.6875
34 0.5281250000000001 0.721875 0.4609375 0.721875 0.4609375000000001 0.771875 0.5281250000000002 0.771875
1 0.7421875 0.03906250000000008 0.6765625 0.039062500000000076 0.6765625 0.10156250000000008 0.7421875 0.10156250000000008
10 0.596875 0.08593750000000007 0.528125 0.08593750000000007 0.528125 0.14843750000000006 0.596875 0.14843750000000008
8 0.746875 0.5234375000000001 0.68125 0.5234375 0.68125 0.5859375000000001 0.746875 0.5859375000000002
20 0.7515625000000001 0.86875 0.6843750000000002 0.86875 0.6843750000000002 0.98125 0.7515625000000001 0.98125
21 0.6703125 0.2078125000000001 0.603125 0.2078125000000001 0.603125 0.2718750000000001 0.6703125 0.2718750000000001
0 0.7484375000000001 0.6625000000000001 0.68125 0.6625 0.6812500000000001 0.7265625000000001 0.7484375000000002 0.7265625000000002
47 0.453125 0.27031250000000007 0.3828125 0.27031250000000007 0.38281250000000006 0.6109375 0.453125 0.6109375
11 0.7500000000000002 0.8 0.6843750000000002 0.8 0.6843750000000002 0.8625 0.7500000000000002 0.8625
41 0.66875 0.06718750000000008 0.6 0.06718750000000007 0.6 0.13281250000000008 0.66875 0.13281250000000008
43 0.596875 0.15468750000000006 0.5296875 0.15468750000000003 0.5296875 0.2171875000000001 0.596875 0.2171875000000001
5 0.7453125 0.3140625000000001 0.6796875 0.3140625000000001 0.6796875 0.3765625000000001 0.7453125 0.3765625000000001
4 0.7453125 0.2453125000000001 0.6796875 0.2453125000000001 0.6796875 0.3078125000000001 0.7453125 0.3078125000000001
15 0.5265625 0.3968750000000001 0.4578125 0.3968750000000001 0.4578125 0.4625 0.5265625 0.4625
38 0.6765625000000001 0.6953125 0.609375 0.6953125 0.6093750000000001 0.7578125 0.6765625000000002 0.7578125
57 0.5234375 0.18906250000000005 0.4546875 0.18906250000000005 0.4546875 0.2531250000000001 0.5234375 0.2531250000000001
24 0.6015625 0.3625000000000001 0.5328125 0.3625000000000001 0.5328125 0.4265625 0.6015625 0.4265625
9 0.746875 0.5921875000000001 0.6796875 0.5921875 0.6796875 0.6578125000000001 0.746875 0.6578125000000001
31 0.6015625 0.64375 0.5328125 0.64375 0.5328125 0.70625 0.6015625 0.70625
56 0.6703125 0.1375000000000001 0.603125 0.1375000000000001 0.603125 0.2015625000000001 0.6703125 0.2015625000000001