47 0.759375 0.3046875000000001 0.54375 0.3046875000000001 0.54375 0.5890625 0.759375 0.5890625000000002
0 0.3281250000000001 0.5203125 0.2593750000000001 0.5203125 0.2593750000000001 0.5734375 0.3281250000000001 0.5734375
13 0.784375 0.2500000000000001 0.696875 0.2500000000000001 0.696875 0.30937500000000007 0.784375 0.30937500000000007
33 0.559375 0.4984375 0.484375 0.4984375 0.484375 0.5578125 0.559375 0.5578125
58 0.7421875 0.17343750000000008 0.6671875 0.17343750000000008 0.6671875 0.2296875000000001 0.7421875 0.2296875000000001
45 0.7484375 0.020312500000000087 0.640625 0.020312500000000077 0.640625 0.12656250000000008 0.7484375 0.12656250000000008
10 0.690625 0.1281250000000001 0.615625 0.1281250000000001 0.615625 0.18125000000000008 0.690625 0.18125000000000008
57 0.7125 0.2312500000000001 0.6359375 0.2312500000000001 0.6359375 0.2843750000000001 0.7125 0.2843750000000001
2 0.553125 0.10468750000000007 0.48125 0.10468750000000004 0.48125 0.15468750000000006 0.553125 0.1546875000000001
50 0.5406250000000001 0.68125 0.446875 0.68125 0.4468750000000001 0.78125 0.5406250000000001 0.78125
55 0.65 0.3359375000000001 0.575 0.3359375000000001 0.575 0.3984375000000001 0.65 0.3984375000000001
23 0.6 0.2890625000000001 0.521875 0.2890625000000001 0.521875 0.3468750000000001 0.6 0.3468750000000001
46 0.4453125000000001 0.7109375 0.3578125000000001 0.7109375 0.3578125000000001 0.8015625 0.44531250000000017 0.8015625
43 0.6609375 0.18125000000000008 0.584375 0.18125000000000008 0.584375 0.2375000000000001 0.6609375 0.2375000000000001
27 0.4296875 0.4671875 0.3578125000000001 0.4671875 0.3578125000000001 0.5234375 0.4296875 0.5234375
17 0.6140625 0.0015625000000000703 0.5359375 0.001562500000000066 0.5359375 0.04218750000000007 0.6140625 0.04218750000000008
32 0.7875 0.1218750000000001 0.696875 0.1218750000000001 0.696875 0.1750000000000001 0.7875 0.1750000000000001
39 0.3187500000000001 0.6703125 0.2531250000000001 0.6703125 0.2531250000000001 0.721875 0.3187500000000001 0.721875
16 0.684375 0.2828125000000001 0.60625 0.2828125000000001 0.60625 0.3421875000000001 0.684375 0.3421875000000001
49 0.9015625 0.0546875000000001 0.7953125 0.05468750000000009 0.7953125 0.1359375000000001 0.9015625 0.1359375000000001
4 0.49375 0.2093750000000001 0.421875 0.2093750000000001 0.421875 0.2609375000000001 0.49375 0.2609375000000001
31 0.4546875 0.55625 0.37968750000000007 0.55625 0.37968750000000007 0.6109375 0.4546875 0.6109375
41 0.6375 0.08906250000000007 0.5578125 0.08906250000000007 0.5578125 0.1453125000000001 0.6375 0.1453125000000001
8 0.3859375000000001 0.4203125 0.3140625000000001 0.4203125 0.3140625000000001 0.4671875 0.3859375000000001 0.4671875
15 0.621875 0.39531250000000007 0.540625 0.39531250000000007 0.540625 0.4546875 0.621875 0.4546875
26 0.37187500000000007 0.7109375 0.2953125000000001 0.7109375 0.2953125000000001 0.7625 0.37187500000000007 0.7625
7 0.4140625 0.37031250000000004 0.3453125000000001 0.3703125 0.3453125000000001 0.4203125 0.4140625 0.4203125
35 0.5890625 0.4484375 0.5171875 0.4484375 0.5171875 0.5046875 0.5890625 0.5046875
12 0.3968750000000001 0.659375 0.32500000000000007 0.659375 0.32500000000000007 0.715625 0.3968750000000001 0.715625
51 0.5125 0.3046875000000001 0.44375 0.3046875000000001 0.44375 0.3625000000000001 0.5125 0.3625000000000001
48 0.3031250000000001 0.571875 0.24218750000000008 0.571875 0.24218750000000008 0.621875 0.3031250000000001 0.621875
21 0.5734375 0.2000000000000001 0.4984375 0.2000000000000001 0.4984375 0.2562500000000001 0.5734375 0.2562500000000001
54 0.3453125000000001 0.6171875 0.2765625000000001 0.6171875 0.2765625000000001 0.675 0.3453125000000001 0.675
20 0.2500000000000001 0.66875 0.1593750000000001 0.66875 0.1593750000000001 0.76875 0.2500000000000001 0.76875
18 0.5328125 0.559375 0.4609375 0.559375 0.4609375 0.6125 0.5328125 0.6125
38 0.37187500000000007 0.5671875 0.3031250000000001 0.5671875 0.3031250000000001 0.6234375 0.37187500000000007 0.6234375
52 0.6828125 7.768853132091022e-17 0.5859375 7.175664838754022e-17 0.5859375 0.08750000000000008 0.6828125 0.08750000000000009
22 0.3453125000000001 0.71875 0.2140625000000001 0.71875 0.2140625000000001 0.825 0.3453125000000001 0.825
44 0.8203125 0.0390625000000001 0.7234375 0.03906250000000009 0.7234375 0.11718750000000008 0.8203125 0.11718750000000008
36 0.3984375000000001 0.5171875 0.33281250000000007 0.5171875 0.33281250000000007 0.5734375 0.3984375000000001 0.5734375
1 0.5875 0.04687500000000007 0.5109375 0.04687500000000007 0.5109375 0.09843750000000007 0.5875 0.09843750000000007
30 0.9375 5.95101803960667e-17 0.034375 4.2097233720690266e-18 0.03437500000000006 1 0.9375 1
42 0.54375 0.2578125000000001 0.465625 0.2578125000000001 0.465625 0.30937500000000007 0.54375 0.30937500000000007
24 0.56875 0.3453125000000001 0.496875 0.3453125000000001 0.496875 0.4015625 0.56875 0.4015625
56 0.6015625 0.14218750000000008 0.5296875 0.14218750000000005 0.5296875 0.19843750000000007 0.6015625 0.1984375000000001
40 0.503125 0.609375 0.43125 0.609375 0.43125 0.6640625 0.503125 0.6640625
11 0.2765625000000001 0.621875 0.2078125000000001 0.621875 0.2078125000000001 0.671875 0.2765625000000001 0.671875
37 0.428125 0.609375 0.3531250000000001 0.609375 0.3531250000000001 0.665625 0.428125 0.665625
53 0.4578125 0.4140625 0.3859375000000001 0.4140625 0.3859375000000001 0.4703125 0.4578125 0.4703125
3 0.525 0.15156250000000004 0.453125 0.15156250000000004 0.453125 0.2093750000000001 0.525 0.2093750000000001
6 0.4359375 0.3125000000000001 0.3734375 0.3125000000000001 0.37343750000000003 0.3687500000000001 0.4359375 0.3687500000000001
28 0.5109375 0.4546875 0.434375 0.4546875 0.434375 0.509375 0.5109375 0.509375
34 0.478125 0.6609375 0.4015625 0.6609375 0.4015625 0.7171875 0.478125 0.7171875
25 0.5390625 0.4015625 0.4640625 0.4015625 0.4640625 0.4546875 0.5390625 0.4546875
19 0.6328125 0.2328125000000001 0.5484375 0.2328125000000001 0.5484375 0.2921875000000001 0.6328125 0.2921875000000001
5 0.465625 0.2609375000000001 0.396875 0.2609375000000001 0.396875 0.3140625000000001 0.465625 0.3140625000000001
9 0.3578125000000001 0.46875 0.2828125000000001 0.46875 0.2828125000000001 0.521875 0.3578125000000001 0.521875
14 0.5953125 0.5796875 0.5203125 0.5796875 0.5203125 0.6390625 0.5953125 0.6390625
29 0.48125 0.5046875 0.4046875 0.5046875 0.4046875 0.559375 0.48125 0.559375
59 0.484375 0.3609375000000001 0.415625 0.3609375000000001 0.415625 0.4171875 0.484375 0.4171875