34 0.5890625 0.4109375 0.54375 0.4109375 0.54375 0.4734375 0.5890625 0.4734375
6 0.3203125 0.2171875 0.278125 0.2171875 0.278125 0.278125 0.3203125 0.278125
32 0.08750000000000005 0.44375 0.04375000000000005 0.44375 0.04375000000000006 0.509375 0.08750000000000006 0.509375
12 0.6125 0.3359375000000001 0.5671875 0.3359375000000001 0.5671875 0.3984375000000001 0.6125 0.3984375000000001
35 0.3843750000000001 0.4234375 0.34062500000000007 0.4234375 0.34062500000000007 0.4890625 0.3843750000000001 0.4890625
56 0.14843750000000006 0.2984375 0.10625000000000004 0.2984375 0.10625000000000004 0.3609375 0.14843750000000006 0.3609375
38 0.54375 0.2671875000000001 0.5 0.2671875000000001 0.5 0.3312500000000001 0.54375 0.3312500000000001
2 0.12656250000000005 0.2328125 0.08437500000000002 0.2328125 0.08437500000000003 0.29375 0.12656250000000005 0.29375
49 0.03593750000000007 0.5203125 6.371990376813572e-17 0.5203125 6.773827607783798e-17 0.5859375 0.03593750000000007 0.5859375
41 0.10000000000000005 0.3015625 0.057812500000000044 0.3015625 0.057812500000000044 0.3671875 0.10000000000000005 0.3671875
25 0.35937500000000006 0.3546875 0.315625 0.3546875 0.31562500000000004 0.4171875 0.3593750000000001 0.4171875
8 0.4171875 0.2078125000000001 0.375 0.2078125000000001 0.375 0.27031250000000007 0.4171875 0.27031250000000007
20 0.71875 0.1828125000000001 0.625 0.1828125000000001 0.625 0.2468750000000001 0.71875 0.2468750000000001
14 0.4875 0.4921875 0.4421875 0.4921875 0.4421875 0.5546875 0.4875 0.5546875
57 0.18593750000000003 0.4390625 0.14218750000000005 0.4390625 0.14218750000000005 0.5015625 0.18593750000000003 0.5015625
52 0.050000000000000044 0.30625 3.750480822388769e-17 0.30625 4.152318053358994e-17 0.371875 0.050000000000000044 0.371875
24 0.30781250000000004 0.3578125 0.2671875 0.3578125 0.2671875 0.4203125 0.3078125000000001 0.4203125
42 0.246875 0.2921875 0.203125 0.2921875 0.203125 0.3546875 0.246875 0.3546875
11 0.61875 0.1921875000000001 0.575 0.1921875000000001 0.575 0.2531250000000001 0.61875 0.2531250000000001
51 0.2953125 0.2890625 0.2515625 0.2890625 0.2515625 0.3515625 0.2953125 0.3515625
48 0.5671875 0.19531250000000006 0.5234375 0.19531250000000006 0.5234375 0.2562500000000001 0.5671875 0.2562500000000001
17 0.029687500000000033 0.2390625 2.9276712542116413e-17 0.2390625 3.30080582582685e-17 0.3 0.029687500000000033 0.3
5 0.2703125 0.2203125 0.228125 0.2203125 0.228125 0.28125 0.2703125 0.28125
26 0.6625 0.3296875000000001 0.61875 0.3296875000000001 0.61875 0.39531250000000007 0.6625 0.39531250000000007
45 0.06406250000000005 0.375 4.592425496802575e-17 0.375 4.984695174654462e-17 0.4390625 0.06406250000000005 0.4390625
31 0.509375 0.3437500000000001 0.4671875 0.3437500000000001 0.4671875 0.40625 0.509375 0.40625
53 0.39375 0.28125000000000006 0.35 0.28125 0.35 0.34375000000000006 0.39375 0.3437500000000001
50 0.628125 0.48125 0.5453125 0.48125 0.5453125 0.55 0.628125 0.55
59 0.34375 0.284375 0.3015625 0.284375 0.3015625 0.346875 0.34375 0.346875
29 0.459375 0.3453125000000001 0.415625 0.3453125000000001 0.415625 0.409375 0.459375 0.409375
22 0.725 0.25468750000000007 0.6515625 0.25468750000000007 0.6515625 0.3921875000000001 0.725 0.3921875000000001
9 0.4671875 0.20312500000000008 0.4234375 0.20312500000000008 0.4234375 0.2656250000000001 0.4671875 0.2656250000000001
28 0.4078125 0.3500000000000001 0.365625 0.3500000000000001 0.36562500000000003 0.4140625 0.4078125 0.4140625
58 0.13750000000000004 0.4421875 0.09531250000000005 0.4421875 0.09531250000000005 0.5046875 0.13750000000000004 0.5046875
33 0.434375 0.4203125 0.3906250000000001 0.4203125 0.3906250000000001 0.4859375 0.434375 0.4859375
19 0.21093750000000008 0.3640625 0.16718750000000004 0.3640625 0.16718750000000004 0.4296875 0.21093750000000008 0.4296875
4 0.221875 0.225 0.17968750000000006 0.225 0.17968750000000006 0.2859375 0.221875 0.2859375
13 0.18437500000000007 0.5109375 0.14062500000000006 0.5109375 0.14062500000000006 0.575 0.1843750000000001 0.575
40 0.5359375 0.4140625 0.4921875 0.4140625 0.4921875 0.478125 0.5359375 0.478125
36 0.49375 0.2718750000000001 0.4484375 0.2718750000000001 0.4484375 0.3343750000000001 0.49375 0.3343750000000001
46 0.675 0.403125 0.596875 0.403125 0.596875 0.4703125 0.675 0.4703125
18 0.4859375 0.4171875 0.4421875 0.4171875 0.4421875 0.48125 0.4859375 0.48125
15 0.3359375000000001 0.4265625 0.2906250000000001 0.4265625 0.2906250000000001 0.4921875 0.3359375000000001 0.4921875
27 0.44375 0.2765625000000001 0.4015625 0.2765625000000001 0.4015625 0.3375000000000001 0.44375 0.3375000000000001
3 0.17343750000000005 0.228125 0.13281250000000006 0.228125 0.13281250000000006 0.2890625 0.17343750000000005 0.2890625
43 0.16093750000000004 0.3671875 0.11875000000000005 0.3671875 0.11875000000000005 0.43125 0.16093750000000004 0.43125
44 0.03750000000000006 0.446875 5.472640383689735e-17 0.446875 5.87447761465996e-17 0.5125 0.03750000000000007 0.5125
21 0.19687500000000005 0.2953125 0.15468750000000003 0.2953125 0.15468750000000003 0.3578125 0.19687500000000005 0.3578125
54 0.59375 0.26250000000000007 0.55 0.26250000000000007 0.55 0.3281250000000001 0.59375 0.3281250000000001
55 0.2843750000000001 0.43125 0.2406250000000001 0.43125 0.2406250000000001 0.4953125 0.2843750000000001 0.4953125
0 0.5171875 0.2000000000000001 0.4734375 0.2000000000000001 0.4734375 0.26250000000000007 0.5171875 0.26250000000000007
16 0.23593750000000008 0.434375 0.19218750000000004 0.434375 0.19218750000000004 0.5 0.23593750000000008 0.5
30 0.909375 0.07656250000000006 9.376202055971923e-18 0.0765625 4.19058826583235e-17 0.6078125000000001 0.909375 0.6078125000000002
7 0.3671875 0.21250000000000005 0.3265625 0.2125 0.3265625 0.275 0.3671875 0.2750000000000001
10 0.11406250000000004 0.371875 0.07187500000000005 0.371875 0.07187500000000005 0.434375 0.11406250000000004 0.434375
39 0.6453125 0.2609375000000001 0.6015625 0.2609375000000001 0.6015625 0.3234375000000001 0.6453125 0.3234375000000001
37 0.5609375 0.34062500000000007 0.5171875 0.34062500000000007 0.5171875 0.403125 0.5609375 0.403125
47 0.4328125 0.496875 0.19062500000000004 0.496875 0.19062500000000007 0.5703125 0.4328125 0.5703125
23 0.259375 0.3609375 0.2171875 0.3609375 0.21718750000000003 0.4234375 0.2593750000000001 0.4234375
1 0.07812500000000003 0.2359375 0.03593750000000003 0.2359375 0.03593750000000003 0.2984375 0.07812500000000004 0.2984375