56 0.17812500000000003 0.303125 0.13437500000000005 0.303125 0.13437500000000005 0.44375 0.17812500000000003 0.44375
10 0.14062500000000006 0.46875 0.09531250000000006 0.46875 0.09531250000000006 0.609375 0.14062500000000008 0.609375
54 0.6375 0.2875000000000001 0.5921875 0.2875000000000001 0.5921875 0.428125 0.6375 0.428125
27 0.4828125 0.2906250000000001 0.4390625 0.2906250000000001 0.4390625 0.43125 0.4828125 0.43125
37 0.603125 0.45 0.5578125 0.45 0.5578125 0.59375 0.603125 0.59375
51 0.3296875 0.296875 0.2859375 0.296875 0.28593750000000007 0.4375 0.3296875000000001 0.4375
53 0.43125 0.29375000000000007 0.3859375 0.29375000000000007 0.38593750000000004 0.434375 0.43125 0.434375
1 0.10781250000000002 0.15625 0.06093750000000002 0.15625 0.06093750000000003 0.29375 0.10781250000000005 0.29375
31 0.553125 0.453125 0.5078125 0.453125 0.5078125 0.596875 0.553125 0.596875
39 0.6890625 0.2843750000000001 0.6421875 0.2843750000000001 0.6421875 0.425 0.6890625 0.425
16 0.2687500000000001 0.625 0.2234375000000001 0.625 0.2234375000000001 0.771875 0.2687500000000001 0.771875
29 0.5 0.45 0.4546875 0.45 0.4546875 0.596875 0.5 0.596875
32 0.11562500000000009 0.63125 0.06875000000000006 0.63125 0.06875000000000007 0.778125 0.11562500000000009 0.778125
30 0.9984375 6.113666442618428e-17 0 0 5.970153145843348e-17 0.975 0.9984375 0.975
0 0.559375 0.13125000000000006 0.5125 0.13125000000000003 0.5125 0.2718750000000001 0.559375 0.2718750000000001
40 0.58125 0.61875 0.5359375 0.61875 0.5359375000000001 0.7625 0.5812500000000002 0.7625
18 0.5281250000000001 0.615625 0.4828125 0.615625 0.4828125000000001 0.765625 0.5281250000000002 0.765625
46 0.7234375000000001 0.60625 0.640625 0.60625 0.6406250000000001 0.75625 0.7234375000000002 0.75625
43 0.19218750000000007 0.465625 0.14687500000000003 0.465625 0.14687500000000006 0.60625 0.1921875000000001 0.60625
9 0.5078125 0.13125000000000003 0.4625 0.13125000000000003 0.4625 0.2718750000000001 0.5078125 0.2718750000000001
4 0.2546875 0.14375000000000004 0.209375 0.14375000000000004 0.209375 0.28125 0.2546875 0.28125
47 0.4812500000000002 0.796875 0.2250000000000001 0.796875 0.2250000000000001 0.953125 0.4812500000000002 0.953125
3 0.2046875 0.14687500000000003 0.159375 0.146875 0.15937500000000002 0.2875 0.2046875 0.2875
35 0.4234375000000001 0.61875 0.3781250000000001 0.61875 0.3781250000000001 0.765625 0.4234375000000002 0.765625
44 0.06562500000000009 0.6375 7.807123344564376e-17 0.6375 8.668203125214859e-17 0.778125 0.06562500000000009 0.778125
57 0.2171875000000001 0.628125 0.17187500000000008 0.628125 0.17187500000000008 0.775 0.2171875000000001 0.775
28 0.4484375 0.453125 0.403125 0.453125 0.403125 0.6 0.4484375 0.6
45 0.09062500000000007 0.46875 0.0062500000000000585 0.46875 0.006250000000000066 0.6125 0.09062500000000007 0.6125
12 0.65625 0.45 0.6109375 0.45 0.6109375 0.590625 0.65625 0.590625
55 0.3203125000000001 0.621875 0.2750000000000001 0.621875 0.2750000000000001 0.76875 0.3203125000000001 0.76875
34 0.6343750000000001 0.615625 0.5859375 0.615625 0.5859375000000001 0.759375 0.6343750000000001 0.759375
49 0.0625000000000001 0.796875 9.758904180705471e-17 0.796875 1.0696524386302664e-16 0.95 0.06250000000000011 0.95
21 0.22812500000000005 0.3 0.18281250000000004 0.3 0.18281250000000004 0.44375 0.22812500000000008 0.44375
26 0.7078125 0.446875 0.6625 0.446875 0.6625 0.590625 0.7078125 0.590625
17 0.05781250000000003 0.159375 0.014062500000000023 0.159375 0.014062500000000028 0.29375 0.057812500000000044 0.29375
7 0.40625 0.13750000000000004 0.3625 0.13750000000000004 0.3625 0.27812500000000007 0.40625 0.27812500000000007
6 0.35625 0.13750000000000004 0.3109375 0.13750000000000004 0.3109375 0.278125 0.35625 0.278125
38 0.5859375 0.2875000000000001 0.540625 0.2875000000000001 0.540625 0.428125 0.5859375 0.428125
50 0.6750000000000002 0.78125 0.5859375000000002 0.78125 0.5859375000000002 0.934375 0.6750000000000002 0.934375
14 0.5312500000000002 0.7875 0.48437500000000017 0.7875 0.48437500000000017 0.9375 0.5312500000000002 0.9375
24 0.3421875000000001 0.459375 0.3000000000000001 0.459375 0.3000000000000001 0.6 0.3421875000000001 0.6
5 0.3046875 0.14062500000000006 0.259375 0.14062500000000006 0.259375 0.278125 0.3046875 0.278125
20 0.765625 0.12500000000000008 0.6671875 0.12500000000000008 0.6671875 0.26250000000000007 0.765625 0.26250000000000007
52 0.07812500000000004 0.309375 0.00937500000000004 0.309375 0.009375000000000046 0.45 0.07812500000000004 0.45
8 0.4578125 0.13437500000000005 0.4125 0.13437500000000005 0.4125 0.2750000000000001 0.4578125 0.2750000000000001
58 0.16562500000000008 0.63125 0.1218750000000001 0.63125 0.1218750000000001 0.775 0.16562500000000008 0.775
33 0.4750000000000001 0.61875 0.4296875 0.61875 0.4296875000000001 0.765625 0.4750000000000002 0.765625
59 0.38125000000000003 0.29687500000000006 0.3359375 0.296875 0.33593750000000006 0.4375 0.3812500000000001 0.4375
23 0.2921875000000001 0.459375 0.2484375000000001 0.459375 0.2484375000000001 0.603125 0.2921875000000001 0.603125
36 0.534375 0.2875000000000001 0.4890625 0.2875000000000001 0.4890625 0.428125 0.534375 0.428125
22 0.771875 0.2843750000000001 0.6953125 0.2843750000000001 0.6953125 0.5875000000000001 0.771875 0.5875000000000001
2 0.15625000000000003 0.153125 0.1109375 0.153125 0.11093750000000002 0.2875 0.15625000000000006 0.2875
19 0.24218750000000008 0.4625 0.19687500000000005 0.4625 0.19687500000000008 0.60625 0.24218750000000008 0.60625
15 0.37187500000000007 0.61875 0.32500000000000007 0.61875 0.32500000000000007 0.765625 0.37187500000000007 0.765625
25 0.39531250000000007 0.45625 0.3515625000000001 0.45625 0.3515625000000001 0.6 0.39531250000000007 0.6
42 0.27968750000000003 0.3 0.234375 0.3 0.23437500000000006 0.440625 0.2796875000000001 0.440625
48 0.609375 0.1312500000000001 0.5640625 0.1312500000000001 0.5640625 0.2687500000000001 0.609375 0.2687500000000001
11 0.659375 0.1312500000000001 0.615625 0.1312500000000001 0.615625 0.2687500000000001 0.659375 0.2687500000000001
41 0.12968750000000004 0.30625 0.08281250000000004 0.30625 0.08281250000000004 0.45 0.12968750000000004 0.45
13 0.2140625000000001 0.796875 0.1687500000000001 0.796875 0.16875000000000012 0.946875 0.2140625000000001 0.946875