9 0.6359375 0.32500000000000007 0.5796875 0.32500000000000007 0.5796875 0.37968750000000007 0.6359375 0.37968750000000007
37 0.728125 0.4437500000000001 0.6703125 0.44375 0.6703125 0.49687500000000007 0.728125 0.4968750000000002
19 0.2968750000000001 0.4421875 0.2406250000000001 0.4421875 0.2406250000000001 0.496875 0.2968750000000001 0.496875
51 0.4046875 0.384375 0.3515625000000001 0.384375 0.3515625000000001 0.4375 0.4046875 0.4375
17 0.08281250000000004 0.325 0.026562500000000044 0.325 0.026562500000000044 0.3796875 0.08281250000000004 0.3796875
45 0.11250000000000004 0.44375 0.025000000000000057 0.44375 0.025000000000000057 0.496875 0.11250000000000004 0.496875
59 0.46875 0.3843750000000001 0.4125 0.3843750000000001 0.4125 0.4375 0.46875 0.4375
54 0.7765625 0.3828125000000001 0.71875 0.3828125000000001 0.71875 0.4375000000000001 0.7765625 0.43750000000000017
26 0.925 0.3828125000000001 0.84375 0.3828125000000001 0.84375 0.43750000000000017 0.925 0.43750000000000017
43 0.2375000000000001 0.44375 0.17968750000000006 0.44375 0.17968750000000006 0.496875 0.2375000000000001 0.496875
52 0.09843750000000004 0.3828125 0.025000000000000043 0.3828125 0.02500000000000005 0.4390625 0.09843750000000004 0.4390625
49 0.10156250000000008 0.5609375 0.021875000000000068 0.5609375 0.02187500000000007 0.6171875 0.10156250000000008 0.6171875
46 0.9265625 0.5000000000000002 0.7640625 0.5000000000000002 0.7640625 0.5546875000000002 0.9265625 0.5546875000000002
56 0.2218750000000001 0.384375 0.16562500000000005 0.384375 0.16562500000000005 0.4375 0.2218750000000001 0.4375
48 0.7609375 0.32500000000000007 0.7015625 0.32500000000000007 0.7015625 0.37968750000000007 0.7609375 0.37968750000000007
53 0.5296875 0.3843750000000001 0.4734375 0.3843750000000001 0.4734375 0.4375 0.5296875 0.4375
29 0.60625 0.4421875 0.55 0.4421875 0.55 0.496875 0.60625 0.496875
44 0.14375000000000007 0.5 0.025000000000000067 0.5 0.025000000000000067 0.55625 0.1437500000000001 0.55625
18 0.6359375 0.5 0.5796875 0.5 0.5796875 0.5546875 0.6359375 0.5546875
4 0.3296875 0.3265625 0.2734375 0.3265625 0.27343750000000006 0.3796875 0.3296875000000001 0.3796875
5 0.39062500000000006 0.32656250000000003 0.334375 0.3265625 0.33437500000000003 0.37968750000000007 0.3906250000000001 0.37968750000000007
22 0.925 0.4421875000000002 0.79375 0.4421875000000002 0.79375 0.4968750000000002 0.925 0.4968750000000002
20 0.9234375 0.32500000000000007 0.8265625 0.32500000000000007 0.8265625 0.37968750000000007 0.9234375 0.37968750000000007
47 0.6140625 0.559375 0.2890625000000001 0.559375 0.2890625000000001 0.615625 0.6140625 0.615625
36 0.653125 0.3843750000000001 0.596875 0.3843750000000001 0.596875 0.4375 0.653125 0.4375
13 0.28593750000000007 0.5609375 0.22812500000000008 0.5609375 0.22812500000000008 0.615625 0.28593750000000007 0.615625
42 0.3453125000000001 0.384375 0.2890625000000001 0.384375 0.2890625000000001 0.4375 0.3453125000000001 0.4375
7 0.5140625 0.3265625000000001 0.45625 0.3265625000000001 0.45625 0.3812500000000001 0.5140625 0.3812500000000001
23 0.3593750000000001 0.4421875 0.3031250000000001 0.4421875 0.3031250000000001 0.496875 0.3593750000000001 0.496875
30 0.946875 0.26562500000000006 0.007812500000000033 0.265625 0.007812500000000056 0.6375000000000001 0.946875 0.6375000000000002
40 0.7 0.5015625 0.6421875 0.5015625 0.6421875 0.5546875 0.7 0.5546875
14 0.6765625 0.5609375 0.6203125 0.5609375 0.6203125 0.615625 0.6765625 0.615625
1 0.14531250000000004 0.325 0.08750000000000005 0.325 0.08750000000000005 0.3796875 0.14531250000000004 0.3796875
21 0.2843750000000001 0.384375 0.22656250000000008 0.384375 0.22656250000000008 0.4390625 0.2843750000000001 0.4390625
10 0.17500000000000004 0.44375 0.11875000000000005 0.44375 0.11875000000000005 0.496875 0.17500000000000004 0.496875
38 0.7140625 0.3843750000000001 0.65625 0.3843750000000001 0.65625 0.4375 0.7140625 0.4375
11 0.821875 0.32500000000000007 0.765625 0.32500000000000007 0.765625 0.37968750000000007 0.821875 0.37968750000000007
25 0.48125 0.44375 0.425 0.44375 0.425 0.496875 0.48125 0.496875
28 0.54375 0.4421875 0.4890625 0.4421875 0.4890625 0.496875 0.54375 0.496875
16 0.3296875000000001 0.5015625 0.2718750000000001 0.5015625 0.2718750000000001 0.55625 0.3296875000000001 0.55625
8 0.575 0.32500000000000007 0.51875 0.32500000000000007 0.51875 0.37968750000000007 0.575 0.37968750000000007
31 0.6671875 0.44375 0.609375 0.44375 0.609375 0.496875 0.6671875 0.496875
55 0.3906250000000001 0.5 0.33281250000000007 0.5 0.33281250000000007 0.55625 0.3906250000000001 0.55625
0 0.6984375 0.32500000000000007 0.640625 0.32500000000000007 0.640625 0.37968750000000007 0.6984375 0.37968750000000007
2 0.20781250000000004 0.325 0.15000000000000005 0.325 0.15000000000000005 0.3796875 0.2078125000000001 0.3796875
6 0.453125 0.3265625000000001 0.3953125 0.3265625000000001 0.39531250000000007 0.37968750000000007 0.453125 0.37968750000000007
39 0.8375 0.3828125000000001 0.78125 0.3828125000000001 0.78125 0.43750000000000017 0.8375 0.43750000000000017
3 0.26875000000000004 0.3265625 0.2109375 0.3265625 0.21093750000000006 0.3796875 0.2687500000000001 0.3796875
58 0.2062500000000001 0.5015625 0.14843750000000006 0.5015625 0.14843750000000006 0.55625 0.2062500000000001 0.55625
24 0.4203125 0.44375 0.36406250000000007 0.44375 0.36406250000000007 0.496875 0.4203125 0.496875
34 0.7609375 0.5015625000000001 0.703125 0.5015625 0.703125 0.5546875000000001 0.7609375 0.5546875000000002
57 0.2687500000000001 0.5015625 0.21093750000000008 0.5015625 0.21093750000000008 0.55625 0.2687500000000001 0.55625
12 0.790625 0.4421875000000002 0.7328125 0.4421875000000002 0.7328125 0.4968750000000002 0.790625 0.4968750000000002
35 0.5125 0.5015625 0.45625 0.5015625 0.45625 0.5546875 0.5125 0.5546875
41 0.16093750000000004 0.384375 0.10312500000000005 0.384375 0.10312500000000005 0.4390625 0.16093750000000004 0.4390625
27 0.590625 0.3843750000000001 0.534375 0.3843750000000001 0.534375 0.4375 0.590625 0.4375
15 0.453125 0.5 0.3921875000000001 0.5 0.3921875000000001 0.55625 0.453125 0.55625
33 0.5765625 0.5 0.515625 0.5 0.515625 0.55625 0.5765625 0.55625