5 0.528125 0.24218750000000008 0.390625 0.24218750000000008 0.390625 0.2906250000000001 0.528125 0.2906250000000001
45 0.825 9.280526524788535e-17 0.690625 8.457716956611408e-17 0.690625 0.0656250000000001 0.825 0.06562500000000011
9 0.528125 0.4546875 0.3906250000000001 0.4546875 0.3906250000000001 0.5046875 0.528125 0.5046875
35 0.9734375 0.3625000000000001 0.8359375 0.3625000000000001 0.8359375 0.40937500000000016 0.9734375 0.40937500000000016
21 0.678125 0.16406250000000006 0.5390625 0.16406250000000006 0.5390625 0.21093750000000008 0.678125 0.21093750000000008
32 0.975 0.042187500000000114 0.8375 0.0421875000000001 0.8375 0.09218750000000012 0.975 0.09218750000000012
33 0.975 0.41406250000000017 0.8359375 0.41406250000000017 0.8359375 0.46406250000000016 0.975 0.46406250000000016
49 1 1.2160360013408484e-16 0.9859375 1.2074252035343437e-16 0.9859375 0.039062500000000125 1 0.039062500000000125
58 0.975 0.09687500000000011 0.8375 0.09687500000000011 0.8375 0.1437500000000001 0.975 0.14375000000000013
26 0.825 0.6546875000000001 0.690625 0.6546875 0.690625 0.7015625000000001 0.825 0.7015625000000002
24 0.825 0.2828125000000001 0.6859375 0.2828125000000001 0.6859375 0.3296875000000001 0.825 0.3296875000000001
42 0.6765625 0.2156250000000001 0.5390625 0.2156250000000001 0.5390625 0.2640625000000001 0.6765625 0.2640625000000001
34 0.9734375 0.5750000000000002 0.8390625 0.5750000000000002 0.8390625 0.6218750000000002 0.9734375 0.6218750000000002
8 0.5296875 0.4015625 0.3890625000000001 0.4015625 0.3890625000000001 0.45 0.5296875 0.45
1 0.528125 0.029687500000000054 0.390625 0.029687500000000044 0.390625 0.07968750000000005 0.528125 0.07968750000000006
37 0.825 0.5484375000000001 0.690625 0.5484375 0.690625 0.5953125000000001 0.825 0.5953125000000001
44 0.975 1.1117496723509566e-16 0.840625 1.0294687155332437e-16 0.840625 0.03906250000000011 0.975 0.039062500000000125
25 0.825 0.3343750000000001 0.6859375 0.3343750000000001 0.6859375 0.3812500000000001 0.825 0.3812500000000001
59 0.6765625 0.3218750000000001 0.5390625 0.3218750000000001 0.5390625 0.3687500000000001 0.6765625 0.3687500000000001
18 0.975 0.46875000000000017 0.8375 0.46875000000000017 0.8375 0.5156250000000002 0.975 0.5156250000000002
55 0.9734375 0.2562500000000001 0.8359375 0.2562500000000001 0.8359375 0.3046875000000001 0.9734375 0.3046875000000001
28 0.825 0.3890625000000001 0.6859375 0.3890625000000001 0.6859375 0.4359375000000001 0.825 0.4359375000000002
4 0.528125 0.19062500000000004 0.390625 0.19062500000000004 0.390625 0.2375000000000001 0.528125 0.2375000000000001
27 0.6703125 0.428125 0.5390625 0.428125 0.5390625 0.475 0.6703125 0.475
47 1 0.17500000000000013 0.984375 0.17500000000000013 0.984375 0.5031250000000002 1 0.5031250000000002
3 0.528125 0.13593750000000004 0.3890625 0.13593750000000004 0.3890625 0.18437500000000004 0.528125 0.18437500000000004
48 0.528125 0.559375 0.3906250000000001 0.559375 0.3906250000000001 0.609375 0.528125 0.609375
6 0.528125 0.2968750000000001 0.390625 0.2968750000000001 0.390625 0.3453125000000001 0.528125 0.3453125000000001
41 0.678125 0.054687500000000076 0.5390625 0.05468750000000007 0.5390625 0.10468750000000007 0.678125 0.10468750000000009
36 0.6734375 0.4796875 0.5359375 0.4796875 0.5359375 0.5296875 0.6734375 0.5296875
17 0.525 5.606586127346476e-17 0.390625 4.7837765591693485e-17 0.390625 0.025000000000000057 0.525 0.025000000000000067
19 0.825 0.1765625000000001 0.6875 0.1765625000000001 0.6875 0.2234375000000001 0.825 0.2234375000000001
14 1 0.5062500000000002 0.9875 0.5062500000000002 0.9875 0.5687500000000002 1 0.5687500000000002
15 0.975 0.3078125000000001 0.8359375 0.3078125000000001 0.8359375 0.3578125000000001 0.975 0.3578125000000001
31 0.821875 0.4953125000000001 0.6875 0.4953125 0.6875 0.5421875 0.821875 0.5421875000000002
16 0.975 0.20312500000000008 0.8359375 0.20312500000000008 0.8359375 0.2500000000000001 0.975 0.2500000000000001
0 0.5265625 0.50625 0.3859375000000001 0.50625 0.3859375000000001 0.55625 0.5265625 0.55625
53 0.6765625 0.3750000000000001 0.5390625 0.3750000000000001 0.5390625 0.4234375 0.6765625 0.4234375
23 0.825 0.2296875000000001 0.6875 0.2296875000000001 0.6875 0.2765625000000001 0.825 0.2765625000000001
39 0.6765625 0.640625 0.5375 0.640625 0.5375 0.6875 0.6765625 0.6875
46 0.9734375 0.6265625000000001 0.8359375 0.6265625000000001 0.8359375 0.7671875000000001 0.9734375 0.7671875000000001
54 0.6765625 0.5875 0.5375 0.5875 0.5375 0.6359375 0.6765625 0.6359375
30 1 7.166097285635683e-17 0.1703125 2.085726579797836e-17 0.17031250000000006 1 1 1
7 0.528125 0.3500000000000001 0.390625 0.3500000000000001 0.39062500000000006 0.3968750000000001 0.528125 0.3968750000000001
20 0.5250000000000001 0.6671875 0.3906250000000001 0.6671875 0.3906250000000001 0.7671875 0.5250000000000001 0.7671875
56 0.6765625 0.10937500000000007 0.5375 0.10937500000000004 0.5375 0.15781250000000008 0.6765625 0.15781250000000008
52 0.6734375 0.0015625000000000742 0.5390625 0.001562500000000066 0.5390625 0.05156250000000008 0.6734375 0.05156250000000009
40 0.9734375 0.5218750000000002 0.8390625 0.5218750000000002 0.8390625 0.5687500000000002 0.9734375 0.5687500000000002
10 0.825 0.0703125000000001 0.6875 0.07031250000000008 0.6875 0.11718750000000008 0.825 0.11718750000000008
51 0.6734375 0.2687500000000001 0.5359375 0.2687500000000001 0.5359375 0.3156250000000001 0.6734375 0.3156250000000001
38 0.6734375 0.534375 0.5359375 0.534375 0.5359375 0.58125 0.6734375 0.58125
22 0.825 0.6937500000000001 0.5375 0.69375 0.5375000000000001 0.7703125000000001 0.825 0.7703125000000002
57 0.975 0.1500000000000001 0.8375 0.15000000000000008 0.8375 0.1968750000000001 0.975 0.19687500000000013
50 1 0.7046875000000001 0.9875 0.7046875000000001 0.9875 0.7687500000000002 1 0.7687500000000002
29 0.825 0.44218750000000007 0.6859375 0.4421875 0.6859375 0.48906250000000007 0.825 0.4890625000000002
12 0.825 0.6015625000000001 0.6875 0.6015625 0.6875 0.6500000000000001 0.825 0.6500000000000001
11 0.525 0.6140625 0.38750000000000007 0.6140625 0.38750000000000007 0.6609375 0.525 0.6609375
43 0.825 0.12343750000000009 0.6875 0.12343750000000009 0.6875 0.1703125000000001 0.825 0.1703125000000001
13 1 0.10781250000000013 0.9859375 0.10781250000000013 0.9859375 0.17031250000000014 1 0.17031250000000014
2 0.528125 0.08125000000000006 0.390625 0.08125000000000004 0.390625 0.13125000000000003 0.528125 0.13125000000000003