50 0.71875 0.34843750000000007 0.65 0.34843750000000007 0.65 0.4078125 0.71875 0.4078125
32 0.6375000000000002 0.884375 0.5718750000000001 0.884375 0.5718750000000001 0.921875 0.6375000000000002 0.921875
8 0.421875 0.6015625 0.3578125000000001 0.6015625 0.3578125000000001 0.6390625 0.421875 0.6390625
47 0.7171875000000001 0.5625 0.6484375 0.5625 0.6484375000000001 0.8109375 0.7171875000000002 0.8109375
40 0.640625 0.5078125 0.578125 0.5078125 0.578125 0.54375 0.640625 0.54375
10 0.5640625000000001 0.8625 0.5000000000000002 0.8625 0.5000000000000002 0.8984375 0.5640625000000001 0.8984375
36 0.49375 0.540625 0.43125 0.540625 0.43125 0.5765625 0.49375 0.5765625
31 0.5671875 0.528125 0.503125 0.528125 0.503125 0.565625 0.5671875 0.565625
18 0.6421875 0.5484375 0.5765625 0.5484375 0.5765625 0.5859375 0.6421875 0.5859375
58 0.6390625000000002 0.8421875 0.5734375000000002 0.8421875 0.5734375000000002 0.8796875 0.6390625000000002 0.8796875
54 0.4953125 0.45625 0.43125 0.45625 0.43125 0.4921875 0.4953125 0.4921875
6 0.4203125 0.6859375 0.3578125000000001 0.6859375 0.3578125000000001 0.7203125 0.4203125 0.7203125
46 0.6421875 0.3515625000000001 0.5765625 0.3515625000000001 0.5765625 0.4609375 0.6421875 0.4609375
56 0.4937500000000002 0.83125 0.4281250000000002 0.83125 0.4281250000000002 0.8671875 0.4937500000000002 0.8671875
3 0.4203125000000002 0.809375 0.35625000000000007 0.809375 0.35625000000000007 0.84375 0.4203125000000002 0.84375
48 0.421875 0.4765625 0.3578125000000001 0.4765625 0.3578125000000001 0.5125 0.421875 0.5125
12 0.56875 0.44375 0.503125 0.44375 0.503125 0.48125 0.56875 0.48125
17 0.41718750000000016 0.9328125 0.3546875000000001 0.9328125 0.3546875000000001 0.9671875 0.41718750000000016 0.9671875
7 0.421875 0.6421875 0.3593750000000001 0.6421875 0.3593750000000001 0.6796875 0.421875 0.6796875
34 0.640625 0.465625 0.578125 0.465625 0.578125 0.5015625 0.640625 0.5015625
55 0.6390625000000001 0.71875 0.575 0.71875 0.5750000000000001 0.7546875 0.6390625000000002 0.7546875
52 0.4906250000000002 0.9140625 0.4281250000000002 0.9140625 0.4281250000000002 0.9703125 0.4906250000000002 0.9703125
37 0.56875 0.4859375 0.503125 0.4859375 0.503125 0.5234375 0.56875 0.5234375
4 0.42187500000000017 0.76875 0.35625000000000007 0.76875 0.35625000000000007 0.803125 0.42187500000000017 0.803125
41 0.49218750000000017 0.871875 0.4281250000000002 0.871875 0.4281250000000002 0.909375 0.49218750000000017 0.909375
14 0.715625 0.4984375 0.6484375 0.4984375 0.6484375 0.5578125 0.715625 0.5578125
25 0.565625 0.6546875 0.5015625 0.6546875 0.5015625 0.690625 0.565625 0.690625
29 0.565625 0.571875 0.5015625 0.571875 0.5015625 0.6078125 0.565625 0.6078125
27 0.4921875 0.5828125 0.4296875 0.5828125 0.4296875 0.61875 0.4921875 0.61875
11 0.4203125 0.4359375 0.3578125000000001 0.4359375 0.3578125000000001 0.4703125 0.4203125 0.4703125
44 0.6375000000000002 0.9265625 0.5703125000000002 0.9265625 0.5703125000000002 0.975 0.6375000000000002 0.975
13 0.7125000000000001 0.8125 0.6453125000000002 0.8125 0.6453125000000002 0.8734375 0.7125000000000001 0.8734375
9 0.4203125 0.5609375 0.3578125000000001 0.5609375 0.3578125000000001 0.5984375 0.4203125 0.5984375
22 0.571875 0.3500000000000001 0.428125 0.3500000000000001 0.428125 0.4078125 0.571875 0.4078125
20 0.421875 0.35156250000000006 0.35625 0.3515625 0.35625000000000007 0.4296875 0.421875 0.4296875
0 0.421875 0.51875 0.35625000000000007 0.51875 0.35625000000000007 0.55625 0.421875 0.55625
53 0.49375 0.6234375 0.4296875 0.6234375 0.4296875 0.659375 0.49375 0.659375
30 0.7562500000000001 0.032812500000000064 0.25625 0.032812500000000036 0.25625000000000003 0.990625 0.7562500000000002 0.990625
38 0.49375 0.5 0.43125 0.5 0.43125 0.534375 0.49375 0.534375
49 0.7109375000000002 0.91875 0.6421875000000001 0.91875 0.6421875000000001 0.978125 0.7109375000000002 0.978125
2 0.4203125000000002 0.85 0.35625000000000007 0.85 0.35625000000000007 0.8859375 0.4203125000000002 0.8859375
39 0.4953125 0.4125 0.4296875 0.4125 0.4296875 0.45 0.4953125 0.45
42 0.4937500000000002 0.75 0.42968750000000017 0.75 0.42968750000000017 0.784375 0.4937500000000002 0.784375
33 0.6421875 0.5921875 0.575 0.5921875 0.575 0.6296875 0.6421875 0.6296875
43 0.5656250000000002 0.821875 0.5000000000000002 0.821875 0.5000000000000002 0.8578125 0.5656250000000002 0.8578125
24 0.565625 0.6953125 0.5 0.6953125 0.5000000000000001 0.7328125 0.5656250000000002 0.7328125
19 0.5656250000000002 0.7796875 0.5000000000000002 0.7796875 0.5000000000000002 0.815625 0.5656250000000002 0.815625
16 0.6390625000000002 0.759375 0.5750000000000002 0.759375 0.5750000000000002 0.796875 0.6390625000000002 0.796875
28 0.5671875 0.6140625 0.5015625 0.6140625 0.5015625 0.6484375 0.5671875 0.6484375
26 0.56875 0.4015625 0.503125 0.4015625 0.503125 0.4390625 0.56875 0.4390625
1 0.4187500000000002 0.8921875 0.3531250000000001 0.8921875 0.3531250000000001 0.928125 0.4187500000000002 0.928125
5 0.42187500000000017 0.7265625 0.35625000000000007 0.7265625 0.35625000000000007 0.7625 0.42187500000000017 0.7625
57 0.6390625000000002 0.8015625 0.5750000000000002 0.8015625 0.5750000000000002 0.8375 0.6390625000000002 0.8375
23 0.5656250000000002 0.7390625 0.5000000000000002 0.7390625 0.5000000000000002 0.7734375 0.5656250000000002 0.7734375
21 0.4937500000000002 0.790625 0.42968750000000017 0.790625 0.42968750000000017 0.8265625 0.4937500000000002 0.8265625
45 0.5640625000000001 0.903125 0.4984375000000002 0.903125 0.4984375000000002 0.971875 0.5640625000000001 0.971875
15 0.6390625 0.6765625 0.5734375 0.6765625 0.5734375 0.7140625 0.6390625 0.7140625
51 0.4937500000000001 0.7078125 0.43125 0.7078125 0.4312500000000001 0.7421875 0.4937500000000002 0.7421875
35 0.640625 0.6328125 0.575 0.6328125 0.575 0.6703125 0.640625 0.6703125
59 0.49375 0.665625 0.43125 0.665625 0.43125 0.7015625 0.49375 0.7015625