0 0.4421875 0.15937500000000004 0.4015625 0.15937500000000004 0.4015625 0.2390625000000001 0.4421875 0.2390625000000001
2 0.06562500000000002 0.1625 0.025000000000000022 0.1625 0.02500000000000003 0.240625 0.06562500000000002 0.240625
40 0.453125 0.4078125 0.415625 0.4078125 0.415625 0.4796875 0.453125 0.4796875
30 0.9890625 0.014062500000000061 1.7221595613009655e-18 0.0140625 3.8844265660455115e-17 0.6203125 0.9890625 0.6203125000000002
57 0.12968750000000004 0.4140625 0.08750000000000005 0.4140625 0.08750000000000005 0.490625 0.12968750000000004 0.490625
59 0.2796875 0.24375 0.2390625 0.24375 0.2390625 0.3203125 0.2796875 0.3203125
26 0.565625 0.3234375000000001 0.5265625 0.3234375000000001 0.5265625 0.3984375000000001 0.565625 0.3984375000000001
49 0.02968750000000006 0.4984375 6.104098889500089e-17 0.4984375 6.582476545417024e-17 0.5765625 0.029687500000000068 0.5765625
18 0.4078125 0.4078125 0.3687500000000001 0.4078125 0.3687500000000001 0.4828125 0.4078125 0.4828125
29 0.384375 0.32500000000000007 0.3453125 0.325 0.3453125 0.4 0.3843750000000001 0.4
42 0.18593750000000003 0.2453125 0.14531250000000004 0.2453125 0.14531250000000004 0.321875 0.18593750000000003 0.321875
55 0.2250000000000001 0.409375 0.18125000000000005 0.409375 0.18125000000000005 0.4875 0.2250000000000001 0.4875
8 0.35 0.16093750000000004 0.3078125 0.16093750000000004 0.3078125 0.2390625 0.35 0.2390625
39 0.5546875 0.2406250000000001 0.5140625 0.2406250000000001 0.5140625 0.31718750000000007 0.5546875 0.31718750000000007
12 0.5203125 0.3234375000000001 0.4828125 0.3234375000000001 0.4828125 0.3984375000000001 0.5203125 0.3984375000000001
5 0.2109375 0.1609375 0.1671875 0.1609375 0.16718750000000002 0.2390625 0.2109375 0.2390625
19 0.15000000000000005 0.328125 0.11093750000000005 0.328125 0.11093750000000005 0.40625 0.15000000000000005 0.40625
13 0.11406250000000007 0.496875 0.05156250000000007 0.496875 0.05156250000000007 0.575 0.1140625000000001 0.575
22 0.6203125 0.2390625000000001 0.5609375 0.2390625000000001 0.5609375 0.39531250000000007 0.6203125 0.39531250000000007
24 0.24375000000000005 0.3265625 0.2046875 0.3265625 0.20468750000000005 0.403125 0.24375000000000008 0.403125
44 0.023437500000000056 0.41875 5.128208471429541e-17 0.41875 5.568315914873122e-17 0.490625 0.023437500000000062 0.490625
4 0.16250000000000003 0.1625 0.1203125 0.1625 0.12031250000000002 0.240625 0.16250000000000003 0.240625
14 0.465625 0.4875 0.403125 0.4875 0.403125 0.5625 0.465625 0.5625
6 0.2578125 0.16093750000000004 0.215625 0.16093750000000004 0.215625 0.2390625 0.2578125 0.2390625
27 0.3734375 0.24218750000000006 0.3328125 0.2421875 0.3328125 0.31875000000000003 0.3734375 0.3187500000000001
46 0.6171875 0.403125 0.50625 0.403125 0.50625 0.4796875 0.6171875 0.4796875
48 0.4859375 0.15937500000000004 0.446875 0.15937500000000004 0.446875 0.2375000000000001 0.4859375 0.2375000000000001
58 0.07812500000000006 0.415625 0.04062500000000006 0.415625 0.04062500000000006 0.4921875 0.07812500000000007 0.4921875
32 0.029687500000000054 0.4140625 5.070803152719509e-17 0.4140625 5.558748361754783e-17 0.49375 0.029687500000000054 0.49375
23 0.19687500000000005 0.328125 0.15781250000000005 0.328125 0.15781250000000005 0.4046875 0.19687500000000005 0.4046875
38 0.4625 0.24218750000000008 0.425 0.24218750000000008 0.425 0.31718750000000007 0.4625 0.31718750000000007
3 0.11562500000000002 0.1625 0.07187500000000002 0.1625 0.07187500000000002 0.2421875 0.11562500000000005 0.2421875
47 0.3984375000000001 0.490625 0.12343750000000005 0.490625 0.12343750000000006 0.5703125 0.3984375000000001 0.5703125
9 0.396875 0.16093750000000004 0.3546875 0.16093750000000004 0.3546875 0.23906250000000004 0.396875 0.2390625000000001
15 0.27031250000000007 0.409375 0.22812500000000008 0.409375 0.22812500000000008 0.4875 0.27031250000000007 0.4875
16 0.17656250000000004 0.4109375 0.13437500000000005 0.4109375 0.13437500000000005 0.4890625 0.17656250000000004 0.4890625
51 0.23125 0.24375 0.19218750000000004 0.24375 0.19218750000000004 0.3203125 0.23125 0.3203125
54 0.5078125 0.24218750000000008 0.4703125 0.24218750000000008 0.4703125 0.31718750000000007 0.5078125 0.31718750000000007
21 0.14062500000000006 0.2453125 0.09687500000000002 0.2453125 0.09687500000000003 0.3234375 0.14062500000000006 0.3234375
34 0.4984375 0.40625 0.459375 0.40625 0.459375 0.48125 0.4984375 0.48125
45 0.03593750000000005 0.33125 4.0566425221756075e-17 0.33125 4.5350201780925416e-17 0.409375 0.03593750000000005 0.409375
31 0.4296875 0.32500000000000007 0.390625 0.32500000000000007 0.39062500000000006 0.4 0.4296875 0.4
37 0.475 0.32500000000000007 0.4359375 0.32500000000000007 0.4359375 0.4 0.475 0.4
11 0.53125 0.15937500000000004 0.4921875 0.15937500000000004 0.4921875 0.23437500000000008 0.53125 0.23437500000000008
10 0.05625000000000004 0.328125 0.015625000000000038 0.328125 0.015625000000000045 0.4078125 0.05625000000000004 0.4078125
1 0.020312500000000025 0.1640625 2.0091861548511263e-17 0.1640625 2.4779962576497225e-17 0.240625 0.02031250000000003 0.240625
33 0.36406250000000007 0.40625 0.3203125000000001 0.40625 0.3203125000000001 0.4859375 0.36406250000000007 0.4859375
20 0.6203125 0.15937500000000007 0.5390625 0.15937500000000004 0.5390625 0.2312500000000001 0.6203125 0.2312500000000001
36 0.41875 0.24375000000000008 0.3796875 0.24375000000000008 0.3796875 0.31718750000000007 0.41875 0.31718750000000007
43 0.10312500000000005 0.3296875 0.06406250000000005 0.3296875 0.06406250000000005 0.40625 0.10312500000000005 0.40625
28 0.33906250000000004 0.325 0.2984375 0.325 0.2984375 0.403125 0.3390625000000001 0.403125
41 0.04375000000000004 0.246875 0.0031250000000000305 0.246875 0.0031250000000000353 0.325 0.043750000000000046 0.325
53 0.3265625 0.24375 0.2859375 0.24375 0.2859375 0.3203125 0.3265625 0.3203125
7 0.3015625 0.16093750000000004 0.2609375 0.16093750000000004 0.2609375 0.2390625 0.3015625 0.2390625
25 0.29375000000000007 0.3265625 0.2515625 0.3265625 0.2515625 0.403125 0.29375000000000007 0.403125
17 0.017187500000000026 0.165625 2.0283212610878037e-17 0.165625 2.4779962576497225e-17 0.2390625 0.01718750000000003 0.2390625
56 0.09218750000000003 0.2453125 0.050000000000000024 0.2453125 0.05000000000000003 0.3234375 0.09218750000000005 0.3234375
50 0.625 0.4859375 0.5625 0.4859375 0.5625 0.5609375 0.625 0.5609375
52 0.02812500000000004 0.2484375 3.042481891631706e-17 0.2484375 3.4921568881936244e-17 0.321875 0.028125000000000046 0.321875
35 0.3156250000000001 0.4078125 0.2750000000000001 0.4078125 0.2750000000000001 0.484375 0.3156250000000001 0.484375