12 0.625 0.540625 0.5578125 0.540625 0.5578125 0.578125 0.625 0.578125
18 0.6984375 0.4359375 0.63125 0.4359375 0.63125 0.471875 0.6984375 0.471875
24 0.6234375 0.2968750000000001 0.5578125 0.2968750000000001 0.5578125 0.3312500000000001 0.6234375 0.3312500000000001
29 0.621875 0.4171875 0.5578125 0.4171875 0.5578125 0.4546875 0.621875 0.4546875
3 0.4765625 0.19375000000000003 0.4140625 0.19375000000000003 0.4140625 0.22812500000000008 0.4765625 0.22812500000000008
33 0.7 0.3937500000000001 0.63125 0.3937500000000001 0.63125 0.43125 0.7 0.43125
43 0.621875 0.17968750000000008 0.55625 0.17968750000000008 0.55625 0.2140625000000001 0.621875 0.2140625000000001
20 0.4734375 0.596875 0.4078125 0.596875 0.4078125 0.675 0.4734375 0.675
23 0.621875 0.2593750000000001 0.55625 0.2593750000000001 0.55625 0.29375000000000007 0.621875 0.29375000000000007
54 0.55 0.53125 0.4828125 0.53125 0.4828125 0.56875 0.55 0.56875
6 0.475 0.3109375000000001 0.4125 0.3109375000000001 0.4125 0.3468750000000001 0.475 0.3468750000000001
2 0.478125 0.15468750000000003 0.415625 0.15468750000000003 0.415625 0.18906250000000005 0.478125 0.18906250000000005
1 0.4765625 0.11718750000000004 0.4140625 0.11718750000000004 0.4140625 0.15156250000000004 0.4765625 0.15156250000000004
32 0.690625 0.11875000000000009 0.628125 0.11875000000000009 0.628125 0.1546875000000001 0.690625 0.1546875000000001
4 0.4765625 0.23437500000000008 0.4140625 0.23437500000000008 0.4140625 0.2687500000000001 0.4765625 0.2687500000000001
38 0.5484375 0.490625 0.4828125 0.490625 0.4828125 0.5265625 0.5484375 0.5265625
59 0.5484375 0.3281250000000001 0.4828125 0.3281250000000001 0.4828125 0.36406250000000007 0.5484375 0.36406250000000007
22 0.625 0.6140625 0.4796875 0.6140625 0.4796875 0.6734375 0.625 0.6734375
5 0.4765625 0.2718750000000001 0.4125 0.2718750000000001 0.4125 0.3062500000000001 0.4765625 0.3062500000000001
19 0.621875 0.21875000000000008 0.55625 0.21875000000000008 0.55625 0.2531250000000001 0.621875 0.2531250000000001
48 0.475 0.5125 0.4125 0.5125 0.4125 0.55 0.475 0.55
8 0.4765625 0.3906250000000001 0.4109375 0.3906250000000001 0.4109375 0.428125 0.4765625 0.428125
55 0.703125 0.2765625000000001 0.6359375 0.2765625000000001 0.6359375 0.3125000000000001 0.703125 0.3125000000000001
0 0.475 0.471875 0.409375 0.471875 0.409375 0.509375 0.475 0.509375
52 0.5484375 0.07656250000000006 0.4859375 0.07656250000000006 0.4859375 0.12812500000000007 0.5484375 0.1281250000000001
26 0.6296875 0.5859375 0.5625 0.5859375 0.5625 0.6234375 0.6296875 0.6234375
14 0.778125 0.4609375000000001 0.70625 0.4609375 0.70625 0.5234375000000001 0.778125 0.5234375000000002
21 0.55 0.21093750000000008 0.484375 0.21093750000000008 0.484375 0.2453125000000001 0.55 0.2453125000000001
7 0.4765625 0.3500000000000001 0.4125 0.3500000000000001 0.4125 0.38750000000000007 0.4765625 0.38750000000000007
10 0.621875 0.14062500000000008 0.5578125 0.14062500000000008 0.5578125 0.1750000000000001 0.621875 0.1750000000000001
25 0.621875 0.3375000000000001 0.5578125 0.3375000000000001 0.5578125 0.37187500000000007 0.621875 0.37187500000000007
28 0.6234375 0.3765625000000001 0.5578125 0.3765625000000001 0.5578125 0.4125 0.6234375 0.4125
51 0.5484375 0.2890625000000001 0.484375 0.2890625000000001 0.484375 0.3234375000000001 0.5484375 0.3234375000000001
11 0.4734375 0.5546875 0.409375 0.5546875 0.409375 0.5921875 0.4734375 0.5921875
53 0.55 0.3687500000000001 0.484375 0.3687500000000001 0.484375 0.4046875 0.55 0.4046875
41 0.55 0.13281250000000006 0.484375 0.13281250000000006 0.484375 0.16718750000000007 0.55 0.1671875000000001
56 0.55 0.17187500000000006 0.484375 0.17187500000000006 0.484375 0.2062500000000001 0.55 0.2062500000000001
39 0.55 0.5734375 0.4828125 0.5734375 0.4828125 0.6109375 0.55 0.6109375
35 0.696875 0.3546875000000001 0.63125 0.3546875000000001 0.63125 0.3921875000000001 0.696875 0.3921875000000001
27 0.546875 0.409375 0.484375 0.409375 0.484375 0.44375 0.546875 0.44375
40 0.6984375 0.4765625 0.6328125 0.4765625 0.6328125 0.5140625 0.6984375 0.5140625
44 0.6921875 0.06875000000000007 0.6296875 0.06875000000000006 0.6296875 0.1140625000000001 0.6921875 0.1140625000000001
45 0.621875 0.07343750000000007 0.5578125 0.07343750000000007 0.5578125 0.1359375000000001 0.621875 0.1359375000000001
15 0.696875 0.3140625000000001 0.6296875 0.3140625000000001 0.6296875 0.3500000000000001 0.696875 0.3500000000000001
17 0.475 0.07968750000000005 0.415625 0.07968750000000005 0.415625 0.11250000000000004 0.475 0.11250000000000004
50 0.7796875 0.6078125000000001 0.7078125 0.6078125 0.7078125 0.6703125000000001 0.7796875 0.6703125000000002
46 0.7 0.559375 0.63125 0.559375 0.63125 0.66875 0.7 0.66875
34 0.6984375 0.51875 0.6328125 0.51875 0.6328125 0.55625 0.6984375 0.55625
31 0.6234375 0.4578125 0.5578125 0.4578125 0.5578125 0.4953125 0.6234375 0.4953125
42 0.55 0.2500000000000001 0.484375 0.2500000000000001 0.484375 0.2843750000000001 0.55 0.2843750000000001
36 0.55 0.4484375 0.484375 0.4484375 0.484375 0.4859375 0.55 0.4859375
9 0.475 0.4296875 0.4109375 0.4296875 0.4109375 0.4671875 0.475 0.4671875
30 0.7890625000000001 0.06093750000000007 0.309375 0.06093750000000005 0.30937500000000007 1 0.7890625000000002 1
37 0.6234375 0.5 0.5578125 0.5 0.5578125 0.5375 0.6234375 0.5375
57 0.6953125 0.19531250000000008 0.6296875 0.19531250000000008 0.6296875 0.2312500000000001 0.6953125 0.2312500000000001
16 0.696875 0.23437500000000008 0.63125 0.23437500000000008 0.63125 0.2718750000000001 0.696875 0.2718750000000001
47 0.7765625 0.16406250000000008 0.7046875 0.16406250000000008 0.7046875 0.4640625000000001 0.7765625 0.46406250000000016
58 0.69375 0.15625000000000008 0.6296875 0.15625000000000008 0.6296875 0.1921875000000001 0.69375 0.1921875000000001