20 0.621875 0.19687500000000008 0.55625 0.19687500000000008 0.55625 0.2609375000000001 0.621875 0.2609375000000001
23 0.2687500000000001 0.3828125 0.2406250000000001 0.3828125 0.2406250000000001 0.45 0.2687500000000001 0.45
50 0.6359375 0.528125 0.58125 0.528125 0.58125 0.596875 0.6359375 0.596875
57 0.2062500000000001 0.4703125 0.17656250000000004 0.4703125 0.17656250000000004 0.5328125 0.2062500000000001 0.5328125
25 0.3453125000000001 0.378125 0.31718750000000007 0.378125 0.31718750000000007 0.44375 0.3453125000000001 0.44375
29 0.4234375 0.3734375000000001 0.39531250000000007 0.3734375000000001 0.39531250000000007 0.4390625 0.4234375 0.4390625
51 0.2984375 0.2984375 0.271875 0.2984375 0.271875 0.3625 0.2984375 0.3625
8 0.3953125 0.2078125000000001 0.3671875 0.2078125000000001 0.3671875 0.2750000000000001 0.3953125 0.2750000000000001
24 0.3062500000000001 0.3796875 0.27812500000000007 0.3796875 0.27812500000000007 0.4453125 0.3062500000000001 0.4453125
9 0.4328125 0.2062500000000001 0.4046875 0.2062500000000001 0.4046875 0.27031250000000007 0.4328125 0.27031250000000007
48 0.509375 0.20312500000000008 0.48125 0.20312500000000008 0.48125 0.2671875000000001 0.509375 0.2671875000000001
3 0.20625 0.2203125 0.17812500000000003 0.2203125 0.17812500000000003 0.284375 0.20625 0.284375
36 0.453125 0.2906250000000001 0.425 0.2906250000000001 0.425 0.35625000000000007 0.453125 0.35625000000000007
34 0.5203125 0.45 0.4921875 0.45 0.4921875 0.5140625 0.5203125 0.5140625
49 0.09375000000000007 0.5578125 0.042187500000000065 0.5578125 0.04218750000000007 0.628125 0.09375000000000007 0.628125
12 0.5390625 0.3656250000000001 0.5109375 0.3656250000000001 0.5109375 0.43125 0.5390625 0.43125
2 0.17031250000000003 0.2265625 0.14218750000000005 0.2265625 0.14218750000000005 0.2875 0.17031250000000003 0.2875
26 0.578125 0.3625000000000001 0.55 0.3625000000000001 0.55 0.4296875 0.578125 0.4296875
5 0.28125 0.2171875 0.2546875 0.2171875 0.2546875 0.28125 0.28125 0.28125
17 0.09375000000000003 0.2296875 0.06718750000000002 0.2296875 0.06718750000000004 0.2921875 0.09375000000000004 0.2921875
40 0.4828125 0.4515625 0.4546875 0.4515625 0.4546875 0.5140625 0.4828125 0.5140625
44 0.08906250000000007 0.4765625 0.04843750000000006 0.4765625 0.048437500000000064 0.540625 0.08906250000000007 0.540625
53 0.375 0.29375000000000007 0.3484375 0.29375 0.3484375 0.35781250000000003 0.375 0.3578125000000001
42 0.26250000000000007 0.303125 0.234375 0.303125 0.23437500000000006 0.3671875 0.26250000000000007 0.3671875
15 0.3234375000000001 0.4609375 0.29375000000000007 0.4609375 0.29375000000000007 0.5265625 0.3234375000000001 0.5265625
0 0.4703125 0.20468750000000008 0.4421875 0.20468750000000008 0.4421875 0.2687500000000001 0.4703125 0.2687500000000001
46 0.63125 0.4453125 0.5296875 0.4453125 0.5296875 0.5109375 0.63125 0.5109375
55 0.2843750000000001 0.4625 0.25468750000000007 0.4625 0.25468750000000007 0.5265625 0.2843750000000001 0.5265625
58 0.16718750000000004 0.471875 0.13750000000000004 0.471875 0.13750000000000004 0.534375 0.16718750000000004 0.534375
32 0.12968750000000004 0.4734375 0.09687500000000007 0.4734375 0.09687500000000007 0.5390625 0.12968750000000004 0.5390625
6 0.31875 0.2140625 0.2921875 0.2140625 0.2921875 0.2796875 0.31875 0.2796875
45 0.11562500000000005 0.39375 0.05625000000000004 0.39375 0.05625000000000006 0.459375 0.11562500000000005 0.459375
43 0.19062500000000004 0.3875 0.16250000000000003 0.3875 0.16250000000000003 0.4546875 0.19062500000000004 0.4546875
11 0.5453125 0.2000000000000001 0.51875 0.2000000000000001 0.51875 0.26250000000000007 0.5453125 0.26250000000000007
13 0.1921875000000001 0.5546875 0.1390625000000001 0.5546875 0.1390625000000001 0.6234375 0.1921875000000001 0.6234375
4 0.2453125 0.21875 0.2171875 0.21875 0.2171875 0.28125 0.2453125 0.28125
28 0.3828125000000001 0.37343750000000003 0.35625000000000007 0.3734375 0.35625000000000007 0.440625 0.3828125000000001 0.440625
37 0.5 0.3687500000000001 0.471875 0.3687500000000001 0.471875 0.434375 0.5 0.434375
54 0.5296875 0.2843750000000001 0.5015625 0.2843750000000001 0.5015625 0.3500000000000001 0.5296875 0.3500000000000001
14 0.4921875 0.5359375 0.4421875 0.5359375 0.4421875 0.6046875 0.4921875 0.6046875
35 0.3625000000000001 0.459375 0.3343750000000001 0.459375 0.3343750000000001 0.525 0.3625000000000001 0.525
33 0.403125 0.4546875 0.3734375000000001 0.4546875 0.3734375000000001 0.5203125 0.403125 0.5203125
38 0.490625 0.2875000000000001 0.4625 0.2875000000000001 0.4625 0.3531250000000001 0.490625 0.3531250000000001
19 0.2296875000000001 0.384375 0.2015625000000001 0.384375 0.2015625000000001 0.4515625 0.2296875000000001 0.4515625
47 0.4328125 0.54375 0.2000000000000001 0.54375 0.2000000000000001 0.6171875 0.4328125 0.6171875
31 0.4609375 0.37187500000000007 0.434375 0.37187500000000007 0.434375 0.4375 0.4609375 0.4375
27 0.4140625 0.29375000000000007 0.3859375 0.29375000000000007 0.3859375 0.35625000000000007 0.4140625 0.35625000000000007
16 0.2453125000000001 0.4671875 0.2156250000000001 0.4671875 0.2156250000000001 0.53125 0.2453125000000001 0.53125
7 0.3578125 0.2109375 0.3296875 0.2109375 0.3296875 0.275 0.3578125 0.275
10 0.15312500000000004 0.3921875 0.12343750000000005 0.3921875 0.12343750000000005 0.4578125 0.15312500000000004 0.4578125
21 0.22343750000000004 0.303125 0.19531250000000006 0.303125 0.19531250000000006 0.3703125 0.2234375000000001 0.3703125
39 0.565625 0.2812500000000001 0.5375 0.2812500000000001 0.5375 0.34843750000000007 0.565625 0.34843750000000007
52 0.10937500000000004 0.3109375 0.06250000000000004 0.3109375 0.06250000000000004 0.3765625 0.10937500000000004 0.3765625
30 0.9734375 0.05000000000000006 0.017187500000000005 0.05 0.017187500000000046 0.7359375000000001 0.9734375 0.7359375000000001
56 0.18593750000000003 0.30625 0.15625000000000006 0.30625 0.15625000000000006 0.371875 0.18593750000000003 0.371875
1 0.13281250000000006 0.2296875 0.10468750000000004 0.2296875 0.10468750000000004 0.290625 0.13281250000000006 0.290625
59 0.3375 0.296875 0.309375 0.296875 0.309375 0.3625 0.3375 0.3625
41 0.14687500000000003 0.3078125 0.11875000000000005 0.3078125 0.11875000000000005 0.375 0.14687500000000003 0.375
22 0.6265625 0.2765625000000001 0.5765625 0.2765625000000001 0.5765625 0.4265625 0.6265625 0.4265625
18 0.4421875 0.453125 0.4140625 0.453125 0.4140625 0.51875 0.4421875 0.51875