0 0.6328125 0.1687500000000001 0.5890625 0.1687500000000001 0.5890625 0.2531250000000001 0.6328125 0.2531250000000001
2 1 0.17187500000000014 0.990625 0.17187500000000014 0.990625 0.2531250000000001 1 0.2531250000000001
40 0.6171875 0.4328125 0.5765625 0.4328125 0.5765625 0.5109375 0.6171875 0.5109375
30 1 0.014062500000000061 0.0031250000000000015 0.0140625 0.003125000000000041 0.6609375000000001 1 0.6609375000000002
57 0.9671875 0.44062500000000016 0.9234375 0.44062500000000016 0.9234375 0.5218750000000002 0.9671875 0.5218750000000002
59 0.80625 0.2593750000000001 0.7625 0.2593750000000001 0.7625 0.34062500000000007 0.80625 0.34062500000000007
26 0.4984375 0.3437500000000001 0.4578125 0.3437500000000001 0.4578125 0.425 0.4984375 0.425
18 0.6671875 0.4328125 0.625 0.4328125 0.625 0.5140625 0.6671875 0.5140625
29 0.690625 0.3468750000000001 0.65 0.3468750000000001 0.65 0.425 0.690625 0.425
42 0.9046875 0.2609375000000001 0.8609375 0.2609375000000001 0.8609375 0.3421875000000001 0.9046875 0.3421875000000001
55 0.865625 0.43750000000000017 0.8203125 0.43750000000000017 0.8203125 0.5187500000000002 0.865625 0.5187500000000002
8 0.73125 0.17187500000000008 0.6875 0.17187500000000008 0.6875 0.2531250000000001 0.73125 0.2531250000000001
39 0.5109375 0.2562500000000001 0.46875 0.2562500000000001 0.46875 0.3375000000000001 0.5109375 0.3375000000000001
12 0.5453125 0.3437500000000001 0.5046875 0.3437500000000001 0.5046875 0.425 0.5453125 0.425
5 0.88125 0.17187500000000008 0.8359375 0.17187500000000008 0.8359375 0.2531250000000001 0.88125 0.2531250000000001
19 0.9421875 0.3500000000000001 0.9 0.3500000000000001 0.9 0.4312500000000002 0.9421875 0.4312500000000002
13 1 0.5281250000000002 0.9390625 0.5281250000000002 0.9390625 0.6109375000000001 1 0.6109375000000001
22 0.4609375 0.2531250000000001 0.3984375 0.2531250000000001 0.39843750000000006 0.421875 0.4609375 0.421875
24 0.8421875 0.34843750000000007 0.8015625 0.34843750000000007 0.8015625 0.42968750000000017 0.8421875 0.42968750000000017
4 0.93125 0.1734375000000001 0.8875 0.17343750000000008 0.8875 0.25468750000000007 0.93125 0.25468750000000007
14 0.6296875 0.51875 0.5625 0.51875 0.5625 0.6 0.6296875 0.6
6 0.8296875 0.17187500000000008 0.7859375 0.17187500000000008 0.7859375 0.2531250000000001 0.8296875 0.2531250000000001
27 0.7046875 0.2578125000000001 0.6625 0.2578125000000001 0.6625 0.3390625000000001 0.7046875 0.3390625000000001
46 0.5203125 0.4296875 0.4015625 0.4296875 0.4015625 0.5109375 0.5203125 0.5109375
48 0.584375 0.17031250000000006 0.5421875 0.17031250000000003 0.5421875 0.2515625000000001 0.584375 0.2515625000000001
58 1 0.4421875000000002 0.9765625 0.4421875000000002 0.9765625 0.5234375000000002 1 0.5234375000000002
23 0.8921875 0.3500000000000001 0.85 0.3500000000000001 0.85 0.4312500000000002 0.8921875 0.4312500000000002
38 0.60625 0.2578125000000001 0.565625 0.2578125000000001 0.565625 0.3359375000000001 0.60625 0.3359375000000001
3 0.9828125 0.17187500000000014 0.9359375 0.17187500000000014 0.9359375 0.2562500000000001 0.9828125 0.2562500000000001
47 0.928125 0.5234375000000001 0.634375 0.5234375 0.634375 0.6078125000000001 0.928125 0.6078125000000002
9 0.68125 0.17187500000000008 0.6375 0.17187500000000008 0.6375 0.2531250000000001 0.68125 0.2531250000000001
15 0.8171875 0.43750000000000017 0.771875 0.43750000000000017 0.771875 0.5187500000000002 0.8171875 0.5187500000000002
16 0.9171875 0.4390625000000002 0.8734375 0.4390625000000002 0.8734375 0.5203125000000002 0.9171875 0.5203125000000002
51 0.8546875 0.2593750000000001 0.8140625 0.2593750000000001 0.8140625 0.34062500000000007 0.8546875 0.34062500000000007
54 0.559375 0.2578125000000001 0.51875 0.2578125000000001 0.51875 0.3359375000000001 0.559375 0.3359375000000001
21 0.95625 0.2609375000000001 0.9109375 0.2609375000000001 0.9109375 0.3421875000000001 0.95625 0.3421875000000001
34 0.5703125 0.43125 0.5296875 0.43125 0.5296875 0.5125 0.5703125 0.5125
31 0.6421875 0.3468750000000001 0.6015625 0.3468750000000001 0.6015625 0.425 0.6421875 0.425
37 0.59375 0.3453125000000001 0.553125 0.3453125000000001 0.553125 0.4265625 0.59375 0.4265625
11 0.534375 0.17031250000000003 0.49375 0.17031250000000003 0.49375 0.2484375000000001 0.534375 0.2484375000000001
33 0.71875 0.4328125 0.671875 0.4328125 0.671875 0.5171875 0.71875 0.5171875
20 0.484375 0.16718750000000004 0.3984375 0.16718750000000004 0.3984375 0.2453125000000001 0.484375 0.2453125000000001
36 0.65625 0.2593750000000001 0.6140625 0.2593750000000001 0.6140625 0.3375000000000001 0.65625 0.3375000000000001
43 0.9921875 0.3500000000000001 0.9515625 0.3500000000000001 0.9515625 0.4312500000000002 0.9921875 0.4312500000000002
28 0.7421875 0.3468750000000001 0.6984375 0.3468750000000001 0.6984375 0.4281250000000001 0.7421875 0.4281250000000002
53 0.7546875 0.2593750000000001 0.7109375 0.2593750000000001 0.7109375 0.34062500000000007 0.7546875 0.34062500000000007
7 0.78125 0.17187500000000008 0.7375 0.17187500000000008 0.7375 0.2531250000000001 0.78125 0.2531250000000001
25 0.7921875 0.34843750000000007 0.7484375 0.34843750000000007 0.7484375 0.42968750000000017 0.7921875 0.42968750000000017
56 1 0.2593750000000001 0.9625 0.2593750000000001 0.9625 0.3421875000000001 1 0.3421875000000001
50 0.4609375 0.5171875 0.39531250000000007 0.5171875 0.39531250000000007 0.5984375 0.4609375 0.5984375
35 0.765625 0.43437500000000007 0.7234375 0.434375 0.7234375 0.5156250000000001 0.765625 0.5156250000000002