12 0.4796875 0.4453125 0.4140625 0.4453125 0.4140625 0.4828125 0.4796875 0.4828125
18 0.4078125 0.5515625 0.3421875000000001 0.5515625 0.3421875000000001 0.5859375 0.4078125 0.5859375
24 0.48125 0.6890625 0.415625 0.6890625 0.415625 0.7234375 0.48125 0.7234375
29 0.4796875 0.56875 0.4171875 0.56875 0.4171875 0.6046875 0.4796875 0.6046875
3 0.6218750000000002 0.790625 0.5593750000000002 0.790625 0.5593750000000002 0.825 0.6218750000000002 0.825
33 0.4078125 0.590625 0.3421875000000001 0.590625 0.3421875000000001 0.628125 0.4078125 0.628125
43 0.47968750000000016 0.8046875 0.4156250000000002 0.8046875 0.4156250000000002 0.8390625 0.47968750000000016 0.8390625
20 0.6265625 0.3500000000000001 0.5609375 0.3500000000000001 0.5609375 0.428125 0.6265625 0.428125
23 0.47968750000000016 0.7265625 0.4156250000000002 0.7265625 0.4156250000000002 0.7609375 0.47968750000000016 0.7609375
54 0.553125 0.45625 0.4875 0.45625 0.4875 0.49375 0.553125 0.49375
6 0.6234375 0.675 0.5609375 0.675 0.5609375 0.709375 0.6234375 0.709375
2 0.6187500000000001 0.828125 0.5578125000000002 0.828125 0.5578125000000002 0.8625 0.6187500000000001 0.8625
1 0.6203125000000002 0.865625 0.5593750000000002 0.865625 0.5593750000000002 0.9 0.6203125000000002 0.9
32 0.4109375000000002 0.8640625 0.34843750000000007 0.8640625 0.34843750000000007 0.8984375 0.4109375000000002 0.8984375
4 0.6218750000000002 0.7515625 0.5593750000000002 0.7515625 0.5593750000000002 0.7859375 0.6218750000000002 0.7859375
38 0.5546875 0.4984375 0.4890625 0.4984375 0.4890625 0.5328125 0.5546875 0.5328125
59 0.553125 0.6578125 0.4890625 0.6578125 0.4890625 0.6921875 0.553125 0.6921875
22 0.55625 0.3531250000000001 0.4125 0.3531250000000001 0.4125 0.4109375 0.55625 0.4109375
5 0.6218750000000001 0.7140625 0.559375 0.7140625 0.5593750000000001 0.7484375 0.6218750000000002 0.7484375
19 0.47968750000000016 0.765625 0.4156250000000002 0.765625 0.4156250000000002 0.8 0.47968750000000016 0.8
48 0.6234375 0.475 0.5609375 0.475 0.5609375 0.5109375 0.6234375 0.5109375
8 0.625 0.5953125 0.559375 0.5953125 0.559375 0.63125 0.625 0.63125
55 0.40312500000000007 0.7078125 0.3375000000000001 0.7078125 0.3375000000000001 0.7421875 0.4031250000000002 0.7421875
0 0.625 0.5140625 0.559375 0.5140625 0.559375 0.5515625 0.625 0.5515625
52 0.5515625000000002 0.8890625 0.4890625000000002 0.8890625 0.4890625000000002 0.9390625 0.5515625000000002 0.9390625
26 0.475 0.403125 0.409375 0.403125 0.409375 0.440625 0.475 0.440625
14 0.33281250000000007 0.5 0.26250000000000007 0.5 0.26250000000000007 0.5625 0.33281250000000007 0.5625
21 0.5515625000000002 0.775 0.48750000000000016 0.775 0.48750000000000016 0.809375 0.5515625000000002 0.809375
7 0.621875 0.634375 0.559375 0.634375 0.559375 0.6703125 0.621875 0.6703125
10 0.47968750000000016 0.84375 0.41718750000000016 0.84375 0.41718750000000016 0.878125 0.47968750000000016 0.878125
25 0.4796875 0.6484375 0.4171875 0.6484375 0.4171875 0.6828125 0.4796875 0.6828125
28 0.48125 0.609375 0.415625 0.609375 0.415625 0.64375 0.48125 0.64375
51 0.5515625000000001 0.696875 0.4890625 0.696875 0.48906250000000007 0.73125 0.5515625000000002 0.73125
11 0.625 0.4328125 0.5625 0.4328125 0.5625 0.4703125 0.625 0.4703125
53 0.5515625 0.61875 0.4875 0.61875 0.4875 0.653125 0.5515625 0.653125
41 0.5531250000000002 0.8515625 0.48750000000000016 0.8515625 0.48750000000000016 0.8859375 0.5531250000000002 0.8859375
56 0.5531250000000002 0.8125 0.48750000000000016 0.8125 0.48750000000000016 0.846875 0.5531250000000002 0.846875
39 0.553125 0.4140625 0.4875 0.4140625 0.4875 0.4515625 0.553125 0.4515625
35 0.4078125 0.63125 0.3421875000000001 0.63125 0.3421875000000001 0.6671875 0.4078125 0.6671875
27 0.5515625 0.578125 0.4890625 0.578125 0.4890625 0.6125 0.5515625 0.6125
40 0.4078125 0.509375 0.3421875000000001 0.509375 0.3421875000000001 0.5453125 0.4078125 0.5453125
44 0.40937500000000016 0.903125 0.3468750000000001 0.903125 0.3468750000000001 0.946875 0.40937500000000016 0.946875
45 0.47968750000000016 0.88125 0.41718750000000016 0.88125 0.41718750000000016 0.94375 0.47968750000000016 0.94375
15 0.409375 0.671875 0.3437500000000001 0.671875 0.3437500000000001 0.70625 0.409375 0.70625
17 0.6187500000000001 0.9046875 0.5593750000000002 0.9046875 0.5593750000000002 0.9375 0.6187500000000001 0.9375
50 0.33125000000000004 0.3546875 0.2625 0.3546875 0.26250000000000007 0.4171875 0.3312500000000001 0.4171875
46 0.4078125 0.35625000000000007 0.3421875 0.35625 0.34218750000000003 0.465625 0.4078125 0.465625
34 0.4078125 0.46875 0.3421875000000001 0.46875 0.3421875000000001 0.50625 0.4078125 0.50625
31 0.4796875 0.528125 0.415625 0.528125 0.415625 0.565625 0.4796875 0.565625
42 0.5515625000000002 0.7359375 0.48750000000000016 0.7359375 0.48750000000000016 0.7703125 0.5515625000000002 0.7703125
36 0.5515625 0.5375 0.4875 0.5375 0.4875 0.5734375 0.5515625 0.5734375
9 0.6234375 0.55625 0.5609375 0.55625 0.5609375 0.5921875 0.6234375 0.5921875
30 0.7250000000000001 0.02968750000000006 0.253125 0.029687500000000033 0.25312500000000004 0.9546875 0.7250000000000002 0.9546875
37 0.4796875 0.4875 0.415625 0.4875 0.415625 0.5234375 0.4796875 0.5234375
57 0.40937500000000016 0.7890625 0.3437500000000001 0.7890625 0.3437500000000001 0.8234375 0.40937500000000016 0.8234375
16 0.4078125000000002 0.7484375 0.3437500000000001 0.7484375 0.3437500000000001 0.784375 0.4078125000000002 0.784375
47 0.3343750000000001 0.5609375 0.2656250000000001 0.5609375 0.2656250000000001 0.8546875 0.3343750000000001 0.8546875
58 0.4078125000000002 0.8265625 0.3453125000000001 0.8265625 0.3453125000000001 0.8609375 0.4078125000000002 0.8609375