29 0.68125 0.5421875 0.6078125 0.5421875 0.6078125 0.5828125 0.68125 0.5828125
43 0.7000000000000002 0.8734375 0.6250000000000002 0.8734375 0.6250000000000002 0.9140625 0.7000000000000002 0.9140625
58 0.7875000000000002 0.9015625 0.7171875000000002 0.9015625 0.7171875000000002 0.94375 0.7875000000000002 0.94375
46 0.75625 0.2484375000000001 0.6828125 0.2484375000000001 0.6828125 0.3890625000000001 0.75625 0.3890625000000001
18 0.7671875 0.5140625000000001 0.69375 0.5140625 0.69375 0.5546875000000001 0.7671875 0.5546875000000002
45 0.7078125000000002 0.9828125 0.6328125000000002 0.9828125 0.6328125000000002 1 0.7078125000000002 1
7 0.50625 0.6421875 0.434375 0.6421875 0.434375 0.68125 0.50625 0.68125
36 0.5890625 0.5046875 0.5171875 0.5046875 0.5171875 0.5453125 0.5890625 0.5453125
3 0.5187500000000002 0.8609375 0.44531250000000017 0.8609375 0.44531250000000017 0.9015625 0.5187500000000002 0.9015625
27 0.5921875 0.559375 0.5203125 0.559375 0.5203125 0.5984375 0.5921875 0.5984375
50 0.846875 0.24218750000000008 0.7703125 0.24218750000000008 0.7703125 0.30156250000000007 0.846875 0.30156250000000007
34 0.7609375 0.40312500000000007 0.690625 0.403125 0.690625 0.4437500000000001 0.7609375 0.4437500000000002
53 0.596875 0.6125 0.5234375 0.6125 0.5234375 0.653125 0.596875 0.653125
51 0.6000000000000001 0.721875 0.5265625 0.721875 0.5265625 0.7609375 0.6000000000000002 0.7609375
1 0.5218750000000002 0.9703125 0.4515625000000002 0.9703125 0.4515625000000002 1 0.5218750000000002 1
42 0.6046875000000002 0.775 0.5312500000000002 0.775 0.5312500000000002 0.815625 0.6046875000000002 0.815625
15 0.7734375 0.6796875000000001 0.7015625 0.6796875 0.7015625 0.7203125000000001 0.7734375 0.7203125000000001
35 0.771875 0.6234375000000001 0.7 0.6234375 0.7 0.6640625000000001 0.771875 0.6640625000000002
6 0.5093750000000001 0.6953125 0.4375 0.6953125 0.4375000000000001 0.734375 0.5093750000000001 0.734375
21 0.6078125000000002 0.83125 0.5343750000000002 0.83125 0.5343750000000002 0.871875 0.6078125000000002 0.871875
30 0.98125 0.02187500000000007 0.2 0.021875000000000023 0.20000000000000004 1 0.98125 1
10 0.7015625000000002 0.928125 0.6265625000000001 0.928125 0.6265625000000001 0.9703125 0.7015625000000002 0.9703125
13 0.8765625 0.8734375 0.803125 0.8734375 0.803125 0.9296875 0.8765625 0.9296875
4 0.5156250000000002 0.8046875 0.4437500000000002 0.8046875 0.4437500000000002 0.8453125 0.5156250000000002 0.8453125
11 0.4890625 0.3687500000000001 0.41875 0.3687500000000001 0.41875 0.409375 0.4890625 0.409375
8 0.5046875 0.5890625 0.4296875 0.5890625 0.4296875 0.6296875 0.5046875 0.6296875
14 0.8578125 0.4546875000000002 0.7828125 0.4546875000000002 0.7828125 0.5109375000000002 0.8578125 0.5109375000000002
39 0.5796875 0.3390625000000001 0.5046875 0.3390625000000001 0.5046875 0.37968750000000007 0.5796875 0.37968750000000007
57 0.7828125000000001 0.8453125 0.7125000000000001 0.8453125 0.7125000000000001 0.8859375 0.7828125000000001 0.8859375
37 0.675 0.4328125 0.6015625 0.4328125 0.6015625 0.4734375 0.675 0.4734375
28 0.6859375 0.596875 0.6109375 0.596875 0.6109375 0.6375 0.6859375 0.6375
31 0.678125 0.4875 0.603125 0.4875 0.603125 0.528125 0.678125 0.528125
2 0.5203125000000002 0.915625 0.44531250000000017 0.915625 0.44531250000000017 0.95625 0.5203125000000002 0.95625
56 0.6109375000000001 0.8875 0.5343750000000002 0.8875 0.5343750000000002 0.928125 0.6109375000000001 0.928125
16 0.7812500000000002 0.7906250000000001 0.7078125000000002 0.790625 0.7078125000000002 0.83125 0.7812500000000002 0.83125
26 0.66875 0.3234375000000001 0.59375 0.3234375000000001 0.59375 0.36406250000000007 0.66875 0.36406250000000007
33 0.7703125 0.5687500000000001 0.696875 0.56875 0.696875 0.6093750000000001 0.7703125 0.6093750000000002
41 0.6140625000000002 0.940625 0.5390625000000002 0.940625 0.5390625000000002 0.9828125 0.6140625000000002 0.9828125
20 0.4859375 0.2578125000000001 0.4109375 0.2578125000000001 0.4109375 0.3546875000000001 0.4859375 0.3546875000000001
12 0.671875 0.3781250000000001 0.596875 0.3781250000000001 0.596875 0.4203125 0.671875 0.4203125
47 0.8796875 0.5218750000000002 0.7859375 0.5218750000000002 0.7859375000000001 0.8625 0.8796875 0.8625
40 0.7640625 0.45781250000000007 0.69375 0.4578125 0.69375 0.4984375000000001 0.7640625 0.4984375000000002
54 0.584375 0.39531250000000007 0.5109375 0.39531250000000007 0.5109375 0.4359375 0.584375 0.4359375
24 0.690625 0.7078125 0.615625 0.7078125 0.6156250000000001 0.746875 0.6906250000000002 0.746875
19 0.6953125000000002 0.8171875 0.6218750000000002 0.8171875 0.6218750000000002 0.8578125 0.6953125000000002 0.8578125
55 0.7781250000000002 0.7328125000000001 0.7046875000000001 0.7328125 0.7046875000000001 0.7734375000000001 0.7781250000000002 0.7734375000000002
59 0.5984375 0.6671875 0.5265625 0.6671875 0.5265625 0.70625 0.5984375 0.70625
25 0.6875 0.653125 0.6140625 0.653125 0.6140625 0.69375 0.6875 0.69375
38 0.5859375 0.45 0.5125 0.45 0.5125 0.490625 0.5859375 0.490625
22 0.6640625 0.2531250000000001 0.5015625 0.2531250000000001 0.5015625 0.3234375000000001 0.6640625 0.3234375000000001
23 0.6937500000000002 0.7609375 0.6187500000000001 0.7609375 0.6187500000000001 0.8 0.6937500000000002 0.8
9 0.5 0.5328125 0.428125 0.5328125 0.428125 0.5734375 0.5 0.5734375
48 0.49375 0.4234375 0.421875 0.4234375 0.421875 0.4640625 0.49375 0.4640625
32 0.7921875000000002 0.9578125 0.7187500000000002 0.9578125 0.7187500000000002 1 0.7921875000000002 1
0 0.4984375 0.478125 0.4265625 0.478125 0.4265625 0.51875 0.4984375 0.51875
5 0.5125000000000002 0.7484375 0.44062500000000016 0.7484375 0.44062500000000016 0.7875 0.5125000000000002 0.7875