28 0.621875 0.4609375 0.5859375 0.4609375 0.5859375 0.515625 0.621875 0.515625
1 0.9 0.3312500000000001 0.865625 0.3312500000000001 0.865625 0.3828125000000001 0.9 0.3828125000000001
35 0.64375 0.525 0.6078125 0.525 0.6078125 0.5796875 0.64375 0.5796875
22 0.37187500000000007 0.39687500000000003 0.3125000000000001 0.396875 0.3125000000000001 0.521875 0.37187500000000007 0.521875
13 0.84375 0.5843750000000002 0.7875 0.5843750000000002 0.7875 0.6406250000000002 0.84375 0.6406250000000002
4 0.778125 0.3312500000000001 0.74375 0.3312500000000001 0.74375 0.3843750000000001 0.778125 0.3843750000000001
51 0.7171875 0.3937500000000001 0.6828125 0.3937500000000001 0.6828125 0.4484375 0.7171875 0.4484375
21 0.8 0.3937500000000001 0.765625 0.3937500000000001 0.765625 0.4468750000000002 0.8 0.4468750000000002
3 0.8203125 0.3312500000000001 0.7859375 0.3312500000000001 0.7859375 0.3843750000000001 0.8203125 0.3843750000000001
53 0.6328125 0.39531250000000007 0.596875 0.39531250000000007 0.596875 0.4515625 0.6328125 0.4515625
58 0.8515625 0.5203125000000002 0.815625 0.5203125000000002 0.815625 0.5734375000000002 0.8515625 0.5734375000000002
27 0.590625 0.39531250000000007 0.553125 0.39531250000000007 0.553125 0.45 0.590625 0.45
16 0.7703125 0.5234375000000002 0.734375 0.5234375000000002 0.734375 0.5781250000000002 0.7703125 0.5781250000000002
33 0.6 0.5265625 0.5640625 0.5265625 0.5640625 0.5828125 0.6 0.5828125
42 0.7609375 0.3937500000000001 0.725 0.3937500000000001 0.725 0.4484375000000001 0.7609375 0.44843750000000016
24 0.70625 0.4609375 0.671875 0.4609375 0.671875 0.5140625 0.70625 0.5140625
9 0.5703125 0.3296875000000001 0.5328125 0.3296875000000001 0.5328125 0.3843750000000001 0.5703125 0.3843750000000001
59 0.6765625 0.39531250000000007 0.640625 0.39531250000000007 0.640625 0.4484375 0.6765625 0.4484375
5 0.7375 0.33281250000000007 0.7015625 0.33281250000000007 0.7015625 0.3859375000000001 0.7375 0.3859375000000001
54 0.4609375 0.39531250000000007 0.4234375 0.39531250000000007 0.4234375 0.4515625 0.4609375 0.4515625
55 0.728125 0.5250000000000001 0.6921875 0.525 0.6921875 0.5781250000000001 0.728125 0.5781250000000002
39 0.415625 0.39531250000000007 0.3781250000000001 0.39531250000000007 0.3781250000000001 0.4515625 0.415625 0.4515625
23 0.7484375 0.4593750000000001 0.7140625 0.459375 0.7140625 0.5125000000000001 0.7484375 0.5125000000000002
31 0.534375 0.4609375 0.4984375 0.4609375 0.4984375 0.515625 0.534375 0.515625
15 0.6875 0.525 0.65 0.525 0.65 0.5796875 0.6875 0.5796875
17 0.940625 0.3312500000000001 0.90625 0.3312500000000001 0.90625 0.3812500000000001 0.940625 0.3812500000000001
32 0.890625 0.5203125000000002 0.8578125 0.5203125000000002 0.8578125 0.5734375000000002 0.890625 0.5734375000000002
25 0.6640625 0.4609375 0.628125 0.4609375 0.628125 0.5140625 0.6640625 0.5140625
29 0.578125 0.459375 0.5421875 0.459375 0.5421875 0.515625 0.578125 0.515625
11 0.4375 0.3296875000000001 0.4015625 0.3296875000000001 0.4015625 0.3843750000000001 0.4375 0.3843750000000001
47 0.784375 0.5890625 0.53125 0.5890625 0.53125 0.6515625 0.784375 0.6515625000000002
20 0.3921875 0.33125000000000004 0.3140625 0.33125 0.3140625 0.38593750000000004 0.3921875000000001 0.3859375000000001
7 0.653125 0.3312500000000001 0.61875 0.3312500000000001 0.61875 0.3843750000000001 0.653125 0.3843750000000001
52 0.940625 0.3937500000000001 0.8890625 0.3937500000000001 0.8890625 0.44531250000000017 0.940625 0.44531250000000017
10 0.8703125 0.45625000000000016 0.8359375 0.45625000000000016 0.8359375 0.5093750000000001 0.8703125 0.5093750000000001
41 0.8828125 0.3921875000000001 0.846875 0.3921875000000001 0.846875 0.4468750000000002 0.8828125 0.4468750000000002
45 0.9421875 0.4593750000000002 0.8765625 0.4593750000000002 0.8765625 0.5109375000000002 0.9421875 0.5109375000000002
0 0.525 0.3296875000000001 0.4875 0.3296875000000001 0.4875 0.3843750000000001 0.525 0.3843750000000001
34 0.4703125 0.5265625 0.4328125 0.5265625 0.4328125 0.5828125 0.4703125 0.5828125
57 0.8109375 0.5203125000000002 0.7765625 0.5203125000000002 0.7765625 0.5750000000000002 0.8109375 0.5750000000000002
19 0.7890625 0.4578125000000002 0.7546875 0.4578125000000002 0.7546875 0.5109375000000002 0.7890625 0.5109375000000002
56 0.8421875 0.3921875000000001 0.80625 0.3921875000000001 0.80625 0.44531250000000017 0.8421875 0.44531250000000017
40 0.5140625 0.528125 0.4765625 0.528125 0.4765625 0.58125 0.5140625 0.58125
30 0.959375 0.24687500000000004 3.023346785395028e-17 0.246875 5.663991446056509e-17 0.6781250000000001 0.959375 0.6781250000000002
38 0.503125 0.39531250000000007 0.4671875 0.39531250000000007 0.4671875 0.45 0.503125 0.45
44 0.9421875 0.5187500000000002 0.8984375 0.5187500000000002 0.8984375 0.5718750000000001 0.9421875 0.5718750000000001
49 0.946875 0.5812500000000002 0.8890625 0.5812500000000002 0.8890625 0.6375000000000002 0.946875 0.6375000000000002
46 0.4265625 0.5296875 0.31718750000000007 0.5296875 0.31718750000000007 0.5859375 0.4265625 0.5859375
12 0.4484375 0.4609375 0.4109375 0.4609375 0.4109375 0.515625 0.4484375 0.515625
37 0.490625 0.4625 0.4546875 0.4625 0.4546875 0.5171875 0.490625 0.5171875
43 0.83125 0.45625000000000016 0.796875 0.45625000000000016 0.796875 0.5093750000000001 0.83125 0.5093750000000001
14 0.528125 0.5921875 0.46875 0.5921875 0.46875 0.653125 0.528125 0.653125
18 0.55625 0.5265625 0.5203125 0.5265625 0.5203125 0.5828125 0.55625 0.5828125
2 0.859375 0.33281250000000007 0.825 0.33281250000000007 0.825 0.3828125000000001 0.859375 0.3828125000000001
6 0.6953125 0.3312500000000001 0.659375 0.3312500000000001 0.659375 0.3859375000000001 0.6953125 0.3859375000000001
36 0.5484375 0.39531250000000007 0.5109375 0.39531250000000007 0.5109375 0.45 0.5484375 0.45
50 0.3750000000000001 0.5953125 0.3125000000000001 0.5953125 0.3125000000000001 0.6515625 0.3750000000000001 0.6515625
26 0.4046875 0.4609375 0.3671875000000001 0.4609375 0.3671875000000001 0.515625 0.4046875 0.515625
8 0.6125 0.3296875000000001 0.5765625 0.3296875000000001 0.5765625 0.3843750000000001 0.6125 0.3843750000000001
48 0.4828125 0.3312500000000001 0.4453125 0.3312500000000001 0.4453125 0.3843750000000001 0.4828125 0.3843750000000001