40 0.38125 0.08437500000000005 0.303125 0.08437500000000005 0.303125 0.15937500000000004 0.38125 0.15937500000000004
51 0.19531250000000006 0.4734375 0.11406250000000004 0.4734375 0.11406250000000007 0.5484375 0.19531250000000008 0.5484375
55 0.3812500000000001 0.4984375 0.3031250000000001 0.4984375 0.3031250000000001 0.5703125 0.3812500000000001 0.5703125
12 0.2890625 3.042481891631705e-17 0.2078125 2.5449691294780934e-17 0.2078125 0.026562500000000027 0.2890625 0.026562500000000034
5 0.10000000000000006 0.5140625 0.014062500000000061 0.5140625 0.014062500000000066 0.5890625 0.10000000000000009 0.5890625
44 0.3781250000000001 0.9046875 0.3000000000000001 0.9046875 0.3000000000000001 0.9703125 0.3781250000000001 0.9703125
49 0.4906250000000002 0.8921875 0.3906250000000001 0.8921875 0.3906250000000001 0.9703125 0.4906250000000002 0.9703125
59 0.19687500000000005 0.3890625 0.11250000000000004 0.3890625 0.11250000000000004 0.4640625 0.19687500000000005 0.4640625
18 0.38125 0.17031250000000003 0.303125 0.17031250000000003 0.303125 0.24218750000000006 0.38125 0.24218750000000008
13 0.48906250000000007 0.6625 0.3921875000000001 0.6625 0.3921875000000001 0.734375 0.4890625000000002 0.734375
4 0.09843750000000008 0.5984375 0.010937500000000072 0.5984375 0.010937500000000077 0.675 0.0984375000000001 0.675
27 0.19531250000000006 0.21875 0.11250000000000004 0.21875 0.11250000000000004 0.2953125 0.19531250000000006 0.2953125
1 0.09687500000000011 0.8546875 0.009375000000000105 0.8546875 0.009375000000000109 0.9328125 0.09687500000000011 0.9328125
29 0.290625 0.20625 0.2078125 0.20625 0.2078125 0.28125 0.290625 0.28125
47 0.490625 0.2953125000000001 0.39375 0.2953125000000001 0.39375000000000004 0.6546875 0.490625 0.6546875
52 0.19218750000000012 0.8921875 0.10781250000000009 0.8921875 0.10781250000000012 0.984375 0.19218750000000012 0.984375
57 0.3812500000000001 0.659375 0.3031250000000001 0.659375 0.3031250000000001 0.73125 0.3812500000000001 0.73125
3 0.0984375000000001 0.6828125 0.010937500000000083 0.6828125 0.01093750000000009 0.7609375 0.0984375000000001 0.7609375
35 0.38125000000000003 0.33593750000000006 0.303125 0.3359375 0.30312500000000003 0.409375 0.3812500000000001 0.409375
17 0.09375000000000011 0.9421875 0.006250000000000117 0.9421875 0.006250000000000119 0.990625 0.09375000000000011 0.990625
56 0.19531250000000008 0.7234375 0.10781250000000009 0.7234375 0.10781250000000009 0.8 0.19531250000000008 0.8
48 0.0953125 6.314585058103541e-18 0.0078125 9.567553118338697e-19 0.007812500000000003 0.0765625 0.0953125 0.07656250000000002
16 0.3812500000000001 0.578125 0.3031250000000001 0.578125 0.3031250000000001 0.6515625 0.3812500000000001 0.6515625
38 0.1921875 0.048437500000000015 0.1078125 0.04843750000000001 0.1078125 0.12656250000000002 0.1921875 0.12656250000000005
14 0.490625 0.21250000000000008 0.39375 0.21250000000000008 0.39375 0.2875000000000001 0.490625 0.2875000000000001
33 0.3828125 0.2515625 0.3015625 0.2515625 0.3015625 0.32812500000000006 0.3828125 0.3281250000000001
32 0.3781250000000001 0.821875 0.3000000000000001 0.821875 0.3000000000000001 0.896875 0.3781250000000001 0.896875
6 0.09843750000000005 0.428125 0.01250000000000005 0.428125 0.012500000000000056 0.5046875 0.09843750000000007 0.5046875
9 0.09843750000000002 0.1703125 0.010937500000000022 0.1703125 0.010937500000000027 0.2484375 0.09843750000000002 0.2484375
21 0.19687500000000008 0.6375 0.11250000000000009 0.6375 0.11250000000000009 0.7140625 0.19687500000000008 0.7140625
34 0.38125 4.190588265832349e-17 0.303125 3.7122106099154144e-17 0.303125 0.07500000000000004 0.38125 0.07500000000000004
0 0.09687500000000002 0.08281250000000001 0.009375000000000012 0.0828125 0.009375000000000015 0.1609375 0.09687500000000002 0.1609375
10 0.2875000000000001 0.784375 0.2078125000000001 0.784375 0.2078125000000001 0.859375 0.2875000000000001 0.859375
2 0.0968750000000001 0.76875 0.009375000000000095 0.76875 0.009375000000000099 0.8453125 0.09687500000000011 0.8453125
15 0.3812500000000001 0.415625 0.3031250000000001 0.415625 0.3031250000000001 0.490625 0.3812500000000001 0.490625
37 0.290625 0.035937500000000025 0.2078125 0.035937500000000025 0.2078125 0.11250000000000004 0.290625 0.11250000000000004
54 0.19375 1.8465377518393686e-17 0.1078125 1.3203223303307403e-17 0.1078125 0.040625000000000015 0.19375 0.04062500000000002
25 0.2906250000000001 0.3734375 0.2093750000000001 0.3734375 0.2093750000000001 0.446875 0.2906250000000001 0.446875
58 0.3812500000000001 0.7390625 0.30156250000000007 0.7390625 0.30156250000000007 0.8140625 0.3812500000000001 0.8140625
7 0.09843750000000004 0.3421875 0.010937500000000041 0.3421875 0.010937500000000046 0.41875 0.09843750000000004 0.41875
19 0.2890625000000001 0.621875 0.2078125000000001 0.621875 0.2078125000000001 0.6953125 0.2890625000000001 0.6953125
36 0.19531250000000003 0.13437500000000002 0.109375 0.134375 0.10937500000000003 0.2125 0.19531250000000006 0.2125
42 0.19531250000000008 0.5546875 0.11250000000000009 0.5546875 0.11250000000000009 0.63125 0.19531250000000008 0.63125
30 0.5171875000000001 3.1764276352884476e-17 0.0015625 1.9135106236677395e-19 0.001562500000000061 1 0.5171875000000001 1
41 0.1937500000000001 0.80625 0.10781250000000009 0.80625 0.10781250000000009 0.884375 0.1937500000000001 0.884375
8 0.10000000000000005 0.25625 0.012500000000000034 0.25625 0.012500000000000035 0.334375 0.10000000000000005 0.334375
53 0.19687500000000005 0.3046875 0.11250000000000004 0.3046875 0.11250000000000004 0.3796875 0.19687500000000005 0.3796875
43 0.2890625000000001 0.7015625 0.2093750000000001 0.7015625 0.2093750000000001 0.7765625 0.2890625000000001 0.7765625
31 0.2921875 0.12031250000000004 0.209375 0.12031250000000004 0.209375 0.19687500000000005 0.2921875 0.19687500000000005
23 0.2890625000000001 0.5390625 0.21093750000000008 0.5390625 0.21093750000000008 0.6109375 0.2890625000000001 0.6109375
50 0.4921875 0.04843750000000005 0.3953125 0.04843750000000004 0.3953125 0.12343750000000005 0.4921875 0.12343750000000005
45 0.2875000000000001 0.86875 0.2062500000000001 0.86875 0.2062500000000001 0.978125 0.2875000000000001 0.978125
24 0.2906250000000001 0.4578125 0.2093750000000001 0.4578125 0.2093750000000001 0.5296875 0.2906250000000001 0.5296875
28 0.290625 0.290625 0.209375 0.290625 0.20937500000000003 0.3640625 0.2906250000000001 0.3640625