14 0.5234375 0.534375 0.46875 0.534375 0.46875 0.584375 0.5234375 0.584375
18 0.578125 0.571875 0.5265625 0.571875 0.5265625 0.61875 0.578125 0.61875
38 0.68125 0.6359375 0.6328125 0.6359375 0.6328125 0.6828125 0.68125 0.6828125
16 0.571875 0.29375000000000007 0.521875 0.29375000000000007 0.521875 0.34062500000000007 0.571875 0.34062500000000007
41 0.671875 0.1468750000000001 0.621875 0.1468750000000001 0.621875 0.19687500000000008 0.671875 0.19687500000000008
24 0.625 0.3781250000000001 0.5734375 0.3781250000000001 0.5734375 0.4234375 0.625 0.4234375
45 0.6203125 0.09062500000000007 0.56875 0.09062500000000007 0.56875 0.1515625000000001 0.6203125 0.1515625000000001
22 0.6343750000000001 0.7625 0.5828125000000002 0.7625 0.5828125000000002 0.8671875 0.6343750000000001 0.8671875
37 0.63125 0.653125 0.5796875 0.653125 0.5796875 0.7 0.63125 0.7
53 0.6765625 0.4734375 0.628125 0.4734375 0.628125 0.5171875 0.6765625 0.5171875
39 0.6843750000000002 0.746875 0.6343750000000001 0.746875 0.6343750000000001 0.7953125 0.6843750000000002 0.7953125
42 0.6734375 0.3125000000000001 0.6265625 0.3125000000000001 0.6265625 0.3578125000000001 0.6734375 0.3578125000000001
36 0.6796875 0.5796875 0.6328125 0.5796875 0.6328125 0.6265625 0.6796875 0.6265625
51 0.675 0.3656250000000001 0.6296875 0.3656250000000001 0.6296875 0.409375 0.675 0.409375
54 0.6812500000000001 0.690625 0.63125 0.690625 0.6312500000000001 0.7390625 0.6812500000000001 0.7390625
32 0.5203125 0.2812500000000001 0.4640625 0.2812500000000001 0.4640625 0.33281250000000007 0.5203125 0.33281250000000007
48 0.7296875 0.6609375000000001 0.6828125 0.6609375 0.6828125 0.7078125000000001 0.7296875 0.7078125000000002
44 0.5703125 0.08593750000000007 0.515625 0.08593750000000007 0.515625 0.17656250000000007 0.5703125 0.1765625000000001
58 0.5703125 0.18281250000000007 0.51875 0.18281250000000004 0.51875 0.2312500000000001 0.5703125 0.2312500000000001
43 0.6234375 0.21250000000000008 0.571875 0.21250000000000008 0.571875 0.2593750000000001 0.6234375 0.2593750000000001
4 0.7234375 0.28593750000000007 0.6765625 0.28593750000000007 0.6765625 0.3296875000000001 0.7234375 0.3296875000000001
26 0.6843750000000002 0.8015625 0.6343750000000001 0.8015625 0.6343750000000001 0.865625 0.6843750000000002 0.865625
31 0.6296875 0.5984375 0.5828125 0.5984375 0.5828125 0.6453125 0.6296875 0.6453125
46 0.5812500000000002 0.7421875 0.5312500000000002 0.7421875 0.5312500000000002 0.8171875 0.5812500000000002 0.8171875
55 0.5734375 0.3500000000000001 0.5234375 0.3500000000000001 0.5234375 0.3968750000000001 0.5734375 0.3968750000000001
12 0.6312500000000001 0.709375 0.58125 0.709375 0.58125 0.7578125 0.6312500000000002 0.7578125
59 0.6765625 0.4203125 0.6296875 0.4203125 0.6296875 0.4640625 0.6765625 0.4640625
0 0.73125 0.6078125000000001 0.68125 0.6078125 0.68125 0.6531250000000001 0.73125 0.6531250000000002
47 0.459375 0.05000000000000006 0.4109375 0.050000000000000044 0.4109375 0.39531250000000007 0.459375 0.39531250000000007
8 0.728125 0.4984375000000001 0.675 0.4984375 0.675 0.5453125000000001 0.728125 0.5453125000000002
52 0.66875 0.09843750000000008 0.6203125 0.09843750000000007 0.6203125 0.1437500000000001 0.66875 0.1437500000000001
10 0.621875 0.15781250000000008 0.571875 0.15781250000000008 0.571875 0.20468750000000008 0.621875 0.20468750000000008
17 0.5203125 0.596875 0.465625 0.596875 0.465625 0.646875 0.5203125 0.646875
6 0.725 0.3921875000000001 0.678125 0.3921875000000001 0.678125 0.4359375 0.725 0.4359375
21 0.671875 0.2562500000000001 0.621875 0.2562500000000001 0.621875 0.3046875000000001 0.671875 0.3046875000000001
29 0.628125 0.54375 0.578125 0.54375 0.578125 0.5890625 0.628125 0.5890625
47 0.4703125000000001 0.471875 0.4109375 0.471875 0.41093750000000007 0.975 0.4703125000000002 0.975
27 0.678125 0.528125 0.63125 0.528125 0.63125 0.571875 0.678125 0.571875
40 0.578125 0.628125 0.528125 0.628125 0.528125 0.675 0.578125 0.675
49 0.515625 0.08125000000000007 0.459375 0.08125000000000007 0.459375 0.14687500000000003 0.515625 0.14687500000000003
5 0.725 0.3390625000000001 0.6765625 0.3390625000000001 0.6765625 0.3843750000000001 0.725 0.3843750000000001
34 0.5796875000000001 0.684375 0.5296875 0.684375 0.5296875000000001 0.73125 0.5796875000000001 0.73125
25 0.625 0.434375 0.58125 0.434375 0.58125 0.478125 0.625 0.478125
20 0.7375000000000002 0.76875 0.6859375000000002 0.76875 0.6859375000000002 0.8578125 0.7375000000000002 0.8578125
30 0.7828125000000001 0.05468750000000007 0.434375 0.05468750000000004 0.43437500000000007 0.9609375 0.7828125000000001 0.9609375
1 0.7203125 0.12343750000000009 0.6703125 0.12343750000000009 0.6703125 0.17343750000000008 0.7203125 0.17343750000000008
23 0.625 0.3234375000000001 0.5734375 0.3234375000000001 0.5734375 0.3703125000000001 0.625 0.3703125000000001
9 0.7296875 0.5546875000000001 0.678125 0.5546875 0.678125 0.6000000000000001 0.7296875 0.6000000000000002
33 0.5765625 0.5171875 0.525 0.5171875 0.525 0.5625 0.5765625 0.5625
57 0.5703125 0.2390625000000001 0.5203125 0.2390625000000001 0.5203125 0.28593750000000007 0.5703125 0.28593750000000007
11 0.7312500000000001 0.7140625 0.684375 0.7140625 0.6843750000000001 0.7609375 0.7312500000000002 0.7609375000000002
15 0.5734375 0.403125 0.5234375 0.403125 0.5234375 0.453125 0.5734375 0.453125
56 0.671875 0.20312500000000008 0.625 0.20312500000000008 0.625 0.2500000000000001 0.671875 0.2500000000000001
19 0.6234375 0.2671875000000001 0.5734375 0.2671875000000001 0.5734375 0.3140625000000001 0.6234375 0.3140625000000001
47 0.5234375 0.3390625000000001 0.4640625 0.3390625000000001 0.4640625 0.53125 0.5234375 0.53125
35 0.575 0.4609375 0.5265625 0.4609375 0.5265625 0.5078125 0.575 0.5078125
2 0.7203125 0.1781250000000001 0.6703125 0.1781250000000001 0.6703125 0.2250000000000001 0.7203125 0.2250000000000001
28 0.628125 0.4875 0.5765625 0.4875 0.5765625 0.5328125 0.628125 0.5328125
13 0.51875 0.21250000000000008 0.4625 0.21250000000000008 0.4625 0.2750000000000001 0.51875 0.2750000000000001
47 0.921875 0.1031250000000001 0.8171875 0.10312500000000009 0.8171875 0.825 0.921875 0.825
7 0.7265625 0.4484375000000001 0.6765625 0.4484375 0.6765625 0.4921875000000001 0.7265625 0.49218750000000017
3 0.721875 0.2312500000000001 0.671875 0.2312500000000001 0.671875 0.27812500000000007 0.721875 0.27812500000000007