38 0.7125 0.3687500000000001 0.6578125 0.3687500000000001 0.6578125 0.4390625 0.7125 0.4390625
5 0.3828125 0.29375000000000007 0.3296875 0.29375 0.3296875 0.36250000000000004 0.3828125 0.3625000000000001
33 0.578125 0.5265625 0.5234375 0.5265625 0.5234375 0.6015625 0.578125 0.6015625
40 0.6953125 0.5265625 0.6421875 0.5265625 0.6421875 0.5984375 0.6953125 0.5984375
28 0.546875 0.4484375 0.4921875 0.4484375 0.4921875 0.51875 0.546875 0.51875
8 0.5640625 0.2906250000000001 0.509375 0.2906250000000001 0.509375 0.3625000000000001 0.5640625 0.3625000000000001
51 0.4125 0.37187500000000007 0.3593750000000001 0.371875 0.3593750000000001 0.440625 0.4125 0.440625
50 0.778125 0.6046875 0.725 0.6046875 0.725 0.6765625000000001 0.778125 0.6765625000000002
13 0.30937500000000007 0.6078125 0.2390625000000001 0.6078125 0.2390625000000001 0.6796875 0.30937500000000007 0.6796875
34 0.7546875 0.5281250000000001 0.7015625 0.528125 0.7015625 0.596875 0.7546875 0.5968750000000002
19 0.3062500000000001 0.4484375 0.25468750000000007 0.4484375 0.25468750000000007 0.5203125 0.3062500000000001 0.5203125
15 0.4578125 0.5265625 0.4015625 0.5265625 0.4015625 0.6 0.4578125 0.6
54 0.7703125 0.3687500000000001 0.715625 0.3687500000000001 0.715625 0.4390625000000001 0.7703125 0.4390625000000002
1 0.14687500000000003 0.296875 0.09531250000000005 0.296875 0.09531250000000005 0.365625 0.14687500000000003 0.365625
36 0.6515625 0.3687500000000001 0.5984375 0.3687500000000001 0.5984375 0.4390625 0.6515625 0.4390625
21 0.29375000000000007 0.371875 0.2406250000000001 0.371875 0.2406250000000001 0.440625 0.29375000000000007 0.440625
0 0.68125 0.2890625000000001 0.628125 0.2890625000000001 0.628125 0.3609375000000001 0.68125 0.3609375000000001
57 0.2796875000000001 0.53125 0.22656250000000008 0.53125 0.22656250000000008 0.6 0.2796875000000001 0.6
30 0.9609375 0.21406250000000004 0.025000000000000022 0.2140625 0.025000000000000057 0.7312500000000001 0.9609375 0.7312500000000002
27 0.5921875 0.3703125000000001 0.5390625 0.3703125000000001 0.5390625 0.4390625 0.5921875 0.4390625
49 0.11718750000000008 0.609375 0.03593750000000008 0.609375 0.03593750000000008 0.678125 0.11718750000000008 0.678125
11 0.7984375 0.2921875000000001 0.746875 0.2921875000000001 0.746875 0.3593750000000001 0.7984375 0.3593750000000001
4 0.3234375 0.29375 0.2703125 0.29375 0.2703125 0.3625 0.3234375 0.3625
47 0.6015625 0.6078125 0.3125000000000001 0.6078125 0.3125000000000001 0.6796875 0.6015625 0.6796875
31 0.6671875 0.4484375 0.6140625 0.4484375 0.6140625 0.51875 0.6671875 0.51875
56 0.23437500000000008 0.3703125 0.18125000000000005 0.3703125 0.18125000000000005 0.4421875 0.23437500000000008 0.4421875
2 0.20625000000000004 0.2953125 0.15312500000000004 0.2953125 0.15312500000000004 0.3640625 0.2062500000000001 0.3640625
12 0.784375 0.44843750000000016 0.73125 0.44843750000000016 0.73125 0.5187500000000002 0.784375 0.5187500000000002
58 0.2218750000000001 0.53125 0.16875000000000004 0.53125 0.16875000000000007 0.6 0.2218750000000001 0.6
7 0.503125 0.2890625000000001 0.4484375 0.2890625000000001 0.4484375 0.3609375000000001 0.503125 0.3609375000000001
41 0.17656250000000004 0.371875 0.12343750000000005 0.371875 0.12343750000000005 0.4421875 0.17656250000000004 0.4421875
22 0.89375 0.3656250000000001 0.8328125 0.3656250000000001 0.8328125 0.5156250000000002 0.89375 0.5156250000000002
10 0.19062500000000004 0.4515625 0.13750000000000004 0.4515625 0.13750000000000004 0.51875 0.19062500000000004 0.51875
23 0.3671875000000001 0.45 0.3140625000000001 0.45 0.3140625000000001 0.5203125 0.3671875000000001 0.5203125
32 0.16250000000000006 0.53125 0.10937500000000004 0.53125 0.10937500000000007 0.6 0.1625000000000001 0.6
43 0.2484375000000001 0.453125 0.19531250000000006 0.453125 0.19531250000000006 0.521875 0.2484375000000001 0.521875
16 0.3375000000000001 0.528125 0.2843750000000001 0.528125 0.2843750000000001 0.6015625 0.3375000000000001 0.6015625
59 0.4734375 0.3703125000000001 0.41875 0.3703125000000001 0.41875 0.4421875 0.4734375 0.4421875
24 0.425 0.4484375 0.3734375000000001 0.4484375 0.3734375000000001 0.51875 0.425 0.51875
42 0.3546875000000001 0.3734375 0.3000000000000001 0.3734375 0.3000000000000001 0.4421875 0.3546875000000001 0.4421875
35 0.5171875 0.5265625 0.4609375 0.5265625 0.4609375 0.6 0.5171875 0.6
9 0.6234375 0.2890625000000001 0.56875 0.2890625000000001 0.56875 0.3609375000000001 0.6234375 0.3609375000000001
29 0.6078125 0.4484375 0.5546875 0.4484375 0.5546875 0.51875 0.6078125 0.51875
14 0.6609375 0.60625 0.60625 0.60625 0.60625 0.678125 0.6609375 0.678125
6 0.4421875 0.2906250000000001 0.3890625 0.2906250000000001 0.3890625 0.3625000000000001 0.4421875 0.3625000000000001
46 0.89375 0.5234375000000002 0.759375 0.5234375000000002 0.759375 0.5953125000000001 0.89375 0.5953125000000001
52 0.11718750000000004 0.3734375 0.03906250000000004 0.3734375 0.03906250000000005 0.4421875 0.11718750000000004 0.4421875
44 0.10312500000000006 0.5328125 0.03906250000000007 0.5328125 0.03906250000000007 0.6 0.10312500000000009 0.6
39 0.828125 0.3687500000000001 0.775 0.3687500000000001 0.775 0.43750000000000017 0.828125 0.43750000000000017
26 0.840625 0.44843750000000016 0.790625 0.44843750000000016 0.790625 0.5171875000000001 0.840625 0.5171875000000001
45 0.13125000000000003 0.4546875 0.037500000000000054 0.4546875 0.03750000000000006 0.5203125 0.13125000000000003 0.5203125
20 0.89375 0.2906250000000001 0.8046875 0.2906250000000001 0.8046875 0.3578125000000001 0.89375 0.3578125000000001
53 0.5328125 0.3703125000000001 0.4796875 0.3703125000000001 0.4796875 0.4421875 0.5328125 0.4421875
18 0.6359375 0.5265625 0.5828125 0.5265625 0.5828125 0.6 0.6359375 0.6
37 0.725 0.446875 0.671875 0.446875 0.671875 0.5171875 0.725 0.5171875
25 0.4875 0.45 0.4328125 0.45 0.4328125 0.51875 0.4875 0.51875
17 0.08906250000000004 0.296875 0.039062500000000035 0.296875 0.03906250000000004 0.3640625 0.08906250000000004 0.3640625
48 0.7421875 0.2921875000000001 0.6890625 0.2921875000000001 0.6890625 0.3609375000000001 0.7421875 0.3609375000000001
3 0.26406250000000003 0.2921875 0.2109375 0.2921875 0.21093750000000006 0.3640625 0.2640625000000001 0.3640625
55 0.3984375000000001 0.5265625 0.3437500000000001 0.5265625 0.3437500000000001 0.6015625 0.3984375000000001 0.6015625