45 0.4265625 0.10781250000000005 0.375 0.10781250000000005 0.375 0.17343750000000005 0.4265625 0.17343750000000005
29 0.428125 0.4828125 0.3781250000000001 0.4828125 0.3781250000000001 0.5203125 0.428125 0.5203125
53 0.37187500000000007 0.4296875 0.3203125000000001 0.4296875 0.3203125000000001 0.46875 0.37187500000000007 0.46875
31 0.4296875 0.5265625 0.37968750000000007 0.5265625 0.37968750000000007 0.5640625 0.4296875 0.5640625
6 0.3125000000000001 0.3640625 0.26250000000000007 0.3640625 0.26250000000000007 0.4015625 0.3125000000000001 0.4015625
3 0.3125 0.23125 0.2625 0.23125 0.2625 0.271875 0.3125 0.271875
57 0.4828125 0.2453125000000001 0.4328125 0.2453125000000001 0.4328125 0.2828125000000001 0.4828125 0.2828125000000001
10 0.425 0.17968750000000006 0.375 0.17968750000000006 0.375 0.2171875000000001 0.425 0.2171875000000001
14 0.54375 0.4875 0.490625 0.4875 0.490625 0.525 0.54375 0.525
35 0.4828125 0.41875 0.4328125 0.41875 0.4328125 0.45625 0.4828125 0.45625
25 0.4265625 0.3968750000000001 0.3765625000000001 0.3968750000000001 0.3765625000000001 0.434375 0.4265625 0.434375
18 0.484375 0.50625 0.4359375 0.50625 0.4359375 0.54375 0.484375 0.54375
8 0.3156250000000001 0.4515625 0.2656250000000001 0.4515625 0.2656250000000001 0.490625 0.3156250000000001 0.490625
27 0.37187500000000007 0.475 0.3218750000000001 0.475 0.3218750000000001 0.5125 0.37187500000000007 0.5125
33 0.484375 0.459375 0.434375 0.459375 0.434375 0.5 0.484375 0.5
52 0.3671875 0.10625000000000004 0.3171875 0.10625000000000004 0.3171875 0.16250000000000003 0.3671875 0.16250000000000003
21 0.3703125 0.25468750000000007 0.31875 0.2546875 0.31875 0.29375000000000007 0.3703125 0.29375000000000007
42 0.371875 0.2984375 0.3203125 0.2984375 0.3203125 0.3375 0.371875 0.3375000000000001
20 0.3156250000000001 0.6703125 0.2656250000000001 0.6703125 0.2656250000000001 0.7359375 0.3156250000000001 0.7359375
51 0.37031250000000004 0.34375000000000006 0.3203125 0.34375 0.32031250000000006 0.38125000000000003 0.3703125000000001 0.3812500000000001
15 0.4828125 0.3750000000000001 0.4328125 0.3750000000000001 0.4328125 0.4125 0.4828125 0.4125
48 0.3156250000000001 0.5828125 0.2656250000000001 0.5828125 0.2656250000000001 0.621875 0.3156250000000001 0.621875
54 0.3734375000000001 0.603125 0.3218750000000001 0.603125 0.3218750000000001 0.6421875 0.3734375000000001 0.6421875
47 0.5421875 0.28593750000000007 0.4890625 0.28593750000000007 0.4890625 0.4828125 0.5421875 0.4828125
11 0.31718750000000007 0.628125 0.2671875000000001 0.628125 0.2671875000000001 0.665625 0.31718750000000007 0.665625
19 0.4265625 0.2656250000000001 0.375 0.2656250000000001 0.375 0.3031250000000001 0.4265625 0.3031250000000001
28 0.428125 0.440625 0.3781250000000001 0.440625 0.3781250000000001 0.478125 0.428125 0.478125
46 0.4859375000000001 0.634375 0.4359375 0.634375 0.4359375000000001 0.7328125 0.4859375000000002 0.7328125
44 0.4828125 0.10781250000000005 0.43125 0.10781250000000005 0.43125 0.15312500000000004 0.4828125 0.15312500000000004
12 0.4296875 0.6125 0.37968750000000007 0.6125 0.37968750000000007 0.653125 0.4296875 0.653125
59 0.37187500000000007 0.38750000000000007 0.3203125000000001 0.3875 0.3203125000000001 0.425 0.37187500000000007 0.425
17 0.3109375 0.10312500000000005 0.2609375 0.10312500000000005 0.2609375 0.13906250000000003 0.3109375 0.13906250000000003
13 0.5421875 0.24375000000000008 0.4890625 0.24375000000000008 0.4890625 0.2812500000000001 0.5421875 0.2812500000000001
30 0.5828125000000001 0.08906250000000004 0.2015625 0.08906250000000002 0.20156250000000003 0.9078125 0.5828125000000002 0.9078125
49 0.5421875 0.10781250000000005 0.4859375 0.10781250000000005 0.4859375 0.15937500000000004 0.5421875 0.15937500000000004
16 0.4828125 0.2890625000000001 0.4328125 0.2890625000000001 0.4328125 0.3265625000000001 0.4828125 0.3265625000000001
34 0.4859375 0.590625 0.4359375 0.590625 0.4359375 0.628125 0.4859375 0.628125
37 0.4296875 0.5703125 0.37968750000000007 0.5703125 0.37968750000000007 0.6078125 0.4296875 0.6078125
58 0.4828125 0.20312500000000008 0.4328125 0.20312500000000008 0.4328125 0.24218750000000008 0.4828125 0.24218750000000008
5 0.3125 0.3203125 0.2640625 0.3203125 0.2640625 0.359375 0.3125 0.359375
32 0.48125 0.15781250000000005 0.43125 0.15781250000000005 0.43125 0.19843750000000004 0.48125 0.19843750000000004
36 0.37187500000000007 0.5171875 0.3218750000000001 0.5171875 0.3218750000000001 0.55625 0.37187500000000007 0.55625
39 0.37187500000000007 0.6484375 0.3218750000000001 0.6484375 0.3218750000000001 0.6796875 0.37187500000000007 0.6796875
55 0.4828125 0.33281250000000007 0.4328125 0.33281250000000007 0.4328125 0.3703125000000001 0.4828125 0.3703125000000001
50 0.54375 0.5640625 0.490625 0.5640625 0.490625 0.603125 0.54375 0.603125
26 0.4296875 0.65625 0.37968750000000007 0.65625 0.37968750000000007 0.6875 0.4296875 0.6875
38 0.3734375000000001 0.559375 0.3218750000000001 0.559375 0.3218750000000001 0.5984375 0.3734375000000001 0.5984375
23 0.4265625 0.30937500000000007 0.3765625 0.30937500000000007 0.3765625 0.3468750000000001 0.4265625 0.3468750000000001
41 0.36875 0.16718750000000004 0.3171875 0.16718750000000004 0.3171875 0.20781250000000004 0.36875 0.2078125000000001
56 0.3703125 0.21093750000000006 0.3171875 0.2109375 0.3171875 0.2515625 0.3703125 0.2515625000000001
2 0.3125 0.18906250000000005 0.2609375 0.18906250000000005 0.2609375 0.2296875 0.3125 0.2296875
4 0.3125 0.2765625 0.2625 0.2765625 0.2625 0.3140625 0.3125 0.3140625
43 0.4265625 0.2234375000000001 0.375 0.2234375000000001 0.375 0.2609375000000001 0.4265625 0.2609375000000001
22 0.4312500000000001 0.684375 0.3218750000000001 0.684375 0.3218750000000001 0.734375 0.4312500000000002 0.734375
24 0.4265625 0.3515625000000001 0.3765625 0.3515625000000001 0.3765625 0.3890625000000001 0.4265625 0.3890625000000001
40 0.484375 0.5484375 0.434375 0.5484375 0.434375 0.5859375 0.484375 0.5859375
1 0.3125 0.14375000000000004 0.2609375 0.14375000000000004 0.2609375 0.18437500000000004 0.3125 0.18437500000000004
7 0.3140625000000001 0.409375 0.2640625000000001 0.409375 0.2640625000000001 0.446875 0.3140625000000001 0.446875
0 0.3156250000000001 0.5390625 0.2656250000000001 0.5390625 0.2656250000000001 0.5796875 0.3156250000000001 0.5796875
9 0.3156250000000001 0.4953125 0.2656250000000001 0.4953125 0.2656250000000001 0.534375 0.3156250000000001 0.534375