58 0.2156250000000001 0.6015625 0.16406250000000008 0.6015625 0.16406250000000008 0.7171875 0.2156250000000001 0.7171875
12 0.7890625 0.47968750000000016 0.7375 0.47968750000000016 0.7375 0.5890625000000002 0.7890625 0.5890625000000002
46 0.9046875 0.5937500000000002 0.765625 0.5937500000000002 0.765625 0.7093750000000002 0.9046875 0.7093750000000002
53 0.5375 0.3625000000000001 0.4875 0.3625000000000001 0.4875 0.46875 0.5375 0.46875
13 0.3109375000000001 0.721875 0.2453125000000001 0.721875 0.2453125000000001 0.8390625 0.3109375000000001 0.8390625
27 0.5953125 0.36406250000000007 0.546875 0.36406250000000007 0.546875 0.465625 0.5953125 0.465625
57 0.2796875000000001 0.6015625 0.2296875000000001 0.6015625 0.2296875000000001 0.7109375 0.2796875000000001 0.7109375
24 0.43125 0.48125 0.3828125000000001 0.48125 0.3828125000000001 0.5875 0.43125 0.5875
56 0.23281250000000003 0.35625 0.18281250000000004 0.35625 0.18281250000000004 0.4671875 0.2328125000000001 0.4671875
19 0.3109375000000001 0.4796875 0.2593750000000001 0.4796875 0.2593750000000001 0.5890625 0.3109375000000001 0.5890625
40 0.703125 0.5953125 0.65 0.5953125 0.65 0.715625 0.703125 0.715625
26 0.85 0.4781250000000002 0.796875 0.4781250000000002 0.796875 0.5921875000000002 0.85 0.5921875000000002
17 0.07500000000000004 0.2375 0.026562500000000034 0.2375 0.026562500000000037 0.3453125 0.07500000000000004 0.3453125
11 0.8015625 0.2453125000000001 0.7515625 0.2453125000000001 0.7515625 0.3531250000000001 0.8015625 0.3531250000000001
7 0.5078125 0.24218750000000008 0.459375 0.24218750000000008 0.459375 0.34843750000000007 0.5078125 0.34843750000000007
41 0.17187500000000006 0.359375 0.11875000000000005 0.359375 0.11875000000000005 0.4703125 0.17187500000000006 0.4703125
18 0.640625 0.6 0.5921875 0.6 0.5921875 0.7046875 0.640625 0.7046875
31 0.671875 0.4765625 0.61875 0.4765625 0.61875 0.59375 0.671875 0.59375
47 0.6046875 0.715625 0.3203125000000001 0.715625 0.3203125000000001 0.840625 0.6046875000000002 0.840625
55 0.4015625 0.6015625 0.3546875000000001 0.6015625 0.3546875000000001 0.7078125 0.4015625 0.7078125
28 0.5515625 0.48125 0.5015625 0.48125 0.5015625 0.590625 0.5515625 0.590625
20 0.9 0.24375000000000008 0.8046875 0.24375000000000008 0.8046875 0.3515625000000001 0.9 0.3515625000000001
21 0.29687500000000006 0.3609375 0.2453125 0.3609375 0.24531250000000004 0.4671875 0.2968750000000001 0.4671875
45 0.11406250000000007 0.4828125 0.023437500000000062 0.4828125 0.023437500000000066 0.5953125 0.1140625000000001 0.5953125
9 0.6265625 0.24218750000000008 0.5765625 0.24218750000000008 0.5765625 0.3546875000000001 0.6265625 0.3546875000000001
14 0.6687500000000001 0.715625 0.6171875 0.715625 0.6171875000000001 0.8265625 0.6687500000000002 0.8265625
54 0.7734375 0.3593750000000001 0.7203125 0.3593750000000001 0.7203125 0.4687500000000001 0.7734375 0.46875000000000017
32 0.1531250000000001 0.603125 0.10156250000000008 0.603125 0.10156250000000008 0.7203125 0.1531250000000001 0.7203125
36 0.6546875 0.3625000000000001 0.603125 0.3625000000000001 0.603125 0.46875 0.6546875 0.46875
10 0.18437500000000007 0.48125 0.13593750000000004 0.48125 0.13593750000000007 0.590625 0.1843750000000001 0.590625
3 0.265625 0.2390625 0.2140625 0.2390625 0.2140625 0.346875 0.265625 0.346875
22 0.903125 0.3593750000000001 0.8390625 0.3593750000000001 0.8390625 0.5843750000000002 0.903125 0.5843750000000002
35 0.5234375 0.6 0.4734375 0.6 0.4734375 0.7046875 0.5234375 0.7046875
8 0.5671875 0.2453125000000001 0.5171875 0.2453125000000001 0.5171875 0.3546875000000001 0.5671875 0.3546875000000001
30 0.9734375 0.10156250000000007 0.012500000000000011 0.1015625 0.012500000000000061 0.9046875 0.9734375 0.9046875
33 0.5828125 0.5984375 0.53125 0.5984375 0.53125 0.709375 0.5828125 0.709375
23 0.3703125000000001 0.48125 0.3234375000000001 0.48125 0.3234375000000001 0.5890625 0.3703125000000001 0.5890625
59 0.4765625 0.3625000000000001 0.4296875 0.3625000000000001 0.4296875 0.4671875 0.4765625 0.4671875
42 0.35781250000000003 0.3609375 0.3078125 0.3609375 0.30781250000000004 0.4671875 0.3578125000000001 0.4671875
4 0.3265625 0.2421875 0.278125 0.2421875 0.278125 0.3484375 0.3265625 0.3484375
49 0.10781250000000009 0.7296875 0.017187500000000088 0.7296875 0.0171875000000001 0.8546875 0.10781250000000009 0.8546875
1 0.13906250000000003 0.2359375 0.08906250000000002 0.2359375 0.08906250000000003 0.3484375 0.13906250000000003 0.3484375
39 0.8328125 0.3593750000000001 0.7796875 0.3593750000000001 0.7796875 0.4734375000000002 0.8328125 0.4734375000000002
16 0.3437500000000001 0.60625 0.2953125000000001 0.60625 0.2953125000000001 0.715625 0.3437500000000001 0.715625
37 0.73125 0.4796875000000001 0.678125 0.4796875 0.678125 0.5890625 0.73125 0.5890625000000002
44 0.09218750000000007 0.6078125 0.020312500000000074 0.6078125 0.02031250000000008 0.7265625 0.09218750000000009 0.7265625
0 0.6859375 0.2453125000000001 0.6359375 0.2453125000000001 0.6359375 0.3546875000000001 0.6859375 0.3546875000000001
43 0.2484375000000001 0.48125 0.19687500000000005 0.48125 0.19687500000000008 0.590625 0.2484375000000001 0.590625
48 0.74375 0.2453125000000001 0.690625 0.2453125000000001 0.690625 0.3531250000000001 0.74375 0.3531250000000001
5 0.3859375 0.24218750000000006 0.3390625 0.2421875 0.3390625 0.34687500000000004 0.3859375 0.3468750000000001
52 0.10625000000000004 0.359375 0.025000000000000043 0.359375 0.02500000000000005 0.4734375 0.10625000000000004 0.4734375
34 0.7609375 0.5984375000000001 0.7078125 0.5984375 0.7078125 0.7093750000000001 0.7609375 0.7093750000000002
50 0.7859375000000001 0.7140625000000002 0.7328125 0.7140625000000002 0.7328125000000001 0.828125 0.7859375000000002 0.828125
38 0.7140625 0.3593750000000001 0.6609375 0.3593750000000001 0.6609375 0.4671875 0.7140625 0.4671875
6 0.4484375 0.24218750000000008 0.3984375 0.24218750000000008 0.3984375 0.3468750000000001 0.4484375 0.3468750000000001
25 0.4921875 0.48125 0.44375 0.48125 0.44375 0.5875 0.4921875 0.5875
29 0.6125 0.48125 0.5625 0.48125 0.5625 0.5875 0.6125 0.5875
2 0.203125 0.2359375 0.15156250000000004 0.2359375 0.15156250000000004 0.3484375 0.203125 0.3484375
15 0.4625 0.5984375 0.4125 0.5984375 0.4125 0.70625 0.4625 0.70625
51 0.4171875 0.36406250000000007 0.3687500000000001 0.36406250000000007 0.3687500000000001 0.465625 0.4171875 0.465625