50 0.85 0.7765625000000002 0.7437500000000001 0.7765625000000002 0.7437500000000001 0.828125 0.85 0.828125
3 0.3859375 0.21718750000000003 0.2671875 0.2171875 0.2671875 0.27812500000000007 0.3859375 0.27812500000000007
52 0.503125 0.031250000000000056 0.3828125 0.03125000000000004 0.3828125 0.10468750000000004 0.503125 0.10468750000000004
59 0.49375 0.4625 0.3843750000000001 0.4625 0.3843750000000001 0.515625 0.49375 0.515625
12 0.6078125000000002 0.8234375 0.4984375000000002 0.8234375 0.4984375000000002 0.875 0.6078125000000002 0.875
54 0.4937500000000002 0.796875 0.3812500000000001 0.796875 0.3812500000000001 0.85625 0.4937500000000002 0.85625
45 0.6234375 0.026562500000000072 0.5046875 0.026562500000000065 0.5046875 0.11718750000000007 0.6234375 0.11718750000000008
49 0.875 0.0171875000000001 0.7515625 0.017187500000000095 0.7515625 0.0828125000000001 0.875 0.08281250000000011
13 0.8640625 0.22812500000000008 0.7484375 0.22812500000000008 0.7484375 0.2875000000000001 0.8640625 0.2875000000000001
17 0.3875 0.026562500000000037 0.271875 0.026562500000000034 0.271875 0.07500000000000004 0.3875 0.07500000000000004
28 0.6125 0.546875 0.503125 0.546875 0.503125 0.603125 0.6125 0.603125
46 0.7296875000000002 0.925 0.6171875000000002 0.925 0.6171875000000002 1 0.7296875000000002 1
42 0.49375 0.3234375000000001 0.3859375 0.3234375000000001 0.38593750000000004 0.37968750000000007 0.49375 0.37968750000000007
18 0.7359375 0.6500000000000001 0.621875 0.65 0.621875 0.7046875000000001 0.7359375 0.7046875000000001
44 0.746875 0.025000000000000085 0.625 0.025000000000000078 0.625 0.15625000000000008 0.746875 0.15625000000000008
21 0.503125 0.2500000000000001 0.3875 0.2500000000000001 0.3875 0.3140625000000001 0.503125 0.3140625000000001
5 0.38281250000000006 0.35781250000000003 0.2671875 0.3578125 0.2671875 0.4171875 0.3828125000000001 0.4171875
56 0.5046875 0.18281250000000004 0.3828125 0.18281250000000004 0.3828125 0.24218750000000008 0.5046875 0.24218750000000008
31 0.6078125000000001 0.6875 0.5046875 0.6875 0.5046875000000001 0.7375 0.6078125000000002 0.7375
39 0.4906250000000002 0.86875 0.3812500000000001 0.86875 0.3812500000000001 0.921875 0.4906250000000002 0.921875
15 0.7359375 0.4406250000000001 0.6203125 0.440625 0.6203125 0.5000000000000001 0.7359375 0.5000000000000002
36 0.490625 0.6671875 0.3843750000000001 0.6671875 0.3843750000000001 0.7203125 0.490625 0.7203125
57 0.74375 0.2312500000000001 0.625 0.2312500000000001 0.625 0.2921875000000001 0.74375 0.2921875000000001
11 0.37187500000000007 0.8359375 0.2656250000000001 0.8359375 0.2656250000000001 0.884375 0.37187500000000007 0.884375
23 0.6171875 0.3390625000000001 0.5046875 0.3390625000000001 0.5046875 0.39531250000000007 0.6171875 0.39531250000000007
10 0.6234375 0.12812500000000007 0.5078125 0.12812500000000004 0.5078125 0.18750000000000006 0.6234375 0.18750000000000008
47 0.86875 0.3000000000000001 0.746875 0.3000000000000001 0.746875 0.6218750000000002 0.86875 0.6218750000000002
51 0.490625 0.39531250000000007 0.3843750000000001 0.39531250000000007 0.3843750000000001 0.4484375 0.490625 0.4484375
19 0.6203125 0.2671875000000001 0.5046875 0.2671875000000001 0.5046875 0.3265625000000001 0.6203125 0.3265625000000001
43 0.6265625 0.19843750000000007 0.50625 0.19843750000000004 0.50625 0.2578125000000001 0.6265625 0.2578125000000001
40 0.7328125000000001 0.7234375000000001 0.6234375 0.7234375 0.6234375000000001 0.7765625 0.7328125000000002 0.7765625000000002
22 0.6109375000000001 0.9296875 0.3828125000000001 0.9296875 0.3828125000000001 1 0.6109375000000001 1
6 0.3781250000000001 0.428125 0.2687500000000001 0.428125 0.2687500000000001 0.4828125 0.3781250000000001 0.4828125
32 0.7375000000000002 0.8578125 0.6187500000000001 0.8578125 0.6187500000000001 0.9125 0.7375000000000002 0.9125
24 0.609375 0.4078125 0.503125 0.4078125 0.503125 0.4640625 0.609375 0.4640625
48 0.3687500000000001 0.765625 0.2656250000000001 0.765625 0.2656250000000001 0.81875 0.3687500000000001 0.81875
38 0.4890625000000002 0.734375 0.3828125000000001 0.734375 0.3828125000000001 0.7875 0.4890625000000002 0.7875
1 0.38125 0.08125000000000003 0.26875 0.08125000000000002 0.26875 0.14062500000000006 0.38125 0.14062500000000006
16 0.74375 0.2984375000000001 0.621875 0.2984375000000001 0.621875 0.3609375000000001 0.74375 0.3609375000000001
25 0.6125 0.475 0.503125 0.475 0.503125 0.534375 0.6125 0.534375
26 0.6125000000000002 0.8890625 0.5000000000000002 0.8890625 0.5000000000000002 0.9421875 0.6125000000000002 0.9421875
14 0.8515625 0.6375000000000002 0.74375 0.6375000000000002 0.74375 0.6890625000000001 0.8515625 0.6890625000000001
41 0.50625 0.11093750000000005 0.384375 0.11093750000000005 0.384375 0.17968750000000006 0.50625 0.17968750000000006
7 0.3812500000000001 0.4953125 0.2718750000000001 0.4953125 0.2718750000000001 0.55 0.3812500000000001 0.55
0 0.37968750000000007 0.6984375 0.2671875000000001 0.6984375 0.2671875000000001 0.7546875 0.37968750000000007 0.7546875
55 0.7375 0.3703125000000001 0.621875 0.3703125000000001 0.621875 0.4312500000000001 0.7375 0.4312500000000002
29 0.6140625 0.615625 0.5 0.615625 0.5 0.671875 0.6140625 0.671875
9 0.37968750000000007 0.63125 0.27031250000000007 0.63125 0.27031250000000007 0.6859375 0.37968750000000007 0.6859375
2 0.3859375 0.15000000000000005 0.2703125 0.15000000000000005 0.2703125 0.20937500000000003 0.3859375 0.2093750000000001
33 0.7359375 0.5781250000000001 0.6203125 0.578125 0.6203125 0.6406250000000001 0.7359375 0.6406250000000002
27 0.4921875 0.596875 0.3859375000000001 0.596875 0.3859375000000001 0.6515625 0.4921875 0.6515625
35 0.7328125 0.5093750000000001 0.6203125 0.509375 0.6203125 0.5687500000000001 0.7328125 0.5687500000000002
20 0.3750000000000001 0.896875 0.2656250000000001 0.896875 0.2656250000000001 1 0.3750000000000001 1
34 0.7296875000000002 0.7937500000000001 0.6218750000000002 0.79375 0.6218750000000002 0.84375 0.7296875000000002 0.84375
8 0.37968750000000007 0.5625 0.2734375000000001 0.5625 0.2734375000000001 0.61875 0.37968750000000007 0.61875
58 0.7484375 0.1609375000000001 0.628125 0.1609375000000001 0.628125 0.22031250000000008 0.7484375 0.22031250000000008
30 0.925 0.006250000000000068 0.1703125 0.006250000000000022 0.17031250000000006 1 0.925 1
37 0.6078125000000002 0.753125 0.5000000000000002 0.753125 0.5000000000000002 0.80625 0.6078125000000002 0.80625
4 0.38125 0.28750000000000003 0.265625 0.2875 0.265625 0.34375000000000006 0.38125 0.3437500000000001
53 0.49375 0.528125 0.3843750000000001 0.528125 0.3843750000000001 0.584375 0.49375 0.584375