51 0.3734375000000001 0.39375000000000004 0.3218750000000001 0.39375 0.3218750000000001 0.434375 0.3734375000000001 0.434375
22 0.4343750000000002 0.753125 0.31718750000000007 0.753125 0.31718750000000007 0.8078125 0.4343750000000002 0.8078125
54 0.3750000000000001 0.6703125 0.3203125000000001 0.6703125 0.3203125000000001 0.7109375 0.3750000000000001 0.7109375
2 0.315625 0.2328125 0.2625 0.2328125 0.2625 0.275 0.315625 0.275
24 0.434375 0.40625 0.3812500000000001 0.40625 0.3812500000000001 0.4453125 0.434375 0.4453125
42 0.3765625 0.34843750000000007 0.3234375 0.3484375 0.32343750000000004 0.38906250000000003 0.3765625000000001 0.3890625000000001
12 0.434375 0.6796875 0.3812500000000001 0.6796875 0.3812500000000001 0.7203125 0.434375 0.7203125
20 0.3109375000000001 0.740625 0.2593750000000001 0.740625 0.2593750000000001 0.809375 0.3109375000000001 0.809375
46 0.4906250000000001 0.7015625 0.4390625 0.7015625 0.4390625000000001 0.8046875 0.4906250000000002 0.8046875
41 0.378125 0.20937500000000003 0.321875 0.209375 0.321875 0.2515625 0.378125 0.2515625000000001
10 0.4359375 0.2234375000000001 0.384375 0.2234375000000001 0.384375 0.2640625000000001 0.4359375 0.2640625000000001
47 0.55625 0.3359375000000001 0.5 0.3359375000000001 0.5 0.5421875 0.55625 0.5421875
16 0.49375 0.3375000000000001 0.440625 0.3375000000000001 0.440625 0.3781250000000001 0.49375 0.3781250000000001
28 0.434375 0.496875 0.3812500000000001 0.496875 0.3812500000000001 0.5359375 0.434375 0.5359375
26 0.43281250000000016 0.7265625 0.37968750000000007 0.7265625 0.37968750000000007 0.7578125 0.43281250000000016 0.7578125
31 0.434375 0.5890625 0.3812500000000001 0.5890625 0.3812500000000001 0.6296875 0.434375 0.6296875
36 0.3734375000000001 0.578125 0.3187500000000001 0.578125 0.3187500000000001 0.61875 0.3734375000000001 0.61875
37 0.434375 0.634375 0.3812500000000001 0.634375 0.3812500000000001 0.675 0.434375 0.675
45 0.4359375 0.14687500000000003 0.3828125 0.14687500000000003 0.3828125 0.2171875000000001 0.4359375 0.2171875000000001
1 0.3171875 0.18593750000000003 0.2640625 0.18593750000000003 0.2640625 0.228125 0.3171875 0.228125
40 0.4921875 0.6109375 0.440625 0.6109375 0.440625 0.6515625 0.4921875 0.6515625
52 0.378125 0.14531250000000004 0.321875 0.14531250000000004 0.321875 0.20468750000000005 0.378125 0.20468750000000008
49 0.5609375 0.14843750000000006 0.5015625 0.14843750000000006 0.5015625 0.20312500000000008 0.5609375 0.20312500000000008
43 0.4359375 0.2687500000000001 0.3828125 0.2687500000000001 0.3828125 0.30937500000000007 0.4359375 0.30937500000000007
19 0.4359375 0.3140625000000001 0.3828125 0.3140625000000001 0.3828125 0.3546875000000001 0.4359375 0.3546875000000001
59 0.3765625000000001 0.440625 0.3218750000000001 0.440625 0.3218750000000001 0.48125 0.3765625000000001 0.48125
21 0.378125 0.30312500000000003 0.3234375 0.303125 0.3234375 0.34375000000000006 0.378125 0.3437500000000001
34 0.4921875 0.65625 0.4421875 0.65625 0.4421875 0.696875 0.4921875 0.696875
33 0.49375 0.51875 0.4390625 0.51875 0.4390625 0.5609375 0.49375 0.5609375
57 0.4953125 0.29375000000000007 0.4421875 0.29375000000000007 0.4421875 0.3343750000000001 0.4953125 0.3343750000000001
7 0.3156250000000001 0.4640625 0.26250000000000007 0.4640625 0.26250000000000007 0.5046875 0.3156250000000001 0.5046875
3 0.315625 0.278125 0.2625 0.278125 0.2625 0.31875 0.315625 0.31875
0 0.3125000000000001 0.6015625 0.2593750000000001 0.6015625 0.2593750000000001 0.6421875 0.3125000000000001 0.6421875
5 0.3156250000000001 0.3703125 0.26250000000000007 0.3703125 0.26250000000000007 0.4109375 0.3156250000000001 0.4109375
17 0.315625 0.14375000000000004 0.2625 0.14375000000000004 0.2625 0.17968750000000006 0.315625 0.17968750000000006
15 0.49375 0.428125 0.440625 0.428125 0.440625 0.46875 0.49375 0.46875
4 0.31562500000000004 0.325 0.2625 0.325 0.26250000000000007 0.365625 0.3156250000000001 0.365625
18 0.4921875 0.565625 0.440625 0.565625 0.440625 0.60625 0.4921875 0.60625
11 0.3109375000000001 0.69375 0.2609375000000001 0.69375 0.2609375000000001 0.734375 0.3109375000000001 0.734375
48 0.3125000000000001 0.6484375 0.2609375000000001 0.6484375 0.2609375000000001 0.6890625 0.3125000000000001 0.6890625
8 0.3156250000000001 0.509375 0.26250000000000007 0.509375 0.26250000000000007 0.55 0.3156250000000001 0.55
50 0.5546875 0.6296875 0.4984375 0.6296875 0.4984375 0.6703125 0.5546875 0.6703125
14 0.5546875 0.5484375 0.4984375 0.5484375 0.4984375 0.5890625 0.5546875 0.5890625
38 0.3734375000000001 0.625 0.3203125000000001 0.625 0.3203125000000001 0.665625 0.3734375000000001 0.665625
13 0.55625 0.2906250000000001 0.5015625 0.2906250000000001 0.5015625 0.3312500000000001 0.55625 0.3312500000000001
30 0.5750000000000001 0.12812500000000007 0.19375 0.12812500000000004 0.19375000000000006 0.98125 0.5750000000000002 0.98125
23 0.4359375 0.3609375000000001 0.384375 0.3609375000000001 0.384375 0.4 0.4359375 0.4
53 0.3750000000000001 0.4859375 0.3218750000000001 0.4859375 0.3218750000000001 0.5265625 0.3750000000000001 0.5265625
35 0.49375 0.4734375 0.440625 0.4734375 0.440625 0.5140625 0.49375 0.5140625
25 0.4328125 0.4515625 0.3812500000000001 0.4515625 0.3812500000000001 0.4921875 0.4328125 0.4921875
39 0.3734375000000001 0.7171875 0.3187500000000001 0.7171875 0.3187500000000001 0.7484375 0.3734375000000001 0.7484375
9 0.3140625000000001 0.5546875 0.2609375000000001 0.5546875 0.2609375000000001 0.5953125 0.3140625000000001 0.5953125
55 0.49375 0.3828125000000001 0.440625 0.3828125000000001 0.440625 0.4234375 0.49375 0.4234375
32 0.4953125 0.2015625000000001 0.4421875 0.2015625000000001 0.4421875 0.24218750000000008 0.4953125 0.24218750000000008
58 0.4953125 0.2484375000000001 0.4421875 0.2484375000000001 0.4421875 0.2890625000000001 0.4953125 0.2890625000000001
29 0.434375 0.54375 0.3812500000000001 0.54375 0.3812500000000001 0.584375 0.434375 0.584375
27 0.3734375000000001 0.5328125 0.3218750000000001 0.5328125 0.3218750000000001 0.5734375 0.3734375000000001 0.5734375
6 0.3156250000000001 0.4171875 0.26250000000000007 0.4171875 0.26250000000000007 0.4578125 0.3156250000000001 0.4578125
44 0.496875 0.15000000000000005 0.44375 0.15000000000000005 0.44375 0.19687500000000005 0.496875 0.19687500000000005
56 0.3765625 0.25625000000000003 0.3203125 0.25625 0.3203125 0.29687500000000006 0.3765625 0.2968750000000001