43 0.5703125000000001 0.7078125 0.5265625 0.7078125 0.5265625 0.7484375 0.5703125000000002 0.7484375
56 0.6125 0.725 0.56875 0.725 0.5687500000000001 0.765625 0.6125000000000002 0.765625
9 0.7109375 0.4734375 0.671875 0.4734375 0.671875 0.5125 0.7109375 0.5125
27 0.6671875 0.4828125 0.6265625 0.4828125 0.6265625 0.521875 0.6671875 0.521875
10 0.5609375000000002 0.75 0.5171875000000001 0.75 0.5171875000000001 0.790625 0.5609375000000002 0.790625
45 0.5531250000000002 0.79375 0.5031250000000002 0.79375 0.5031250000000002 0.8625 0.5531250000000002 0.8625
3 0.6578125000000001 0.7109375 0.6203125 0.7109375 0.6203125 0.75 0.6578125000000001 0.75
17 0.6328125000000002 0.8359375 0.5921875000000002 0.8359375 0.5921875000000002 0.871875 0.6328125000000002 0.871875
51 0.6390625 0.6 0.5984375 0.6 0.5984375 0.640625 0.6390625 0.640625
37 0.646875 0.3843750000000001 0.60625 0.3843750000000001 0.60625 0.425 0.646875 0.425
36 0.6765625 0.44375 0.634375 0.44375 0.634375 0.484375 0.6765625 0.484375
7 0.69375 0.55 0.6546875 0.55 0.6546875 0.5875 0.69375 0.5875
20 0.7515625 0.3000000000000001 0.7078125 0.3000000000000001 0.7078125 0.3625000000000001 0.7515625 0.3625000000000001
47 0.534375 0.4765625 0.446875 0.4765625 0.446875 0.6734375 0.534375 0.6734375
2 0.6500000000000001 0.7515625 0.6093750000000002 0.7515625 0.6093750000000002 0.7921875 0.6500000000000001 0.7921875
23 0.590625 0.6234375 0.546875 0.6234375 0.546875 0.6640625 0.590625 0.6640625
26 0.6671875 0.3140625000000001 0.6265625 0.3140625000000001 0.6265625 0.34843750000000007 0.6671875 0.34843750000000007
8 0.7015625 0.5125 0.6625 0.5125 0.6625 0.5515625 0.7015625 0.5515625
13 0.4859375 0.6734375 0.4359375 0.6734375 0.4359375 0.715625 0.4859375 0.715625
48 0.728125 0.3984375000000001 0.690625 0.3984375000000001 0.690625 0.4375000000000001 0.728125 0.43750000000000017
16 0.5421875 0.6375 0.4953125 0.6375 0.4953125 0.678125 0.5421875 0.678125
6 0.6828125 0.590625 0.6453125 0.590625 0.6453125 0.628125 0.6828125 0.628125
53 0.6578125 0.521875 0.615625 0.521875 0.615625 0.5609375 0.6578125 0.5609375
44 0.5015625000000001 0.8109375 0.4546875000000002 0.8109375 0.4546875000000002 0.8578125 0.5015625000000001 0.8578125
21 0.621875 0.68125 0.578125 0.68125 0.578125 0.721875 0.621875 0.721875
39 0.703125 0.3359375000000001 0.6625 0.3359375000000001 0.6625 0.3687500000000001 0.703125 0.3687500000000001
38 0.6859375 0.40625 0.6453125 0.40625 0.6453125 0.446875 0.6859375 0.446875
49 0.45625000000000016 0.8 0.4000000000000002 0.8 0.4000000000000002 0.85625 0.45625000000000016 0.85625
42 0.6296875 0.640625 0.5890625 0.640625 0.5890625 0.68125 0.6296875 0.68125
28 0.61875 0.503125 0.5765625 0.503125 0.5765625 0.54375 0.61875 0.54375
14 0.5453125 0.4359375 0.4984375 0.4359375 0.4984375 0.4796875 0.5453125 0.4796875
15 0.5625 0.553125 0.51875 0.553125 0.51875 0.59375 0.5625 0.59375
30 0.8234375 0.09218750000000007 0.3734375 0.09218750000000005 0.37343750000000003 0.8890625 0.8234375 0.8890625
46 0.634375 0.2593750000000001 0.578125 0.2593750000000001 0.578125 0.35625000000000007 0.634375 0.35625000000000007
40 0.6015625 0.3937500000000001 0.559375 0.3937500000000001 0.559375 0.434375 0.6015625 0.434375
59 0.6484375 0.5609375 0.60625 0.5609375 0.60625 0.6 0.6484375 0.6
0 0.721875 0.4359375 0.68125 0.4359375 0.68125 0.4734375 0.721875 0.4734375
34 0.6109375 0.3546875000000001 0.56875 0.3546875000000001 0.56875 0.39531250000000007 0.6109375 0.39531250000000007
4 0.6671875 0.6703125 0.628125 0.6703125 0.628125 0.709375 0.6671875 0.709375
58 0.5218750000000001 0.721875 0.4765625 0.721875 0.4765625000000001 0.7625 0.5218750000000002 0.7625
33 0.5828125 0.471875 0.5390625 0.471875 0.5390625 0.515625 0.5828125 0.515625
18 0.5921875 0.4328125 0.5484375 0.4328125 0.5484375 0.4734375 0.5921875 0.4734375
32 0.5125000000000002 0.765625 0.4656250000000002 0.765625 0.4656250000000002 0.8078125 0.5125000000000002 0.8078125
55 0.553125 0.5953125 0.5078125 0.5953125 0.5078125 0.6359375 0.553125 0.6359375
22 0.715625 0.2750000000000001 0.634375 0.2750000000000001 0.634375 0.3375000000000001 0.715625 0.3375000000000001
52 0.5953125000000001 0.809375 0.5484375000000001 0.809375 0.5484375000000001 0.8671875 0.5953125000000001 0.8671875
41 0.6046875000000002 0.7671875 0.5609375000000002 0.7671875 0.5609375000000002 0.8078125 0.6046875000000002 0.8078125
12 0.65625 0.3468750000000001 0.615625 0.3468750000000001 0.615625 0.38750000000000007 0.65625 0.38750000000000007
11 0.7375 0.3593750000000001 0.6984375 0.3593750000000001 0.6984375 0.4000000000000001 0.7375 0.4000000000000002
35 0.571875 0.5125 0.5296875 0.5125 0.5296875 0.553125 0.571875 0.553125
57 0.53125 0.6796875 0.4859375 0.6796875 0.4859375 0.7203125 0.53125 0.7203125
50 0.5640625 0.3625000000000001 0.5171875 0.3625000000000001 0.5171875 0.40625 0.5640625 0.40625
31 0.6375 0.4234375 0.596875 0.4234375 0.596875 0.4640625 0.6375 0.4640625
25 0.6078125 0.5421875 0.56875 0.5421875 0.56875 0.5828125 0.6078125 0.5828125
19 0.58125 0.665625 0.5375 0.665625 0.5375 0.70625 0.58125 0.70625
29 0.628125 0.4625 0.5875 0.4625 0.5875 0.503125 0.628125 0.503125
1 0.6406250000000002 0.7921875 0.6000000000000002 0.7921875 0.6000000000000002 0.8328125 0.6406250000000002 0.8328125
5 0.675 0.6296875 0.6359375 0.6296875 0.6359375 0.6671875 0.675 0.6671875
54 0.6953125 0.3671875000000001 0.6546875 0.3671875000000001 0.6546875 0.4078125 0.6953125 0.4078125
24 0.6 0.5875 0.55625 0.5875 0.55625 0.621875 0.6 0.621875