31 0.2968750000000001 0.63125 0.22812500000000008 0.63125 0.22812500000000008 0.684375 0.2968750000000001 0.684375
26 0.3062500000000001 0.8171875 0.23437500000000008 0.8171875 0.23437500000000008 0.8765625 0.3062500000000001 0.8765625
27 0.36406250000000007 0.5484375 0.2984375000000001 0.5484375 0.2984375000000001 0.6 0.36406250000000007 0.6
32 0.2 0.06718750000000002 0.1234375 0.06718750000000002 0.1234375 0.12500000000000003 0.2 0.12500000000000006
19 0.28125 0.2359375 0.215625 0.2359375 0.215625 0.2890625 0.28125 0.2890625
16 0.2109375 0.2671875 0.13906250000000003 0.2671875 0.13906250000000003 0.31875 0.2109375 0.31875
0 0.4375 0.634375 0.3750000000000001 0.634375 0.3750000000000001 0.690625 0.4375 0.690625
9 0.434375 0.5796875 0.37187500000000007 0.5796875 0.37187500000000007 0.6265625 0.434375 0.6265625
52 0.35 0.014062500000000039 0.275 0.014062500000000033 0.275 0.08906250000000004 0.35 0.08906250000000004
24 0.2875000000000001 0.3640625 0.2218750000000001 0.3640625 0.2218750000000001 0.4171875 0.2875000000000001 0.4171875
49 0.11875 9.184850993605149e-18 0.03125 3.827021247335479e-18 0.03125000000000001 0.05000000000000001 0.11875 0.050000000000000024
10 0.2765625 0.10781250000000005 0.2078125 0.10781250000000005 0.2078125 0.16406250000000006 0.2765625 0.16406250000000006
20 0.44843750000000016 0.8171875 0.37968750000000007 0.8171875 0.37968750000000007 0.9390625 0.44843750000000016 0.9390625
17 0.4125 0.021875000000000047 0.346875 0.021875000000000044 0.346875 0.06250000000000004 0.4125 0.06250000000000004
14 0.14062500000000008 0.5875 0.06406250000000006 0.5875 0.06406250000000008 0.6453125 0.14062500000000008 0.6453125
18 0.22031250000000008 0.6015625 0.14843750000000008 0.6015625 0.14843750000000008 0.6546875 0.22031250000000008 0.6546875
3 0.421875 0.19687500000000005 0.359375 0.19687500000000005 0.359375 0.25000000000000006 0.421875 0.2500000000000001
21 0.3546875 0.225 0.2828125 0.225 0.2828125 0.2828125 0.3546875 0.2828125
40 0.2234375000000001 0.671875 0.14843750000000008 0.671875 0.14843750000000008 0.725 0.2234375000000001 0.725
41 0.346875 0.09531250000000005 0.2828125 0.09531250000000005 0.2828125 0.15468750000000003 0.346875 0.15468750000000003
35 0.2156250000000001 0.465625 0.14687500000000003 0.465625 0.14687500000000003 0.5234375 0.2156250000000001 0.5234375
15 0.21250000000000008 0.4015625 0.14375000000000004 0.4015625 0.14375000000000004 0.4546875 0.21250000000000008 0.4546875
56 0.3515625 0.16250000000000003 0.2875 0.16250000000000003 0.2875 0.215625 0.3515625 0.215625
23 0.284375 0.3015625 0.2203125 0.3015625 0.2203125 0.3515625 0.284375 0.3515625
4 0.4234375 0.2609375000000001 0.3640625 0.2609375000000001 0.3640625 0.3109375000000001 0.4234375 0.3109375000000001
51 0.35625000000000007 0.353125 0.296875 0.353125 0.29687500000000006 0.4046875 0.35625000000000007 0.4046875
48 0.4406250000000001 0.696875 0.3765625000000001 0.696875 0.3765625000000001 0.75 0.44062500000000016 0.75
36 0.3703125000000001 0.6109375 0.3062500000000001 0.6109375 0.3062500000000001 0.6640625 0.3703125000000001 0.6640625
50 0.14843750000000008 0.721875 0.06406250000000009 0.721875 0.06406250000000009 0.784375 0.14843750000000008 0.784375
47 0.13906250000000006 0.2671875 0.05468750000000002 0.2671875 0.05468750000000004 0.5765625 0.1390625000000001 0.5765625
8 0.4359375 0.515625 0.3703125000000001 0.515625 0.3703125000000001 0.5609375 0.4359375 0.5609375
33 0.21875000000000008 0.5359375 0.14218750000000005 0.5359375 0.14218750000000008 0.5921875 0.21875000000000008 0.5921875
57 0.2046875 0.2015625 0.13593750000000004 0.2015625 0.13593750000000004 0.2546875 0.2046875 0.2546875
13 0.12656250000000005 0.196875 0.04687500000000002 0.196875 0.04687500000000003 0.25625 0.12656250000000005 0.25625
30 0.5000000000000001 3.109454763460077e-17 0.0078125 9.567553118338697e-19 0.00781250000000006 1 0.5000000000000002 1
6 0.43125 0.37968750000000007 0.3671875000000001 0.37968750000000007 0.3671875000000001 0.4359375 0.43125 0.4359375
12 0.3062500000000001 0.7546875 0.23437500000000008 0.7546875 0.23437500000000008 0.8125 0.3062500000000001 0.8125
5 0.43125 0.3203125000000001 0.3671875 0.3203125000000001 0.36718750000000006 0.3734375000000001 0.43125 0.3734375000000001
43 0.2796875 0.17031250000000003 0.2109375 0.17031250000000003 0.2109375 0.228125 0.2796875 0.228125
53 0.36406250000000007 0.4796875 0.2921875000000001 0.4796875 0.2921875000000001 0.5375 0.36406250000000007 0.5375
1 0.4140625 0.07500000000000004 0.3546875 0.07500000000000004 0.3546875 0.12656250000000005 0.4140625 0.12656250000000005
11 0.4437500000000002 0.75625 0.3843750000000001 0.75625 0.3843750000000001 0.809375 0.4437500000000002 0.809375
38 0.3703125000000001 0.671875 0.3109375000000001 0.671875 0.3109375000000001 0.728125 0.3703125000000001 0.728125
39 0.3765625000000001 0.79375 0.3078125000000001 0.79375 0.3078125000000001 0.8515625 0.3765625000000001 0.8515625
22 0.37968750000000007 0.8515625 0.2390625000000001 0.8515625 0.2390625000000001 0.9578125 0.37968750000000007 0.9578125
25 0.2906250000000001 0.4296875 0.2218750000000001 0.4296875 0.2218750000000001 0.4859375 0.2906250000000001 0.4859375
55 0.20937500000000003 0.3328125 0.14375000000000004 0.3328125 0.14375000000000004 0.3859375 0.2093750000000001 0.3859375
37 0.3031250000000001 0.6921875 0.22812500000000008 0.6921875 0.22812500000000008 0.75 0.3031250000000001 0.75
29 0.2953125000000001 0.5640625 0.2234375000000001 0.5640625 0.2234375000000001 0.6203125 0.2953125000000001 0.6203125
44 0.2 1.961348389259433e-17 0.1203125 1.4734031802241592e-17 0.1203125 0.057812500000000024 0.2 0.057812500000000024
28 0.2906250000000001 0.5 0.2218750000000001 0.5 0.2218750000000001 0.553125 0.2906250000000001 0.553125
59 0.3625000000000001 0.4171875 0.2984375000000001 0.4171875 0.2984375000000001 0.4671875 0.3625000000000001 0.4671875
42 0.35625 0.2875 0.290625 0.2875 0.290625 0.340625 0.35625 0.340625
46 0.2328125000000001 0.7984375 0.15625000000000008 0.7984375 0.1562500000000001 0.9703125 0.2328125000000001 0.9703125
2 0.41875 0.13437500000000005 0.35625 0.13437500000000005 0.35625 0.19218750000000004 0.41875 0.19218750000000004
34 0.2296875000000001 0.73125 0.1546875000000001 0.73125 0.1546875000000001 0.7890625 0.2296875000000001 0.7890625
7 0.43125 0.4515625 0.3671875000000001 0.4515625 0.3671875000000001 0.503125 0.43125 0.503125
45 0.2765625 0.004687500000000029 0.2 0.004687500000000025 0.2 0.10156250000000004 0.2765625 0.10156250000000004
54 0.3750000000000001 0.73125 0.3109375000000001 0.73125 0.3109375000000001 0.7875 0.3750000000000001 0.7875
58 0.203125 0.13437500000000002 0.128125 0.134375 0.12812500000000002 0.1921875 0.203125 0.19218750000000004