17 0.03125000000000004 0.309375 3.788751034862124e-17 0.309375 4.324534009489091e-17 0.396875 0.03125000000000004 0.396875
37 0.590625 0.4875 0.5421875 0.4875 0.5421875 0.5796875 0.590625 0.5796875
13 0.21093750000000008 0.703125 0.1437500000000001 0.703125 0.1437500000000001 0.8046875 0.21093750000000008 0.8046875
40 0.56875 0.5890625 0.51875 0.5890625 0.51875 0.6859375 0.56875 0.6859375
45 0.057812500000000065 0.4953125 6.065828677026735e-17 0.4953125 6.649449417245395e-17 0.590625 0.057812500000000065 0.590625
12 0.646875 0.4859375 0.596875 0.4859375 0.596875 0.578125 0.646875 0.578125
27 0.471875 0.3906250000000001 0.425 0.3906250000000001 0.425 0.478125 0.471875 0.478125
22 0.746875 0.3812500000000001 0.6859375 0.3812500000000001 0.6859375 0.5781250000000001 0.746875 0.5781250000000002
54 0.63125 0.3890625000000001 0.58125 0.3890625000000001 0.58125 0.4796875 0.63125 0.4796875
1 0.08593750000000004 0.3046875 0.03593750000000003 0.3046875 0.03593750000000004 0.3921875 0.08593750000000004 0.3921875
26 0.7 0.4859375 0.65 0.4859375 0.65 0.578125 0.7 0.578125
19 0.21875000000000008 0.4953125 0.16875000000000004 0.4953125 0.16875000000000007 0.5921875 0.21875000000000008 0.5921875
59 0.3671875000000001 0.39375000000000004 0.3203125000000001 0.39375 0.3203125000000001 0.484375 0.3671875000000001 0.484375
56 0.15625000000000006 0.396875 0.10781250000000005 0.396875 0.10781250000000005 0.4875 0.15625000000000006 0.4875
52 0.05156250000000005 0.3984375 0.0015625000000000487 0.3984375 0.0015625000000000545 0.490625 0.05156250000000007 0.490625
29 0.4859375 0.4875 0.4359375 0.4875 0.4359375 0.5828125 0.4859375 0.5828125
24 0.3234375000000001 0.4921875 0.2765625000000001 0.4921875 0.2765625000000001 0.584375 0.3234375000000001 0.584375
35 0.403125 0.5921875 0.3531250000000001 0.5921875 0.3531250000000001 0.6890625 0.403125 0.6890625
0 0.5515625 0.29375000000000007 0.5015625 0.29375000000000007 0.5015625 0.3812500000000001 0.5515625 0.3812500000000001
9 0.4984375 0.2953125000000001 0.4515625 0.2953125000000001 0.4515625 0.3812500000000001 0.4984375 0.3812500000000001
16 0.24218750000000008 0.5984375 0.1921875000000001 0.5984375 0.1921875000000001 0.6953125 0.24218750000000008 0.6953125
33 0.459375 0.5921875 0.4078125 0.5921875 0.4078125 0.6890625 0.459375 0.6890625
58 0.13281250000000008 0.5984375 0.07968750000000006 0.5984375 0.07968750000000008 0.6953125 0.13281250000000008 0.6953125
20 0.7375 0.2890625000000001 0.65625 0.2890625000000001 0.65625 0.3750000000000001 0.7375 0.3750000000000001
42 0.26250000000000007 0.3953125 0.21250000000000008 0.3953125 0.21250000000000008 0.4875 0.26250000000000007 0.4875
32 0.07812500000000008 0.6015625 0.02656250000000008 0.6015625 0.026562500000000083 0.6984375 0.07812500000000008 0.6984375
3 0.18750000000000006 0.3 0.13750000000000004 0.3 0.13750000000000004 0.3890625 0.18750000000000006 0.3890625
23 0.27031250000000007 0.4921875 0.2218750000000001 0.4921875 0.2218750000000001 0.5875 0.27031250000000007 0.5875
38 0.5765625 0.3890625000000001 0.528125 0.3890625000000001 0.528125 0.4796875 0.5765625 0.4796875
11 0.653125 0.29375000000000007 0.6046875 0.29375000000000007 0.6046875 0.3765625000000001 0.653125 0.3765625000000001
10 0.11093750000000006 0.5 0.06093750000000007 0.5 0.06093750000000007 0.5921875 0.11093750000000009 0.5921875
55 0.2953125000000001 0.596875 0.2453125000000001 0.596875 0.2453125000000001 0.69375 0.2953125000000001 0.69375
14 0.4875000000000001 0.6953125 0.434375 0.6953125 0.43437500000000007 0.796875 0.48750000000000016 0.796875
36 0.5234375 0.3906250000000001 0.4765625 0.3906250000000001 0.4765625 0.478125 0.5234375 0.478125
41 0.10468750000000004 0.4 0.05312500000000005 0.4 0.053125000000000054 0.4921875 0.10468750000000004 0.4921875
5 0.290625 0.3 0.2421875 0.3 0.24218750000000006 0.3859375 0.2906250000000001 0.3859375
15 0.3500000000000001 0.59375 0.2984375000000001 0.59375 0.2984375000000001 0.690625 0.3500000000000001 0.690625
31 0.5390625 0.4875 0.4890625 0.4875 0.4890625 0.5796875 0.5390625 0.5796875
51 0.3140625000000001 0.3953125 0.2656250000000001 0.3953125 0.2656250000000001 0.4828125 0.3140625000000001 0.4828125
50 0.5953125000000001 0.69375 0.5421875 0.69375 0.5421875 0.7953125 0.5953125000000001 0.7953125
28 0.43125 0.490625 0.3828125000000001 0.490625 0.3828125000000001 0.5828125 0.43125 0.5828125
21 0.21093750000000008 0.3953125 0.15937500000000004 0.3953125 0.15937500000000004 0.4875 0.21093750000000008 0.4875
34 0.621875 0.5890625 0.571875 0.5890625 0.571875 0.684375 0.621875 0.684375
48 0.6015625 0.29375000000000007 0.5546875 0.29375000000000007 0.5546875 0.37968750000000007 0.6015625 0.37968750000000007
2 0.13593750000000004 0.303125 0.08593750000000004 0.303125 0.08593750000000004 0.390625 0.13593750000000004 0.390625
39 0.6828125 0.3859375000000001 0.6328125 0.3859375000000001 0.6328125 0.4765625 0.6828125 0.4765625
7 0.39531250000000007 0.2984375 0.3484375 0.2984375 0.34843750000000007 0.384375 0.39531250000000007 0.3843750000000001
6 0.34218750000000003 0.2984375 0.2953125 0.2984375 0.29531250000000003 0.384375 0.3421875000000001 0.384375
57 0.1859375000000001 0.5984375 0.1359375000000001 0.5984375 0.1359375000000001 0.6953125 0.1859375000000001 0.6953125
8 0.446875 0.2984375000000001 0.3984375 0.2984375000000001 0.39843750000000006 0.3843750000000001 0.446875 0.3843750000000001
53 0.4203125 0.3937500000000001 0.37187500000000007 0.3937500000000001 0.37187500000000007 0.484375 0.4203125 0.484375
46 0.753125 0.5843750000000001 0.625 0.584375 0.625 0.6843750000000001 0.753125 0.6843750000000002
47 0.4296875000000001 0.6953125 0.2156250000000001 0.6953125 0.2156250000000001 0.8015625 0.42968750000000017 0.8015625
30 0.996875 0.17656250000000007 0.0031250000000000223 0.1765625 0.0031250000000000644 0.871875 0.996875 0.871875
18 0.5140625 0.5890625 0.4640625 0.5890625 0.4640625 0.6859375 0.5140625 0.6859375
25 0.37968750000000007 0.4921875 0.3296875000000001 0.4921875 0.3296875000000001 0.5828125 0.37968750000000007 0.5828125
43 0.16406250000000006 0.496875 0.11406250000000004 0.496875 0.11406250000000007 0.590625 0.16406250000000008 0.590625
4 0.23906250000000004 0.3 0.19062500000000004 0.3 0.19062500000000004 0.3859375 0.2390625000000001 0.3859375