23 0.409375 0.6 0.37968750000000007 0.6 0.37968750000000007 0.621875 0.409375 0.621875
4 0.3906250000000001 0.5625 0.3609375000000001 0.5625 0.3609375000000001 0.58125 0.3906250000000001 0.58125
59 0.478125 0.58125 0.45 0.58125 0.45 0.6 0.478125 0.6
34 0.6609375 0.621875 0.63125 0.621875 0.63125 0.64375 0.6609375 0.64375
8 0.5359375 0.5609375 0.50625 0.5609375 0.50625 0.5828125 0.5359375 0.5828125
7 0.496875 0.5609375 0.4703125 0.5609375 0.4703125 0.58125 0.496875 0.58125
52 0.2656250000000001 0.584375 0.23437500000000008 0.584375 0.23437500000000008 0.6046875 0.2656250000000001 0.6046875
55 0.4265625 0.621875 0.39531250000000007 0.621875 0.39531250000000007 0.6421875 0.4265625 0.6421875
31 0.6 0.5984375 0.5703125 0.5984375 0.5703125 0.6203125 0.6 0.6203125
44 0.2750000000000001 0.6203125 0.2062500000000001 0.6203125 0.2062500000000001 0.646875 0.2750000000000001 0.646875
19 0.37187500000000007 0.6 0.3421875000000001 0.6 0.3421875000000001 0.6203125 0.37187500000000007 0.6203125
51 0.440625 0.58125 0.4125 0.58125 0.4125 0.6 0.440625 0.6
0 0.60625 0.5609375 0.575 0.5609375 0.575 0.5796875 0.60625 0.5796875
13 0.3375000000000001 0.6453125 0.29375000000000007 0.6453125 0.29375000000000007 0.671875 0.3375000000000001 0.671875
46 0.725 0.61875 0.6703125 0.61875 0.6703125 0.64375 0.725 0.64375
24 0.446875 0.6 0.4171875 0.6 0.4171875 0.621875 0.446875 0.621875
22 0.75625 0.6000000000000001 0.6828125 0.6 0.6828125 0.6218750000000001 0.75625 0.6218750000000002
12 0.6796875 0.5984375 0.6484375 0.5984375 0.6484375 0.6203125 0.6796875 0.6203125
45 0.2687500000000001 0.603125 0.21875000000000008 0.603125 0.21875000000000008 0.6234375 0.2687500000000001 0.6234375
58 0.3125000000000001 0.6234375 0.2765625000000001 0.6234375 0.2765625000000001 0.6453125 0.3125000000000001 0.6453125
21 0.3687500000000001 0.5828125 0.3375000000000001 0.5828125 0.3375000000000001 0.6015625 0.3687500000000001 0.6015625
28 0.525 0.5984375 0.4953125 0.5984375 0.4953125 0.621875 0.525 0.621875
35 0.5046875 0.621875 0.4734375 0.621875 0.4734375 0.6421875 0.5046875 0.6421875
25 0.4859375 0.6 0.45625 0.6 0.45625 0.61875 0.4859375 0.61875
15 0.465625 0.61875 0.4359375 0.61875 0.4359375 0.6421875 0.465625 0.6421875
27 0.55 0.5796875 0.521875 0.5796875 0.521875 0.6 0.55 0.6
5 0.4265625 0.5625 0.3968750000000001 0.5625 0.3968750000000001 0.58125 0.4265625 0.58125
38 0.625 0.5796875 0.5953125 0.5796875 0.5953125 0.5984375 0.625 0.5984375
37 0.6390625 0.5984375 0.6078125 0.5984375 0.6078125 0.621875 0.6390625 0.621875
47 0.846875 0.6703125000000001 0.475 0.6703125 0.475 0.6937500000000001 0.846875 0.6937500000000002
30 0.83125 0.5328125000000001 0.18593750000000003 0.5328125 0.18593750000000006 0.6828125 0.83125 0.6828125000000002
11 0.678125 0.5609375 0.646875 0.5609375 0.646875 0.5796875 0.678125 0.5796875
20 0.7421875 0.5593750000000001 0.6828125 0.559375 0.6828125 0.5796875000000001 0.7421875 0.5796875000000001
29 0.5609375 0.5984375 0.534375 0.5984375 0.534375 0.61875 0.5609375 0.61875
36 0.5890625 0.58125 0.559375 0.58125 0.559375 0.6 0.5890625 0.6
47 0.521875 0.64375 0.3812500000000001 0.64375 0.3812500000000001 0.6703125 0.521875 0.6703125
40 0.621875 0.621875 0.590625 0.621875 0.590625 0.64375 0.621875 0.64375
32 0.3781250000000001 0.64375 0.34062500000000007 0.64375 0.34062500000000007 0.6703125 0.3781250000000001 0.6703125
16 0.3890625000000001 0.621875 0.3546875000000001 0.621875 0.3546875000000001 0.64375 0.3890625000000001 0.64375
57 0.3515625000000001 0.6234375 0.31718750000000007 0.6234375 0.31718750000000007 0.6453125 0.3515625000000001 0.6453125
54 0.6625 0.5796875 0.6328125 0.5796875 0.6328125 0.5984375 0.6625 0.5984375
48 0.6421875 0.5609375 0.6125 0.5609375 0.6125 0.5796875 0.6421875 0.5796875
3 0.3578125000000001 0.5625 0.32500000000000007 0.5625 0.32500000000000007 0.5828125 0.3578125000000001 0.5828125
10 0.3031250000000001 0.6015625 0.2687500000000001 0.6015625 0.2687500000000001 0.6234375 0.3031250000000001 0.6234375
14 0.559375 0.64375 0.5234375 0.64375 0.5234375 0.66875 0.559375 0.66875
43 0.3359375000000001 0.6015625 0.3046875000000001 0.6015625 0.3046875000000001 0.6234375 0.3359375000000001 0.6234375
41 0.2968750000000001 0.5828125 0.2640625000000001 0.5828125 0.2640625000000001 0.603125 0.2968750000000001 0.603125
6 0.4609375 0.5625 0.4328125 0.5625 0.4328125 0.58125 0.4609375 0.58125
56 0.3343750000000001 0.5828125 0.30156250000000007 0.5828125 0.30156250000000007 0.6015625 0.3343750000000001 0.6015625
17 0.6015625 0.6421875 0.5671875 0.6421875 0.5671875 0.66875 0.6015625 0.66875
1 0.28593750000000007 0.5640625 0.2500000000000001 0.5640625 0.2500000000000001 0.584375 0.28593750000000007 0.584375
39 0.703125 0.5796875 0.6703125 0.5796875 0.6703125 0.6 0.703125 0.6
53 0.5140625 0.5796875 0.4859375 0.5796875 0.4859375 0.6 0.5140625 0.6
42 0.4046875 0.5828125 0.3734375000000001 0.5828125 0.3734375000000001 0.6015625 0.4046875 0.6015625
33 0.54375 0.621875 0.5140625 0.621875 0.5140625 0.64375 0.54375 0.64375
18 0.58125 0.621875 0.55 0.621875 0.55 0.64375 0.58125 0.64375
26 0.7515625 0.5781250000000001 0.7078125 0.578125 0.7078125 0.5984375000000001 0.7515625 0.5984375000000002
9 0.5703125 0.5625 0.540625 0.5625 0.540625 0.58125 0.5703125 0.58125
49 0.2468750000000001 0.6453125 0.19687500000000008 0.6453125 0.19687500000000008 0.671875 0.2468750000000001 0.671875
2 0.3218750000000001 0.5640625 0.2906250000000001 0.5640625 0.2906250000000001 0.584375 0.3218750000000001 0.584375