9 0.615625 0.3234375000000001 0.5609375 0.3234375000000001 0.5609375 0.4 0.615625 0.4
2 0.17500000000000004 0.3140625 0.12500000000000006 0.3140625 0.12500000000000006 0.378125 0.17500000000000004 0.378125
48 0.7453125 0.3265625000000001 0.684375 0.3265625000000001 0.684375 0.4015625000000001 0.7453125 0.40156250000000016
51 0.3921875000000001 0.39687500000000003 0.3453125000000001 0.396875 0.3453125000000001 0.459375 0.3921875000000001 0.459375
5 0.36406250000000007 0.31875000000000003 0.315625 0.31875 0.31562500000000004 0.38281250000000006 0.36406250000000007 0.3828125000000001
21 0.2671875000000001 0.3921875 0.2140625000000001 0.3921875 0.2140625000000001 0.4625 0.2671875000000001 0.4625
39 0.84375 0.4031250000000002 0.7828125 0.4031250000000002 0.7828125 0.4828125000000002 0.84375 0.4828125000000002
44 0.1140625000000001 0.546875 0.014062500000000066 0.546875 0.014062500000000071 0.615625 0.1140625000000001 0.615625
31 0.665625 0.4796875 0.6078125 0.4796875 0.6078125 0.5578125 0.665625 0.5578125
13 0.22812500000000008 0.634375 0.1593750000000001 0.634375 0.1593750000000001 0.703125 0.22812500000000008 0.703125
33 0.5734375 0.55625 0.5125 0.55625 0.5125 0.6375 0.5734375 0.6375
17 0.2921875000000001 0.6359375 0.2406250000000001 0.6359375 0.2406250000000001 0.70625 0.2921875000000001 0.70625
16 0.3062500000000001 0.553125 0.2562500000000001 0.553125 0.2562500000000001 0.6171875 0.3062500000000001 0.6171875
46 0.9296875 0.5640625000000001 0.76875 0.5640625000000001 0.76875 0.6468750000000002 0.9296875 0.6468750000000002
38 0.7125 0.4015625 0.6546875 0.4015625 0.6546875 0.475 0.7125 0.475
19 0.27812500000000007 0.471875 0.22812500000000008 0.471875 0.22812500000000008 0.5359375 0.27812500000000007 0.5359375
52 0.07656250000000005 0.3890625 0.028125000000000046 0.3890625 0.02812500000000005 0.4515625 0.07656250000000005 0.4515625
6 0.4265625 0.3187500000000001 0.375 0.3187500000000001 0.37500000000000006 0.3906250000000001 0.4265625 0.3906250000000001
7 0.490625 0.3203125000000001 0.4375 0.3203125000000001 0.4375 0.3921875000000001 0.490625 0.3921875000000001
15 0.4359375 0.5546875 0.3843750000000001 0.5546875 0.3843750000000001 0.6203125 0.4359375 0.6203125
14 0.7953125000000001 0.6437500000000002 0.734375 0.6437500000000002 0.7343750000000001 0.7312500000000002 0.7953125000000002 0.7312500000000002
35 0.503125 0.55625 0.45 0.55625 0.45 0.6265625 0.503125 0.6265625
20 0.9140625 0.32500000000000007 0.8078125 0.32500000000000007 0.8078125 0.4046875000000002 0.9140625 0.4046875000000002
3 0.23906250000000004 0.3140625 0.18750000000000006 0.3140625 0.18750000000000006 0.3796875 0.2390625000000001 0.3796875
11 0.8078125 0.3265625000000001 0.75 0.3265625000000001 0.75 0.4031250000000002 0.8078125 0.4031250000000002
55 0.37187500000000007 0.5546875 0.3218750000000001 0.5546875 0.3218750000000001 0.61875 0.37187500000000007 0.61875
37 0.7328125 0.48125000000000007 0.671875 0.48125 0.671875 0.5593750000000001 0.7328125 0.5593750000000002
28 0.5328125 0.478125 0.484375 0.478125 0.484375 0.540625 0.5328125 0.540625
45 0.09062500000000007 0.471875 0.025000000000000057 0.471875 0.02500000000000006 0.540625 0.09062500000000007 0.540625
26 0.91875 0.4078125000000002 0.846875 0.4078125000000002 0.846875 0.4859375000000002 0.91875 0.4859375000000002
59 0.45625 0.3968750000000001 0.4046875 0.3968750000000001 0.4046875 0.46875 0.45625 0.46875
32 0.596875 0.6390625 0.540625 0.6390625 0.540625 0.725 0.596875 0.725
36 0.646875 0.4015625 0.590625 0.4015625 0.590625 0.4765625 0.646875 0.4765625
0 0.6796875 0.32500000000000007 0.6234375 0.32500000000000007 0.6234375 0.4015625 0.6796875 0.4015625
40 0.7015625 0.5609375 0.64375 0.5609375 0.64375 0.6359375 0.7015625 0.6359375
42 0.3296875000000001 0.39375 0.2796875000000001 0.39375 0.2796875000000001 0.4578125 0.3296875000000001 0.4578125
4 0.30000000000000004 0.315625 0.2515625 0.315625 0.2515625 0.38125 0.3000000000000001 0.38125
22 0.9234375 0.4828125000000002 0.7984375 0.4828125000000002 0.7984375 0.5640625000000001 0.9234375 0.5640625000000001
43 0.2140625000000001 0.471875 0.16406250000000006 0.471875 0.16406250000000006 0.5359375 0.2140625000000001 0.5359375
47 0.53125 0.6359375 0.3031250000000001 0.6359375 0.3031250000000001 0.7234375 0.53125 0.7234375
23 0.3421875000000001 0.475 0.2921875000000001 0.475 0.2921875000000001 0.5390625 0.3421875000000001 0.5390625
12 0.7984375 0.4859375000000002 0.7390625 0.4859375000000002 0.7390625 0.5546875000000002 0.7984375 0.5546875000000002
8 0.553125 0.3203125000000001 0.4984375 0.3203125000000001 0.4984375 0.4 0.553125 0.4
49 0.07500000000000008 0.6328125 0.003125000000000078 0.6328125 0.0031250000000000817 0.703125 0.0750000000000001 0.703125
1 0.11093750000000005 0.3109375 0.06250000000000004 0.3109375 0.06250000000000004 0.375 0.11093750000000005 0.375
27 0.5859375 0.4 0.528125 0.4 0.528125 0.4765625 0.5859375 0.4765625
10 0.14843750000000006 0.4703125 0.09843750000000007 0.4703125 0.09843750000000007 0.5328125 0.14843750000000006 0.5328125
54 0.78125 0.4015625000000001 0.7171875 0.4015625 0.7171875 0.48125000000000007 0.78125 0.4812500000000002
25 0.4703125 0.475 0.4171875 0.475 0.4171875 0.540625 0.4703125 0.540625
34 0.7671875 0.5625000000000001 0.7078125 0.5625 0.7078125 0.6421875000000001 0.7671875 0.6421875000000001
56 0.20312500000000008 0.390625 0.15312500000000004 0.390625 0.15312500000000004 0.4546875 0.20312500000000008 0.4546875
24 0.4046875 0.475 0.35625000000000007 0.475 0.35625000000000007 0.5375 0.4046875 0.5375
18 0.6328125 0.559375 0.5796875 0.559375 0.5796875 0.634375 0.6328125 0.634375
30 1 0.22812500000000005 2.7937255105548996e-17 0.228125 6.123233995736766e-17 0.7718750000000001 1 0.7718750000000002
29 0.6015625 0.4796875 0.546875 0.4796875 0.546875 0.5484375 0.6015625 0.5484375
57 0.24218750000000008 0.553125 0.1921875000000001 0.553125 0.1921875000000001 0.6171875 0.24218750000000008 0.6171875
41 0.13906250000000003 0.390625 0.08750000000000005 0.390625 0.08750000000000005 0.45625 0.13906250000000003 0.45625
53 0.51875 0.3984375000000001 0.4671875 0.3984375000000001 0.4671875 0.4671875 0.51875 0.4671875
58 0.1765625000000001 0.553125 0.12500000000000008 0.553125 0.12500000000000008 0.615625 0.1765625000000001 0.615625