14 0.659375 0.5484375 0.60625 0.5484375 0.60625 0.60625 0.659375 0.60625
18 0.6953125 0.4921875 0.6453125 0.4921875 0.6453125 0.546875 0.6953125 0.546875
38 0.7640625 0.3828125000000001 0.7140625 0.3828125000000001 0.7140625 0.43437500000000007 0.7640625 0.4343750000000002
16 0.403125 0.4984375 0.3531250000000001 0.4984375 0.3531250000000001 0.5515625 0.403125 0.5515625
41 0.2500000000000001 0.39375 0.19687500000000005 0.39375 0.19687500000000005 0.446875 0.2500000000000001 0.446875
24 0.4890625 0.440625 0.440625 0.440625 0.440625 0.4953125 0.4890625 0.4953125
45 0.20312500000000008 0.446875 0.13750000000000004 0.446875 0.13750000000000004 0.5015625 0.20312500000000008 0.5015625
22 0.959375 0.4312500000000002 0.8484375 0.4312500000000002 0.8484375 0.4859375000000002 0.959375 0.4859375000000002
37 0.78125 0.4359375000000002 0.73125 0.4359375000000002 0.73125 0.4906250000000002 0.78125 0.4906250000000002
53 0.5890625 0.38750000000000007 0.5421875 0.38750000000000007 0.5421875 0.4390625 0.5890625 0.4390625
39 0.88125 0.37968750000000007 0.8296875 0.37968750000000007 0.8296875 0.43281250000000016 0.88125 0.43281250000000016
42 0.41875 0.3921875000000001 0.3703125000000001 0.3921875000000001 0.3703125000000001 0.4421875 0.41875 0.4421875
36 0.7046875 0.3843750000000001 0.6546875 0.3843750000000001 0.6546875 0.434375 0.7046875 0.434375
51 0.475 0.3890625000000001 0.428125 0.3890625000000001 0.428125 0.4375 0.475 0.4375
54 0.8234375 0.3812500000000001 0.771875 0.3812500000000001 0.771875 0.4343750000000002 0.8234375 0.4343750000000002
32 0.3937500000000001 0.553125 0.3390625000000001 0.553125 0.3390625000000001 0.6125 0.3937500000000001 0.6125
48 0.7890625 0.3312500000000001 0.7390625 0.3312500000000001 0.7390625 0.3812500000000001 0.7890625 0.3812500000000001
44 0.22812500000000008 0.5 0.13125000000000003 0.5 0.13125000000000006 0.5578125 0.22812500000000008 0.5578125
58 0.28593750000000007 0.5 0.23437500000000008 0.5 0.23437500000000008 0.5546875 0.28593750000000007 0.5546875
43 0.3156250000000001 0.44375 0.2656250000000001 0.44375 0.2656250000000001 0.4984375 0.3156250000000001 0.4984375
4 0.39062500000000006 0.33906250000000004 0.34375 0.3390625 0.34375000000000006 0.38906250000000003 0.3906250000000001 0.3890625000000001
26 0.95625 0.37968750000000007 0.8890625 0.37968750000000007 0.8890625 0.43281250000000016 0.95625 0.43281250000000016
31 0.7234375 0.4375 0.6734375 0.4375 0.6734375 0.4875 0.7234375 0.4875
46 0.90625 0.48750000000000016 0.8265625 0.48750000000000016 0.8265625 0.5406250000000001 0.90625 0.5406250000000001
55 0.4625 0.496875 0.4125 0.496875 0.4125 0.55 0.4625 0.55
12 0.8421875 0.4343750000000002 0.790625 0.4343750000000002 0.790625 0.48750000000000016 0.8421875 0.48750000000000016
59 0.5328125 0.38750000000000007 0.4859375 0.38750000000000007 0.4859375 0.4375 0.5328125 0.4375
0 0.73125 0.3296875000000001 0.6828125 0.3296875000000001 0.6828125 0.3828125000000001 0.73125 0.3828125000000001
47 0.459375 0.6171875 0.09375000000000007 0.6171875 0.09375000000000008 0.66875 0.459375 0.66875
8 0.61875 0.33281250000000007 0.56875 0.33281250000000007 0.56875 0.3890625000000001 0.61875 0.3890625000000001
52 0.19531250000000006 0.396875 0.14687500000000003 0.396875 0.14687500000000003 0.4484375 0.19531250000000006 0.4484375
10 0.2593750000000001 0.4453125 0.2093750000000001 0.4453125 0.2093750000000001 0.4984375 0.2593750000000001 0.4984375
17 0.725 0.553125 0.671875 0.553125 0.671875 0.6109375 0.725 0.6109375
6 0.503125 0.3359375000000001 0.45625 0.3359375000000001 0.45625 0.3859375000000001 0.503125 0.3859375000000001
21 0.36406250000000007 0.3921875 0.3125000000000001 0.3921875 0.3125000000000001 0.4453125 0.36406250000000007 0.4453125
29 0.665625 0.4390625 0.6171875 0.4390625 0.6171875 0.4921875 0.665625 0.4921875
47 1 0.6062500000000001 0.540625 0.60625 0.540625 0.6687500000000001 1 0.6687500000000002
27 0.646875 0.3859375000000001 0.6 0.3859375000000001 0.6 0.4359375 0.646875 0.4359375
40 0.75625 0.4906250000000001 0.70625 0.490625 0.70625 0.5437500000000001 0.75625 0.5437500000000002
49 0.19687500000000008 0.5578125 0.12656250000000008 0.5578125 0.12656250000000008 0.6171875 0.19687500000000008 0.6171875
5 0.4484375 0.3375000000000001 0.4 0.3375000000000001 0.4 0.3890625000000001 0.4484375 0.3890625000000001
34 0.815625 0.4890625000000002 0.765625 0.4890625000000002 0.765625 0.5421875000000002 0.815625 0.5421875000000002
25 0.546875 0.4421875 0.5 0.4421875 0.5 0.4890625 0.546875 0.4890625
20 0.9484375 0.3234375000000001 0.8546875 0.3234375000000001 0.8546875 0.3781250000000001 0.9484375 0.3781250000000001
30 1 0.275 0.09843750000000004 0.275 0.09843750000000007 0.64375 1 0.6437500000000002
1 0.22500000000000003 0.3421875 0.17187500000000006 0.3421875 0.17187500000000006 0.3953125 0.2250000000000001 0.3953125
23 0.4328125 0.4421875 0.3828125000000001 0.4421875 0.3828125000000001 0.496875 0.4328125 0.496875
9 0.6765625 0.3312500000000001 0.628125 0.3312500000000001 0.628125 0.3859375000000001 0.6765625 0.3859375000000001
33 0.6359375 0.4921875 0.5875 0.4921875 0.5875 0.546875 0.6359375 0.546875
57 0.3437500000000001 0.4984375 0.29375000000000007 0.4984375 0.29375000000000007 0.5515625 0.3437500000000001 0.5515625
11 0.846875 0.3296875000000001 0.796875 0.3296875000000001 0.796875 0.37968750000000007 0.846875 0.37968750000000007
15 0.521875 0.4953125 0.46875 0.4953125 0.46875 0.5484375 0.521875 0.5484375
56 0.3062500000000001 0.39375 0.2562500000000001 0.39375 0.2562500000000001 0.44375 0.3062500000000001 0.44375
19 0.3750000000000001 0.44375 0.32500000000000007 0.44375 0.32500000000000007 0.496875 0.3750000000000001 0.496875
47 0.603125 0.5484375 0.4 0.5484375 0.4 0.6109375 0.603125 0.6109375
35 0.578125 0.4953125 0.528125 0.4953125 0.528125 0.546875 0.578125 0.546875
2 0.27968750000000003 0.340625 0.2296875 0.340625 0.22968750000000004 0.39375 0.2796875000000001 0.39375
28 0.60625 0.4390625 0.5578125 0.4390625 0.5578125 0.49375 0.60625 0.49375
13 0.33281250000000007 0.5546875 0.2671875000000001 0.5546875 0.2671875000000001 0.6140625 0.33281250000000007 0.6140625
47 0.9140625 0.12812500000000007 0.1515625 0.128125 0.15156250000000002 0.23906250000000004 0.9140625 0.2390625000000001
7 0.5609375 0.3343750000000001 0.5140625 0.3343750000000001 0.5140625 0.38750000000000007 0.5609375 0.38750000000000007
3 0.33593750000000006 0.3390625 0.2859375 0.3390625 0.28593750000000007 0.3921875 0.3359375000000001 0.3921875