46 0.3750000000000001 0.7640625 0.3078125000000001 0.7640625 0.3078125000000001 0.8953125 0.3750000000000001 0.8953125
32 0.3609375 0.13281250000000006 0.2890625 0.13281250000000006 0.2890625 0.18906250000000005 0.3609375 0.18906250000000005
10 0.4375 0.16406250000000006 0.36875 0.16406250000000006 0.36875 0.2156250000000001 0.4375 0.2156250000000001
19 0.4421875 0.2812500000000001 0.3703125 0.2812500000000001 0.3703125 0.3359375000000001 0.4421875 0.3359375000000001
29 0.44375 0.5703125 0.3781250000000001 0.5703125 0.3781250000000001 0.61875 0.44375 0.61875
45 0.4375 0.06562500000000004 0.365625 0.06562500000000004 0.365625 0.15781250000000005 0.4375 0.15781250000000005
5 0.5921875 0.3578125000000001 0.525 0.3578125000000001 0.525 0.409375 0.5921875 0.409375
44 0.3578125 0.06250000000000004 0.2859375 0.06250000000000004 0.2859375 0.12500000000000006 0.3578125 0.12500000000000006
39 0.5250000000000001 0.7796875 0.45625000000000016 0.7796875 0.45625000000000016 0.81875 0.5250000000000001 0.81875
17 0.590625 0.06562500000000007 0.521875 0.06562500000000007 0.521875 0.11406250000000007 0.590625 0.1140625000000001
21 0.515625 0.27031250000000007 0.4484375 0.27031250000000007 0.4484375 0.32500000000000007 0.515625 0.32500000000000007
55 0.3671875000000001 0.37031250000000004 0.2984375000000001 0.3703125 0.2984375000000001 0.4234375 0.3671875000000001 0.4234375
6 0.5921875 0.415625 0.5265625 0.415625 0.5265625 0.465625 0.5921875 0.465625
53 0.51875 0.5 0.4515625 0.5 0.4515625 0.55 0.51875 0.55
48 0.5953125000000001 0.69375 0.53125 0.69375 0.5312500000000001 0.74375 0.5953125000000001 0.74375
27 0.5171875 0.5578125 0.453125 0.5578125 0.453125 0.60625 0.5171875 0.60625
54 0.5234375000000001 0.721875 0.4546875 0.721875 0.4546875000000001 0.771875 0.5234375000000002 0.771875
4 0.5921875 0.2984375000000001 0.525 0.2984375000000001 0.525 0.3515625000000001 0.5921875 0.3515625000000001
34 0.37187500000000007 0.709375 0.3062500000000001 0.709375 0.3062500000000001 0.759375 0.37187500000000007 0.759375
52 0.515625 0.06406250000000005 0.44375 0.06406250000000005 0.44375 0.14218750000000005 0.515625 0.14218750000000005
35 0.3703125000000001 0.4859375 0.30156250000000007 0.4859375 0.30156250000000007 0.5359375 0.3703125000000001 0.5359375
31 0.4453125 0.625 0.3812500000000001 0.625 0.3812500000000001 0.6734375 0.4453125 0.6734375
24 0.4421875 0.4 0.3750000000000001 0.4 0.3750000000000001 0.45 0.4421875 0.45
0 0.5953125 0.6390625 0.5296875 0.6390625 0.5296875 0.6890625 0.5953125 0.6890625
15 0.3687500000000001 0.4265625 0.3000000000000001 0.4265625 0.3000000000000001 0.4796875 0.3687500000000001 0.4796875
43 0.4390625 0.2218750000000001 0.3703125 0.2218750000000001 0.3703125 0.2750000000000001 0.4390625 0.2750000000000001
56 0.5171875 0.21093750000000008 0.4453125 0.21093750000000008 0.4453125 0.2640625000000001 0.5171875 0.2640625000000001
22 0.5265625000000002 0.8234375 0.3828125000000001 0.8234375 0.3828125000000001 0.8921875 0.5265625000000002 0.8921875
47 0.29375000000000007 0.3078125 0.2125 0.3078125 0.21250000000000005 0.5703125 0.29375000000000007 0.5703125
51 0.5171875 0.38750000000000007 0.4515625 0.38750000000000007 0.4515625 0.4375 0.5171875 0.4375
12 0.44843750000000016 0.7359375 0.3812500000000001 0.7359375 0.3812500000000001 0.7859375 0.44843750000000016 0.7859375
59 0.5171875 0.44375 0.4515625 0.44375 0.4515625 0.4921875 0.5171875 0.4921875
13 0.284375 0.246875 0.209375 0.246875 0.209375 0.303125 0.284375 0.303125
23 0.440625 0.3421875000000001 0.3734375 0.3421875000000001 0.37343750000000003 0.3921875000000001 0.440625 0.3921875000000001
41 0.515625 0.14843750000000006 0.44375 0.14843750000000006 0.44375 0.20468750000000008 0.515625 0.20468750000000008
42 0.515625 0.3281250000000001 0.45 0.3281250000000001 0.45 0.3812500000000001 0.515625 0.3812500000000001
18 0.37187500000000007 0.6 0.3046875000000001 0.6 0.3046875000000001 0.6484375 0.37187500000000007 0.6484375
50 0.2968750000000001 0.6796875 0.2250000000000001 0.6796875 0.2250000000000001 0.73125 0.2968750000000001 0.73125
28 0.4453125 0.5125 0.3765625000000001 0.5125 0.3765625000000001 0.5609375 0.4453125 0.5609375
58 0.3625 0.19375000000000003 0.290625 0.19375000000000003 0.290625 0.246875 0.3625 0.246875
40 0.37187500000000007 0.6546875 0.3062500000000001 0.6546875 0.3062500000000001 0.7046875 0.37187500000000007 0.7046875
26 0.4500000000000002 0.7921875 0.3828125000000001 0.7921875 0.3828125000000001 0.8328125 0.4500000000000002 0.8328125
1 0.5890625 0.12031250000000007 0.5203125 0.12031250000000004 0.5203125 0.17343750000000008 0.5890625 0.17343750000000008
2 0.590625 0.17968750000000006 0.521875 0.17968750000000006 0.521875 0.23437500000000008 0.590625 0.23437500000000008
20 0.5984375000000002 0.80625 0.5343750000000002 0.80625 0.5343750000000002 0.8875 0.5984375000000002 0.8875
57 0.3640625 0.25312500000000004 0.2953125 0.253125 0.2953125 0.30625 0.3640625 0.3062500000000001
9 0.59375 0.584375 0.5296875 0.584375 0.5296875 0.6328125 0.59375 0.6328125
16 0.36562500000000003 0.31093750000000003 0.29375 0.3109375 0.29375000000000007 0.36562500000000003 0.3656250000000001 0.3656250000000001
11 0.5968750000000002 0.7484375 0.5312500000000002 0.7484375 0.5312500000000002 0.7984375 0.5968750000000002 0.7984375
3 0.590625 0.2390625000000001 0.521875 0.2390625000000001 0.521875 0.29375000000000007 0.590625 0.29375000000000007
49 0.28125 0.06093750000000003 0.203125 0.06093750000000002 0.203125 0.13281250000000006 0.28125 0.13281250000000006
38 0.521875 0.6671875 0.4546875 0.6671875 0.4546875 0.7140625 0.521875 0.7140625
8 0.59375 0.5265625 0.528125 0.5265625 0.528125 0.5765625 0.59375 0.5765625
25 0.4421875 0.4578125 0.3750000000000001 0.4578125 0.3750000000000001 0.5078125 0.4421875 0.5078125
33 0.37187500000000007 0.5421875 0.3031250000000001 0.5421875 0.3031250000000001 0.5921875 0.37187500000000007 0.5921875
37 0.4484375000000001 0.6796875 0.3812500000000001 0.6796875 0.3812500000000001 0.7296875 0.44843750000000016 0.7296875
30 0.6937500000000001 0.028125000000000056 0.1625 0.02812500000000002 0.16250000000000006 1 0.6937500000000002 1
7 0.59375 0.4734375 0.528125 0.4734375 0.528125 0.521875 0.59375 0.521875
14 0.2953125000000001 0.578125 0.2234375000000001 0.578125 0.2234375000000001 0.628125 0.2953125000000001 0.628125
36 0.5203125 0.6109375 0.4546875 0.6109375 0.4546875 0.659375 0.5203125 0.659375