58 0.7515625000000001 0.6093750000000001 0.6640625 0.609375 0.6640625000000001 0.7437500000000001 0.7515625000000001 0.7437500000000001
32 0.840625 0.6093750000000002 0.75625 0.6093750000000002 0.7562500000000001 0.7437500000000001 0.840625 0.7437500000000001
14 0.1687500000000001 0.74375 0.08437500000000009 0.74375 0.0843750000000001 0.878125 0.1687500000000001 0.878125
57 0.659375 0.6078125 0.571875 0.6078125 0.5718750000000001 0.7421875 0.6593750000000002 0.7421875
40 0.02343750000000008 0.60625 0.0031250000000000735 0.60625 0.0031250000000000817 0.7328125 0.02343750000000009 0.7328125
49 0.9609375 0.7656250000000002 0.8234375 0.7656250000000002 0.8234375 0.9 0.9609375 0.9
23 0.5203125 0.4609375 0.4359375 0.4609375 0.4359375 0.596875 0.5203125 0.596875
17 0.9578125 0.17031250000000012 0.8765625 0.1703125000000001 0.8765625 0.3031250000000001 0.9578125 0.3031250000000001
25 0.34062500000000007 0.45625 0.2562500000000001 0.45625 0.2562500000000001 0.5890625 0.34062500000000007 0.5890625
5 0.5 0.16875000000000004 0.415625 0.16875000000000004 0.415625 0.3000000000000001 0.5 0.3000000000000001
41 0.8203125 0.3156250000000001 0.7359375 0.3156250000000001 0.7359375 0.4515625000000002 0.8203125 0.4515625000000002
56 0.73125 0.3125000000000001 0.64375 0.3125000000000001 0.64375 0.4484375000000001 0.73125 0.44843750000000016
1 0.865625 0.1703125000000001 0.78125 0.1703125000000001 0.78125 0.3046875000000001 0.865625 0.3046875000000001
21 0.6375 0.3156250000000001 0.55 0.3156250000000001 0.55 0.4484375 0.6375 0.4484375
53 0.27343750000000006 0.309375 0.18906250000000005 0.309375 0.18906250000000005 0.44375 0.2734375000000001 0.44375
35 0.2953125000000001 0.603125 0.21093750000000008 0.603125 0.21093750000000008 0.7359375 0.2953125000000001 0.7359375
4 0.5921875 0.17031250000000006 0.5046875 0.17031250000000003 0.5046875 0.3046875000000001 0.5921875 0.3046875000000001
27 0.18437500000000004 0.3109375 0.10312500000000005 0.3109375 0.10312500000000005 0.4421875 0.18437500000000004 0.4421875
13 0.6359375000000002 0.753125 0.5234375000000002 0.753125 0.5234375000000002 0.8875 0.6359375000000002 0.8875
28 0.2500000000000001 0.45625 0.16718750000000004 0.45625 0.16718750000000007 0.59375 0.2500000000000001 0.59375
10 0.796875 0.4625000000000001 0.7125 0.4625 0.7125 0.596875 0.796875 0.5968750000000002
30 0.996875 0.03125000000000006 3.827021247335479e-18 0.03125 6.17107176132846e-17 0.9765625 0.996875 0.9765625
52 0.959375 0.31718750000000007 0.828125 0.31718750000000007 0.828125 0.45312500000000017 0.959375 0.45312500000000017
8 0.228125 0.16875 0.146875 0.16875 0.14687500000000003 0.296875 0.228125 0.296875
47 0.5171875000000001 0.7484375 0.17343750000000008 0.7484375 0.17343750000000008 0.884375 0.5171875000000001 0.884375
59 0.36406250000000007 0.31250000000000006 0.2765625 0.3125 0.27656250000000004 0.446875 0.36406250000000007 0.446875
0 0.05156250000000003 0.1703125 0.004687500000000021 0.1703125 0.0046875000000000284 0.296875 0.051562500000000046 0.296875
9 0.14062500000000003 0.1703125 0.059375000000000025 0.1703125 0.05937500000000003 0.2984375 0.14062500000000006 0.2984375
24 0.43125 0.45625 0.3468750000000001 0.45625 0.3468750000000001 0.590625 0.43125 0.590625
3 0.684375 0.1671875000000001 0.596875 0.1671875000000001 0.596875 0.30156250000000007 0.684375 0.30156250000000007
42 0.546875 0.3140625000000001 0.459375 0.3140625000000001 0.459375 0.4484375 0.546875 0.4484375
55 0.4765625000000001 0.6046875 0.3890625000000001 0.6046875 0.3890625000000001 0.7390625 0.47656250000000017 0.7390625
51 0.4546875 0.3125000000000001 0.36875 0.3125000000000001 0.36875 0.4453125 0.4546875 0.4453125
43 0.70625 0.4609375 0.61875 0.4609375 0.61875 0.5953125 0.70625 0.5953125
16 0.565625 0.60625 0.48125 0.60625 0.48125000000000007 0.740625 0.5656250000000002 0.740625
2 0.775 0.1671875000000001 0.6890625 0.1671875000000001 0.6890625 0.3031250000000001 0.775 0.3031250000000001
15 0.3859375000000001 0.603125 0.2984375000000001 0.603125 0.2984375000000001 0.7375 0.3859375000000001 0.7375
36 0.09843750000000004 0.3109375 0.014062500000000039 0.3109375 0.014062500000000047 0.4390625 0.09843750000000004 0.4390625
44 0.9578125 0.6125000000000002 0.8484375 0.6125000000000002 0.8484375 0.7546875000000002 0.9578125 0.7546875000000002
31 0.07187500000000006 0.45625 0.006250000000000056 0.45625 0.006250000000000064 0.584375 0.07187500000000006 0.584375
6 0.4109375 0.16406250000000006 0.3234375 0.16406250000000006 0.3234375 0.2984375 0.4109375 0.2984375000000001
29 0.16093750000000007 0.45625 0.07968750000000006 0.45625 0.07968750000000006 0.5875 0.1609375000000001 0.5875
19 0.6125 0.4609375 0.5265625 0.4609375 0.5265625 0.5921875 0.6125 0.5921875
45 0.9609375 0.4625000000000002 0.8046875 0.4625000000000002 0.8046875 0.6000000000000002 0.9609375 0.6000000000000002
18 0.11718750000000008 0.6 0.03593750000000008 0.6 0.03593750000000008 0.7265625 0.11718750000000008 0.7265625
33 0.2062500000000001 0.6015625 0.1218750000000001 0.6015625 0.1218750000000001 0.7359375 0.2062500000000001 0.7359375
7 0.3171875 0.16562500000000005 0.2328125 0.16562500000000005 0.2328125 0.296875 0.3171875 0.296875