24 0.3531250000000001 0.371875 0.2968750000000001 0.371875 0.2968750000000001 0.565625 0.3531250000000001 0.565625
29 0.540625 0.36406250000000007 0.484375 0.36406250000000007 0.484375 0.5609375 0.540625 0.5609375
57 0.2000000000000001 0.56875 0.1437500000000001 0.56875 0.1437500000000001 0.759375 0.2000000000000001 0.759375
33 0.5109375 0.5578125 0.4515625 0.5578125 0.4515625000000001 0.7546875 0.5109375000000002 0.7546875
36 0.5875 0.17500000000000007 0.528125 0.17500000000000004 0.528125 0.3656250000000001 0.5875 0.3656250000000001
3 0.18750000000000003 0.00468750000000002 0.13125 0.004687500000000016 0.13125000000000003 0.1921875 0.18750000000000006 0.19218750000000004
50 0.6640625000000002 0.753125 0.6046875000000002 0.753125 0.6046875000000002 0.9625 0.6640625000000002 0.9625
7 0.43125 4.9368574090627685e-17 0.375 4.592425496802575e-17 0.375 0.17968750000000006 0.43125 0.17968750000000006
38 0.65 0.17343750000000008 0.590625 0.17343750000000008 0.590625 0.3656250000000001 0.65 0.3656250000000001
52 0.032812500000000036 0.1984375 2.430158492058029e-17 0.1984375 3.568697313140334e-17 0.384375 0.03281250000000004 0.384375
14 0.5375000000000002 0.7546875 0.4781250000000002 0.7546875 0.4781250000000002 0.9625 0.5375000000000002 0.9625
40 0.6343750000000001 0.559375 0.578125 0.559375 0.5781250000000001 0.7515625 0.6343750000000001 0.7515625
43 0.17031250000000006 0.38125 0.11406250000000004 0.38125 0.11406250000000007 0.56875 0.1703125000000001 0.56875
1 0.06718750000000001 0.012500000000000002 0.010937500000000003 0.0125 0.010937500000000013 0.1984375 0.06718750000000002 0.1984375
2 0.12812500000000002 0.010937500000000013 0.071875 0.010937500000000008 0.07187500000000001 0.196875 0.12812500000000004 0.196875
5 0.3078125 3.425184016365254e-17 0.2515625 3.080752104105061e-17 0.2515625 0.18437500000000004 0.3078125 0.18437500000000004
30 1 6.123233995736766e-17 0 0 6.09453133638175e-17 0.9953125 1 0.9953125
59 0.4 0.18125000000000005 0.3421875 0.18125000000000005 0.34218750000000003 0.37500000000000006 0.4 0.3750000000000001
13 0.2312500000000001 0.759375 0.1593750000000001 0.759375 0.1593750000000001 0.965625 0.2312500000000001 0.965625
44 0.017187500000000085 0.5765625 0.0015625000000000708 0.5765625 0.0015625000000000823 0.7625 0.017187500000000095 0.7625
28 0.478125 0.3687500000000001 0.421875 0.3687500000000001 0.421875 0.5625 0.478125 0.5625
54 0.7125 0.1703125000000001 0.653125 0.1703125000000001 0.653125 0.3671875000000001 0.7125 0.3671875000000001
0 0.61875 7.233070157464055e-17 0.5625 6.888638245203862e-17 0.5625 0.1750000000000001 0.61875 0.1750000000000001
11 0.7421875 8.744743550161569e-17 0.6859375 8.400311637901375e-17 0.6859375 0.1703125000000001 0.7421875 0.1703125000000001
31 0.603125 0.36406250000000007 0.546875 0.36406250000000007 0.546875 0.5609375 0.603125 0.5609375
45 0.037500000000000054 0.3859375 4.7263712404593165e-17 0.3859375 5.86491006154162e-17 0.571875 0.03750000000000007 0.571875
39 0.7765625 0.1703125000000001 0.7171875 0.1703125000000001 0.7171875 0.3625000000000001 0.7765625 0.3625000000000001
6 0.3703125 0.0015625000000000417 0.3140625 0.0015625000000000383 0.3140625 0.18281250000000004 0.3703125 0.18281250000000004
9 0.55625 6.46766590799696e-17 0.5 6.123233995736766e-17 0.5 0.17812500000000006 0.55625 0.1781250000000001
25 0.415625 0.37031250000000004 0.3578125000000001 0.3703125 0.3578125000000001 0.5625 0.415625 0.5625
53 0.4640625 0.17968750000000006 0.4046875 0.17968750000000006 0.4046875 0.3734375000000001 0.4640625 0.3734375000000001
20 0.8453125 9.758904180705471e-17 0.7484375 9.165715887368473e-17 0.7484375 0.1687500000000001 0.8453125 0.1687500000000001
41 0.09687500000000003 0.1921875 0.03750000000000002 0.1921875 0.03750000000000003 0.384375 0.09687500000000004 0.384375
26 0.790625 0.36406250000000007 0.734375 0.36406250000000007 0.734375 0.5578125000000002 0.790625 0.5578125000000002
19 0.2296875000000001 0.375 0.17343750000000005 0.375 0.17343750000000008 0.56875 0.2296875000000001 0.56875
21 0.21718750000000003 0.19062500000000002 0.16093750000000004 0.190625 0.16093750000000004 0.378125 0.2171875000000001 0.378125
12 0.7296875 0.3625000000000001 0.671875 0.3625000000000001 0.671875 0.5593750000000001 0.7296875 0.5593750000000002
58 0.1390625000000001 0.5734375 0.08281250000000007 0.5734375 0.08281250000000008 0.759375 0.1390625000000001 0.759375
46 0.8515625 0.5531250000000001 0.7015625 0.553125 0.7015625000000001 0.7500000000000001 0.8515625 0.7500000000000002
55 0.3218750000000001 0.5625 0.2656250000000001 0.5625 0.2656250000000001 0.7546875 0.3218750000000001 0.7546875
49 0.031250000000000104 0.7671875 9.3953371622086e-17 0.7671875 1.0639119067592632e-16 0.9703125 0.031250000000000125 0.9703125
10 0.11093750000000006 0.3828125 0.05468750000000004 0.3828125 0.054687500000000056 0.5703125 0.11093750000000009 0.5703125
15 0.3859375000000001 0.5609375 0.3265625000000001 0.5609375 0.3265625000000001 0.7578125 0.3859375000000001 0.7578125
22 0.8515625 0.1671875000000001 0.7828125 0.1671875000000001 0.7828125 0.5546875000000002 0.8515625 0.5546875000000002
42 0.27812500000000007 0.18906250000000005 0.221875 0.18906250000000005 0.22187500000000004 0.3796875 0.27812500000000007 0.3796875
51 0.33906250000000004 0.18437500000000004 0.2828125 0.18437500000000004 0.2828125 0.371875 0.3390625000000001 0.371875
16 0.2609375000000001 0.5671875 0.20468750000000008 0.5671875 0.20468750000000008 0.7609375 0.2609375000000001 0.7609375
18 0.5718750000000001 0.559375 0.515625 0.559375 0.5156250000000001 0.753125 0.5718750000000001 0.753125
37 0.665625 0.36406250000000007 0.6078125 0.36406250000000007 0.6078125 0.5609375 0.665625 0.5609375
47 0.4734375000000002 0.75625 0.2375000000000001 0.75625 0.2375000000000001 0.96875 0.4734375000000002 0.96875
8 0.49375 5.702261658529863e-17 0.4375 5.357829746269671e-17 0.4375 0.17968750000000006 0.49375 0.17968750000000006
48 0.6796875 7.979339300694474e-17 0.6234375 7.634907388434281e-17 0.6234375 0.1750000000000001 0.6796875 0.1750000000000001
4 0.246875 0.001562500000000027 0.1921875 0.0015625000000000235 0.1921875 0.18593750000000003 0.246875 0.18593750000000003
35 0.4468750000000001 0.5609375 0.3890625000000001 0.5609375 0.3890625000000001 0.7546875 0.4468750000000002 0.7546875
32 0.07968750000000008 0.5734375 0.023437500000000073 0.5734375 0.023437500000000083 0.7609375 0.07968750000000009 0.7609375
27 0.525 0.18125000000000005 0.46875 0.18125000000000005 0.46875 0.3687500000000001 0.525 0.3687500000000001
23 0.2921875000000001 0.375 0.23593750000000008 0.375 0.23593750000000008 0.565625 0.2921875000000001 0.565625
34 0.6968750000000001 0.559375 0.6390625 0.559375 0.6390625000000001 0.75 0.6968750000000001 0.75
56 0.15625000000000006 0.1921875 0.10000000000000005 0.1921875 0.10000000000000005 0.3828125 0.15625000000000006 0.3828125