19 0.5546875 0.2609375000000001 0.503125 0.2609375000000001 0.503125 0.3078125000000001 0.5546875 0.3078125000000001
30 0.6984375 0.06093750000000007 0.3203125 0.06093750000000005 0.32031250000000006 0.9828125 0.6984375000000002 0.9828125
27 0.4921875 0.5453125 0.4421875 0.5453125 0.4421875 0.5921875 0.4921875 0.5921875
22 0.5515625000000002 0.7984375 0.5000000000000002 0.7984375 0.5000000000000002 0.9109375 0.5515625000000002 0.9109375
53 0.4921875 0.484375 0.4421875 0.484375 0.4421875 0.53125 0.4921875 0.53125
32 0.6796875 0.2718750000000001 0.6234375 0.2718750000000001 0.6234375 0.3218750000000001 0.6796875 0.3218750000000001
31 0.5515625 0.61875 0.5015625 0.61875 0.5015625 0.66875 0.5515625 0.66875
28 0.553125 0.5 0.5015625 0.5 0.5015625 0.5484375 0.553125 0.5484375
1 0.4375 0.09687500000000004 0.3859375 0.09687500000000004 0.3859375 0.14375000000000004 0.4375 0.14375000000000004
26 0.4937500000000002 0.8421875 0.44062500000000016 0.8421875 0.44062500000000016 0.89375 0.4937500000000002 0.89375
2 0.4375 0.15781250000000005 0.3859375 0.15781250000000005 0.3859375 0.20468750000000008 0.4375 0.20468750000000008
38 0.4921875 0.6625 0.440625 0.6625 0.440625 0.7125 0.4921875 0.7125
52 0.5 0.07656250000000006 0.446875 0.07656250000000005 0.446875 0.11875000000000005 0.5 0.11875000000000005
58 0.615625 0.17187500000000008 0.565625 0.17187500000000008 0.565625 0.21875000000000008 0.615625 0.21875000000000008
25 0.5515625 0.440625 0.5046875 0.440625 0.5046875 0.4875 0.5515625 0.4875
39 0.4937500000000002 0.78125 0.44062500000000016 0.78125 0.44062500000000016 0.8328125 0.4937500000000002 0.8328125
54 0.4937500000000001 0.7203125 0.440625 0.7203125 0.4406250000000001 0.7734375 0.4937500000000002 0.7734375
21 0.4953125 0.2484375000000001 0.4453125 0.2484375000000001 0.4453125 0.2953125000000001 0.4953125 0.2953125000000001
16 0.615625 0.2921875000000001 0.5640625 0.2921875000000001 0.5640625 0.3390625000000001 0.615625 0.3390625000000001
37 0.5531250000000001 0.678125 0.5015625 0.678125 0.5015625000000001 0.728125 0.5531250000000002 0.728125
18 0.6140625 0.590625 0.5609375 0.590625 0.5609375 0.640625 0.6140625 0.640625
51 0.49375 0.3703125000000001 0.44375 0.3703125000000001 0.44375 0.4140625 0.49375 0.4140625
6 0.4359375 0.39531250000000007 0.3843750000000001 0.39531250000000007 0.3843750000000001 0.44375 0.4359375 0.44375
40 0.6140625 0.6484375 0.5609375 0.6484375 0.5609375 0.6984375 0.6140625 0.6984375
36 0.4921875 0.6015625 0.4421875 0.6015625 0.4421875 0.6515625 0.4921875 0.6515625
44 0.61875 0.07187500000000006 0.5671875 0.07187500000000006 0.5671875 0.1625000000000001 0.61875 0.1625000000000001
47 0.6765625 0.3343750000000001 0.6234375 0.3343750000000001 0.6234375 0.55 0.6765625 0.55
45 0.5578125 0.07187500000000006 0.5078125 0.07187500000000006 0.5078125 0.13125000000000006 0.5578125 0.1312500000000001
42 0.4953125 0.3078125000000001 0.4453125 0.3078125000000001 0.4453125 0.3546875000000001 0.4953125 0.3546875000000001
9 0.4359375 0.575 0.3828125000000001 0.575 0.3828125000000001 0.621875 0.4359375 0.621875
57 0.615625 0.2312500000000001 0.5640625 0.2312500000000001 0.5640625 0.27812500000000007 0.615625 0.27812500000000007
46 0.6140625000000002 0.775 0.5609375000000002 0.775 0.5609375000000002 0.85 0.6140625000000002 0.85
33 0.6140625 0.5296875 0.5609375 0.5296875 0.5609375 0.5796875 0.6140625 0.5796875
23 0.5546875 0.3218750000000001 0.5046875 0.3218750000000001 0.5046875 0.3687500000000001 0.5546875 0.3687500000000001
15 0.6140625 0.4125 0.5640625 0.4125 0.5640625 0.4578125 0.6140625 0.4578125
7 0.4359375 0.4578125 0.3843750000000001 0.4578125 0.3843750000000001 0.503125 0.4359375 0.503125
43 0.5546875 0.2015625000000001 0.5046875 0.2015625000000001 0.5046875 0.2484375000000001 0.5546875 0.2484375000000001
24 0.553125 0.3812500000000001 0.503125 0.3812500000000001 0.503125 0.428125 0.553125 0.428125
20 0.4312500000000002 0.815625 0.37968750000000007 0.815625 0.37968750000000007 0.909375 0.4312500000000002 0.909375
41 0.4984375 0.12812500000000004 0.4453125 0.12812500000000004 0.4453125 0.17500000000000004 0.4984375 0.17500000000000004
14 0.6765625 0.5625 0.6234375 0.5625 0.6234375 0.6109375 0.6765625 0.6109375
5 0.4359375 0.3375000000000001 0.384375 0.3375000000000001 0.384375 0.3843750000000001 0.4359375 0.3843750000000001
8 0.4359375 0.5140625 0.3828125000000001 0.5140625 0.3828125000000001 0.5609375 0.4359375 0.5609375
34 0.6140625000000001 0.709375 0.5609375 0.709375 0.5609375000000001 0.759375 0.6140625000000002 0.759375
49 0.6796875 0.06875000000000007 0.628125 0.06875000000000006 0.628125 0.1312500000000001 0.6796875 0.1312500000000001
29 0.5515625 0.559375 0.5015625 0.559375 0.5015625 0.6078125 0.5515625 0.6078125
48 0.43437500000000007 0.6921875 0.3812500000000001 0.6921875 0.3812500000000001 0.7421875 0.4343750000000002 0.7421875
17 0.678125 0.61875 0.621875 0.61875 0.621875 0.671875 0.678125 0.671875
4 0.4359375 0.2765625000000001 0.384375 0.2765625000000001 0.384375 0.3234375000000001 0.4359375 0.3234375000000001
59 0.4953125 0.428125 0.4453125 0.428125 0.4453125 0.4734375 0.4953125 0.4734375
13 0.678125 0.20468750000000008 0.6265625 0.20468750000000008 0.6265625 0.2640625000000001 0.678125 0.2640625000000001
11 0.43281250000000016 0.7515625 0.3812500000000001 0.7515625 0.3812500000000001 0.8015625 0.43281250000000016 0.8015625
35 0.6125 0.4703125 0.5609375 0.4703125 0.5609375 0.5171875 0.6125 0.5171875
56 0.4953125 0.18750000000000006 0.44375 0.18750000000000006 0.44375 0.23437500000000008 0.4953125 0.23437500000000008
10 0.5546875 0.14218750000000008 0.5046875 0.14218750000000005 0.5046875 0.18750000000000006 0.5546875 0.18750000000000008
55 0.6140625 0.3515625000000001 0.5640625 0.3515625000000001 0.5640625 0.3984375000000001 0.6140625 0.3984375000000001
12 0.5515625000000002 0.7390625 0.5000000000000002 0.7390625 0.5000000000000002 0.7890625 0.5515625000000002 0.7890625
0 0.434375 0.63125 0.3812500000000001 0.63125 0.3812500000000001 0.68125 0.434375 0.68125
3 0.4375 0.2156250000000001 0.384375 0.2156250000000001 0.384375 0.2656250000000001 0.4375 0.2656250000000001