30 0.7593750000000001 5.903180274014976e-17 0.2046875 2.5066989170047385e-17 0.20468750000000005 0.996875 0.7593750000000001 0.996875
7 0.3656250000000001 0.571875 0.2875000000000001 0.571875 0.2875000000000001 0.621875 0.3656250000000001 0.621875
21 0.4546875000000002 0.75625 0.3765625000000001 0.75625 0.3765625000000001 0.80625 0.4546875000000002 0.80625
26 0.5328125 0.2671875000000001 0.4546875 0.2671875000000001 0.4546875 0.3156250000000001 0.5328125 0.3156250000000001
38 0.446875 0.3859375000000001 0.3687500000000001 0.3859375000000001 0.3687500000000001 0.4359375 0.446875 0.4359375
28 0.5375 0.53125 0.459375 0.53125 0.459375 0.5796875 0.5375 0.5796875
5 0.3656250000000001 0.68125 0.2906250000000001 0.68125 0.2906250000000001 0.728125 0.3656250000000001 0.728125
6 0.36406250000000007 0.6265625 0.2890625000000001 0.6265625 0.2890625000000001 0.675 0.36406250000000007 0.675
4 0.3671875000000001 0.7328125 0.2890625000000001 0.7328125 0.2890625000000001 0.7796875 0.3671875000000001 0.7796875
8 0.3656250000000001 0.5203125 0.2875000000000001 0.5203125 0.2875000000000001 0.56875 0.3656250000000001 0.56875
22 0.534375 0.21875000000000006 0.3609375 0.21875 0.3609375 0.275 0.534375 0.2750000000000001
44 0.6281250000000002 0.9265625 0.5500000000000002 0.9265625 0.5500000000000002 0.990625 0.6281250000000002 0.990625
2 0.37187500000000007 0.834375 0.29375000000000007 0.834375 0.29375000000000007 0.8828125 0.37187500000000007 0.8828125
36 0.45 0.440625 0.37187500000000007 0.440625 0.37187500000000007 0.490625 0.45 0.490625
41 0.4578125000000002 0.859375 0.37968750000000007 0.859375 0.37968750000000007 0.9078125 0.4578125000000002 0.9078125
48 0.36250000000000004 0.359375 0.284375 0.359375 0.28437500000000004 0.409375 0.3625000000000001 0.409375
19 0.5390625000000002 0.7453125 0.46093750000000017 0.7453125 0.46093750000000017 0.7921875 0.5390625000000002 0.7921875
31 0.534375 0.4265625 0.45625 0.4265625 0.45625 0.475 0.534375 0.475
20 0.359375 0.21875 0.28125 0.21875 0.28125 0.303125 0.359375 0.303125
12 0.5328125 0.3187500000000001 0.4546875 0.3187500000000001 0.4546875 0.3687500000000001 0.5328125 0.3687500000000001
3 0.3687500000000001 0.784375 0.2906250000000001 0.784375 0.2906250000000001 0.8328125 0.3687500000000001 0.8328125
11 0.359375 0.30625 0.28125 0.30625 0.28125 0.3546875 0.359375 0.3546875
9 0.3656250000000001 0.465625 0.2875000000000001 0.465625 0.2875000000000001 0.515625 0.3656250000000001 0.515625
42 0.4515625000000001 0.70625 0.3734375000000001 0.70625 0.3734375000000001 0.753125 0.4515625000000002 0.753125
37 0.534375 0.37187500000000007 0.45625 0.37187500000000007 0.45625 0.421875 0.534375 0.421875
25 0.5328125 0.5859375 0.459375 0.5859375 0.459375 0.634375 0.5328125 0.634375
33 0.621875 0.5046875 0.54375 0.5046875 0.54375 0.5546875 0.621875 0.5546875
40 0.6203125 0.3984375000000001 0.5421875 0.3984375000000001 0.5421875 0.446875 0.6203125 0.446875
57 0.6203125000000002 0.771875 0.5453125000000002 0.771875 0.5453125000000002 0.81875 0.6203125000000002 0.81875
18 0.621875 0.4515625 0.54375 0.4515625 0.54375 0.4984375 0.621875 0.4984375
56 0.45312500000000017 0.8109375 0.3750000000000001 0.8109375 0.3750000000000001 0.85625 0.45312500000000017 0.85625
1 0.3734375000000001 0.8875 0.2953125000000001 0.8875 0.2953125000000001 0.9359375 0.3734375000000001 0.9359375
16 0.6203125 0.7171875 0.5453125 0.7171875 0.5453125000000001 0.7640625 0.6203125000000002 0.7640625
0 0.36406250000000007 0.4125 0.2828125000000001 0.4125 0.2828125000000001 0.4625 0.36406250000000007 0.4625
58 0.6234375000000002 0.8234375 0.5484375000000001 0.8234375 0.5484375000000001 0.8671875 0.6234375000000002 0.8671875
55 0.6203125 0.6640625 0.5453125 0.6640625 0.5453125 0.7125 0.6203125 0.7125
50 0.7046875 0.3750000000000001 0.6234375 0.3750000000000001 0.6234375 0.425 0.7046875 0.425
46 0.6171875 0.21875000000000008 0.5359375 0.21875000000000008 0.5359375 0.3437500000000001 0.6171875 0.3437500000000001
27 0.446875 0.49375 0.37187500000000007 0.49375 0.37187500000000007 0.5421875 0.446875 0.5421875
14 0.70625 0.4796875 0.625 0.4796875 0.625 0.5296875 0.70625 0.5296875
13 0.7078125000000002 0.7421875 0.6265625000000001 0.7421875 0.6265625000000001 0.8046875 0.7078125000000002 0.8046875
17 0.37187500000000007 0.94375 0.2968750000000001 0.94375 0.2968750000000001 0.990625 0.37187500000000007 0.990625
15 0.621875 0.6109375 0.54375 0.6109375 0.54375 0.6609375 0.621875 0.6609375
53 0.4515625 0.5453125 0.3734375000000001 0.5453125 0.3734375000000001 0.59375 0.4515625 0.59375
23 0.5390625000000001 0.6921875 0.4609375 0.6921875 0.4609375000000001 0.7390625 0.5390625000000002 0.7390625
39 0.446875 0.27812500000000007 0.36875 0.27812500000000007 0.36875 0.3281250000000001 0.446875 0.3281250000000001
49 0.7109375000000002 0.915625 0.6281250000000002 0.915625 0.6281250000000002 0.990625 0.7109375000000002 0.990625
29 0.534375 0.478125 0.45625 0.478125 0.45625 0.528125 0.534375 0.528125
32 0.6250000000000002 0.871875 0.5468750000000002 0.871875 0.5468750000000002 0.921875 0.6250000000000002 0.921875
47 0.7078125000000001 0.534375 0.6296875 0.534375 0.6296875000000001 0.7375 0.7078125000000002 0.7375
45 0.5406250000000001 0.903125 0.4625000000000002 0.903125 0.4625000000000002 0.990625 0.5406250000000001 0.990625
59 0.4515625 0.6 0.3734375000000001 0.6 0.3734375000000001 0.646875 0.4515625 0.646875
10 0.5406250000000001 0.8484375 0.4625000000000002 0.8484375 0.4625000000000002 0.89375 0.5406250000000001 0.89375
24 0.534375 0.640625 0.459375 0.640625 0.459375 0.6875 0.534375 0.6875
54 0.45 0.33281250000000007 0.36875 0.33281250000000007 0.36875 0.3828125000000001 0.45 0.3828125000000001
43 0.5390625000000002 0.7984375 0.46093750000000017 0.7984375 0.46093750000000017 0.8453125 0.5390625000000002 0.8453125
52 0.4578125000000002 0.915625 0.37968750000000007 0.915625 0.37968750000000007 0.9890625 0.4578125000000002 0.9890625
35 0.621875 0.5578125 0.54375 0.5578125 0.54375 0.60625 0.621875 0.60625
34 0.61875 0.3453125000000001 0.540625 0.3453125000000001 0.540625 0.39531250000000007 0.61875 0.39531250000000007
51 0.4515625 0.6515625 0.3734375000000001 0.6515625 0.3734375000000001 0.7 0.4515625 0.7