30 0.9875 0.20625000000000004 0.006250000000000025 0.20625 0.0062500000000000585 0.7500000000000001 0.9875 0.7500000000000002
7 0.4234375 0.2875000000000001 0.375 0.2875000000000001 0.375 0.3625000000000001 0.4234375 0.3625000000000001
21 0.24375000000000008 0.375 0.19375000000000003 0.375 0.19375000000000003 0.453125 0.24375000000000008 0.453125
26 0.7234375 0.4515625 0.6765625 0.4515625 0.6765625 0.528125 0.7234375 0.528125
38 0.60625 0.3671875000000001 0.55625 0.3671875000000001 0.55625 0.4453125 0.60625 0.4453125
28 0.4640625 0.45625 0.415625 0.45625 0.415625 0.534375 0.4640625 0.534375
5 0.31718750000000007 0.290625 0.2703125 0.290625 0.27031250000000007 0.365625 0.31718750000000007 0.365625
6 0.3703125 0.28906250000000006 0.321875 0.2890625 0.321875 0.36250000000000004 0.3703125 0.3625000000000001
4 0.26562500000000006 0.2890625 0.21875 0.2890625 0.21875000000000006 0.3640625 0.2656250000000001 0.3640625
8 0.475 0.2875000000000001 0.4265625 0.2875000000000001 0.4265625 0.3656250000000001 0.475 0.3656250000000001
22 0.7703125 0.3593750000000001 0.7171875 0.3593750000000001 0.7171875 0.5296875000000001 0.7703125 0.5296875000000002
44 0.07500000000000007 0.5453125 0.012500000000000067 0.5453125 0.012500000000000072 0.6234375 0.07500000000000007 0.6234375
2 0.16562500000000005 0.2921875 0.11875000000000005 0.2921875 0.11875000000000005 0.3703125 0.16562500000000005 0.3703125
36 0.553125 0.3703125000000001 0.5046875 0.3703125000000001 0.5046875 0.446875 0.553125 0.446875
41 0.14062500000000006 0.378125 0.09218750000000005 0.378125 0.09218750000000005 0.453125 0.14062500000000006 0.453125
48 0.6328125 0.2828125000000001 0.5828125 0.2828125000000001 0.5828125 0.3609375000000001 0.6328125 0.3609375000000001
19 0.2531250000000001 0.4578125 0.2062500000000001 0.4578125 0.2062500000000001 0.5328125 0.2531250000000001 0.5328125
31 0.5671875 0.453125 0.51875 0.453125 0.51875 0.5296875 0.5671875 0.5296875
20 0.7703125 0.2812500000000001 0.6875 0.2812500000000001 0.6875 0.3578125000000001 0.7703125 0.3578125000000001
12 0.671875 0.4515625 0.6234375 0.4515625 0.6234375 0.528125 0.671875 0.528125
3 0.21406250000000004 0.290625 0.16718750000000004 0.290625 0.16718750000000004 0.3671875 0.2140625000000001 0.3671875
11 0.684375 0.2812500000000001 0.6359375 0.2812500000000001 0.6359375 0.3578125000000001 0.684375 0.3578125000000001
9 0.528125 0.2875000000000001 0.4796875 0.2875000000000001 0.4796875 0.3625000000000001 0.528125 0.3625000000000001
42 0.2921875000000001 0.371875 0.2453125000000001 0.371875 0.2453125000000001 0.4484375 0.2921875000000001 0.4484375
37 0.6203125 0.453125 0.5703125 0.453125 0.5703125 0.5296875 0.6203125 0.5296875
25 0.4109375 0.45625 0.3625000000000001 0.45625 0.3625000000000001 0.528125 0.4109375 0.528125
33 0.490625 0.5390625 0.440625 0.5390625 0.440625 0.6140625 0.490625 0.6140625
40 0.59375 0.5375 0.5453125 0.5375 0.5453125 0.6125 0.59375 0.6125
57 0.22656250000000008 0.540625 0.18125000000000005 0.540625 0.18125000000000008 0.615625 0.22656250000000008 0.615625
18 0.5421875 0.5390625 0.4953125 0.5390625 0.4953125 0.6140625 0.5421875 0.6140625
56 0.18906250000000005 0.3734375 0.14375000000000004 0.3734375 0.14375000000000004 0.45 0.18906250000000005 0.45
1 0.11250000000000004 0.2953125 0.06562500000000004 0.2953125 0.06562500000000004 0.3734375 0.11250000000000004 0.3734375
16 0.2812500000000001 0.540625 0.23437500000000008 0.540625 0.23437500000000008 0.615625 0.2812500000000001 0.615625
0 0.5796875 0.2843750000000001 0.53125 0.2843750000000001 0.53125 0.36406250000000007 0.5796875 0.36406250000000007
58 0.17812500000000006 0.5421875 0.13437500000000005 0.5421875 0.13437500000000008 0.6171875 0.1781250000000001 0.6171875
55 0.33281250000000007 0.540625 0.2843750000000001 0.540625 0.2843750000000001 0.615625 0.33281250000000007 0.615625
50 0.6171875 0.6171875 0.56875 0.6171875 0.56875 0.696875 0.6171875 0.696875
46 0.771875 0.5312500000000001 0.65 0.53125 0.65 0.6109375000000001 0.771875 0.6109375000000001
27 0.5015625 0.3703125000000001 0.453125 0.3703125000000001 0.453125 0.44375 0.5015625 0.44375
14 0.515625 0.61875 0.465625 0.61875 0.465625 0.6984375 0.515625 0.6984375
13 0.25468750000000007 0.6203125 0.19531250000000008 0.6203125 0.19531250000000008 0.7 0.25468750000000007 0.7
17 0.057812500000000044 0.296875 0.012500000000000039 0.296875 0.012500000000000042 0.3703125 0.057812500000000044 0.3703125
15 0.3859375000000001 0.5390625 0.3359375000000001 0.5390625 0.3359375000000001 0.6171875 0.3859375000000001 0.6171875
53 0.4484375 0.37187500000000007 0.4015625 0.37187500000000007 0.4015625 0.4484375 0.4484375 0.4484375
23 0.3062500000000001 0.4578125 0.2593750000000001 0.4578125 0.2593750000000001 0.5328125 0.3062500000000001 0.5328125
39 0.7109375 0.3671875000000001 0.6625 0.3671875000000001 0.6625 0.4453125 0.7109375 0.4453125
49 0.08593750000000008 0.6234375 0.010937500000000077 0.6234375 0.010937500000000083 0.7046875 0.08593750000000008 0.7046875
29 0.515625 0.453125 0.4671875 0.453125 0.4671875 0.5296875 0.515625 0.5296875
32 0.12812500000000007 0.5421875 0.07968750000000006 0.5421875 0.07968750000000006 0.61875 0.1281250000000001 0.61875
47 0.4609375 0.621875 0.2609375000000001 0.621875 0.2609375000000001 0.7 0.4609375 0.7
45 0.09843750000000007 0.459375 0.012500000000000056 0.459375 0.012500000000000061 0.534375 0.09843750000000007 0.534375
59 0.3968750000000001 0.37187500000000007 0.3500000000000001 0.371875 0.3500000000000001 0.4484375 0.3968750000000001 0.4484375
10 0.15156250000000004 0.459375 0.10625000000000004 0.459375 0.10625000000000004 0.534375 0.15156250000000004 0.534375
24 0.35625000000000007 0.45625 0.30937500000000007 0.45625 0.30937500000000007 0.5296875 0.35625000000000007 0.5296875
54 0.659375 0.3671875000000001 0.609375 0.3671875000000001 0.609375 0.446875 0.659375 0.446875
43 0.2015625000000001 0.4578125 0.15468750000000003 0.4578125 0.15468750000000003 0.5328125 0.2015625000000001 0.5328125
52 0.08593750000000004 0.378125 0.014062500000000044 0.378125 0.01406250000000005 0.453125 0.08593750000000004 0.453125
35 0.4375 0.5390625 0.3890625000000001 0.5390625 0.3890625000000001 0.6140625 0.4375 0.6140625
34 0.6453125 0.5359375 0.596875 0.5359375 0.596875 0.6140625 0.6453125 0.6140625
51 0.3453125000000001 0.371875 0.2968750000000001 0.371875 0.2968750000000001 0.4484375 0.3453125000000001 0.4484375