31 0.6796875000000002 0.7390625 0.6234375000000002 0.7390625 0.6234375000000002 0.8109375 0.6796875000000002 0.8109375
26 0.88125 0.7296875000000002 0.81875 0.7296875000000002 0.81875 0.8046875 0.88125 0.8046875
27 0.5906250000000001 0.66875 0.5375 0.66875 0.5375000000000001 0.7375 0.5906250000000002 0.7375
32 0.09375000000000011 0.8390625 0.0328125000000001 0.8390625 0.032812500000000105 0.9203125 0.09375000000000011 0.9203125
19 0.2671875000000001 0.7546875 0.21093750000000008 0.7546875 0.21093750000000008 0.8234375 0.2671875000000001 0.8234375
16 0.2968750000000001 0.8296875 0.24375000000000008 0.8296875 0.24375000000000008 0.9046875 0.2968750000000001 0.9046875
0 0.6875 0.59375 0.628125 0.59375 0.628125 0.6578125 0.6875 0.6578125
9 0.6203125 0.596875 0.5703125 0.596875 0.5703125 0.6609375 0.6203125 0.6609375
52 0.05625000000000009 0.684375 8.381176531664698e-17 0.684375 8.859554187581634e-17 0.7625 0.05625000000000009 0.7625
24 0.40156250000000016 0.75 0.3453125000000001 0.75 0.3453125000000001 0.81875 0.40156250000000016 0.81875
10 0.13437500000000008 0.759375 0.0750000000000001 0.759375 0.0750000000000001 0.83125 0.13437500000000008 0.83125
20 0.946875 0.5812500000000002 0.81875 0.5812500000000002 0.81875 0.6531250000000002 0.946875 0.6531250000000002
17 0.028125000000000084 0.61875 7.577502069724248e-17 0.61875 7.998474406931151e-17 0.6875 0.028125000000000087 0.6875
14 0.6390625000000002 0.9015625 0.5781250000000002 0.9015625 0.5781250000000002 0.9828125 0.6390625000000002 0.9828125
18 0.6500000000000001 0.81875 0.5937500000000002 0.81875 0.5937500000000002 0.89375 0.6500000000000001 0.89375
3 0.2250000000000001 0.609375 0.1687500000000001 0.609375 0.1687500000000001 0.6734375 0.2250000000000001 0.6734375
21 0.2609375000000001 0.6796875 0.2000000000000001 0.6796875 0.2000000000000001 0.7546875 0.2609375000000001 0.7546875
40 0.7234375000000002 0.815625 0.6671875000000002 0.815625 0.6671875000000002 0.89375 0.7234375000000002 0.89375
41 0.12656250000000008 0.6875 0.06406250000000009 0.6875 0.06406250000000009 0.7546875 0.12656250000000008 0.7546875
35 0.5109375000000002 0.8234375 0.4500000000000002 0.8234375 0.4500000000000002 0.8953125 0.5109375000000002 0.8953125
15 0.4390625000000002 0.8265625 0.3828125000000001 0.8265625 0.3828125000000001 0.8984375 0.4390625000000002 0.8984375
56 0.18906250000000008 0.6828125 0.13281250000000008 0.6828125 0.13281250000000008 0.75 0.18906250000000008 0.75
23 0.3312500000000001 0.7515625 0.2796875000000001 0.7515625 0.2796875000000001 0.81875 0.3312500000000001 0.81875
4 0.2875000000000001 0.60625 0.23593750000000008 0.60625 0.23593750000000008 0.66875 0.2875000000000001 0.66875
51 0.38750000000000007 0.6765625 0.3343750000000001 0.6765625 0.3343750000000001 0.7390625 0.38750000000000007 0.7390625
48 0.75 0.5890625 0.69375 0.5890625 0.69375 0.6562500000000001 0.75 0.6562500000000002
36 0.6578125000000001 0.6640625 0.6015625 0.6640625 0.6015625000000001 0.73125 0.6578125000000001 0.73125
50 0.7843750000000002 0.89375 0.7187500000000002 0.89375 0.7187500000000002 0.98125 0.7843750000000002 0.98125
47 0.5671875000000002 0.9046875 0.24218750000000008 0.9046875 0.24218750000000008 0.9921875 0.5671875000000002 0.9921875
8 0.55 0.59375 0.503125 0.59375 0.503125 0.6625 0.55 0.6625
33 0.5828125000000002 0.8203125 0.5234375000000002 0.8203125 0.5234375000000002 0.9015625 0.5828125000000002 0.9015625
57 0.2296875000000001 0.834375 0.17343750000000008 0.834375 0.17343750000000008 0.90625 0.2296875000000001 0.90625
13 0.2312500000000001 0.9171875 0.16875000000000012 0.9171875 0.16875000000000012 1 0.2312500000000001 1
30 1 0.5265625 6.448530801760282e-17 0.5265625 9.347499396616907e-17 1 1 1
6 0.4203125 0.5984375 0.3609375000000001 0.5984375 0.3609375000000001 0.665625 0.4203125 0.665625
12 0.8140625 0.7296875000000002 0.7531250000000002 0.7296875000000002 0.7531250000000002 0.8046875 0.8140625 0.8046875
5 0.3546875000000001 0.5984375 0.2984375000000001 0.5984375 0.2984375000000001 0.665625 0.3546875000000001 0.665625
43 0.2015625000000001 0.7578125 0.14062500000000008 0.7578125 0.14062500000000008 0.8296875 0.2015625000000001 0.8296875
53 0.5265625 0.66875 0.465625 0.66875 0.46562500000000007 0.74375 0.5265625000000002 0.74375
1 0.09531250000000008 0.6171875 0.04218750000000008 0.6171875 0.04218750000000008 0.6796875 0.09531250000000009 0.6796875
11 0.8125 0.5859375000000002 0.75625 0.5859375000000002 0.75625 0.6484375000000002 0.8125 0.6484375000000002
38 0.7265625 0.6625000000000001 0.6671875 0.6625 0.6671875 0.7250000000000001 0.7265625 0.7250000000000002
39 0.85625 0.6562500000000002 0.7953125 0.6562500000000002 0.7953125000000001 0.7281250000000001 0.85625 0.7281250000000001
22 0.965625 0.6531250000000002 0.85625 0.6531250000000002 0.85625 0.8 0.965625 0.8
25 0.4734375000000002 0.746875 0.41406250000000017 0.746875 0.41406250000000017 0.81875 0.4734375000000002 0.81875
55 0.3687500000000001 0.8296875 0.3125000000000001 0.8296875 0.3125000000000001 0.8984375 0.3687500000000001 0.8984375
37 0.7500000000000002 0.7328125000000001 0.6890625000000001 0.7328125 0.6890625000000001 0.8109375 0.7500000000000002 0.8109375
29 0.6140625000000002 0.740625 0.5546875000000002 0.740625 0.5546875000000002 0.815625 0.6140625000000002 0.815625
44 0.023437500000000108 0.840625 1.0294687155332437e-16 0.840625 1.0801767470604388e-16 0.9234375 0.02343750000000011 0.9234375
28 0.5437500000000002 0.746875 0.48750000000000016 0.746875 0.48750000000000016 0.81875 0.5437500000000002 0.81875
59 0.4531250000000001 0.671875 0.4015625 0.671875 0.4015625000000001 0.7390625 0.45312500000000017 0.7390625
42 0.3203125000000001 0.6765625 0.2640625000000001 0.6765625 0.2640625000000001 0.7453125 0.3203125000000001 0.7453125
46 0.978125 0.8046875 0.7984375000000001 0.8046875 0.7984375000000001 0.8859375 0.978125 0.8859375
2 0.16562500000000008 0.6125 0.10468750000000009 0.6125 0.10468750000000009 0.6765625 0.16562500000000008 0.6765625
34 0.7906250000000001 0.8109375 0.7296875000000002 0.8109375 0.7296875000000002 0.8890625 0.7906250000000001 0.8890625
7 0.4890625 0.5984375 0.4359375 0.5984375 0.4359375 0.665625 0.4890625 0.665625
45 0.0687500000000001 0.7578125 9.280526524788537e-17 0.7578125 9.778039286942148e-17 0.8390625 0.06875000000000012 0.8390625
54 0.7890625 0.6578125000000001 0.7296875 0.6578125000000001 0.7296875 0.7250000000000002 0.7890625 0.7250000000000002
58 0.1656250000000001 0.8375 0.10468750000000009 0.8375 0.10468750000000011 0.915625 0.16562500000000013 0.915625