50 0.8140625 0.2328125000000001 0.7078125 0.2328125000000001 0.7078125 0.2843750000000001 0.8140625 0.2843750000000001
3 0.34843750000000007 0.784375 0.2296875000000001 0.784375 0.2296875000000001 0.846875 0.34843750000000007 0.846875
52 0.4656250000000002 0.9609375 0.3453125000000001 0.9609375 0.3453125000000001 1 0.4656250000000002 1
59 0.4578125 0.5484375 0.3468750000000001 0.5484375 0.3468750000000001 0.6015625 0.4578125 0.6015625
12 0.571875 0.18593750000000006 0.4625 0.18593750000000003 0.4625 0.2375000000000001 0.571875 0.2375000000000001
54 0.45625 0.20625000000000004 0.34375 0.20625 0.34375 0.26562500000000006 0.45625 0.2656250000000001
45 0.5875000000000001 0.9484375 0.46875000000000017 0.9484375 0.46875000000000017 1 0.5875000000000001 1
49 0.8390625 0.9828125 0.7140625000000002 0.9828125 0.7140625000000002 1 0.8390625 1
13 0.8296875 0.7765625 0.7125000000000001 0.7765625 0.7125000000000001 0.8375 0.8296875 0.8375
17 0.3500000000000001 0.9890625 0.2328125000000001 0.9890625 0.2328125000000001 1 0.3500000000000001 1
28 0.5765625 0.459375 0.465625 0.459375 0.465625 0.515625 0.5765625 0.515625
46 0.69375 0.028125000000000077 0.58125 0.028125000000000067 0.58125 0.13437500000000008 0.69375 0.13437500000000008
42 0.4562500000000001 0.684375 0.3468750000000001 0.684375 0.3468750000000001 0.740625 0.45625000000000016 0.740625
18 0.7 0.35625000000000007 0.584375 0.35625000000000007 0.584375 0.4125 0.7 0.4125
44 0.7109375000000002 0.909375 0.5875000000000001 0.909375 0.5875000000000001 1 0.7109375000000002 1
21 0.4671875000000002 0.75 0.3500000000000001 0.75 0.3500000000000001 0.8140625 0.4671875000000002 0.8140625
5 0.3468750000000001 0.646875 0.2296875000000001 0.646875 0.2296875000000001 0.70625 0.3468750000000001 0.70625
56 0.4671875000000002 0.821875 0.3453125000000001 0.821875 0.3453125000000001 0.8828125 0.4671875000000002 0.8828125
31 0.571875 0.3234375000000001 0.4671875 0.3234375000000001 0.4671875 0.3734375000000001 0.571875 0.3734375000000001
39 0.4546875 0.13906250000000003 0.34375 0.13906250000000003 0.34375 0.19218750000000004 0.4546875 0.19218750000000004
15 0.7 0.5625 0.584375 0.5625 0.584375 0.621875 0.7 0.621875
36 0.453125 0.34218750000000003 0.346875 0.3421875 0.34687500000000004 0.39531250000000007 0.453125 0.39531250000000007
57 0.7078125000000002 0.771875 0.5890625000000002 0.771875 0.5890625000000002 0.834375 0.7078125000000002 0.834375
11 0.334375 0.17656250000000004 0.228125 0.17656250000000004 0.228125 0.225 0.334375 0.225
23 0.5796875 0.66875 0.4671875 0.66875 0.4671875 0.725 0.5796875 0.725
10 0.5875000000000001 0.8765625 0.4703125000000002 0.8765625 0.4703125000000002 0.9359375 0.5875000000000001 0.9359375
47 0.834375 0.4406250000000001 0.7109375 0.440625 0.7109375000000001 0.7640625000000001 0.834375 0.7640625000000002
51 0.453125 0.615625 0.3468750000000001 0.615625 0.3468750000000001 0.66875 0.453125 0.66875
19 0.5843750000000002 0.7375 0.4671875000000002 0.7375 0.4671875000000002 0.796875 0.5843750000000002 0.796875
43 0.5906250000000002 0.80625 0.4703125000000002 0.80625 0.4703125000000002 0.8671875 0.5906250000000002 0.8671875
40 0.696875 0.2843750000000001 0.5875 0.2843750000000001 0.5875 0.3375000000000001 0.696875 0.3375000000000001
22 0.5734375 0.03281250000000006 0.3453125 0.03281250000000004 0.3453125 0.12968750000000007 0.5734375 0.1296875000000001
6 0.3421875000000001 0.5796875 0.2312500000000001 0.5796875 0.2312500000000001 0.6359375 0.3421875000000001 0.6359375
32 0.7015625 0.14843750000000008 0.5828125 0.14843750000000008 0.5828125 0.20312500000000008 0.7015625 0.20312500000000008
24 0.5734375 0.5984375 0.4671875 0.5984375 0.4671875 0.6546875 0.5734375 0.6546875
48 0.33125 0.2421875 0.228125 0.2421875 0.228125 0.2953125 0.33125 0.2953125
38 0.4515625 0.27343750000000006 0.3453125 0.2734375 0.3453125 0.32656250000000003 0.4515625 0.3265625000000001
1 0.3437500000000001 0.9234375 0.2312500000000001 0.9234375 0.2312500000000001 0.984375 0.3437500000000001 0.984375
16 0.7093750000000001 0.703125 0.5859375 0.703125 0.5859375000000001 0.765625 0.7093750000000002 0.765625
25 0.5765625 0.528125 0.465625 0.528125 0.465625 0.5875 0.5765625 0.5875
26 0.575 0.11875000000000006 0.4625 0.11875000000000005 0.4625 0.17187500000000006 0.575 0.17187500000000008
14 0.8171875 0.37187500000000007 0.7078125 0.37187500000000007 0.7078125 0.4234375000000001 0.8171875 0.4234375000000002
41 0.4703125000000002 0.8859375 0.34843750000000007 0.8859375 0.34843750000000007 0.9546875 0.4703125000000002 0.9546875
7 0.3437500000000001 0.5125 0.23437500000000008 0.5125 0.23437500000000008 0.56875 0.3437500000000001 0.56875
0 0.34218750000000003 0.3078125 0.2296875 0.3078125 0.22968750000000004 0.3640625 0.3421875000000001 0.3640625
55 0.7015625 0.6328125 0.5859375 0.6328125 0.5859375 0.6953125 0.7015625 0.6953125
29 0.578125 0.3906250000000001 0.4625 0.3906250000000001 0.4625 0.446875 0.578125 0.446875
9 0.3421875000000001 0.375 0.2328125000000001 0.375 0.2328125000000001 0.43125 0.3421875000000001 0.43125
2 0.34843750000000007 0.8546875 0.2312500000000001 0.8546875 0.2312500000000001 0.915625 0.34843750000000007 0.915625
33 0.7015625 0.421875 0.584375 0.421875 0.584375 0.484375 0.7015625 0.484375
27 0.4546875 0.409375 0.34843750000000007 0.409375 0.34843750000000007 0.465625 0.4546875 0.465625
35 0.696875 0.49375 0.584375 0.49375 0.584375 0.553125 0.696875 0.553125
20 0.3359375 0.040625000000000036 0.2265625 0.04062500000000002 0.2265625 0.16250000000000003 0.3359375 0.16250000000000003
34 0.69375 0.2171875000000001 0.584375 0.2171875000000001 0.584375 0.2671875000000001 0.69375 0.2671875000000001
8 0.3421875000000001 0.44375 0.23593750000000008 0.44375 0.23593750000000008 0.5 0.3421875000000001 0.5
58 0.7125000000000001 0.84375 0.5921875000000002 0.84375 0.5921875000000002 0.9046875 0.7125000000000001 0.9046875
30 0.8890625 0.014062500000000065 0.1328125 0.014062500000000016 0.13281250000000006 1 0.8890625 1
37 0.571875 0.2562500000000001 0.4625 0.2562500000000001 0.4625 0.30937500000000007 0.571875 0.30937500000000007
4 0.3437500000000001 0.7203125 0.22656250000000008 0.7203125 0.22656250000000008 0.7765625 0.3437500000000001 0.7765625
53 0.45625 0.478125 0.3468750000000001 0.478125 0.3468750000000001 0.534375 0.45625 0.534375