45 0.6734375 7.874096216392748e-17 0.6125 7.500961644777538e-17 0.6125 0.05625000000000008 0.6734375 0.05625000000000009
29 0.66875 0.421875 0.609375 0.421875 0.609375 0.4671875 0.66875 0.4671875
53 0.7375 0.3578125000000001 0.6765625 0.3578125000000001 0.6765625 0.4046875000000001 0.7375 0.4046875000000002
31 0.6671875 0.4734375 0.6078125 0.4734375 0.6078125 0.51875 0.6671875 0.51875
6 0.8046875 0.2812500000000001 0.7453125 0.2812500000000001 0.7453125 0.3265625000000001 0.8046875 0.3265625000000001
3 0.8046875 0.12500000000000008 0.7453125 0.12500000000000008 0.7453125 0.17187500000000008 0.8046875 0.17187500000000008
57 0.6046875 0.14062500000000008 0.5453125 0.14062500000000008 0.5453125 0.1859375000000001 0.6046875 0.1859375000000001
10 0.671875 0.06250000000000008 0.6125 0.06250000000000007 0.6125 0.10781250000000009 0.671875 0.10781250000000009
14 0.5359375 0.4265625 0.471875 0.4265625 0.471875 0.471875 0.5359375 0.471875
35 0.603125 0.3453125000000001 0.54375 0.3453125000000001 0.54375 0.3906250000000001 0.603125 0.3906250000000001
25 0.6703125 0.3187500000000001 0.6109375 0.3187500000000001 0.6109375 0.36406250000000007 0.6703125 0.36406250000000007
18 0.6 0.45 0.5421875 0.45 0.5421875 0.49375 0.6 0.49375
8 0.803125 0.3843750000000001 0.74375 0.3843750000000001 0.74375 0.4312500000000002 0.803125 0.4312500000000002
27 0.7359375 0.4125000000000001 0.6765625 0.4125 0.6765625 0.4562500000000001 0.7359375 0.45625000000000016
33 0.603125 0.39531250000000007 0.54375 0.39531250000000007 0.54375 0.4421875 0.603125 0.4421875
52 0.740625 0.001562500000000087 0.68125 0.0015625000000000834 0.68125 0.042187500000000086 0.740625 0.042187500000000086
21 0.7390625 0.1515625000000001 0.678125 0.1515625000000001 0.678125 0.1984375000000001 0.7390625 0.1984375000000001
42 0.7375 0.20312500000000008 0.6765625 0.20312500000000008 0.6765625 0.2500000000000001 0.7375 0.2500000000000001
20 0.8015625 0.6437500000000002 0.7421875 0.6437500000000002 0.7421875 0.7218750000000002 0.8015625 0.7218750000000002
51 0.7375 0.2562500000000001 0.678125 0.2562500000000001 0.678125 0.3000000000000001 0.7375 0.3000000000000001
15 0.603125 0.29375000000000007 0.54375 0.29375000000000007 0.54375 0.3375000000000001 0.603125 0.3375000000000001
48 0.8015625 0.5406250000000001 0.7421875 0.5406250000000001 0.7421875 0.5875000000000001 0.8015625 0.5875000000000001
54 0.734375 0.5640625000000001 0.6734375 0.5640625 0.6734375 0.6109375000000001 0.734375 0.6109375000000001
47 0.5375 0.18906250000000005 0.4734375 0.18906250000000005 0.4734375 0.4203125 0.5375 0.4203125
11 0.8015625 0.5937500000000002 0.7421875 0.5937500000000002 0.7421875 0.6390625000000002 0.8015625 0.6390625000000002
19 0.671875 0.16406250000000008 0.6109375 0.16406250000000008 0.6109375 0.2093750000000001 0.671875 0.2093750000000001
28 0.66875 0.37187500000000007 0.609375 0.37187500000000007 0.609375 0.415625 0.66875 0.415625
46 0.6 0.6015625 0.540625 0.6015625 0.540625 0.7171875 0.6 0.7171875
44 0.60625 7.051286648215619e-17 0.5453125 6.678152076600411e-17 0.5453125 0.03125000000000007 0.60625 0.031250000000000076
12 0.6671875 0.575 0.6078125 0.575 0.6078125 0.621875 0.6671875 0.621875
59 0.7375 0.30937500000000007 0.6765625 0.30937500000000007 0.6765625 0.3531250000000001 0.7375 0.3531250000000001
17 0.8078125 9.529282905865343e-17 0.7484375 9.165715887368473e-17 0.7484375 0.015625000000000097 0.8078125 0.0156250000000001
13 0.5375 0.13750000000000004 0.475 0.13750000000000004 0.475 0.18281250000000004 0.5375 0.18281250000000004
30 0.878125 7.988906853812813e-17 0.4265625 5.223884002612928e-17 0.42656250000000007 0.9234375 0.878125 0.9234375
49 0.5390625 6.199774420683475e-17 0.4734375 5.79793718971325e-17 0.4734375 0.03906250000000006 0.5390625 0.03906250000000007
16 0.6046875 0.1921875000000001 0.5453125 0.1921875000000001 0.5453125 0.23593750000000008 0.6046875 0.23593750000000008
34 0.6 0.5484375 0.540625 0.5484375 0.540625 0.59375 0.6 0.59375
37 0.6671875 0.525 0.6078125 0.525 0.6078125 0.5703125 0.6671875 0.5703125
58 0.6046875 0.08906250000000007 0.5453125 0.08906250000000007 0.5453125 0.1359375000000001 0.6046875 0.1359375000000001
5 0.803125 0.22812500000000008 0.7453125 0.22812500000000008 0.7453125 0.2750000000000001 0.803125 0.2750000000000001
32 0.6046875 0.03906250000000007 0.5453125 0.03906250000000007 0.5453125 0.08593750000000007 0.6046875 0.08593750000000007
36 0.7359375 0.4609375000000001 0.6765625 0.4609375 0.6765625 0.5078125000000001 0.7359375 0.5078125000000002
39 0.734375 0.6171875000000001 0.675 0.6171875 0.675 0.6546875000000001 0.734375 0.6546875000000002
55 0.603125 0.24218750000000008 0.54375 0.24218750000000008 0.54375 0.2875000000000001 0.603125 0.2875000000000001
50 0.534375 0.51875 0.471875 0.51875 0.471875 0.565625 0.534375 0.565625
26 0.6671875 0.6265625 0.6078125 0.6265625 0.6078125 0.6640625 0.6671875 0.6640625
38 0.734375 0.5125000000000001 0.6734375 0.5125 0.6734375 0.5593750000000001 0.734375 0.5593750000000002
23 0.6703125 0.2171875000000001 0.6109375 0.2171875000000001 0.6109375 0.2609375000000001 0.6703125 0.2609375000000001
41 0.7390625 0.048437500000000085 0.678125 0.04843750000000008 0.678125 0.09531250000000009 0.7390625 0.09531250000000009
56 0.740625 0.10156250000000008 0.678125 0.10156250000000008 0.678125 0.14843750000000008 0.740625 0.14843750000000008
2 0.80625 0.07343750000000009 0.7453125 0.07343750000000009 0.7453125 0.12031250000000009 0.80625 0.12031250000000009
4 0.8046875 0.1781250000000001 0.7453125 0.1781250000000001 0.7453125 0.2218750000000001 0.8046875 0.2218750000000001
43 0.671875 0.1140625000000001 0.6109375 0.1140625000000001 0.6109375 0.1593750000000001 0.671875 0.1593750000000001
22 0.7359375 0.6609375000000001 0.6046875 0.6609375 0.6046875 0.7203125000000001 0.7359375 0.7203125000000001
24 0.6703125 0.2671875000000001 0.6109375 0.2671875000000001 0.6109375 0.3109375000000001 0.6703125 0.3109375000000001
40 0.6015625 0.4984375 0.5421875 0.4984375 0.5421875 0.54375 0.6015625 0.54375
1 0.80625 0.021875000000000096 0.7453125 0.02187500000000009 0.7453125 0.06875000000000009 0.80625 0.06875000000000009
7 0.8046875 0.3343750000000001 0.7453125 0.3343750000000001 0.7453125 0.37968750000000007 0.8046875 0.37968750000000007
0 0.803125 0.4890625000000002 0.74375 0.4890625000000002 0.74375 0.5359375000000002 0.803125 0.5359375000000002
9 0.803125 0.43750000000000017 0.74375 0.43750000000000017 0.74375 0.48437500000000017 0.803125 0.48437500000000017