14 0.590625 0.4828125 0.5453125 0.4828125 0.5453125 0.53125 0.590625 0.53125
18 0.621875 0.434375 0.578125 0.434375 0.578125 0.48125 0.621875 0.48125
38 0.678125 0.3437500000000001 0.6375 0.3437500000000001 0.6375 0.38750000000000007 0.678125 0.38750000000000007
16 0.3750000000000001 0.440625 0.3312500000000001 0.440625 0.3312500000000001 0.4859375 0.3750000000000001 0.4859375
41 0.24375000000000005 0.3515625 0.2 0.3515625 0.20000000000000004 0.396875 0.24375000000000008 0.396875
24 0.446875 0.3921875000000001 0.40625 0.3921875000000001 0.40625 0.4375 0.446875 0.4375
45 0.20468750000000008 0.396875 0.15000000000000005 0.396875 0.15000000000000005 0.4421875 0.20468750000000008 0.4421875
22 0.84375 0.3843750000000001 0.75 0.3843750000000001 0.75 0.42968750000000017 0.84375 0.42968750000000017
37 0.6953125 0.38750000000000007 0.6515625 0.38750000000000007 0.6515625 0.434375 0.6953125 0.434375
53 0.53125 0.3468750000000001 0.4921875 0.3468750000000001 0.4921875 0.3906250000000001 0.53125 0.3906250000000001
39 0.7796875 0.34062500000000007 0.7359375 0.34062500000000007 0.7359375 0.3843750000000001 0.7796875 0.3843750000000001
42 0.38906250000000003 0.35000000000000003 0.3484375 0.35 0.34843750000000007 0.3921875 0.3890625000000001 0.3921875000000001
36 0.628125 0.3453125000000001 0.5875 0.3453125000000001 0.5875 0.3859375000000001 0.628125 0.3859375000000001
51 0.4359375 0.34843750000000007 0.3953125 0.34843750000000007 0.39531250000000007 0.3890625000000001 0.4359375 0.3890625000000001
54 0.7296875 0.3421875000000001 0.6859375 0.3421875000000001 0.6859375 0.3859375000000001 0.7296875 0.3859375000000001
32 0.3671875000000001 0.4859375 0.3203125000000001 0.4859375 0.3203125000000001 0.5375 0.3671875000000001 0.5375
48 0.7015625 0.2984375000000001 0.6578125 0.2984375000000001 0.6578125 0.34062500000000007 0.7015625 0.34062500000000007
44 0.22656250000000008 0.440625 0.14531250000000004 0.440625 0.14531250000000004 0.490625 0.22656250000000008 0.490625
58 0.2750000000000001 0.440625 0.2312500000000001 0.440625 0.2312500000000001 0.4875 0.2750000000000001 0.4875
43 0.30156250000000007 0.39375 0.2578125000000001 0.39375 0.2578125000000001 0.440625 0.30156250000000007 0.440625
4 0.3640625 0.30468750000000006 0.3234375 0.3046875 0.3234375 0.34843750000000007 0.3640625 0.34843750000000007
26 0.840625 0.3390625000000001 0.784375 0.3390625000000001 0.784375 0.3843750000000001 0.840625 0.3843750000000001
31 0.64375 0.38750000000000007 0.603125 0.38750000000000007 0.603125 0.43125 0.64375 0.43125
46 0.8 0.4312500000000002 0.73125 0.4312500000000002 0.73125 0.47656250000000017 0.8 0.47656250000000017
55 0.425 0.4390625 0.3812500000000001 0.4390625 0.3812500000000001 0.484375 0.425 0.484375
12 0.7453125 0.38750000000000007 0.7015625 0.38750000000000007 0.7015625 0.4328125000000001 0.7453125 0.43281250000000016
59 0.484375 0.34843750000000007 0.4453125 0.34843750000000007 0.4453125 0.3890625000000001 0.484375 0.3890625000000001
0 0.6515625 0.2984375000000001 0.6109375 0.2984375000000001 0.6109375 0.3437500000000001 0.6515625 0.3437500000000001
47 0.421875 0.540625 0.11406250000000004 0.540625 0.11406250000000007 0.584375 0.421875 0.584375
8 0.5546875 0.3000000000000001 0.5140625 0.3000000000000001 0.5140625 0.34843750000000007 0.5546875 0.34843750000000007
52 0.19843750000000004 0.3546875 0.15781250000000005 0.3546875 0.15781250000000005 0.3984375 0.19843750000000004 0.3984375
10 0.2531250000000001 0.396875 0.2093750000000001 0.396875 0.2093750000000001 0.4421875 0.2531250000000001 0.4421875
17 0.646875 0.4859375 0.6015625 0.4859375 0.6015625 0.5359375 0.646875 0.5359375
6 0.459375 0.3031250000000001 0.41875 0.3031250000000001 0.41875 0.3453125000000001 0.459375 0.3453125000000001
21 0.34218750000000003 0.35 0.2984375 0.35 0.2984375 0.3953125 0.3421875000000001 0.3953125
29 0.5953125 0.3906250000000001 0.5546875 0.3906250000000001 0.5546875 0.4359375 0.5953125 0.4359375
47 0.9390625 0.5312500000000001 0.4890625 0.53125 0.4890625 0.5843750000000001 0.9390625 0.5843750000000002
27 0.58125 0.3453125000000001 0.540625 0.3453125000000001 0.540625 0.38750000000000007 0.58125 0.38750000000000007
40 0.671875 0.434375 0.6296875 0.434375 0.6296875 0.4796875 0.671875 0.4796875
49 0.2000000000000001 0.490625 0.14062500000000006 0.490625 0.14062500000000006 0.540625 0.2000000000000001 0.540625
5 0.4125 0.3046875000000001 0.371875 0.3046875000000001 0.371875 0.34843750000000007 0.4125 0.34843750000000007
34 0.721875 0.4328125 0.6796875 0.4328125 0.6796875 0.4765625 0.721875 0.4765625
25 0.496875 0.3921875000000001 0.45625 0.3921875000000001 0.45625 0.4328125 0.496875 0.4328125
20 0.834375 0.29375000000000007 0.7546875 0.29375000000000007 0.7546875 0.3390625000000001 0.834375 0.3390625000000001
30 0.9265625 0.2515625 0.11718750000000004 0.2515625 0.11718750000000007 0.5625000000000001 0.9265625 0.5625000000000002
1 0.2234375 0.3078125 0.17812500000000003 0.3078125 0.17812500000000003 0.353125 0.2234375 0.353125
23 0.4 0.39375000000000004 0.3578125000000001 0.39375 0.3578125000000001 0.4390625 0.4 0.4390625
9 0.6046875 0.3000000000000001 0.5640625 0.3000000000000001 0.5640625 0.3453125000000001 0.6046875 0.3453125000000001
33 0.571875 0.4359375 0.53125 0.4359375 0.53125 0.48125 0.571875 0.48125
57 0.3234375000000001 0.440625 0.2828125000000001 0.440625 0.2828125000000001 0.4859375 0.3234375000000001 0.4859375
11 0.75 0.2968750000000001 0.70625 0.2968750000000001 0.70625 0.3390625000000001 0.75 0.3390625000000001
15 0.4734375 0.4390625 0.4296875 0.4390625 0.4296875 0.4828125 0.4734375 0.4828125
56 0.29218750000000004 0.3515625 0.25 0.3515625 0.25000000000000006 0.39375 0.2921875000000001 0.39375
19 0.3500000000000001 0.39375 0.3078125000000001 0.39375 0.3078125000000001 0.4390625 0.3500000000000001 0.4390625
47 0.5421875 0.4828125 0.37187500000000007 0.4828125 0.37187500000000007 0.5359375 0.5421875 0.5359375
35 0.521875 0.4375 0.48125 0.4375 0.48125 0.48125 0.521875 0.48125
2 0.2703125 0.3078125 0.228125 0.3078125 0.228125 0.353125 0.2703125 0.353125
28 0.5453125 0.3906250000000001 0.5046875 0.3906250000000001 0.5046875 0.4359375 0.5453125 0.4359375
13 0.3140625000000001 0.4875 0.2593750000000001 0.4875 0.2593750000000001 0.5375 0.3140625000000001 0.5375
47 0.80625 0.12656250000000005 0.1625 0.1265625 0.16250000000000003 0.22031250000000005 0.80625 0.22031250000000008
7 0.5078125 0.30156250000000007 0.46875 0.30156250000000007 0.46875 0.3468750000000001 0.5078125 0.3468750000000001
3 0.3171875 0.30625 0.2765625 0.30625 0.2765625 0.3515625 0.3171875 0.3515625