37 0.453125 0.4203125 0.34062500000000007 0.4203125 0.34062500000000007 0.4796875 0.453125 0.4796875
13 0.1906250000000001 0.8828125 0.06562500000000011 0.8828125 0.06562500000000011 0.965625 0.19062500000000013 0.965625
40 0.3296875000000001 0.446875 0.21093750000000008 0.446875 0.21093750000000008 0.5078125 0.3296875000000001 0.5078125
12 0.45625 0.353125 0.34375 0.353125 0.34375000000000006 0.4140625 0.45625 0.4140625
27 0.571875 0.565625 0.4640625 0.565625 0.4640625 0.621875 0.571875 0.621875
22 0.5828125 0.22968750000000004 0.3421875 0.2296875 0.3421875 0.30312500000000003 0.5828125 0.3031250000000001
54 0.575 0.37187500000000007 0.465625 0.37187500000000007 0.465625 0.4328125 0.575 0.4328125
26 0.45625 0.28750000000000003 0.34375 0.2875 0.34375 0.34843750000000007 0.45625 0.34843750000000007
19 0.44531250000000017 0.875 0.3265625000000001 0.875 0.3265625000000001 0.9359375 0.44531250000000017 0.9359375
59 0.5687500000000001 0.69375 0.459375 0.69375 0.4593750000000001 0.75 0.5687500000000002 0.75
56 0.5640625000000001 0.95 0.4546875000000002 0.95 0.4546875000000002 1 0.5640625000000001 1
29 0.453125 0.5484375 0.3375000000000001 0.5484375 0.3375000000000001 0.6078125 0.453125 0.6078125
24 0.4468750000000002 0.7453125 0.3343750000000001 0.7453125 0.3343750000000001 0.8046875 0.4468750000000002 0.8046875
35 0.3265625000000001 0.65 0.2078125000000001 0.65 0.2078125000000001 0.7109375 0.3265625000000001 0.7109375
0 0.690625 0.46875 0.5828125 0.46875 0.5828125 0.528125 0.690625 0.528125
9 0.6875 0.53125 0.5828125 0.53125 0.5828125 0.590625 0.6875 0.590625
16 0.3187500000000001 0.8453125 0.2000000000000001 0.8453125 0.2000000000000001 0.9078125 0.3187500000000001 0.9078125
33 0.3265625000000001 0.5796875 0.2078125000000001 0.5796875 0.2078125000000001 0.6421875 0.3265625000000001 0.6421875
58 0.3187500000000001 0.9796875 0.2000000000000001 0.9796875 0.2000000000000001 1 0.3187500000000001 1
20 0.696875 0.2406250000000001 0.5921875 0.2406250000000001 0.5921875 0.34062500000000007 0.696875 0.34062500000000007
42 0.5656250000000002 0.8203125 0.45312500000000017 0.8203125 0.45312500000000017 0.88125 0.5656250000000002 0.88125
3 0.6828125000000002 0.9125 0.5750000000000002 0.9125 0.5750000000000002 0.9734375 0.6828125000000002 0.9734375
23 0.44843750000000016 0.8109375 0.33281250000000007 0.8109375 0.33281250000000007 0.8703125 0.44843750000000016 0.8703125
38 0.575 0.4375 0.465625 0.4375 0.465625 0.496875 0.575 0.496875
11 0.6921875 0.3437500000000001 0.5890625 0.3437500000000001 0.5890625 0.403125 0.6921875 0.403125
55 0.3203125000000001 0.78125 0.2015625000000001 0.78125 0.2015625000000001 0.8421875 0.3203125000000001 0.8421875
14 0.2000000000000001 0.546875 0.07500000000000007 0.546875 0.07500000000000007 0.6125 0.2000000000000001 0.6125
36 0.571875 0.5015625 0.4640625 0.5015625 0.4640625 0.5609375 0.571875 0.5609375
5 0.6828125000000002 0.7859375 0.5781250000000002 0.7859375 0.5781250000000002 0.8453125 0.6828125000000002 0.8453125
15 0.3234375000000001 0.7140625 0.20468750000000008 0.7140625 0.20468750000000008 0.7765625 0.3234375000000001 0.7765625
31 0.453125 0.484375 0.34062500000000007 0.484375 0.34062500000000007 0.54375 0.453125 0.54375
51 0.5671875000000002 0.7578125 0.4593750000000002 0.7578125 0.4593750000000002 0.8171875 0.5671875000000002 0.8171875
50 0.20312500000000008 0.4140625 0.07812500000000004 0.4140625 0.07812500000000006 0.4796875 0.20312500000000008 0.4796875
28 0.45 0.6140625 0.3375000000000001 0.6140625 0.3375000000000001 0.6734375 0.45 0.6734375
21 0.5656250000000002 0.884375 0.45312500000000017 0.884375 0.45312500000000017 0.946875 0.5656250000000002 0.946875
34 0.3296875000000001 0.3828125 0.2140625000000001 0.3828125 0.2140625000000001 0.44375 0.3296875000000001 0.44375
48 0.690625 0.40625 0.5859375 0.40625 0.5859375 0.465625 0.690625 0.465625
2 0.6796875000000002 0.9765625 0.5718750000000001 0.9765625 0.5718750000000001 1 0.6796875000000002 1
39 0.5765625 0.3078125000000001 0.4671875 0.3078125000000001 0.4671875 0.3671875000000001 0.5765625 0.3671875000000001
7 0.6859375 0.6578125 0.58125 0.6578125 0.58125 0.7171875 0.6859375 0.7171875
6 0.6859375000000001 0.721875 0.58125 0.721875 0.58125 0.78125 0.6859375000000002 0.78125
57 0.3187500000000001 0.9140625 0.2000000000000001 0.9140625 0.2000000000000001 0.9765625 0.3187500000000001 0.9765625
8 0.6859375 0.5953125 0.58125 0.5953125 0.58125 0.6546875 0.6859375 0.6546875
53 0.56875 0.628125 0.459375 0.628125 0.459375 0.6875 0.56875 0.6875
46 0.33437500000000003 0.2234375 0.2125 0.2234375 0.21250000000000005 0.3796875 0.3343750000000001 0.3796875
47 0.1984375000000001 0.6171875 0.06875000000000006 0.6171875 0.06875000000000009 0.878125 0.1984375000000001 0.878125
30 0.834375 5.109073365192864e-17 0 0 6.123233995736766e-17 1 0.834375 1
18 0.3296875000000001 0.5140625 0.21093750000000008 0.5140625 0.21093750000000008 0.5734375 0.3296875000000001 0.5734375
25 0.4468750000000001 0.678125 0.3375000000000001 0.678125 0.3375000000000001 0.7375 0.4468750000000002 0.7375
43 0.4421875000000002 0.940625 0.3265625000000001 0.940625 0.3265625000000001 1 0.4421875000000002 1
4 0.6828125000000002 0.85 0.5781250000000002 0.85 0.5781250000000002 0.909375 0.6828125000000002 0.909375