19 0.3062500000000001 0.5109375 0.2593750000000001 0.5109375 0.2593750000000001 0.5625 0.3062500000000001 0.5625
30 0.9671875 0.33281250000000007 0.06562500000000004 0.3328125 0.06562500000000007 0.7031250000000001 0.9671875 0.7031250000000002
27 0.584375 0.4515625 0.5375 0.4515625 0.5375 0.5 0.584375 0.5
22 0.896875 0.5078125000000002 0.7859375 0.5078125000000002 0.7859375 0.5593750000000002 0.896875 0.5593750000000002
53 0.525 0.4515625 0.4796875 0.4515625 0.4796875 0.5015625 0.525 0.5015625
32 0.3203125000000001 0.6296875 0.27031250000000007 0.6296875 0.27031250000000007 0.684375 0.3203125000000001 0.684375
31 0.6578125 0.509375 0.609375 0.509375 0.609375 0.559375 0.6578125 0.559375
28 0.540625 0.509375 0.4921875 0.509375 0.4921875 0.5609375 0.540625 0.5609375
1 0.14531250000000004 0.396875 0.10000000000000005 0.396875 0.10000000000000005 0.446875 0.14531250000000004 0.446875
26 0.8796875 0.4500000000000002 0.828125 0.4500000000000002 0.828125 0.5031250000000002 0.8796875 0.5031250000000002
2 0.20468750000000008 0.396875 0.15781250000000005 0.396875 0.15781250000000005 0.446875 0.20468750000000008 0.446875
38 0.7015625 0.45 0.6515625 0.45 0.6515625 0.5015625 0.7015625 0.5015625
52 0.12031250000000004 0.45625 0.07812500000000007 0.45625 0.07812500000000007 0.509375 0.12031250000000004 0.509375
58 0.21875000000000008 0.571875 0.17187500000000008 0.571875 0.17187500000000008 0.621875 0.21875000000000008 0.621875
25 0.4828125 0.5125 0.4359375 0.5125 0.4359375 0.559375 0.4828125 0.559375
39 0.8203125 0.4500000000000002 0.76875 0.4500000000000002 0.76875 0.5031250000000002 0.8203125 0.5031250000000002
54 0.7609375 0.45000000000000007 0.709375 0.45 0.709375 0.5015625000000001 0.7609375 0.5015625000000001
21 0.29375000000000007 0.4546875 0.2468750000000001 0.4546875 0.2468750000000001 0.5046875 0.29375000000000007 0.5046875
16 0.3359375000000001 0.5703125 0.2890625000000001 0.5703125 0.2890625000000001 0.6203125 0.3359375000000001 0.6203125
37 0.7171875 0.509375 0.6671875 0.509375 0.6671875 0.5609375 0.7171875 0.5609375
18 0.63125 0.56875 0.5828125 0.56875 0.5828125 0.621875 0.63125 0.621875
51 0.409375 0.4546875 0.3656250000000001 0.4546875 0.3656250000000001 0.503125 0.409375 0.503125
6 0.4390625 0.3937500000000001 0.3906250000000001 0.3937500000000001 0.3906250000000001 0.4453125 0.4390625 0.4453125
40 0.6890625 0.56875 0.6390625 0.56875 0.6390625 0.6203125 0.6890625 0.6203125
36 0.6421875 0.4515625 0.59375 0.4515625 0.59375 0.5 0.6421875 0.5
44 0.1625000000000001 0.5734375 0.07343750000000007 0.5734375 0.07343750000000007 0.6234375 0.1625000000000001 0.6234375
47 0.5421875 0.628125 0.3312500000000001 0.628125 0.3312500000000001 0.68125 0.5421875 0.68125
45 0.13281250000000006 0.515625 0.07500000000000007 0.515625 0.07500000000000007 0.565625 0.13281250000000008 0.565625
42 0.3515625000000001 0.453125 0.3046875000000001 0.453125 0.3046875000000001 0.503125 0.3515625000000001 0.503125
9 0.6125 0.3937500000000001 0.5671875 0.3937500000000001 0.5671875 0.4453125 0.6125 0.4453125
57 0.2765625000000001 0.5703125 0.2312500000000001 0.5703125 0.2312500000000001 0.621875 0.2765625000000001 0.621875
46 0.8375 0.5687500000000002 0.7625 0.5687500000000002 0.7625 0.6203125000000002 0.8375 0.6203125000000002
33 0.571875 0.5671875 0.521875 0.5671875 0.521875 0.6203125 0.571875 0.6203125
23 0.3656250000000001 0.5125 0.3187500000000001 0.5125 0.3187500000000001 0.5625 0.3656250000000001 0.5625
15 0.453125 0.571875 0.4078125 0.571875 0.4078125 0.6203125 0.453125 0.6203125
7 0.496875 0.3937500000000001 0.4515625 0.3937500000000001 0.4515625 0.4453125 0.496875 0.4453125
43 0.2468750000000001 0.5125 0.2000000000000001 0.5125 0.2000000000000001 0.5625 0.2468750000000001 0.5625
24 0.4234375 0.5109375 0.3781250000000001 0.5109375 0.3781250000000001 0.5609375 0.4234375 0.5609375
20 0.89375 0.3906250000000001 0.8015625 0.3906250000000001 0.8015625 0.4421875000000002 0.89375 0.4421875000000002
41 0.17500000000000004 0.4546875 0.12812500000000004 0.4546875 0.12812500000000004 0.50625 0.17500000000000004 0.50625
14 0.6015625 0.628125 0.5546875 0.628125 0.5546875 0.68125 0.6015625 0.68125
5 0.37968750000000007 0.39375000000000004 0.3343750000000001 0.39375 0.3343750000000001 0.4453125 0.37968750000000007 0.4453125
8 0.5546875 0.39531250000000007 0.5078125 0.39531250000000007 0.5078125 0.446875 0.5546875 0.446875
34 0.7484375 0.5687500000000001 0.6984375 0.56875 0.6984375 0.6203125 0.7484375 0.6203125000000002
49 0.1312500000000001 0.6328125 0.07031250000000007 0.6328125 0.07031250000000008 0.684375 0.1312500000000001 0.684375
29 0.5984375 0.509375 0.5515625 0.509375 0.5515625 0.559375 0.5984375 0.559375
48 0.7296875 0.3921875000000001 0.68125 0.3921875000000001 0.68125 0.4437500000000001 0.7296875 0.4437500000000002
17 0.6625 0.6265625 0.6109375 0.6265625 0.6109375 0.6828125 0.6625 0.6828125
4 0.3218750000000001 0.3953125 0.2750000000000001 0.3953125 0.2750000000000001 0.4453125 0.3218750000000001 0.4453125
59 0.4671875 0.453125 0.421875 0.453125 0.421875 0.503125 0.4671875 0.503125
13 0.26250000000000007 0.63125 0.20312500000000008 0.63125 0.20312500000000008 0.6828125 0.26250000000000007 0.6828125
11 0.7890625 0.3921875000000001 0.7390625 0.3921875000000001 0.7390625 0.4421875000000002 0.7890625 0.4421875000000002
35 0.5109375 0.5671875 0.465625 0.5671875 0.465625 0.61875 0.5109375 0.61875
56 0.2328125000000001 0.453125 0.18750000000000006 0.453125 0.18750000000000006 0.5046875 0.2328125000000001 0.5046875
10 0.18750000000000006 0.5125 0.14375000000000004 0.5125 0.14375000000000007 0.5625 0.18750000000000008 0.5625
55 0.39531250000000007 0.5703125 0.34843750000000007 0.5703125 0.34843750000000007 0.6203125 0.39531250000000007 0.6203125
12 0.7765625 0.5078125000000002 0.7265625 0.5078125000000002 0.7265625 0.5593750000000002 0.7765625 0.5593750000000002
0 0.671875 0.3921875000000001 0.621875 0.3921875000000001 0.621875 0.44375 0.671875 0.44375
3 0.2640625000000001 0.39375 0.2156250000000001 0.39375 0.2156250000000001 0.446875 0.2640625000000001 0.446875