43 0.76875 0.4203125000000001 0.725 0.4203125 0.725 0.4671875000000001 0.76875 0.4671875000000002
56 0.7875 0.3765625000000001 0.74375 0.3765625000000001 0.74375 0.4234375000000002 0.7875 0.4234375000000002
9 0.51875 0.2718750000000001 0.478125 0.2718750000000001 0.478125 0.3125000000000001 0.51875 0.3125000000000001
27 0.528125 0.3187500000000001 0.4875 0.3187500000000001 0.4875 0.3625000000000001 0.528125 0.3625000000000001
10 0.8140625 0.4312500000000002 0.7703125 0.4312500000000002 0.7703125 0.4781250000000002 0.8140625 0.4781250000000002
45 0.8890625 0.4390625000000002 0.8171875 0.4390625000000002 0.8171875 0.49218750000000017 0.8890625 0.49218750000000017
3 0.7703125 0.3281250000000001 0.7296875 0.3281250000000001 0.7296875 0.3687500000000001 0.7703125 0.3687500000000001
17 0.9 0.3546875000000001 0.8625 0.3546875000000001 0.8625 0.3984375000000001 0.9 0.3984375000000001
51 0.6546875 0.34843750000000007 0.6125 0.34843750000000007 0.6125 0.3921875000000001 0.6546875 0.3921875000000001
37 0.4265625 0.34062500000000007 0.384375 0.34062500000000007 0.384375 0.3843750000000001 0.4265625 0.3843750000000001
36 0.4875 0.3078125000000001 0.4453125 0.3078125000000001 0.4453125 0.3531250000000001 0.4875 0.3531250000000001
7 0.6 0.2906250000000001 0.559375 0.2906250000000001 0.559375 0.3312500000000001 0.6 0.3312500000000001
20 0.359375 0.228125 0.29375 0.228125 0.29375 0.275 0.359375 0.275
47 0.690625 0.4578125 0.48125 0.4578125 0.48125 0.5515625 0.690625 0.5515625
2 0.8140625 0.3375000000000001 0.771875 0.3375000000000001 0.771875 0.37968750000000007 0.8140625 0.37968750000000007
23 0.6796875 0.4 0.6359375 0.4 0.6359375 0.446875 0.6796875 0.446875
26 0.3453125 0.31875 0.3078125 0.31875 0.3078125 0.3625 0.3453125 0.3625
8 0.559375 0.2812500000000001 0.51875 0.2812500000000001 0.51875 0.3218750000000001 0.559375 0.3218750000000001
13 0.734375 0.5109375 0.690625 0.5109375 0.690625 0.5640625000000001 0.734375 0.5640625000000001
48 0.4375 0.2531250000000001 0.396875 0.2531250000000001 0.396875 0.29375000000000007 0.4375 0.29375000000000007
16 0.69375 0.45 0.65 0.45 0.65 0.5 0.69375 0.5
6 0.6421875 0.30156250000000007 0.6015625 0.30156250000000007 0.6015625 0.3421875000000001 0.6421875 0.3421875000000001
53 0.5703125 0.3281250000000001 0.5296875 0.3281250000000001 0.5296875 0.3734375000000001 0.5703125 0.3734375000000001
44 0.884375 0.49531250000000016 0.834375 0.49531250000000016 0.834375 0.5453125000000002 0.884375 0.5453125000000002
21 0.7421875 0.3671875000000001 0.6984375 0.3671875000000001 0.6984375 0.4140625000000001 0.7421875 0.41406250000000017
39 0.3671875 0.28125000000000006 0.3328125 0.28125 0.3328125 0.32343750000000004 0.3671875 0.3234375000000001
38 0.4484375 0.2984375000000001 0.40625 0.2984375000000001 0.40625 0.3421875000000001 0.4484375 0.3421875000000001
49 0.8828125 0.5421875000000002 0.8234375 0.5421875000000002 0.8234375 0.6031250000000001 0.8828125 0.6031250000000001
42 0.6984375 0.3578125000000001 0.6546875 0.3578125000000001 0.6546875 0.4015625 0.6984375 0.4015625
28 0.55 0.3703125000000001 0.5078125 0.3703125000000001 0.5078125 0.415625 0.55 0.415625
14 0.484375 0.4484375 0.4375 0.4484375 0.4375 0.4984375 0.484375 0.4984375
15 0.60625 0.4296875 0.5625 0.4296875 0.5625 0.4765625 0.60625 0.4765625
30 0.9203125 0.15312500000000007 0.07343750000000002 0.153125 0.07343750000000004 0.6312500000000001 0.9203125 0.6312500000000002
46 0.353125 0.353125 0.25 0.353125 0.25000000000000006 0.4125 0.3531250000000001 0.4125
40 0.4359375 0.38750000000000007 0.3921875000000001 0.38750000000000007 0.3921875000000001 0.4328125 0.4359375 0.4328125
59 0.6109375 0.3375000000000001 0.5703125 0.3375000000000001 0.5703125 0.3828125000000001 0.6109375 0.3828125000000001
0 0.478125 0.2609375000000001 0.4375 0.2609375000000001 0.4375 0.3031250000000001 0.478125 0.3031250000000001
34 0.39531250000000007 0.37812500000000004 0.3515625000000001 0.378125 0.3515625000000001 0.4234375 0.39531250000000007 0.4234375
4 0.7265625 0.3187500000000001 0.6859375 0.3187500000000001 0.6859375 0.3593750000000001 0.7265625 0.3593750000000001
58 0.784375 0.4734375000000002 0.740625 0.4734375000000002 0.740625 0.5203125000000002 0.784375 0.5203125000000002
33 0.5203125 0.4078125 0.475 0.4078125 0.475 0.4546875 0.5203125 0.4546875
18 0.478125 0.3984375000000001 0.434375 0.3984375000000001 0.434375 0.4453125 0.478125 0.4453125
32 0.83125 0.4828125000000002 0.7875 0.4828125000000002 0.7875 0.5328125000000001 0.83125 0.5328125000000001
55 0.6484375 0.440625 0.6046875 0.440625 0.6046875 0.4875 0.6484375 0.4875
22 0.3328125 0.2671875 0.2671875 0.2671875 0.2671875 0.3515625 0.3328125 0.3515625
52 0.8953125 0.39531250000000007 0.834375 0.39531250000000007 0.834375 0.44531250000000017 0.8953125 0.44531250000000017
41 0.83125 0.3859375000000001 0.7875 0.3859375000000001 0.7875 0.43281250000000016 0.83125 0.43281250000000016
12 0.38593750000000004 0.3296875 0.3421875 0.3296875 0.34218750000000003 0.37343750000000003 0.3859375000000001 0.3734375000000001
11 0.3984375 0.24375000000000005 0.35625 0.24375 0.35625 0.28437500000000004 0.3984375 0.2843750000000001
35 0.5625 0.4203125 0.51875 0.4203125 0.51875 0.465625 0.5625 0.465625
57 0.7390625 0.4625000000000001 0.6953125 0.4625 0.6953125 0.5093750000000001 0.7390625 0.5093750000000001
50 0.40625 0.428125 0.3593750000000001 0.428125 0.3593750000000001 0.478125 0.40625 0.478125
31 0.4671875 0.3500000000000001 0.425 0.3500000000000001 0.425 0.3937500000000001 0.4671875 0.3937500000000001
25 0.59375 0.3812500000000001 0.55 0.3812500000000001 0.55 0.421875 0.59375 0.421875
19 0.725 0.409375 0.68125 0.409375 0.68125 0.45625 0.725 0.45625
29 0.509375 0.3593750000000001 0.465625 0.3593750000000001 0.465625 0.403125 0.509375 0.403125
1 0.8578125 0.3468750000000001 0.815625 0.3468750000000001 0.815625 0.3906250000000001 0.8578125 0.3906250000000001
5 0.6828125 0.3109375000000001 0.6421875 0.3109375000000001 0.6421875 0.3515625000000001 0.6828125 0.3515625000000001
54 0.4078125 0.2890625000000001 0.3640625 0.2890625000000001 0.3640625 0.33281250000000007 0.4078125 0.33281250000000007
24 0.6359375 0.3890625000000001 0.5984375 0.3890625000000001 0.5984375 0.4359375 0.6359375 0.4359375