42 0.6359375 0.3500000000000001 0.590625 0.3500000000000001 0.590625 0.409375 0.6359375 0.409375
5 0.6140625 0.2875000000000001 0.5671875 0.2875000000000001 0.5671875 0.3468750000000001 0.6140625 0.3468750000000001
38 0.34843750000000007 0.3421875 0.303125 0.3421875 0.30312500000000003 0.4046875 0.34843750000000007 0.4046875
14 0.4328125 0.534375 0.3859375000000001 0.534375 0.3859375000000001 0.6 0.4328125 0.6
35 0.5015625 0.4734375 0.4578125 0.4734375 0.4578125 0.5359375 0.5015625 0.5359375
0 0.371875 0.28125000000000006 0.328125 0.28125 0.328125 0.34375000000000006 0.371875 0.3437500000000001
11 0.275 0.278125 0.23125 0.278125 0.23125 0.340625 0.275 0.340625
20 0.228125 0.275 0.15312500000000004 0.275 0.15312500000000004 0.3375 0.228125 0.3375
37 0.33281250000000007 0.40625 0.2890625000000001 0.40625 0.2890625000000001 0.46875 0.33281250000000007 0.46875
55 0.6 0.4765625 0.553125 0.4765625 0.553125 0.5390625 0.6 0.5390625
48 0.3234375 0.2796875 0.2796875 0.2796875 0.2796875 0.3390625 0.3234375 0.3390625
21 0.6828125 0.3500000000000001 0.6375 0.3500000000000001 0.6375 0.4125 0.6828125 0.4125
17 0.8515625 0.2906250000000001 0.8078125 0.2906250000000001 0.8078125 0.3531250000000001 0.8515625 0.3531250000000001
43 0.721875 0.4140625 0.678125 0.4140625 0.678125 0.4765625 0.721875 0.4765625
52 0.853125 0.3546875000000001 0.7875 0.3546875000000001 0.7875 0.41718750000000016 0.853125 0.41718750000000016
7 0.5140625 0.28593750000000007 0.4703125 0.28593750000000007 0.4703125 0.3453125000000001 0.5140625 0.3453125000000001
32 0.7953125 0.4812500000000002 0.7484375 0.4812500000000002 0.7484375 0.5437500000000002 0.7953125 0.5437500000000002
15 0.5515625 0.475 0.5046875 0.475 0.5046875 0.5375 0.5515625 0.5375
23 0.621875 0.4140625 0.5796875 0.4140625 0.5796875 0.4734375 0.621875 0.4734375
8 0.4671875 0.2843750000000001 0.4234375 0.2843750000000001 0.4234375 0.3437500000000001 0.4671875 0.3437500000000001
12 0.2843750000000001 0.4046875 0.2406250000000001 0.4046875 0.2406250000000001 0.4671875 0.2843750000000001 0.4671875
19 0.6734375 0.4140625 0.6265625 0.4140625 0.6265625 0.4765625 0.6734375 0.4765625
50 0.3343750000000001 0.5328125 0.2906250000000001 0.5328125 0.2906250000000001 0.5984375 0.3343750000000001 0.5984375
44 0.85625 0.48437500000000017 0.8 0.48437500000000017 0.8 0.5468750000000002 0.85625 0.5468750000000002
10 0.76875 0.41875000000000007 0.725 0.41875 0.725 0.4781250000000001 0.76875 0.4781250000000002
57 0.696875 0.4796875 0.65 0.4796875 0.65 0.5390625 0.696875 0.5390625
31 0.37968750000000007 0.4078125 0.3375000000000001 0.4078125 0.3375000000000001 0.4703125 0.37968750000000007 0.4703125
33 0.453125 0.471875 0.4078125 0.471875 0.4078125 0.534375 0.453125 0.534375
54 0.30000000000000004 0.340625 0.2546875 0.340625 0.25468750000000007 0.403125 0.3000000000000001 0.403125
39 0.25000000000000006 0.340625 0.20625 0.340625 0.20625000000000004 0.4 0.2500000000000001 0.4
3 0.7078125 0.2875000000000001 0.6609375 0.2875000000000001 0.6609375 0.3500000000000001 0.7078125 0.3500000000000001
13 0.6828125 0.5421875 0.625 0.5421875 0.625 0.6078125 0.6828125 0.6078125
59 0.540625 0.34843750000000007 0.4953125 0.34843750000000007 0.4953125 0.4109375 0.540625 0.4109375
41 0.7828125 0.3531250000000001 0.734375 0.3531250000000001 0.734375 0.4156250000000002 0.7828125 0.4156250000000002
40 0.3546875000000001 0.471875 0.3109375000000001 0.471875 0.3109375000000001 0.53125 0.3546875000000001 0.53125
47 0.621875 0.5390625 0.4359375 0.5390625 0.4359375 0.60625 0.621875 0.60625
58 0.746875 0.4796875000000001 0.7015625 0.4796875 0.7015625 0.5421875 0.746875 0.5421875000000002
30 0.8890625 0.22500000000000003 0.0015625000000000278 0.225 0.0015625000000000523 0.6312500000000001 0.8890625 0.6312500000000002
1 0.8046875 0.2906250000000001 0.7578125 0.2906250000000001 0.7578125 0.3531250000000001 0.8046875 0.3531250000000001
28 0.4765625 0.4109375 0.4328125 0.4109375 0.4328125 0.4703125 0.4765625 0.4703125
6 0.5640625 0.2843750000000001 0.51875 0.2843750000000001 0.51875 0.3468750000000001 0.5640625 0.3468750000000001
26 0.23593750000000008 0.4046875 0.19375000000000003 0.4046875 0.19375000000000003 0.4640625 0.23593750000000008 0.4640625
27 0.4421875 0.3468750000000001 0.3984375 0.3468750000000001 0.39843750000000006 0.40625 0.4421875 0.40625
45 0.85625 0.4156250000000002 0.7734375 0.4156250000000002 0.7734375 0.4812500000000002 0.85625 0.4812500000000002
34 0.3062500000000001 0.4703125 0.26250000000000007 0.4703125 0.26250000000000007 0.5296875 0.3062500000000001 0.5296875
56 0.7328125 0.3515625000000001 0.6859375 0.3515625000000001 0.6859375 0.4140625000000001 0.7328125 0.41406250000000017
4 0.659375 0.2890625000000001 0.615625 0.2890625000000001 0.615625 0.34843750000000007 0.659375 0.34843750000000007
53 0.4921875 0.3468750000000001 0.4484375 0.3468750000000001 0.4484375 0.409375 0.4921875 0.409375
9 0.41875 0.2812500000000001 0.375 0.2812500000000001 0.375 0.3437500000000001 0.41875 0.3437500000000001
22 0.20156250000000003 0.3359375 0.14843750000000006 0.3359375 0.14843750000000006 0.4640625 0.2015625000000001 0.4640625
25 0.5265625 0.4125 0.48125 0.4125 0.48125 0.471875 0.5265625 0.471875
2 0.75625 0.2890625000000001 0.709375 0.2890625000000001 0.709375 0.3515625000000001 0.75625 0.3515625000000001
18 0.403125 0.4703125 0.3593750000000001 0.4703125 0.3593750000000001 0.5328125 0.403125 0.5328125
16 0.646875 0.478125 0.603125 0.478125 0.603125 0.540625 0.646875 0.540625
24 0.5765625 0.4109375 0.53125 0.4109375 0.53125 0.4734375 0.5765625 0.4734375
46 0.2609375000000001 0.465625 0.14531250000000004 0.465625 0.14531250000000004 0.528125 0.2609375000000001 0.528125
51 0.5875 0.34843750000000007 0.5453125 0.34843750000000007 0.5453125 0.4078125 0.5875 0.4078125
36 0.39687500000000003 0.34687500000000004 0.353125 0.346875 0.353125 0.40625 0.3968750000000001 0.40625
29 0.428125 0.409375 0.3859375000000001 0.409375 0.3859375000000001 0.46875 0.428125 0.46875
49 0.859375 0.5453125000000002 0.7875 0.5453125000000002 0.7875 0.6140625000000002 0.859375 0.6140625000000002