25 0.4015625 0.3656250000000001 0.3687500000000001 0.3656250000000001 0.3687500000000001 0.4078125 0.4015625 0.4078125
39 0.64375 0.3125000000000001 0.6109375 0.3125000000000001 0.6109375 0.3546875000000001 0.64375 0.3546875000000001
52 0.12187500000000004 0.3125 0.06093750000000005 0.3125 0.06093750000000005 0.3625 0.12187500000000004 0.3625
7 0.4125 0.2640625000000001 0.378125 0.2640625000000001 0.378125 0.30937500000000007 0.4125 0.30937500000000007
38 0.5609375 0.3140625000000001 0.528125 0.3140625000000001 0.528125 0.3546875000000001 0.5609375 0.3546875000000001
9 0.4953125 0.2640625000000001 0.4625 0.2640625000000001 0.4625 0.30937500000000007 0.4953125 0.30937500000000007
29 0.4890625 0.3656250000000001 0.4578125 0.3656250000000001 0.4578125 0.4078125 0.4890625 0.4078125
19 0.2671875000000001 0.365625 0.2328125000000001 0.365625 0.2328125000000001 0.409375 0.2671875000000001 0.409375
40 0.5578125 0.4140625 0.525 0.4140625 0.525 0.459375 0.5578125 0.459375
49 0.11250000000000004 0.4765625 0.04375000000000005 0.4765625 0.04375000000000006 0.534375 0.11250000000000004 0.534375
2 0.19531250000000006 0.2640625 0.15781250000000005 0.2640625 0.15781250000000005 0.309375 0.19531250000000006 0.309375
47 0.4953125 0.471875 0.2406250000000001 0.471875 0.2406250000000001 0.521875 0.4953125 0.521875
15 0.3828125000000001 0.415625 0.34843750000000007 0.415625 0.34843750000000007 0.4625 0.3828125000000001 0.4625
13 0.2328125000000001 0.475 0.18281250000000004 0.475 0.18281250000000004 0.5265625 0.2328125000000001 0.5265625
5 0.325 0.2640625 0.2921875 0.2640625 0.2921875 0.3078125 0.325 0.3078125
30 1 0.18281250000000007 0.014062500000000023 0.1828125 0.014062500000000047 0.58125 1 0.5812500000000002
54 0.6015625 0.3140625000000001 0.56875 0.3140625000000001 0.56875 0.3546875000000001 0.6015625 0.3546875000000001
53 0.4328125 0.3156250000000001 0.4015625 0.3156250000000001 0.4015625 0.35625000000000007 0.4328125 0.35625000000000007
50 0.6640625 0.465625 0.615625 0.465625 0.615625 0.515625 0.6640625 0.515625
14 0.55 0.46875 0.5046875 0.46875 0.5046875 0.515625 0.55 0.515625
1 0.14843750000000006 0.2640625 0.11093750000000005 0.2640625 0.11093750000000005 0.309375 0.14843750000000006 0.309375
46 0.71875 0.4125 0.6109375 0.4125 0.6109375 0.4578125 0.71875 0.4578125
6 0.36875 0.26406250000000003 0.334375 0.2640625 0.334375 0.30937500000000007 0.36875 0.30937500000000007
16 0.2906250000000001 0.41875 0.2562500000000001 0.41875 0.2562500000000001 0.4640625 0.2906250000000001 0.4640625
41 0.16875000000000004 0.3140625 0.12968750000000004 0.3140625 0.12968750000000004 0.3625 0.16875000000000004 0.3625
36 0.51875 0.3140625000000001 0.4859375 0.3140625000000001 0.4859375 0.3546875000000001 0.51875 0.3546875000000001
24 0.35625000000000007 0.3640625 0.3234375000000001 0.3640625 0.3234375000000001 0.4078125 0.35625000000000007 0.4078125
32 0.15156250000000004 0.41875 0.11250000000000004 0.41875 0.11250000000000004 0.4703125 0.15156250000000004 0.4703125
37 0.5734375 0.3625000000000001 0.5421875 0.3625000000000001 0.5421875 0.40625 0.5734375 0.40625
10 0.17656250000000004 0.365625 0.14062500000000006 0.365625 0.14062500000000006 0.4109375 0.17656250000000004 0.4109375
0 0.5375 0.2656250000000001 0.5046875 0.2656250000000001 0.5046875 0.3078125000000001 0.5375 0.3078125000000001
59 0.3890625 0.3140625 0.3578125 0.3140625 0.3578125 0.35468750000000004 0.3890625 0.3546875000000001
48 0.5765625 0.2656250000000001 0.5453125 0.2656250000000001 0.5453125 0.3078125000000001 0.5765625 0.3078125000000001
3 0.2375 0.2625 0.203125 0.2625 0.203125 0.309375 0.2375 0.309375
31 0.53125 0.36406250000000007 0.5 0.36406250000000007 0.5 0.40625 0.53125 0.40625
28 0.4453125 0.36406250000000007 0.4140625 0.36406250000000007 0.4140625 0.4078125 0.4453125 0.4078125
42 0.303125 0.3140625 0.2703125 0.3140625 0.2703125 0.3546875 0.303125 0.3546875
23 0.3125000000000001 0.3640625 0.2796875000000001 0.3640625 0.2796875000000001 0.4078125 0.3125000000000001 0.4078125
45 0.12812500000000004 0.365625 0.05468750000000004 0.365625 0.05468750000000004 0.41875 0.12812500000000004 0.41875
34 0.6 0.4140625 0.5671875 0.4140625 0.5671875 0.45625 0.6 0.45625
33 0.4703125 0.415625 0.4375 0.415625 0.4375 0.4609375 0.4703125 0.4609375
27 0.475 0.3156250000000001 0.44375 0.3156250000000001 0.44375 0.3546875000000001 0.475 0.3546875000000001
20 0.6984375 0.2656250000000001 0.625 0.2656250000000001 0.625 0.3062500000000001 0.6984375 0.3062500000000001
43 0.22031250000000008 0.365625 0.18593750000000003 0.365625 0.18593750000000003 0.4109375 0.22031250000000008 0.4109375
44 0.10312500000000005 0.421875 0.051562500000000046 0.421875 0.05156250000000005 0.4734375 0.10312500000000005 0.4734375
51 0.346875 0.3140625 0.3140625 0.3140625 0.3140625 0.353125 0.346875 0.353125
8 0.4546875 0.2640625000000001 0.421875 0.2640625000000001 0.421875 0.30937500000000007 0.4546875 0.30937500000000007
21 0.2578125 0.3140625 0.221875 0.3140625 0.221875 0.359375 0.2578125 0.359375
17 0.10312500000000005 0.2640625 0.06562500000000002 0.2640625 0.06562500000000003 0.309375 0.10312500000000005 0.309375
26 0.6578125 0.3609375000000001 0.625 0.3609375000000001 0.625 0.40625 0.6578125 0.40625
12 0.6171875 0.3625000000000001 0.584375 0.3625000000000001 0.584375 0.4046875 0.6171875 0.4046875
58 0.19687500000000005 0.41875 0.16093750000000004 0.41875 0.16093750000000004 0.465625 0.19687500000000005 0.465625
11 0.6171875 0.2656250000000001 0.5859375 0.2656250000000001 0.5859375 0.3062500000000001 0.6171875 0.3062500000000001
22 0.7140625 0.30937500000000007 0.6515625 0.30937500000000007 0.6515625 0.4078125 0.7140625 0.4078125
57 0.2453125000000001 0.41875 0.2093750000000001 0.41875 0.2093750000000001 0.4640625 0.2453125000000001 0.4640625
35 0.428125 0.4171875 0.3937500000000001 0.4171875 0.3937500000000001 0.4609375 0.428125 0.4609375
18 0.5140625 0.415625 0.48125 0.415625 0.48125 0.4609375 0.5140625 0.4609375
55 0.3375000000000001 0.41875 0.3031250000000001 0.41875 0.3031250000000001 0.4640625 0.3375000000000001 0.4640625
56 0.2125 0.3140625 0.17812500000000003 0.3140625 0.17812500000000003 0.35625 0.2125 0.35625
4 0.28125 0.2640625 0.2453125 0.2640625 0.2453125 0.30625 0.28125 0.30625