23 0.17343750000000005 0.4546875 0.13906250000000003 0.4546875 0.13906250000000003 0.5078125 0.17343750000000005 0.5078125
3 0.09375000000000004 0.328125 0.057812500000000044 0.328125 0.057812500000000044 0.38125 0.09375000000000004 0.38125
11 0.5171875 0.3296875000000001 0.4828125 0.3296875000000001 0.4828125 0.3828125000000001 0.5171875 0.3828125000000001
19 0.12656250000000005 0.4546875 0.09062500000000007 0.4546875 0.09062500000000007 0.5078125 0.12656250000000005 0.5078125
33 0.3437500000000001 0.5171875 0.3062500000000001 0.5171875 0.3062500000000001 0.571875 0.3437500000000001 0.571875
57 0.10312500000000006 0.51875 0.06875000000000006 0.51875 0.06875000000000006 0.571875 0.10312500000000009 0.571875
43 0.07812500000000007 0.4546875 0.04375000000000005 0.4546875 0.04375000000000006 0.5078125 0.07812500000000007 0.5078125
2 0.04531250000000005 0.328125 0.01093750000000004 0.328125 0.010937500000000043 0.38125 0.04531250000000005 0.38125
58 0.056250000000000064 0.51875 0.02187500000000006 0.51875 0.021875000000000068 0.5703125 0.056250000000000064 0.5703125
50 0.621875 0.584375 0.56875 0.584375 0.56875 0.640625 0.621875 0.640625
20 0.6171875 0.3281250000000001 0.5296875 0.3281250000000001 0.5296875 0.3812500000000001 0.6171875 0.3812500000000001
9 0.37812500000000004 0.3296875 0.3421875 0.3296875 0.34218750000000003 0.38281250000000006 0.3781250000000001 0.3828125000000001
25 0.27031250000000007 0.45625 0.2328125000000001 0.45625 0.2328125000000001 0.509375 0.27031250000000007 0.509375
56 0.06875000000000005 0.3921875 0.034375000000000044 0.3921875 0.03437500000000005 0.4453125 0.06875000000000005 0.4453125
18 0.3906250000000001 0.51875 0.3546875000000001 0.51875 0.3546875000000001 0.571875 0.3906250000000001 0.571875
44 0.023437500000000066 0.51875 6.352855270576895e-17 0.51875 6.678152076600411e-17 0.571875 0.023437500000000073 0.571875
32 0.017187500000000067 0.5171875 6.333720164340217e-17 0.5171875 6.659016970363734e-17 0.5703125 0.01718750000000007 0.5703125
6 0.23593750000000005 0.328125 0.19843750000000004 0.328125 0.19843750000000004 0.38125 0.23593750000000008 0.38125
28 0.31718750000000007 0.4546875 0.2828125000000001 0.4546875 0.2828125000000001 0.5078125 0.31718750000000007 0.5078125
41 0.021875000000000054 0.390625 4.7837765591693485e-17 0.390625 5.1186409183112037e-17 0.4453125 0.021875000000000054 0.4453125
5 0.18750000000000006 0.328125 0.15156250000000004 0.328125 0.15156250000000004 0.38125 0.18750000000000006 0.38125
0 0.4265625 0.3296875000000001 0.3890625 0.3296875000000001 0.38906250000000003 0.3828125000000001 0.4265625 0.3828125000000001
49 0.02500000000000007 0.5796875 7.099124413807313e-17 0.5796875 7.453123879185844e-17 0.6375 0.025000000000000078 0.6375
53 0.3078125000000001 0.3921875 0.27031250000000007 0.3921875 0.27031250000000007 0.4453125 0.3078125000000001 0.4453125
13 0.07968750000000008 0.58125 0.03125000000000007 0.58125 0.03125000000000007 0.6375 0.07968750000000009 0.6375
29 0.3671875000000001 0.4546875 0.3312500000000001 0.4546875 0.3312500000000001 0.5078125 0.3671875000000001 0.5078125
38 0.45 0.3921875000000001 0.4140625 0.3921875000000001 0.4140625 0.44375 0.45 0.44375
59 0.2578125000000001 0.3921875 0.2218750000000001 0.3921875 0.2218750000000001 0.44375 0.2578125000000001 0.44375
14 0.4359375 0.5828125 0.3859375000000001 0.5828125 0.3859375000000001 0.6390625 0.4359375 0.6390625
36 0.4015625 0.3921875000000001 0.3656250000000001 0.3921875000000001 0.3656250000000001 0.44375 0.4015625 0.44375
48 0.4734375 0.3296875000000001 0.4359375 0.3296875000000001 0.4359375 0.3828125000000001 0.4734375 0.3828125000000001
54 0.496875 0.3921875000000001 0.459375 0.3921875000000001 0.459375 0.4453125 0.496875 0.4453125
16 0.15156250000000007 0.51875 0.11562500000000005 0.51875 0.11562500000000006 0.5734375 0.1515625000000001 0.5734375
27 0.3546875000000001 0.3921875 0.3187500000000001 0.3921875 0.3187500000000001 0.44375 0.3546875000000001 0.44375
10 0.03125000000000006 0.453125 5.5491808086364444e-17 0.453125 5.884045167778298e-17 0.5078125 0.03125000000000007 0.5078125
21 0.11562500000000005 0.3921875 0.07968750000000005 0.3921875 0.07968750000000005 0.4453125 0.11562500000000005 0.4453125
40 0.4375 0.51875 0.403125 0.51875 0.403125 0.5703125 0.4375 0.5703125
12 0.5078125 0.4546875 0.4703125 0.4546875 0.4703125 0.5078125 0.5078125 0.5078125
30 1 0.16718750000000007 2.0474563673244812e-17 0.1671875 5.376964852506348e-17 0.7109375000000001 1 0.7109375000000002
1 0.017187500000000043 0.328125 4.0183723097022526e-17 0.328125 4.3341015626074294e-17 0.3796875 0.017187500000000043 0.3796875
47 0.3765625000000001 0.5828125 0.09062500000000007 0.5828125 0.09062500000000008 0.640625 0.3765625000000001 0.640625
34 0.4859375 0.5171875 0.45 0.5171875 0.45 0.571875 0.4859375 0.571875
31 0.4125 0.4546875 0.3781250000000001 0.4546875 0.3781250000000001 0.5078125 0.4125 0.5078125
42 0.16250000000000003 0.3921875 0.12812500000000004 0.3921875 0.12812500000000004 0.44375 0.16250000000000003 0.44375
45 0.02968750000000006 0.45625 5.587451021109799e-17 0.45625 5.912747827133314e-17 0.509375 0.029687500000000068 0.509375
4 0.14062500000000006 0.328125 0.10468750000000004 0.328125 0.10468750000000004 0.38125 0.14062500000000006 0.38125
39 0.5453125 0.3937500000000001 0.5140625 0.3937500000000001 0.5140625 0.446875 0.5453125 0.446875
35 0.2953125000000001 0.51875 0.2578125000000001 0.51875 0.2578125000000001 0.571875 0.2953125000000001 0.571875
22 0.6171875 0.3906250000000001 0.55625 0.3906250000000001 0.55625 0.509375 0.6171875 0.509375
51 0.21093750000000008 0.3921875 0.17500000000000004 0.3921875 0.17500000000000004 0.44375 0.21093750000000008 0.44375
15 0.2468750000000001 0.51875 0.21093750000000008 0.51875 0.21093750000000008 0.5734375 0.2468750000000001 0.5734375
7 0.2828125 0.3296875 0.246875 0.3296875 0.24687500000000004 0.3828125 0.2828125000000001 0.3828125
52 0.02968750000000005 0.390625 4.7837765591693485e-17 0.390625 5.128208471429542e-17 0.446875 0.029687500000000054 0.446875
8 0.33125000000000004 0.3296875 0.29375 0.3296875 0.29375000000000007 0.384375 0.3312500000000001 0.384375
37 0.4609375 0.45625 0.425 0.45625 0.425 0.509375 0.4609375 0.509375
46 0.61875 0.5171875 0.5015625 0.5171875 0.5015625 0.5734375 0.61875 0.5734375
55 0.19843750000000007 0.5171875 0.16250000000000003 0.5171875 0.16250000000000006 0.571875 0.1984375000000001 0.571875
24 0.2218750000000001 0.4546875 0.18593750000000003 0.4546875 0.18593750000000003 0.5078125 0.2218750000000001 0.5078125
17 0.017187500000000043 0.3296875 4.0375074159389303e-17 0.3296875 4.3628042219624463e-17 0.3828125 0.017187500000000043 0.3828125
26 0.55625 0.4546875 0.5203125 0.4546875 0.5203125 0.509375 0.55625 0.509375