18 0.6421875 0.3734375000000001 0.615625 0.3734375000000001 0.615625 0.4328125 0.6421875 0.4328125
24 0.76875 0.3046875000000001 0.74375 0.3046875000000001 0.74375 0.36406250000000007 0.76875 0.36406250000000007
39 0.5234375 0.2234375000000001 0.496875 0.2234375000000001 0.496875 0.2828125000000001 0.5234375 0.2828125000000001
40 0.6046875 0.3734375000000001 0.5765625 0.3734375000000001 0.5765625 0.4328125 0.6046875 0.4328125
14 0.625 0.446875 0.5859375 0.446875 0.5859375 0.509375 0.625 0.509375
8 0.6859375 0.15625000000000008 0.659375 0.15625000000000008 0.659375 0.2156250000000001 0.6859375 0.2156250000000001
13 0.8859375 0.45625000000000016 0.8453125 0.45625000000000016 0.8453125 0.5281250000000002 0.8859375 0.5281250000000002
53 0.703125 0.2296875000000001 0.678125 0.2296875000000001 0.678125 0.2875000000000001 0.703125 0.2875000000000001
47 0.840625 0.4515625000000001 0.63125 0.4515625 0.63125 0.5265625 0.840625 0.5265625000000002
11 0.5421875 0.15156250000000004 0.515625 0.15156250000000004 0.515625 0.2093750000000001 0.5421875 0.2093750000000001
32 0.9359375 0.3843750000000001 0.909375 0.3843750000000001 0.909375 0.4468750000000002 0.9359375 0.4468750000000002
57 0.8640625 0.3812500000000001 0.8375 0.3812500000000001 0.8375 0.44062500000000016 0.8640625 0.44062500000000016
34 0.56875 0.3734375000000001 0.5421875 0.3734375000000001 0.5421875 0.43125 0.56875 0.43125
5 0.79375 0.15781250000000008 0.76875 0.15781250000000008 0.76875 0.22031250000000008 0.79375 0.22031250000000008
38 0.5953125 0.2250000000000001 0.56875 0.2250000000000001 0.56875 0.2828125000000001 0.5953125 0.2828125000000001
4 0.8296875 0.1609375000000001 0.803125 0.1609375000000001 0.803125 0.22031250000000008 0.8296875 0.22031250000000008
9 0.65 0.15781250000000008 0.6234375 0.15781250000000008 0.6234375 0.2156250000000001 0.65 0.2156250000000001
58 0.9 0.3828125000000001 0.871875 0.3828125000000001 0.871875 0.4468750000000002 0.9 0.4468750000000002
20 0.1609375 9.854579711888859e-18 0 0 1.6169164769992398e-17 0.2640625 0.16093750000000004 0.2640625
1 0.9375 0.16562500000000013 0.9109375 0.16562500000000013 0.9109375 0.22812500000000008 0.9375 0.22812500000000008
16 0.8265625 0.37968750000000007 0.7984375 0.37968750000000007 0.7984375 0.4421875000000002 0.8265625 0.4421875000000002
23 0.80625 0.3062500000000001 0.7796875 0.3062500000000001 0.7796875 0.3656250000000001 0.80625 0.3656250000000001
52 0.9765625 0.2406250000000001 0.9328125 0.2406250000000001 0.9328125 0.3046875000000001 0.9765625 0.3046875000000001
37 0.5859375 0.2984375000000001 0.5578125 0.2984375000000001 0.5578125 0.3578125000000001 0.5859375 0.3578125000000001
43 0.8796875 0.3078125000000001 0.8515625 0.3078125000000001 0.8515625 0.37187500000000007 0.8796875 0.37187500000000007
48 0.5765625 0.1515625000000001 0.5515625 0.1515625000000001 0.5515625 0.2093750000000001 0.5765625 0.2093750000000001
54 0.559375 0.2250000000000001 0.5328125 0.2250000000000001 0.5328125 0.2828125000000001 0.559375 0.2828125000000001
3 0.865625 0.1625000000000001 0.8390625 0.1625000000000001 0.8390625 0.22656250000000008 0.865625 0.22656250000000008
28 0.696875 0.3031250000000001 0.66875 0.3031250000000001 0.66875 0.3625000000000001 0.696875 0.3625000000000001
46 0.5328125 0.3687500000000001 0.4421875 0.3687500000000001 0.4421875 0.428125 0.5328125 0.428125
56 0.8859375 0.23437500000000008 0.859375 0.23437500000000008 0.859375 0.2968750000000001 0.8859375 0.2968750000000001
2 0.9015625 0.16406250000000008 0.875 0.16406250000000008 0.875 0.2234375000000001 0.9015625 0.2234375000000001
12 0.55 0.2968750000000001 0.521875 0.2968750000000001 0.521875 0.35625000000000007 0.55 0.35625000000000007
26 0.5125 0.2953125000000001 0.4859375 0.2953125000000001 0.4859375 0.3546875000000001 0.5125 0.3546875000000001
50 0.4859375 0.4421875 0.4375 0.4421875 0.4375 0.5046875 0.4859375 0.5046875
35 0.715625 0.3765625000000001 0.6890625 0.3765625000000001 0.6890625 0.4359375 0.715625 0.4359375
49 0.9890625 0.4593750000000002 0.9375 0.4593750000000002 0.9375 0.5281250000000002 0.9890625 0.5281250000000002
15 0.753125 0.3781250000000001 0.725 0.3781250000000001 0.725 0.4406250000000001 0.753125 0.44062500000000016
44 0.984375 0.38750000000000007 0.9453125 0.38750000000000007 0.9453125 0.4515625000000002 0.984375 0.4515625000000002
42 0.8140625 0.2312500000000001 0.7859375 0.2312500000000001 0.7859375 0.29375000000000007 0.8140625 0.29375000000000007
55 0.790625 0.3781250000000001 0.7640625 0.3781250000000001 0.7640625 0.44062500000000016 0.790625 0.44062500000000016
0 0.6125 0.1531250000000001 0.5875 0.1531250000000001 0.5875 0.21250000000000008 0.6125 0.21250000000000008
19 0.84375 0.3078125000000001 0.815625 0.3078125000000001 0.815625 0.37187500000000007 0.84375 0.37187500000000007
30 1 0.0031250000000000696 0.13125 0.0031250000000000167 0.13125000000000003 0.5937500000000001 1 0.5937500000000002
59 0.740625 0.2312500000000001 0.7140625 0.2312500000000001 0.7140625 0.2890625000000001 0.740625 0.2890625000000001
41 0.9234375 0.23593750000000008 0.8953125 0.23593750000000008 0.8953125 0.3046875000000001 0.9234375 0.3046875000000001
33 0.6796875 0.3734375000000001 0.6515625 0.3734375000000001 0.6515625 0.4359375 0.6796875 0.4359375
31 0.6234375 0.3000000000000001 0.5953125 0.3000000000000001 0.5953125 0.3593750000000001 0.6234375 0.3593750000000001
29 0.659375 0.3000000000000001 0.6328125 0.3000000000000001 0.6328125 0.3593750000000001 0.659375 0.3593750000000001
51 0.778125 0.2312500000000001 0.75 0.2312500000000001 0.75 0.2906250000000001 0.778125 0.2906250000000001
6 0.7578125 0.15781250000000008 0.73125 0.15781250000000008 0.73125 0.2171875000000001 0.7578125 0.2171875000000001
10 0.915625 0.30937500000000007 0.8890625 0.30937500000000007 0.8890625 0.3687500000000001 0.915625 0.3687500000000001
17 0.971875 0.16718750000000013 0.946875 0.16718750000000013 0.946875 0.2234375000000001 0.971875 0.2234375000000001
45 0.9796875 0.3109375000000001 0.9234375 0.3109375000000001 0.9234375 0.3765625000000001 0.9796875 0.3765625000000001
22 0.4890625 0.21875000000000008 0.4421875 0.21875000000000008 0.4421875 0.35625000000000007 0.4890625 0.35625000000000007
7 0.7203125 0.15781250000000008 0.6953125 0.15781250000000008 0.6953125 0.2140625000000001 0.7203125 0.2140625000000001
20 0.50625 0.14687500000000003 0.44375 0.14687500000000003 0.44375 0.2062500000000001 0.50625 0.2062500000000001
21 0.85 0.23437500000000008 0.8234375 0.23437500000000008 0.8234375 0.2984375000000001 0.85 0.2984375000000001
36 0.63125 0.22812500000000008 0.6046875 0.22812500000000008 0.6046875 0.2843750000000001 0.63125 0.2843750000000001
27 0.6671875 0.22812500000000008 0.6421875 0.22812500000000008 0.6421875 0.2843750000000001 0.6671875 0.2843750000000001
25 0.7328125 0.3046875000000001 0.70625 0.3046875000000001 0.70625 0.36406250000000007 0.7328125 0.36406250000000007