46 0.434375 0.3437500000000001 0.3875 0.3437500000000001 0.38750000000000007 0.45 0.434375 0.45
11 0.603125 0.43125 0.5578125 0.43125 0.5578125 0.4640625 0.603125 0.4640625
39 0.5484375 0.409375 0.5015625 0.409375 0.5015625 0.440625 0.5484375 0.440625
20 0.60625 0.3453125000000001 0.559375 0.3453125000000001 0.559375 0.4203125 0.60625 0.4203125
17 0.5921875000000002 0.965625 0.5453125000000002 0.965625 0.5453125000000002 0.996875 0.5921875000000002 0.996875
58 0.4203125000000002 0.8578125 0.37187500000000007 0.8578125 0.37187500000000007 0.8890625 0.4203125000000002 0.8890625
26 0.4921875 0.3984375000000001 0.44375 0.3984375000000001 0.44375 0.43125 0.4921875 0.43125
49 0.3578125000000001 0.9484375 0.30937500000000007 0.9484375 0.30937500000000007 0.9921875 0.3578125000000001 0.9921875
56 0.5390625000000002 0.8484375 0.4890625000000002 0.8484375 0.4890625000000002 0.8796875 0.5390625000000002 0.8796875
14 0.37187500000000007 0.503125 0.32500000000000007 0.503125 0.32500000000000007 0.546875 0.37187500000000007 0.546875
30 0.6984375 0.006250000000000059 0.28125 0.006250000000000033 0.28125000000000006 0.9953125 0.6984375000000002 0.9953125
16 0.4234375000000002 0.76875 0.3765625000000001 0.76875 0.3765625000000001 0.8 0.4234375000000002 0.8
44 0.41718750000000016 0.9484375 0.3703125000000001 0.9484375 0.3703125000000001 0.9921875 0.41718750000000016 0.9921875
51 0.5406250000000001 0.7140625 0.49375 0.7140625 0.4937500000000001 0.7453125 0.5406250000000001 0.7453125
23 0.4828125000000002 0.746875 0.4343750000000002 0.746875 0.4343750000000002 0.778125 0.4828125000000002 0.778125
36 0.5453125 0.5375 0.5 0.5375 0.5 0.56875 0.5453125 0.56875
33 0.428125 0.5890625 0.3812500000000001 0.5890625 0.3812500000000001 0.621875 0.428125 0.621875
4 0.5968750000000002 0.7828125 0.5500000000000002 0.7828125 0.5500000000000002 0.8140625 0.5968750000000002 0.8140625
5 0.5968750000000002 0.7375 0.5500000000000002 0.7375 0.5500000000000002 0.76875 0.5968750000000002 0.76875
35 0.4265625 0.634375 0.37968750000000007 0.634375 0.37968750000000007 0.665625 0.4265625 0.665625
1 0.5953125000000001 0.915625 0.5484375000000001 0.915625 0.5484375000000001 0.95 0.5953125000000001 0.95
57 0.4203125000000002 0.8140625 0.3734375000000001 0.8140625 0.3734375000000001 0.8453125 0.4203125000000002 0.8453125
27 0.54375 0.58125 0.5 0.58125 0.5 0.6125 0.54375 0.6125
59 0.5421875 0.6703125 0.4953125 0.6703125 0.4953125 0.7015625 0.5421875 0.7015625
25 0.4859375 0.659375 0.4375 0.659375 0.4375 0.690625 0.4859375 0.690625
24 0.4843750000000001 0.703125 0.434375 0.703125 0.43437500000000007 0.734375 0.48437500000000017 0.734375
8 0.6015625 0.6046875 0.5546875 0.6046875 0.5546875 0.6359375 0.6015625 0.6359375
52 0.5375000000000002 0.9375 0.4859375000000002 0.9375 0.4859375000000002 0.9921875 0.5375000000000002 0.9921875
50 0.3765625 0.33906250000000004 0.3296875 0.3390625 0.3296875 0.384375 0.3765625000000001 0.3843750000000001
48 0.603125 0.4734375 0.55625 0.4734375 0.55625 0.5046875 0.603125 0.5046875
31 0.4890625 0.5265625 0.440625 0.5265625 0.440625 0.5578125 0.4890625 0.5578125
6 0.5984375 0.69375 0.5515625 0.69375 0.5515625 0.725 0.5984375 0.725
13 0.3609375000000001 0.8375 0.3140625000000001 0.8375 0.3140625000000001 0.88125 0.3609375000000001 0.88125
28 0.4875 0.615625 0.4375 0.615625 0.4375 0.646875 0.4875 0.646875
21 0.5390625000000002 0.803125 0.49218750000000017 0.803125 0.49218750000000017 0.834375 0.5390625000000002 0.834375
38 0.546875 0.4953125 0.5 0.4953125 0.5 0.5265625 0.546875 0.5265625
9 0.6015625 0.5609375 0.5546875 0.5609375 0.5546875 0.5921875 0.6015625 0.5921875
54 0.546875 0.453125 0.5 0.453125 0.5 0.484375 0.546875 0.484375
40 0.43125 0.503125 0.3859375000000001 0.503125 0.3859375000000001 0.534375 0.43125 0.534375
19 0.4812500000000002 0.7921875 0.43281250000000016 0.7921875 0.43281250000000016 0.8234375 0.4812500000000002 0.8234375
3 0.5968750000000002 0.828125 0.5500000000000002 0.828125 0.5500000000000002 0.8609375 0.5968750000000002 0.8609375
32 0.4187500000000002 0.903125 0.3703125000000001 0.903125 0.3703125000000001 0.9359375 0.4187500000000002 0.9359375
15 0.425 0.678125 0.3781250000000001 0.678125 0.3781250000000001 0.7109375 0.425 0.7109375
53 0.54375 0.625 0.496875 0.625 0.496875 0.65625 0.54375 0.65625
37 0.490625 0.484375 0.44375 0.484375 0.44375 0.515625 0.490625 0.515625
47 0.3703125000000001 0.5578125 0.3156250000000001 0.5578125 0.3156250000000001 0.8265625 0.3703125000000001 0.8265625
2 0.5937500000000002 0.8703125 0.5468750000000002 0.8703125 0.5468750000000002 0.9046875 0.5937500000000002 0.9046875
43 0.47968750000000016 0.8359375 0.4312500000000002 0.8359375 0.4312500000000002 0.8671875 0.47968750000000016 0.8671875
55 0.4234375000000001 0.7234375 0.3765625000000001 0.7234375 0.3765625000000001 0.7546875 0.4234375000000002 0.7546875
0 0.603125 0.5171875 0.55625 0.5171875 0.55625 0.55 0.603125 0.55
45 0.47968750000000016 0.925 0.4265625000000002 0.925 0.4265625000000002 0.9921875 0.47968750000000016 0.9921875
7 0.6 0.6484375 0.553125 0.6484375 0.553125 0.6796875 0.6 0.6796875
29 0.4890625 0.571875 0.4390625 0.571875 0.4390625 0.603125 0.4890625 0.603125
41 0.5390625000000002 0.8921875 0.4890625000000002 0.8921875 0.4890625000000002 0.925 0.5390625000000002 0.925
42 0.5390625000000002 0.7578125 0.49218750000000017 0.7578125 0.49218750000000017 0.7890625 0.5390625000000002 0.7890625
18 0.4296875 0.5484375 0.3828125000000001 0.5484375 0.3828125000000001 0.5796875 0.4296875 0.5796875
22 0.55 0.3437500000000001 0.44375 0.3437500000000001 0.44375 0.4 0.55 0.4
10 0.47968750000000016 0.8828125 0.4312500000000002 0.8828125 0.4312500000000002 0.9140625 0.47968750000000016 0.9140625
12 0.4921875 0.4421875 0.44375 0.4421875 0.44375 0.4734375 0.4921875 0.4734375
34 0.43125 0.4609375 0.3859375000000001 0.4609375 0.3859375000000001 0.4921875 0.43125 0.4921875