7 0.2984375000000001 0.44375 0.13281250000000006 0.44375 0.13281250000000006 0.515625 0.2984375000000001 0.515625
9 0.2953125000000001 0.6015625 0.1296875000000001 0.6015625 0.1296875000000001 0.675 0.2953125000000001 0.675
48 0.29375000000000007 0.7609375 0.1281250000000001 0.7609375 0.1281250000000001 0.834375 0.29375000000000007 0.834375
52 0.4828125 4.889019643471074e-17 0.315625 3.865291459808834e-17 0.315625 0.02031250000000005 0.4828125 0.02031250000000006
33 0.8421875 0.5421875 0.6734375 0.5421875 0.6734375 0.6171875000000001 0.8421875 0.6171875000000002
21 0.484375 0.16406250000000006 0.3171875 0.16406250000000006 0.3171875 0.23906250000000004 0.484375 0.2390625000000001
41 0.4859375 0.0015625000000000493 0.3171875 0.001562500000000039 0.3171875 0.07968750000000005 0.4859375 0.07968750000000006
20 0.2906250000000001 0.9203125 0.12343750000000013 0.9203125 0.12343750000000013 1 0.2906250000000001 1
11 0.2906250000000001 0.840625 0.12500000000000008 0.840625 0.1250000000000001 0.9125 0.2906250000000001 0.9125
56 0.484375 0.08281250000000005 0.3125 0.08281250000000004 0.3125 0.15781250000000005 0.484375 0.15781250000000005
25 0.6578125 0.4234375 0.4953125 0.4234375 0.4953125 0.4953125 0.6578125 0.4953125
46 0.8359375 0.859375 0.6687500000000002 0.859375 0.6687500000000002 1 0.8359375 1
18 0.8375 0.6234375000000001 0.671875 0.6234375 0.671875 0.6953125000000001 0.8375 0.6953125000000002
28 0.6609375 0.5046875 0.49375 0.5046875 0.49375 0.575 0.6609375 0.575
22 0.6515625000000002 0.9 0.4890625000000002 0.9 0.4890625000000002 1 0.6515625000000002 1
12 0.6531250000000002 0.8203125 0.4906250000000002 0.8203125 0.4906250000000002 0.8921875 0.6531250000000002 0.8921875
59 0.4796875 0.4046875 0.3125000000000001 0.4046875 0.3125000000000001 0.4765625 0.4796875 0.4765625
26 0.47187500000000016 0.9609375 0.3062500000000001 0.9609375 0.3062500000000001 1 0.47187500000000016 1
3 0.3015625 0.12343750000000002 0.134375 0.1234375 0.13437500000000002 0.19843750000000002 0.3015625 0.19843750000000004
30 1 6.123233995736766e-17 0 0 6.123233995736766e-17 1 1 1
24 0.6609375 0.3437500000000001 0.4953125 0.3437500000000001 0.4953125 0.415625 0.6609375 0.415625
27 0.4765625 0.5625 0.3109375000000001 0.5625 0.3109375000000001 0.634375 0.4765625 0.634375
29 0.6578125 0.5828125 0.490625 0.5828125 0.490625 0.6546875 0.6578125 0.6546875
1 0.303125 2.6980499793715128e-17 0.1375 1.6838893488276106e-17 0.1375 0.037500000000000026 0.303125 0.03750000000000003
13 1 0.04687500000000012 0.865625 0.04687500000000011 0.865625 0.12187500000000011 1 0.12187500000000014
42 0.48125 0.24531250000000004 0.3140625 0.2453125 0.3140625 0.31718750000000007 0.48125 0.31718750000000007
15 0.8421875 0.3828125000000001 0.675 0.3828125000000001 0.675 0.45781250000000007 0.8421875 0.4578125000000002
2 0.3015625 0.04531250000000002 0.134375 0.04531250000000001 0.134375 0.12031250000000002 0.3015625 0.12031250000000004
16 0.8453125 0.2234375000000001 0.6796875 0.2234375000000001 0.6796875 0.2984375000000001 0.8453125 0.2984375000000001
35 0.840625 0.4640625000000001 0.675 0.4640625 0.675 0.5359375000000001 0.840625 0.5359375000000002
5 0.2984375 0.2828125 0.13281250000000006 0.2828125 0.13281250000000006 0.3546875 0.2984375 0.3546875
55 0.8421875 0.3046875000000001 0.6765625 0.3046875000000001 0.6765625 0.3765625000000001 0.8421875 0.3765625000000001
54 0.4750000000000002 0.8 0.3078125000000001 0.8 0.3078125000000001 0.8734375 0.4750000000000002 0.8734375
19 0.6640625 0.18437500000000007 0.4984375 0.18437500000000004 0.4984375 0.2562500000000001 0.6640625 0.2562500000000001
47 1 0.22656250000000008 0.85625 0.22656250000000008 0.85625 0.6078125000000002 1 0.6078125000000002
39 0.47187500000000016 0.88125 0.3062500000000001 0.88125 0.3062500000000001 0.953125 0.47187500000000016 0.953125
38 0.4718750000000001 0.721875 0.30937500000000007 0.721875 0.30937500000000007 0.79375 0.47187500000000016 0.79375
10 0.665625 0.023437500000000073 0.5 0.023437500000000062 0.5 0.09843750000000008 0.665625 0.0984375000000001
44 0.8515625 9.376202055971922e-17 0.6796875 8.323771212954667e-17 0.6796875 0.0609375000000001 0.8515625 0.06093750000000011
51 0.4796875 0.32500000000000007 0.3140625 0.325 0.3140625 0.39687500000000003 0.4796875 0.3968750000000001
45 0.6671875 7.137394626280668e-17 0.4984375 6.104098889500089e-17 0.4984375 0.03125000000000007 0.6671875 0.031250000000000076
23 0.6640625 0.2640625000000001 0.4984375 0.2640625000000001 0.4984375 0.3359375000000001 0.6640625 0.3359375000000001
40 0.834375 0.7046875000000001 0.675 0.7046875 0.675 0.7765625 0.834375 0.7765625000000002
36 0.4765625 0.6421875 0.3109375000000001 0.6421875 0.3109375000000001 0.7140625 0.4765625 0.7140625
0 0.2953125000000001 0.68125 0.1281250000000001 0.68125 0.1281250000000001 0.7546875 0.2953125000000001 0.7546875
43 0.665625 0.10312500000000006 0.5 0.10312500000000005 0.5 0.17812500000000006 0.665625 0.1781250000000001
37 0.6562500000000002 0.7421875 0.4906250000000002 0.7421875 0.4906250000000002 0.8140625 0.6562500000000002 0.8140625
4 0.3 0.2046875 0.13437500000000005 0.2046875 0.13437500000000005 0.2765625 0.3 0.2765625
53 0.4796875 0.4828125 0.3125000000000001 0.4828125 0.3125000000000001 0.5546875 0.4796875 0.5546875
8 0.2953125000000001 0.521875 0.12968750000000004 0.521875 0.12968750000000007 0.59375 0.2953125000000001 0.59375
57 0.8453125 0.1453125000000001 0.6796875 0.1453125000000001 0.6796875 0.2171875000000001 0.8453125 0.2171875000000001
58 0.846875 0.0671875000000001 0.68125 0.0671875000000001 0.68125 0.14218750000000008 0.846875 0.14218750000000008
31 0.659375 0.6640625 0.49375 0.6640625 0.4937500000000001 0.7359375 0.6593750000000002 0.7359375
34 0.834375 0.7812500000000001 0.6750000000000002 0.78125 0.6750000000000002 0.853125 0.834375 0.853125
6 0.2984375 0.3625 0.13281250000000006 0.3625 0.13281250000000006 0.434375 0.2984375000000001 0.434375
49 1 1.144279352953308e-16 0.86875 1.0639119067592632e-16 0.86875 0.043750000000000115 1 0.04375000000000012
14 1 0.7171875000000002 0.8515625 0.7171875000000002 0.8515625 0.7890625000000002 1 0.7890625000000002