25 0.4015625 0.29375000000000007 0.3703125 0.29375000000000007 0.3703125 0.3343750000000001 0.4015625 0.3343750000000001
39 0.634375 0.24218750000000008 0.6046875 0.24218750000000008 0.6046875 0.2828125000000001 0.634375 0.2828125000000001
52 0.13125000000000003 0.240625 0.07187500000000002 0.240625 0.07187500000000004 0.2890625 0.13125000000000003 0.2890625
7 0.4125 0.19531250000000006 0.3796875 0.19531250000000006 0.3796875 0.2375000000000001 0.4125 0.2375000000000001
38 0.5546875 0.24375000000000008 0.5234375 0.24375000000000008 0.5234375 0.2828125000000001 0.5546875 0.2828125000000001
9 0.4921875 0.19531250000000006 0.459375 0.19531250000000006 0.459375 0.2390625000000001 0.4921875 0.2390625000000001
29 0.4859375 0.2921875000000001 0.4546875 0.2921875000000001 0.4546875 0.33281250000000007 0.4859375 0.33281250000000007
19 0.271875 0.2921875 0.2375 0.2921875 0.2375 0.334375 0.271875 0.334375
40 0.553125 0.34062500000000007 0.5203125 0.34062500000000007 0.5203125 0.3843750000000001 0.553125 0.3843750000000001
49 0.12187500000000004 0.4 0.05625000000000004 0.4 0.05625000000000006 0.45625 0.12187500000000004 0.45625
2 0.2015625 0.19375000000000003 0.16562500000000005 0.19375 0.16562500000000005 0.2390625 0.2015625 0.2390625
47 0.49375 0.39531250000000007 0.2468750000000001 0.3953125 0.2468750000000001 0.44375 0.49375 0.44375
15 0.38281250000000006 0.34218750000000003 0.3484375 0.3421875 0.34843750000000007 0.38593750000000004 0.3828125000000001 0.3859375000000001
13 0.2390625000000001 0.396875 0.19062500000000004 0.396875 0.19062500000000004 0.4484375 0.2390625000000001 0.4484375
5 0.328125 0.19531250000000006 0.2953125 0.19531250000000006 0.2953125 0.2375 0.328125 0.2375
30 0.978125 0.11562500000000006 0.02812500000000001 0.115625 0.02812500000000004 0.5015625000000001 0.978125 0.5015625000000001
54 0.5953125 0.24218750000000008 0.5640625 0.24218750000000008 0.5640625 0.2812500000000001 0.5953125 0.2812500000000001
53 0.43125 0.24375000000000008 0.4015625 0.24375000000000008 0.4015625 0.2828125000000001 0.43125 0.2828125000000001
50 0.6546875 0.3890625000000001 0.6078125 0.3890625000000001 0.6078125 0.4359375 0.6546875 0.4359375
14 0.5453125 0.3921875000000001 0.5 0.3921875000000001 0.5 0.4375 0.5453125 0.4375
1 0.15781250000000005 0.1953125 0.12031250000000004 0.1953125 0.12031250000000004 0.2390625 0.15781250000000005 0.2390625
46 0.7078125 0.3390625000000001 0.603125 0.3390625000000001 0.603125 0.3828125000000001 0.7078125 0.3828125000000001
6 0.3703125 0.19531250000000006 0.3359375 0.19531250000000006 0.3359375 0.23750000000000004 0.3703125 0.2375000000000001
16 0.29531250000000003 0.34375 0.2609375 0.34375 0.26093750000000004 0.3875 0.2953125000000001 0.3875
41 0.17656250000000004 0.2421875 0.13906250000000003 0.2421875 0.13906250000000003 0.2890625 0.17656250000000004 0.2890625
36 0.5140625 0.24375000000000008 0.4828125 0.24375000000000008 0.4828125 0.2828125000000001 0.5140625 0.2828125000000001
24 0.359375 0.2921875 0.3265625 0.2921875 0.3265625 0.334375 0.359375 0.334375
32 0.15937500000000004 0.34375 0.12187500000000004 0.34375 0.12187500000000004 0.39375 0.15937500000000004 0.39375
37 0.5671875 0.2906250000000001 0.5375 0.2906250000000001 0.5375 0.33281250000000007 0.5671875 0.33281250000000007
10 0.18281250000000004 0.29375 0.14843750000000006 0.29375 0.14843750000000006 0.3375 0.18281250000000004 0.3375
0 0.53125 0.19687500000000005 0.5 0.19687500000000005 0.5 0.2375000000000001 0.53125 0.2375000000000001
59 0.3890625 0.24375000000000005 0.359375 0.24375 0.359375 0.2828125 0.3890625 0.2828125000000001
48 0.5703125 0.19687500000000008 0.540625 0.19687500000000005 0.540625 0.2375000000000001 0.5703125 0.2375000000000001
3 0.24375 0.19375000000000003 0.209375 0.19375000000000003 0.209375 0.2390625 0.24375 0.2390625
31 0.5265625 0.2921875000000001 0.496875 0.2921875000000001 0.496875 0.3312500000000001 0.5265625 0.3312500000000001
28 0.44375 0.2921875000000001 0.4140625 0.2921875000000001 0.4140625 0.3343750000000001 0.44375 0.3343750000000001
42 0.30625 0.24375 0.2734375 0.24375 0.2734375 0.2828125 0.30625 0.2828125
23 0.315625 0.2921875 0.2828125 0.2921875 0.2828125 0.334375 0.315625 0.334375
45 0.13750000000000004 0.2921875 0.06718750000000004 0.2921875 0.06718750000000004 0.34375 0.13750000000000004 0.34375
34 0.59375 0.3390625000000001 0.5609375 0.3390625000000001 0.5609375 0.3812500000000001 0.59375 0.3812500000000001
33 0.46875 0.34062500000000007 0.4359375 0.34062500000000007 0.4359375 0.3843750000000001 0.46875 0.3843750000000001
27 0.4734375 0.24375000000000008 0.44375 0.24375000000000008 0.44375 0.2812500000000001 0.4734375 0.2812500000000001
20 0.6890625 0.19531250000000008 0.61875 0.19531250000000008 0.61875 0.23593750000000008 0.6890625 0.23593750000000008
43 0.2265625 0.2921875 0.19375000000000003 0.2921875 0.19375000000000003 0.3359375 0.2265625 0.3359375
44 0.11250000000000004 0.346875 0.06250000000000004 0.346875 0.06250000000000004 0.396875 0.11250000000000004 0.396875
51 0.3484375 0.2421875 0.3171875 0.2421875 0.3171875 0.28125 0.3484375 0.28125
8 0.4515625 0.19531250000000006 0.4203125 0.19531250000000006 0.4203125 0.2390625000000001 0.4515625 0.2390625000000001
21 0.2625 0.2421875 0.228125 0.2421875 0.228125 0.2859375 0.2625 0.2859375
17 0.11250000000000004 0.19375 0.07656250000000002 0.19375 0.07656250000000002 0.2390625 0.11250000000000004 0.2390625
26 0.6484375 0.2890625000000001 0.6171875 0.2890625000000001 0.6171875 0.33281250000000007 0.6484375 0.33281250000000007
12 0.609375 0.2906250000000001 0.578125 0.2906250000000001 0.578125 0.3312500000000001 0.609375 0.3312500000000001
58 0.20468750000000005 0.3453125 0.16875000000000004 0.3453125 0.16875000000000004 0.390625 0.20468750000000008 0.390625
11 0.6109375 0.19687500000000008 0.58125 0.19687500000000008 0.58125 0.23593750000000008 0.6109375 0.23593750000000008
22 0.703125 0.2390625000000001 0.6421875 0.2390625000000001 0.6421875 0.3343750000000001 0.703125 0.3343750000000001
57 0.25000000000000006 0.34375 0.215625 0.34375 0.21562500000000004 0.3875 0.2500000000000001 0.3875
35 0.4265625 0.3421875000000001 0.39375 0.3421875000000001 0.39375000000000004 0.3859375000000001 0.4265625 0.3859375000000001
18 0.5109375 0.34062500000000007 0.478125 0.34062500000000007 0.478125 0.3843750000000001 0.5109375 0.3843750000000001
55 0.34062500000000007 0.34375 0.30625 0.34375 0.30625 0.3875 0.34062500000000007 0.3875
56 0.2203125 0.24375 0.18593750000000003 0.24375 0.18593750000000003 0.284375 0.2203125 0.284375
4 0.2859375 0.19375000000000003 0.2515625 0.19375000000000003 0.2515625 0.2359375 0.2859375 0.2359375