18 0.640625 0.3078125000000001 0.5671875 0.3078125000000001 0.5671875 0.34062500000000007 0.640625 0.34062500000000007
24 0.7265625 0.15000000000000008 0.6515625 0.15000000000000008 0.6515625 0.18125000000000008 0.7265625 0.18125000000000008
39 0.828125 0.4546875000000002 0.753125 0.4546875000000002 0.753125 0.4890625000000002 0.828125 0.4890625000000002
40 0.6421875 0.3546875000000001 0.5671875 0.3546875000000001 0.5671875 0.3890625000000001 0.6421875 0.3890625000000001
14 0.5484375 0.3296875000000001 0.4703125 0.3296875000000001 0.4703125 0.3781250000000001 0.5484375 0.3781250000000001
8 0.909375 0.2531250000000001 0.8359375 0.2531250000000001 0.8359375 0.28593750000000007 0.909375 0.28593750000000007
13 0.5390625 0.004687500000000061 0.4484375 0.004687500000000055 0.4484375 0.054687500000000056 0.5390625 0.05468750000000007
53 0.81875 0.2312500000000001 0.746875 0.2312500000000001 0.746875 0.26250000000000007 0.81875 0.26250000000000007
47 0.54375 0.060937500000000054 0.45 0.06093750000000005 0.45 0.3218750000000001 0.54375 0.3218750000000001
11 0.9171875 0.4312500000000002 0.8453125 0.4312500000000002 0.8453125 0.46406250000000016 0.9171875 0.46406250000000016
32 0.628125 7.213935051227377e-17 0.55 6.735557395310443e-17 0.55 0.010937500000000072 0.628125 0.010937500000000077
57 0.63125 0.03281250000000007 0.55625 0.032812500000000064 0.55625 0.06562500000000007 0.63125 0.06562500000000007
34 0.6421875 0.3984375000000001 0.5703125 0.3984375000000001 0.5703125 0.43125 0.6421875 0.43125
5 0.9078125 0.1187500000000001 0.83125 0.11875000000000009 0.83125 0.1500000000000001 0.9078125 0.15000000000000013
38 0.825 0.3656250000000001 0.753125 0.3656250000000001 0.753125 0.4000000000000002 0.825 0.4000000000000002
4 0.9046875 0.07343750000000011 0.83125 0.07343750000000011 0.83125 0.10781250000000009 0.9046875 0.10781250000000009
9 0.909375 0.2968750000000001 0.8375 0.2968750000000001 0.8375 0.3312500000000001 0.909375 0.3312500000000001
58 0.6296875 7.213935051227377e-17 0.5484375 6.716422289073765e-17 0.5484375 0.020312500000000074 0.6296875 0.020312500000000077
20 1 0.9046875 0.7750000000000001 0.9046875 0.7750000000000001 1 1 1
1 0.9 1.0553011089527582e-16 0.8234375 1.0084200986728987e-16 0.8234375 0.009375000000000105 0.9 0.00937500000000011
16 0.6328125 0.07656250000000006 0.5546875 0.07656250000000006 0.5546875 0.11093750000000009 0.6328125 0.11093750000000009
23 0.725 0.10468750000000009 0.65 0.10468750000000009 0.65 0.1375000000000001 0.725 0.1375000000000001
52 0.8078125 9.395337162208599e-17 0.7265625 8.897824400054988e-17 0.7265625 0.021875000000000096 0.8078125 0.0218750000000001
37 0.734375 0.3765625000000001 0.659375 0.3765625000000001 0.659375 0.41093750000000007 0.734375 0.4109375000000002
43 0.7234375 0.012500000000000084 0.6421875 0.012500000000000077 0.6421875 0.04687500000000008 0.7234375 0.04687500000000009
48 0.9171875 0.38750000000000007 0.8453125 0.38750000000000007 0.8453125 0.4187500000000002 0.9171875 0.4187500000000002
54 0.8265625 0.40937500000000016 0.7546875 0.40937500000000016 0.7546875 0.4437500000000002 0.8265625 0.4437500000000002
3 0.903125 0.028125000000000105 0.821875 0.0281250000000001 0.821875 0.06250000000000011 0.903125 0.06250000000000011
28 0.728125 0.2406250000000001 0.6546875 0.2406250000000001 0.6546875 0.2750000000000001 0.728125 0.2750000000000001
46 0.646875 0.44375 0.571875 0.44375 0.571875 0.5578125 0.646875 0.5578125
56 0.8140625 0.003125000000000095 0.7375 0.0031250000000000904 0.7375 0.037500000000000096 0.8140625 0.0375000000000001
2 0.9015625 0.001562500000000106 0.8265625 0.0015625000000001014 0.8265625 0.017187500000000105 0.9015625 0.017187500000000112
12 0.7375 0.4218750000000001 0.6625 0.421875 0.6625 0.4562500000000001 0.7375 0.45625000000000016
26 0.7375 0.4671875000000001 0.6640625 0.4671875 0.6640625 0.5015625000000001 0.7375 0.5015625000000001
50 0.55625 0.5015625 0.478125 0.5015625 0.478125 0.5609375 0.55625 0.5609375
35 0.6375 0.2156250000000001 0.5625 0.2156250000000001 0.5625 0.2484375000000001 0.6375 0.2484375000000001
49 0.5328125 0.00156250000000006 0.4484375 0.0015625000000000547 0.4484375 0.026562500000000062 0.5328125 0.026562500000000065
15 0.6359375 0.1687500000000001 0.5578125 0.1687500000000001 0.5578125 0.20312500000000008 0.6359375 0.20312500000000008
44 0.625 7.156529732517345e-17 0.54375 6.659016970363734e-17 0.54375 0.018750000000000072 0.625 0.01875000000000008
42 0.8171875 0.0937500000000001 0.740625 0.09375000000000008 0.740625 0.1281250000000001 0.8171875 0.1281250000000001
55 0.634375 0.12343750000000009 0.5578125 0.12343750000000009 0.5578125 0.15625000000000008 0.634375 0.15625000000000008
0 0.915625 0.3437500000000001 0.8421875 0.3437500000000001 0.8421875 0.3750000000000001 0.915625 0.3750000000000001
19 0.7234375 0.057812500000000086 0.6421875 0.057812500000000086 0.6421875 0.09218750000000009 0.7234375 0.09218750000000009
30 1 0.0015625000000000836 0.365625 0.0015625000000000452 0.36562500000000003 0.9421875 1 0.9421875
59 0.8171875 0.1843750000000001 0.7453125 0.1843750000000001 0.7453125 0.2171875000000001 0.8171875 0.2171875000000001
41 0.8125 9.433607374681953e-17 0.728125 8.916959506291665e-17 0.728125 0.010937500000000095 0.8125 0.0109375000000001
33 0.6390625 0.2609375000000001 0.5625 0.2609375000000001 0.5625 0.2953125000000001 0.6390625 0.2953125000000001
31 0.7328125 0.3312500000000001 0.659375 0.3312500000000001 0.659375 0.3656250000000001 0.7328125 0.3656250000000001
29 0.7328125 0.28593750000000007 0.6578125 0.28593750000000007 0.6578125 0.3203125000000001 0.7328125 0.3203125000000001
51 0.8171875 0.1390625000000001 0.7421875 0.1390625000000001 0.7421875 0.17343750000000008 0.8171875 0.17343750000000008
6 0.909375 0.16250000000000012 0.834375 0.1625000000000001 0.834375 0.1968750000000001 0.909375 0.19687500000000013
10 0.7203125 8.37160897854636e-17 0.646875 7.921933981984441e-17 0.646875 0.010937500000000084 0.7203125 0.01093750000000009
17 0.8984375 1.0572146195764259e-16 0.828125 1.0141606305439018e-16 0.828125 0.009375000000000107 0.8984375 0.00937500000000011
45 0.7171875 0.001562500000000083 0.6359375 0.0015625000000000777 0.6359375 0.029687500000000082 0.7171875 0.02968750000000009
22 0.834375 0.4984375000000001 0.6625 0.4984375 0.6625 0.5578125 0.834375 0.5578125000000002
7 0.9078125 0.2093750000000001 0.8390625 0.2093750000000001 0.8390625 0.2406250000000001 0.9078125 0.2406250000000001
20 0.9234375 0.47656250000000017 0.8484375 0.47656250000000017 0.8484375 0.5546875000000002 0.9234375 0.5546875000000002
21 0.8140625 0.04843750000000009 0.7328125 0.04843750000000009 0.7328125 0.08125000000000009 0.8140625 0.08125000000000009
36 0.8203125 0.3187500000000001 0.7515625 0.3187500000000001 0.7515625 0.3531250000000001 0.8203125 0.3531250000000001
27 0.8203125 0.2750000000000001 0.7515625 0.2750000000000001 0.7515625 0.3062500000000001 0.8203125 0.3062500000000001
25 0.7265625 0.19531250000000008 0.653125 0.19531250000000008 0.653125 0.22812500000000008 0.7265625 0.22812500000000008