33 0.584375 0.4140625 0.5125 0.4140625 0.5125 0.4625 0.584375 0.4625
36 0.740625 0.3515625000000001 0.6734375 0.3515625000000001 0.6734375 0.3984375000000001 0.740625 0.3984375000000001
7 0.815625 0.4812500000000002 0.7484375 0.4812500000000002 0.7484375 0.5281250000000002 0.815625 0.5281250000000002
54 0.740625 0.2468750000000001 0.671875 0.2468750000000001 0.671875 0.29375000000000007 0.740625 0.29375000000000007
32 0.5828125000000002 0.790625 0.5109375000000002 0.790625 0.5109375000000002 0.8390625 0.5828125000000002 0.8390625
59 0.7390625 0.5093750000000001 0.671875 0.509375 0.671875 0.5531250000000001 0.7390625 0.5531250000000002
40 0.584375 0.30937500000000007 0.515625 0.30937500000000007 0.515625 0.35625000000000007 0.584375 0.35625000000000007
43 0.6609375000000001 0.709375 0.5921875 0.709375 0.5921875000000001 0.75625 0.6609375000000002 0.75625
10 0.6609375000000002 0.7640625 0.5937500000000002 0.7640625 0.5937500000000002 0.8078125 0.6609375000000002 0.8078125
34 0.5859375 0.2562500000000001 0.5171875 0.2562500000000001 0.5171875 0.3031250000000001 0.5859375 0.3031250000000001
4 0.815625 0.6421875000000001 0.75 0.6421875000000001 0.75 0.6859375000000002 0.815625 0.6859375000000002
21 0.7375 0.6687500000000001 0.6703125 0.66875 0.6703125 0.7125000000000001 0.7375 0.7125000000000001
38 0.740625 0.30156250000000007 0.6734375 0.30156250000000007 0.6734375 0.3453125000000001 0.740625 0.3453125000000001
11 0.81875 0.2250000000000001 0.753125 0.2250000000000001 0.753125 0.2687500000000001 0.81875 0.2687500000000001
42 0.7375 0.6140625000000001 0.6703125 0.6140625 0.6703125 0.6609375000000001 0.7375 0.6609375000000002
24 0.6625 0.55 0.5953125 0.55 0.5953125 0.59375 0.6625 0.59375
14 0.5046875 0.3593750000000001 0.4359375 0.3593750000000001 0.4359375 0.40625 0.5046875 0.40625
55 0.5828125 0.575 0.515625 0.575 0.515625 0.621875 0.5828125 0.621875
5 0.815625 0.5890625000000002 0.75 0.5890625000000002 0.75 0.6328125000000002 0.815625 0.6328125000000002
9 0.8171875 0.37968750000000007 0.75 0.37968750000000007 0.75 0.4265625000000002 0.8171875 0.4265625000000002
1 0.815625 0.8 0.7500000000000002 0.8 0.7500000000000002 0.8453125 0.815625 0.8453125
27 0.740625 0.4062500000000001 0.6734375 0.40625 0.6734375 0.45000000000000007 0.740625 0.4500000000000002
35 0.584375 0.46875 0.515625 0.46875 0.515625 0.515625 0.584375 0.515625
18 0.584375 0.3625000000000001 0.515625 0.3625000000000001 0.515625 0.409375 0.584375 0.409375
44 0.5828125000000002 0.846875 0.5109375000000002 0.846875 0.5109375000000002 0.90625 0.5828125000000002 0.90625
0 0.81875 0.3281250000000001 0.7515625 0.3281250000000001 0.7515625 0.37187500000000007 0.81875 0.37187500000000007
13 0.5015625000000001 0.684375 0.4328125 0.684375 0.4328125000000001 0.73125 0.5015625000000001 0.73125
12 0.6640625 0.2312500000000001 0.596875 0.2312500000000001 0.596875 0.27812500000000007 0.6640625 0.27812500000000007
6 0.815625 0.5359375000000002 0.75 0.5359375000000002 0.75 0.5796875000000001 0.815625 0.5796875000000001
3 0.815625 0.6937500000000002 0.75 0.6937500000000002 0.7500000000000001 0.7406250000000002 0.815625 0.7406250000000002
2 0.815625 0.7453125000000002 0.7500000000000002 0.7453125000000002 0.7500000000000002 0.7921875000000002 0.815625 0.7921875000000002
50 0.5078125 0.2531250000000001 0.4359375 0.2531250000000001 0.4359375 0.30156250000000007 0.5078125 0.30156250000000007
41 0.7406250000000002 0.7734375000000001 0.6687500000000002 0.7734375 0.6687500000000002 0.8203125 0.7406250000000002 0.8203125
8 0.815625 0.43281250000000016 0.75 0.43281250000000016 0.75 0.47656250000000017 0.815625 0.47656250000000017
16 0.5828125 0.628125 0.5140625 0.628125 0.5140625 0.675 0.5828125 0.675
20 0.8203125 0.12031250000000009 0.7546875 0.12031250000000009 0.7546875 0.2156250000000001 0.8203125 0.2156250000000001
30 0.95625 0.09062500000000008 0.4 0.09062500000000004 0.4000000000000001 0.93125 0.95625 0.93125
56 0.7390625000000001 0.721875 0.671875 0.721875 0.6718750000000001 0.7656250000000001 0.7390625000000002 0.7656250000000002
31 0.6640625 0.3390625000000001 0.596875 0.3390625000000001 0.596875 0.3828125000000001 0.6640625 0.3828125000000001
45 0.6625000000000002 0.815625 0.5906250000000002 0.815625 0.5906250000000002 0.9046875 0.6625000000000002 0.9046875
53 0.7390625 0.45781250000000007 0.671875 0.4578125 0.671875 0.5015625000000001 0.7390625 0.5015625000000001
51 0.7375 0.5625000000000001 0.671875 0.5625 0.671875 0.6062500000000001 0.7375 0.6062500000000002
58 0.5812500000000002 0.7359375 0.5125000000000002 0.7359375 0.5125000000000002 0.7828125 0.5812500000000002 0.7828125
29 0.6640625 0.3906250000000001 0.596875 0.3906250000000001 0.596875 0.434375 0.6640625 0.434375
49 0.5015625000000001 0.8484375 0.42968750000000017 0.8484375 0.42968750000000017 0.9109375 0.5015625000000001 0.9109375
37 0.6640625 0.28593750000000007 0.5953125 0.28593750000000007 0.5953125 0.3296875000000001 0.6640625 0.3296875000000001
26 0.665625 0.1781250000000001 0.596875 0.1781250000000001 0.596875 0.2250000000000001 0.665625 0.2250000000000001
25 0.6625 0.496875 0.5953125 0.496875 0.5953125 0.540625 0.6625 0.540625
19 0.6625 0.6546875 0.59375 0.6546875 0.59375 0.7015625 0.6625 0.7015625
47 0.5046875 0.4140625 0.4328125 0.4140625 0.4328125 0.6765625 0.5046875 0.6765625
39 0.7421875 0.19687500000000008 0.6734375 0.19687500000000008 0.6734375 0.2406250000000001 0.7421875 0.2406250000000001
22 0.7421875 0.1140625000000001 0.5984375 0.1140625000000001 0.5984375 0.18906250000000008 0.7421875 0.18906250000000008
28 0.6625 0.44375 0.5953125 0.44375 0.5953125 0.4875 0.6625 0.4875
46 0.590625 0.11093750000000006 0.51875 0.11093750000000005 0.51875 0.2500000000000001 0.590625 0.2500000000000001
15 0.584375 0.521875 0.5125 0.521875 0.5125 0.56875 0.584375 0.56875
23 0.6625 0.6015625 0.59375 0.6015625 0.59375 0.6484375 0.6625 0.6484375
52 0.7421875000000002 0.8296875 0.6703125000000002 0.8296875 0.6703125000000002 0.9015625 0.7421875000000002 0.9015625
48 0.8171875 0.2765625000000001 0.7515625 0.2765625000000001 0.7515625 0.3203125000000001 0.8171875 0.3203125000000001
17 0.8171875 0.85625 0.7500000000000002 0.85625 0.7500000000000002 0.9 0.8171875 0.9
57 0.5828125000000001 0.6828125 0.5140625 0.6828125 0.5140625000000001 0.7296875 0.5828125000000002 0.7296875