59 0.3890625000000001 0.8609375 0.3515625000000001 0.8609375 0.3515625000000001 0.90625 0.3890625000000001 0.90625
24 0.3515625000000001 0.9109375 0.3125000000000001 0.9109375 0.3125000000000001 0.959375 0.3515625000000001 0.959375
36 0.5140625000000002 0.8640625 0.4781250000000002 0.8640625 0.4781250000000002 0.909375 0.5140625000000002 0.909375
53 0.42968750000000017 0.8625 0.3937500000000001 0.8625 0.3937500000000001 0.9078125 0.42968750000000017 0.9078125
55 0.32500000000000007 0.9625 0.2812500000000001 0.9625 0.2812500000000001 1 0.32500000000000007 1
45 0.1359375000000001 0.9046875 0.07343750000000011 0.9046875 0.07343750000000011 0.953125 0.13593750000000013 0.953125
41 0.17968750000000008 0.853125 0.1390625000000001 0.853125 0.1390625000000001 0.9015625 0.17968750000000008 0.9015625
3 0.2515625000000001 0.809375 0.21250000000000008 0.809375 0.21250000000000008 0.853125 0.2515625000000001 0.853125
31 0.5250000000000001 0.9140625 0.48750000000000016 0.9140625 0.48750000000000016 0.9625 0.5250000000000001 0.9625
25 0.39531250000000007 0.9125 0.3578125000000001 0.9125 0.3578125000000001 0.959375 0.39531250000000007 0.959375
21 0.2640625000000001 0.8578125 0.2234375000000001 0.8578125 0.2234375000000001 0.9046875 0.2640625000000001 0.9046875
28 0.4390625000000002 0.9125 0.4000000000000002 0.9125 0.4000000000000002 0.959375 0.4390625000000002 0.959375
15 0.3687500000000001 0.9625 0.3265625000000001 0.9625 0.3265625000000001 1 0.3687500000000001 1
58 0.19218750000000012 0.9609375 0.14687500000000014 0.9609375 0.14687500000000014 1 0.19218750000000012 1
54 0.6000000000000002 0.8671875 0.5625000000000002 0.8671875 0.5625000000000002 0.9109375 0.6000000000000002 0.9109375
46 0.7203125000000001 0.9703125 0.6015625000000002 0.9703125 0.6015625000000002 1 0.7203125000000001 1
7 0.4125000000000002 0.8140625 0.3765625000000001 0.8140625 0.3765625000000001 0.85625 0.4125000000000002 0.85625
10 0.1796875000000001 0.90625 0.1390625000000001 0.90625 0.13906250000000012 0.9546875 0.17968750000000014 0.9546875
4 0.2906250000000001 0.8109375 0.2531250000000001 0.8109375 0.2531250000000001 0.8546875 0.2906250000000001 0.8546875
35 0.4125000000000002 0.965625 0.37187500000000007 0.965625 0.37187500000000007 1 0.4125000000000002 1
9 0.4937500000000002 0.8171875 0.4578125000000002 0.8171875 0.4578125000000002 0.859375 0.4937500000000002 0.859375
5 0.3312500000000001 0.8125 0.29375000000000007 0.8125 0.29375000000000007 0.8546875 0.3312500000000001 0.8546875
29 0.4828125000000002 0.9125 0.44531250000000017 0.9125 0.44531250000000017 0.9609375 0.4828125000000002 0.9609375
56 0.2218750000000001 0.85625 0.18125000000000008 0.85625 0.18125000000000008 0.903125 0.2218750000000001 0.903125
38 0.5562500000000001 0.8640625 0.5187500000000002 0.8640625 0.5187500000000002 0.9109375 0.5562500000000001 0.9109375
0 0.5343750000000002 0.8171875 0.4984375000000002 0.8171875 0.4984375000000002 0.859375 0.5343750000000002 0.859375
57 0.23593750000000008 0.959375 0.19218750000000012 0.959375 0.19218750000000012 1 0.23593750000000008 1
26 0.6578125000000001 0.9171875 0.6187500000000001 0.9171875 0.6187500000000001 0.965625 0.6578125000000001 0.965625
27 0.47187500000000016 0.8640625 0.4359375000000002 0.8640625 0.4359375000000002 0.9078125 0.47187500000000016 0.9078125
17 0.1312500000000001 0.8078125 0.10156250000000008 0.8078125 0.10156250000000008 0.8484375 0.1312500000000001 0.8484375
23 0.3078125000000001 0.909375 0.27031250000000007 0.909375 0.27031250000000007 0.9578125 0.3078125000000001 0.9578125
16 0.2796875000000001 0.9609375 0.2375000000000001 0.9609375 0.2375000000000001 1 0.2796875000000001 1
12 0.6125000000000002 0.9171875 0.5750000000000002 0.9171875 0.5750000000000002 0.9640625 0.6125000000000002 0.9640625
42 0.3046875000000001 0.859375 0.2656250000000001 0.859375 0.2656250000000001 0.903125 0.3046875000000001 0.903125
51 0.3453125000000001 0.859375 0.3078125000000001 0.859375 0.3078125000000001 0.9046875 0.3453125000000001 0.9046875
8 0.45312500000000017 0.815625 0.41718750000000016 0.815625 0.41718750000000016 0.8578125 0.45312500000000017 0.8578125
20 0.6968750000000001 0.8171875 0.6203125000000002 0.8171875 0.6203125000000002 0.8609375 0.6968750000000001 0.8609375
1 0.1703125000000001 0.809375 0.1296875000000001 0.809375 0.1296875000000001 0.8515625 0.1703125000000001 0.8515625
22 0.7140625000000002 0.8640625 0.6453125000000002 0.8640625 0.6453125000000002 0.965625 0.7140625000000002 0.965625
43 0.2234375000000001 0.9078125 0.18281250000000013 0.9078125 0.18281250000000013 0.95625 0.2234375000000001 0.95625
44 0.10156250000000014 0.9578125 0.05625000000000011 0.9578125 0.05625000000000012 1 0.10156250000000014 1
33 0.4593750000000002 0.965625 0.4187500000000002 0.965625 0.4187500000000002 1 0.4593750000000002 1
40 0.5484375000000001 0.9671875 0.5093750000000001 0.9671875 0.5093750000000001 1 0.5484375000000001 1
18 0.5031250000000002 0.9671875 0.46406250000000016 0.9671875 0.46406250000000016 1 0.5031250000000002 1
2 0.21093750000000008 0.809375 0.17187500000000008 0.809375 0.17187500000000008 0.8515625 0.21093750000000008 0.8515625
39 0.6421875000000001 0.865625 0.6046875000000002 0.865625 0.6046875000000002 0.9109375 0.6421875000000001 0.9109375
52 0.1390625000000001 0.853125 0.0875000000000001 0.853125 0.0875000000000001 0.9 0.1390625000000001 0.9
32 0.14687500000000014 0.9578125 0.10000000000000013 0.9578125 0.10000000000000013 1 0.14687500000000014 1
37 0.5687500000000002 0.915625 0.5312500000000002 0.915625 0.5312500000000002 0.9640625 0.5687500000000002 0.9640625
34 0.5937500000000002 0.9703125 0.5546875000000002 0.9703125 0.5546875000000002 1 0.5937500000000002 1
19 0.2656250000000001 0.9078125 0.2250000000000001 0.9078125 0.2250000000000001 0.95625 0.2656250000000001 0.95625
48 0.5750000000000002 0.8171875 0.5390625000000002 0.8171875 0.5390625000000002 0.859375 0.5750000000000002 0.859375
11 0.6156250000000002 0.81875 0.5796875000000001 0.81875 0.5796875000000001 0.8609375 0.6156250000000002 0.8609375
6 0.37187500000000007 0.8125 0.3343750000000001 0.8125 0.3343750000000001 0.8546875 0.37187500000000007 0.8546875
30 0.915625 0.7375 0.04531250000000009 0.7375 0.0453125000000001 1 0.915625 1