57 0.3234375000000001 0.659375 0.27812500000000007 0.659375 0.27812500000000007 0.696875 0.3234375000000001 0.696875
28 0.5484375 0.6234375 0.5046875 0.6234375 0.5046875 0.6578125 0.5484375 0.6578125
36 0.6328125 0.5859375 0.5890625 0.5859375 0.5890625 0.6203125 0.6328125 0.6203125
0 0.653125 0.553125 0.6125 0.553125 0.6125 0.584375 0.653125 0.584375
10 0.2640625000000001 0.6203125 0.22031250000000008 0.6203125 0.22031250000000008 0.6578125 0.2640625000000001 0.6578125
51 0.44375 0.584375 0.4 0.584375 0.4 0.61875 0.44375 0.61875
48 0.7 0.553125 0.6625 0.553125 0.6625 0.584375 0.7 0.584375
39 0.771875 0.5890625000000002 0.73125 0.5890625000000002 0.73125 0.6203125000000002 0.771875 0.6203125000000002
31 0.6453125 0.6234375 0.6015625 0.6234375 0.6015625 0.6578125 0.6453125 0.6578125
19 0.3546875000000001 0.6203125 0.30937500000000007 0.6203125 0.30937500000000007 0.6578125 0.3546875000000001 0.6578125
35 0.5296875 0.665625 0.484375 0.665625 0.484375 0.703125 0.5296875 0.703125
55 0.4296875 0.665625 0.3843750000000001 0.665625 0.3843750000000001 0.703125 0.4296875 0.703125
15 0.478125 0.665625 0.4328125 0.665625 0.4328125 0.703125 0.478125 0.703125
49 0.1859375000000001 0.7015625 0.1375000000000001 0.7015625 0.1375000000000001 0.740625 0.1859375000000001 0.740625
22 0.8390625 0.5921875000000002 0.7734375 0.5921875000000002 0.7734375 0.6578125000000001 0.8390625 0.6578125000000001
41 0.2609375000000001 0.584375 0.2156250000000001 0.584375 0.2156250000000001 0.621875 0.2609375000000001 0.621875
37 0.69375 0.6234375 0.65 0.6234375 0.65 0.6578125 0.69375 0.6578125
2 0.2890625000000001 0.546875 0.2453125000000001 0.546875 0.2453125000000001 0.58125 0.2890625000000001 0.58125
42 0.3984375000000001 0.584375 0.3546875000000001 0.584375 0.3546875000000001 0.61875 0.3984375000000001 0.61875
46 0.76875 0.6671875000000002 0.734375 0.6671875000000002 0.734375 0.7046875000000001 0.76875 0.7046875000000001
23 0.403125 0.6234375 0.3578125000000001 0.6234375 0.3578125000000001 0.6578125 0.403125 0.6578125
47 0.5765625000000001 0.7078125 0.4015625 0.7078125 0.4015625000000001 0.746875 0.5765625000000002 0.746875
44 0.22656250000000008 0.6546875 0.14218750000000008 0.6546875 0.14218750000000008 0.696875 0.22656250000000008 0.696875
20 0.8234375 0.5531250000000002 0.7484375 0.5531250000000002 0.7484375 0.5843750000000002 0.8234375 0.5843750000000002
53 0.5390625 0.5859375 0.4953125 0.5859375 0.4953125 0.6203125 0.5390625 0.6203125
6 0.471875 0.553125 0.428125 0.553125 0.428125 0.584375 0.471875 0.584375
12 0.7421875 0.6234375000000001 0.6984375 0.6234375 0.6984375 0.6578125000000001 0.7421875 0.6578125000000001
52 0.21250000000000008 0.584375 0.1750000000000001 0.584375 0.1750000000000001 0.621875 0.21250000000000008 0.621875
30 0.8828125 0.5140625000000001 0.11406250000000004 0.5140625 0.11406250000000007 0.7656250000000001 0.8828125 0.7656250000000002
7 0.5203125 0.553125 0.4765625 0.553125 0.4765625 0.584375 0.5203125 0.584375
38 0.678125 0.5859375 0.6375 0.5859375 0.6375 0.6203125 0.678125 0.6203125
24 0.4515625 0.6234375 0.40625 0.6234375 0.40625 0.6578125 0.4515625 0.6578125
33 0.578125 0.665625 0.5328125 0.665625 0.5328125 0.703125 0.578125 0.703125
18 0.6296875 0.665625 0.5859375 0.665625 0.5859375 0.703125 0.6296875 0.703125
25 0.5 0.6234375 0.45625 0.6234375 0.45625 0.6578125 0.5 0.6578125
27 0.584375 0.584375 0.54375 0.584375 0.54375 0.621875 0.584375 0.621875
43 0.3078125000000001 0.6203125 0.2640625000000001 0.6203125 0.2640625000000001 0.6578125 0.3078125000000001 0.6578125
14 0.6296875000000001 0.709375 0.584375 0.709375 0.5843750000000001 0.746875 0.6296875000000002 0.746875
5 0.425 0.55 0.3843750000000001 0.55 0.3843750000000001 0.58125 0.425 0.58125
16 0.37968750000000007 0.665625 0.3343750000000001 0.665625 0.3343750000000001 0.703125 0.37968750000000007 0.703125
11 0.7453125 0.5531250000000001 0.7046875 0.553125 0.7046875 0.5843750000000001 0.7453125 0.5843750000000002
50 0.7312500000000001 0.7093750000000001 0.6859375 0.709375 0.6859375000000001 0.7468750000000001 0.7312500000000002 0.7468750000000002
34 0.728125 0.6656250000000001 0.6828125 0.665625 0.6828125 0.7031250000000001 0.728125 0.7031250000000002
21 0.3500000000000001 0.58125 0.3062500000000001 0.58125 0.3062500000000001 0.61875 0.3500000000000001 0.61875
13 0.3906250000000001 0.7015625 0.3421875000000001 0.7015625 0.3421875000000001 0.740625 0.3906250000000001 0.740625
54 0.7265625 0.5859375000000001 0.6828125 0.5859375 0.6828125 0.6203125 0.7265625 0.6203125000000002
29 0.596875 0.6234375 0.553125 0.6234375 0.553125 0.6578125 0.596875 0.6578125
26 0.790625 0.6234375000000002 0.746875 0.6234375000000002 0.746875 0.6609375000000002 0.790625 0.6609375000000002
58 0.2750000000000001 0.659375 0.22656250000000008 0.659375 0.22656250000000008 0.696875 0.2750000000000001 0.696875
45 0.2156250000000001 0.6234375 0.1703125000000001 0.6234375 0.1703125000000001 0.6609375 0.2156250000000001 0.6609375
8 0.5625 0.553125 0.521875 0.553125 0.521875 0.584375 0.5625 0.584375
59 0.4921875 0.5859375 0.446875 0.5859375 0.446875 0.6203125 0.4921875 0.6203125
4 0.37968750000000007 0.55 0.3390625000000001 0.55 0.3390625000000001 0.584375 0.37968750000000007 0.584375
56 0.3046875000000001 0.58125 0.2593750000000001 0.58125 0.2593750000000001 0.61875 0.3046875000000001 0.61875
3 0.3343750000000001 0.55 0.2906250000000001 0.55 0.2906250000000001 0.58125 0.3343750000000001 0.58125
40 0.678125 0.6671875 0.634375 0.6671875 0.634375 0.7015625 0.678125 0.7015625
9 0.6078125 0.553125 0.5671875 0.553125 0.5671875 0.584375 0.6078125 0.584375
1 0.24218750000000008 0.55 0.1984375000000001 0.55 0.1984375000000001 0.584375 0.24218750000000008 0.584375