11 0.484375 0.2296875000000001 0.440625 0.2296875000000001 0.440625 0.2890625000000001 0.484375 0.2890625000000001
25 0.7109375 0.4546875 0.6609375 0.4546875 0.6609375 0.5171875 0.7109375 0.5171875
18 0.5625 0.465625 0.515625 0.465625 0.515625 0.5265625 0.5625 0.5265625
53 0.6859375 0.3781250000000001 0.6390625 0.3781250000000001 0.6390625 0.4375 0.6859375 0.4375
8 0.6765625 0.3046875000000001 0.6296875 0.3046875000000001 0.6296875 0.36406250000000007 0.6765625 0.36406250000000007
41 1 0.5031250000000002 0.96875 0.5031250000000002 0.96875 0.5718750000000001 1 0.5718750000000001
40 0.5125 0.4453125 0.465625 0.4453125 0.465625 0.5046875 0.5125 0.5046875
48 0.53125 0.2468750000000001 0.4875 0.2468750000000001 0.4875 0.3062500000000001 0.53125 0.3062500000000001
21 0.903125 0.4593750000000002 0.8546875 0.4593750000000002 0.8546875 0.5250000000000001 0.903125 0.5250000000000001
39 0.446875 0.2828125000000001 0.4 0.2828125000000001 0.4 0.3390625000000001 0.446875 0.3390625000000001
4 0.8890625 0.3812500000000001 0.8421875 0.3812500000000001 0.8421875 0.44531250000000017 0.8890625 0.44531250000000017
3 0.946875 0.40156250000000016 0.896875 0.40156250000000016 0.896875 0.4671875000000002 0.946875 0.4671875000000002
49 1 0.7546875000000002 0.98125 0.7546875000000002 0.98125 0.8453125 1 0.8453125
55 0.7765625 0.5531250000000001 0.7234375 0.553125 0.7234375 0.6218750000000001 0.7765625 0.6218750000000002
34 0.465625 0.425 0.4171875 0.425 0.4171875 0.4828125 0.465625 0.4828125
6 0.7796875 0.3421875000000001 0.73125 0.3421875000000001 0.73125 0.40156250000000016 0.7796875 0.40156250000000016
13 0.925 0.6828125000000002 0.8578125 0.6828125000000002 0.8578125 0.7750000000000001 0.925 0.7750000000000001
29 0.60625 0.415625 0.559375 0.415625 0.559375 0.475 0.60625 0.475
22 0.39687500000000003 0.25781250000000006 0.3078125 0.2578125 0.30781250000000004 0.37343750000000003 0.3968750000000001 0.3734375000000001
45 1 0.5906250000000002 0.9671875 0.5906250000000002 0.9671875 0.6843750000000002 1 0.6843750000000002
37 0.5078125 0.3750000000000001 0.4625 0.3750000000000001 0.4625 0.434375 0.5078125 0.434375
50 0.3265625000000001 0.4328125 0.2609375000000001 0.4328125 0.2609375000000001 0.4953125 0.3265625000000001 0.4953125
28 0.65625 0.4328125 0.609375 0.4328125 0.609375 0.4953125 0.65625 0.4953125
46 0.41875 0.37343750000000003 0.2875000000000001 0.3734375 0.2875000000000001 0.4640625 0.41875 0.4640625
42 0.8484375 0.43750000000000017 0.7984375 0.43750000000000017 0.7984375 0.5015625000000001 0.8484375 0.5015625000000001
19 0.8765625 0.5203125000000002 0.8265625 0.5203125000000002 0.8265625 0.5890625000000002 0.8765625 0.5890625000000002
23 0.81875 0.4984375000000002 0.7703125 0.4984375000000002 0.7703125 0.5640625000000001 0.81875 0.5640625000000001
32 1 0.6515625000000002 0.9625 0.6515625000000002 0.9625 0.7265625000000002 1 0.7265625000000002
20 0.4390625 0.20000000000000004 0.35 0.2 0.35 0.26875000000000004 0.4390625 0.2687500000000001
38 0.5375 0.3203125000000001 0.49375 0.3203125000000001 0.49375 0.37968750000000007 0.5375 0.37968750000000007
44 1 0.6796875000000002 0.98125 0.6796875000000002 0.98125 0.7625000000000002 1 0.7625000000000002
24 0.7640625 0.4781250000000001 0.7140625 0.478125 0.7140625 0.5406250000000001 0.7640625 0.5406250000000001
59 0.7375 0.3968750000000001 0.690625 0.3968750000000001 0.690625 0.45781250000000007 0.7375 0.4578125000000002
54 0.490625 0.3000000000000001 0.446875 0.3000000000000001 0.446875 0.3578125000000001 0.490625 0.3578125000000001
27 0.634375 0.35625000000000007 0.5875 0.35625000000000007 0.5875 0.415625 0.634375 0.415625
51 0.7921875 0.41718750000000016 0.7453125 0.41718750000000016 0.7453125 0.47968750000000016 0.7921875 0.47968750000000016
17 1 0.4656250000000002 0.9921875 0.4656250000000002 0.9921875 0.5359375000000002 1 0.5359375000000002
9 0.6265625 0.28593750000000007 0.5796875 0.28593750000000007 0.5796875 0.3437500000000001 0.6265625 0.3437500000000001
52 1 0.5203125000000002 0.9734375 0.5203125000000002 0.9734375 0.6140625000000002 1 0.6140625000000002
31 0.5546875 0.39531250000000007 0.509375 0.39531250000000007 0.509375 0.453125 0.5546875 0.453125
14 0.509375 0.5078125 0.44375 0.5078125 0.44375 0.5765625 0.509375 0.5765625
0 0.578125 0.2687500000000001 0.53125 0.2687500000000001 0.53125 0.32500000000000007 0.578125 0.32500000000000007
10 0.99375 0.5687500000000002 0.94375 0.5687500000000002 0.94375 0.6375000000000002 0.99375 0.6375000000000002
56 0.9609375 0.4812500000000002 0.9125 0.4812500000000002 0.9125 0.5468750000000002 0.9609375 0.5468750000000002
35 0.6671875 0.509375 0.6171875 0.509375 0.6171875 0.571875 0.6671875 0.571875
26 0.4140625 0.3375000000000001 0.3671875 0.3375000000000001 0.36718750000000006 0.3937500000000001 0.4140625 0.3937500000000001
7 0.7265625 0.3218750000000001 0.6796875 0.3218750000000001 0.6796875 0.3828125000000001 0.7265625 0.3828125000000001
12 0.4625 0.3546875000000001 0.415625 0.3546875000000001 0.415625 0.4125 0.4625 0.4125
57 0.8921875 0.6015625000000002 0.8421875 0.6015625000000002 0.8421875 0.6718750000000002 0.8921875 0.6718750000000002
43 0.934375 0.5453125000000002 0.884375 0.5453125000000002 0.884375 0.6140625000000002 0.934375 0.6140625000000002
58 0.9515625 0.6265625000000001 0.9015625 0.6265625000000001 0.9015625 0.6984375000000002 0.9515625 0.6984375000000002
36 0.5859375 0.3390625000000001 0.5390625 0.3390625000000001 0.5390625 0.3968750000000001 0.5859375 0.3968750000000001
1 1 0.4421875000000002 0.990625 0.4421875000000002 0.990625 0.5109375000000002 1 0.5109375000000002
47 0.8609375 0.5234375000000001 0.4984375 0.5234375 0.4984375000000001 0.7453125 0.8609375 0.7453125000000002
16 0.8328125 0.5781250000000002 0.7828125 0.5781250000000002 0.7828125 0.6468750000000002 0.8328125 0.6468750000000002
30 1 0.014062500000000061 1.7221595613009655e-18 0.0140625 5.625721233583154e-17 0.9046875 1 0.9046875
15 0.721875 0.5296875 0.6703125 0.5296875 0.6703125 0.5953125 0.721875 0.5953125
5 0.8328125 0.3609375000000001 0.7859375 0.3609375000000001 0.7859375 0.4234375000000002 0.8328125 0.4234375000000002
2 1 0.42500000000000016 0.953125 0.42500000000000016 0.953125 0.4890625000000002 1 0.4890625000000002
33 0.6140625 0.4875 0.5640625 0.4875 0.5640625 0.55 0.6140625 0.55