36 0.496875 0.23593750000000008 0.459375 0.23593750000000008 0.459375 0.2875000000000001 0.496875 0.2875000000000001
59 0.6421875 0.2296875000000001 0.6046875 0.2296875000000001 0.6046875 0.2828125000000001 0.6421875 0.2828125000000001
30 0.9921875 0.05625000000000006 6.888638245203862e-18 0.05625 3.463454228838609e-17 0.5093750000000001 0.9921875 0.5093750000000001
44 0.9734375 0.3500000000000001 0.9203125 0.3500000000000001 0.9203125 0.40937500000000016 0.9734375 0.40937500000000016
29 0.534375 0.2968750000000001 0.496875 0.2968750000000001 0.496875 0.3500000000000001 0.534375 0.3500000000000001
48 0.4234375 0.17187500000000006 0.3875 0.17187500000000006 0.3875 0.22812500000000008 0.4234375 0.22812500000000008
15 0.6546875 0.3578125000000001 0.615625 0.3578125000000001 0.615625 0.4140625 0.6546875 0.4140625
31 0.4859375 0.3000000000000001 0.45 0.3000000000000001 0.45 0.3531250000000001 0.4859375 0.3531250000000001
50 0.30156250000000007 0.4296875 0.2515625000000001 0.4296875 0.2515625000000001 0.4859375 0.30156250000000007 0.4859375
38 0.45 0.2390625000000001 0.4140625 0.2390625000000001 0.4140625 0.2906250000000001 0.45 0.2906250000000001
41 0.89375 0.21875000000000008 0.8546875 0.21875000000000008 0.8546875 0.2750000000000001 0.89375 0.2750000000000001
18 0.5109375 0.36406250000000007 0.4734375 0.36406250000000007 0.4734375 0.415625 0.5109375 0.415625
49 0.971875 0.4156250000000002 0.91875 0.4156250000000002 0.91875 0.47187500000000016 0.971875 0.47187500000000016
0 0.4703125 0.16718750000000004 0.434375 0.16718750000000004 0.434375 0.2234375000000001 0.4703125 0.2234375000000001
45 0.9703125 0.2843750000000001 0.8921875 0.2843750000000001 0.8921875 0.34062500000000007 0.9703125 0.34062500000000007
51 0.6921875 0.22812500000000008 0.6546875 0.22812500000000008 0.6546875 0.2812500000000001 0.6921875 0.2812500000000001
17 0.975 0.14375000000000013 0.9375 0.14375000000000013 0.9375 0.2000000000000001 0.975 0.2000000000000001
47 0.784375 0.4203125000000001 0.484375 0.4203125 0.484375 0.4828125000000001 0.784375 0.4828125000000002
28 0.5828125 0.2984375000000001 0.5453125 0.2984375000000001 0.5453125 0.3515625000000001 0.5828125 0.3515625000000001
11 0.375 0.17343750000000005 0.340625 0.17343750000000005 0.340625 0.22656250000000006 0.375 0.22656250000000008
57 0.8046875 0.3546875000000001 0.7671875 0.3546875000000001 0.7671875 0.4078125000000002 0.8046875 0.4078125000000002
35 0.60625 0.3609375000000001 0.5671875 0.3609375000000001 0.5671875 0.4140625 0.60625 0.4140625
32 0.9078125 0.3515625000000001 0.86875 0.3515625000000001 0.86875 0.4078125000000002 0.9078125 0.4078125000000002
8 0.56875 0.16406250000000006 0.53125 0.16406250000000006 0.53125 0.22031250000000008 0.56875 0.22031250000000008
53 0.59375 0.2328125000000001 0.55625 0.2328125000000001 0.55625 0.28593750000000007 0.59375 0.28593750000000007
26 0.3453125 0.303125 0.3109375 0.303125 0.3109375 0.35625 0.3453125 0.35625
3 0.81875 0.1515625000000001 0.78125 0.1515625000000001 0.78125 0.21093750000000008 0.81875 0.21093750000000008
21 0.7921875 0.2234375000000001 0.753125 0.2234375000000001 0.753125 0.2796875000000001 0.7921875 0.2796875000000001
19 0.7796875 0.2890625000000001 0.740625 0.2890625000000001 0.740625 0.3437500000000001 0.7796875 0.3437500000000001
2 0.8703125 0.15000000000000008 0.83125 0.15000000000000008 0.83125 0.2093750000000001 0.8703125 0.2093750000000001
39 0.3546875 0.240625 0.3203125 0.240625 0.3203125 0.2921875 0.3546875 0.2921875
37 0.4390625 0.3031250000000001 0.4015625 0.3031250000000001 0.4015625 0.35625000000000007 0.4390625 0.35625000000000007
52 0.971875 0.21875000000000008 0.909375 0.21875000000000008 0.909375 0.2718750000000001 0.971875 0.2718750000000001
56 0.84375 0.2218750000000001 0.8046875 0.2218750000000001 0.8046875 0.27812500000000007 0.84375 0.27812500000000007
20 0.328125 0.17500000000000004 0.246875 0.17500000000000004 0.246875 0.228125 0.328125 0.228125
42 0.7421875 0.2250000000000001 0.7046875 0.2250000000000001 0.7046875 0.27812500000000007 0.7421875 0.27812500000000007
9 0.5203125 0.16718750000000004 0.4828125 0.16718750000000004 0.4828125 0.2218750000000001 0.5203125 0.2218750000000001
16 0.7546875 0.3546875000000001 0.7109375 0.3546875000000001 0.7109375 0.41093750000000007 0.7546875 0.4109375000000002
55 0.7046875 0.35625000000000007 0.665625 0.35625000000000007 0.665625 0.4109375 0.7046875 0.4109375
46 0.3687500000000001 0.36718750000000006 0.25468750000000007 0.3671875 0.25468750000000007 0.4203125 0.3687500000000001 0.4203125
23 0.7296875 0.2906250000000001 0.6921875 0.2906250000000001 0.6921875 0.3453125000000001 0.7296875 0.3453125000000001
27 0.5453125 0.23437500000000008 0.5078125 0.23437500000000008 0.5078125 0.28593750000000007 0.5453125 0.28593750000000007
6 0.6671875 0.1593750000000001 0.6296875 0.1593750000000001 0.6296875 0.2156250000000001 0.6671875 0.2156250000000001
1 0.9234375 0.1484375000000001 0.884375 0.14843750000000008 0.884375 0.20468750000000008 0.9234375 0.20468750000000008
25 0.63125 0.2953125000000001 0.59375 0.2953125000000001 0.59375 0.34843750000000007 0.63125 0.34843750000000007
7 0.61875 0.1625000000000001 0.58125 0.1625000000000001 0.58125 0.21875000000000008 0.61875 0.21875000000000008
58 0.8546875 0.3531250000000001 0.81875 0.3531250000000001 0.81875 0.4078125000000002 0.8546875 0.4078125000000002
43 0.8296875 0.2875000000000001 0.7921875 0.2875000000000001 0.7921875 0.3437500000000001 0.8296875 0.3437500000000001
24 0.6796875 0.29375000000000007 0.6421875 0.29375000000000007 0.6421875 0.3468750000000001 0.6796875 0.3468750000000001
14 0.475 0.4265625 0.425 0.4265625 0.425 0.4828125 0.475 0.4828125
33 0.5578125 0.3609375000000001 0.51875 0.3609375000000001 0.51875 0.415625 0.5578125 0.415625
5 0.7171875 0.15625000000000008 0.6796875 0.15625000000000008 0.6796875 0.21250000000000008 0.7171875 0.21250000000000008
34 0.4140625 0.3656250000000001 0.37968750000000007 0.3656250000000001 0.37968750000000007 0.41875 0.4140625 0.41875
10 0.88125 0.28593750000000007 0.84375 0.28593750000000007 0.84375 0.3421875000000001 0.88125 0.3421875000000001
54 0.4015625 0.2390625000000001 0.365625 0.2390625000000001 0.365625 0.2921875000000001 0.4015625 0.2921875000000001
13 0.8453125 0.41718750000000016 0.79375 0.41718750000000016 0.79375 0.4734375000000002 0.8453125 0.4734375000000002
4 0.7671875 0.1546875000000001 0.7296875 0.1546875000000001 0.7296875 0.21093750000000008 0.7671875 0.21093750000000008
22 0.3109375 0.2421875 0.2515625 0.2421875 0.2515625 0.3578125 0.3109375 0.3578125
40 0.4609375 0.3656250000000001 0.4265625 0.3656250000000001 0.4265625 0.415625 0.4609375 0.415625
12 0.390625 0.30312500000000003 0.35625 0.303125 0.35625 0.35625000000000007 0.390625 0.35625000000000007