19 0.2375000000000001 0.51875 0.2078125000000001 0.51875 0.2078125000000001 0.56875 0.2375000000000001 0.56875
46 0.6375 0.578125 0.5390625 0.578125 0.5390625 0.628125 0.6375 0.628125
22 0.6390625 0.4625 0.5875 0.4625 0.5875 0.571875 0.6390625 0.571875
13 0.1984375000000001 0.634375 0.15781250000000008 0.634375 0.15781250000000008 0.6859375 0.1984375000000001 0.6859375
25 0.3546875000000001 0.5203125 0.32500000000000007 0.5203125 0.32500000000000007 0.56875 0.3546875000000001 0.56875
5 0.28593750000000007 0.403125 0.2562500000000001 0.403125 0.2562500000000001 0.453125 0.28593750000000007 0.453125
32 0.14062500000000008 0.5765625 0.10937500000000008 0.5765625 0.10937500000000008 0.625 0.14062500000000008 0.625
1 0.13125000000000003 0.403125 0.10000000000000005 0.403125 0.10000000000000005 0.4515625 0.13125000000000003 0.4515625
7 0.36406250000000007 0.403125 0.3343750000000001 0.403125 0.3343750000000001 0.4515625 0.36406250000000007 0.4515625
9 0.44375 0.403125 0.4125 0.403125 0.4125 0.4515625 0.44375 0.4515625
59 0.3453125000000001 0.4625 0.3140625000000001 0.4625 0.3140625000000001 0.5109375 0.3453125000000001 0.5109375
31 0.471875 0.5203125 0.4421875 0.5203125 0.4421875 0.56875 0.471875 0.56875
33 0.4140625 0.578125 0.3828125000000001 0.578125 0.3828125000000001 0.628125 0.4140625 0.628125
30 0.9390625 0.30937500000000007 0.050000000000000044 0.309375 0.050000000000000065 0.7156250000000001 0.9390625 0.7156250000000002
53 0.3843750000000001 0.4609375 0.3546875000000001 0.4609375 0.3546875000000001 0.509375 0.3843750000000001 0.509375
37 0.5109375 0.5203125 0.48125 0.5203125 0.48125 0.56875 0.5109375 0.56875
45 0.12187500000000007 0.5203125 0.06406250000000006 0.5203125 0.06406250000000006 0.56875 0.1218750000000001 0.56875
11 0.5609375 0.403125 0.5296875 0.403125 0.5296875 0.453125 0.5609375 0.453125
21 0.2296875000000001 0.4609375 0.19843750000000004 0.4609375 0.19843750000000004 0.5125 0.2296875000000001 0.5125
49 0.10156250000000008 0.6359375 0.06250000000000008 0.6359375 0.06250000000000008 0.684375 0.10156250000000008 0.684375
44 0.10156250000000008 0.578125 0.06250000000000007 0.578125 0.06250000000000007 0.6265625 0.10156250000000008 0.6265625
50 0.6390625 0.6359375 0.596875 0.6359375 0.596875 0.6875 0.6390625 0.6875
51 0.3062500000000001 0.4625 0.2765625000000001 0.4625 0.2765625000000001 0.5109375 0.3062500000000001 0.5109375
58 0.17968750000000008 0.5765625 0.15000000000000008 0.5765625 0.15000000000000008 0.625 0.17968750000000008 0.625
42 0.2671875000000001 0.4609375 0.2375000000000001 0.4609375 0.2375000000000001 0.509375 0.2671875000000001 0.509375
47 0.4453125 0.6359375 0.2062500000000001 0.6359375 0.2062500000000001 0.6890625 0.4453125 0.6890625
27 0.4234375 0.4625 0.3937500000000001 0.4625 0.3937500000000001 0.509375 0.4234375 0.509375
26 0.5890625 0.51875 0.559375 0.51875 0.559375 0.56875 0.5890625 0.56875
18 0.453125 0.5796875 0.421875 0.5796875 0.421875 0.628125 0.453125 0.628125
23 0.2765625000000001 0.5203125 0.2468750000000001 0.5203125 0.2468750000000001 0.56875 0.2765625000000001 0.56875
56 0.18906250000000005 0.4609375 0.15937500000000004 0.4609375 0.15937500000000004 0.509375 0.18906250000000005 0.509375
29 0.4328125 0.5203125 0.403125 0.5203125 0.403125 0.5703125 0.4328125 0.5703125
24 0.3156250000000001 0.5203125 0.28593750000000007 0.5203125 0.28593750000000007 0.56875 0.3156250000000001 0.56875
52 0.11250000000000004 0.4609375 0.06406250000000006 0.4609375 0.06406250000000006 0.509375 0.11250000000000004 0.509375
40 0.49375 0.5796875 0.4625 0.5796875 0.4625 0.628125 0.49375 0.628125
17 0.09062500000000004 0.403125 0.06250000000000004 0.403125 0.06250000000000004 0.4515625 0.09062500000000004 0.4515625
3 0.2078125000000001 0.4015625 0.17656250000000004 0.4015625 0.17656250000000004 0.4515625 0.2078125000000001 0.4515625
55 0.2968750000000001 0.5765625 0.2656250000000001 0.5765625 0.2656250000000001 0.6265625 0.2968750000000001 0.6265625
43 0.19843750000000007 0.51875 0.16875000000000004 0.51875 0.16875000000000007 0.56875 0.1984375000000001 0.56875
36 0.4625 0.4625 0.43125 0.4625 0.43125 0.509375 0.4625 0.509375
10 0.15937500000000007 0.51875 0.12968750000000004 0.51875 0.12968750000000007 0.5671875 0.1593750000000001 0.5671875
54 0.5421875 0.4609375 0.509375 0.4609375 0.509375 0.5109375 0.5421875 0.5109375
14 0.49375 0.6375 0.45 0.6375 0.45 0.6890625 0.49375 0.6890625
34 0.53125 0.578125 0.5 0.578125 0.5 0.6265625 0.53125 0.6265625
41 0.15000000000000005 0.4609375 0.12031250000000004 0.4609375 0.12031250000000004 0.5109375 0.15000000000000005 0.5109375
16 0.2578125000000001 0.5765625 0.22656250000000008 0.5765625 0.22656250000000008 0.6265625 0.2578125000000001 0.6265625
39 0.5796875 0.4609375 0.5484375 0.4609375 0.5484375 0.509375 0.5796875 0.509375
6 0.3265625000000001 0.4015625 0.2953125000000001 0.4015625 0.2953125000000001 0.453125 0.3265625000000001 0.453125
57 0.21875000000000008 0.578125 0.18906250000000008 0.578125 0.18906250000000008 0.6265625 0.21875000000000008 0.6265625
15 0.3359375000000001 0.5765625 0.3046875000000001 0.5765625 0.3046875000000001 0.628125 0.3359375000000001 0.628125
35 0.3765625000000001 0.578125 0.3453125000000001 0.578125 0.3453125000000001 0.628125 0.3765625000000001 0.628125
28 0.3937500000000001 0.51875 0.3625000000000001 0.51875 0.3625000000000001 0.56875 0.3937500000000001 0.56875
4 0.2468750000000001 0.4015625 0.2156250000000001 0.4015625 0.2156250000000001 0.4515625 0.2468750000000001 0.4515625
12 0.5515625 0.5203125 0.5203125 0.5203125 0.5203125 0.5703125 0.5515625 0.5703125
2 0.16875000000000004 0.403125 0.13750000000000004 0.403125 0.13750000000000004 0.453125 0.16875000000000004 0.453125
48 0.521875 0.403125 0.490625 0.403125 0.490625 0.453125 0.521875 0.453125
20 0.6390625 0.403125 0.5703125 0.403125 0.5703125 0.45 0.6390625 0.45
8 0.4046875 0.4015625 0.3734375000000001 0.4015625 0.3734375000000001 0.4515625 0.4046875 0.4515625
0 0.4828125 0.403125 0.4515625 0.403125 0.4515625 0.4515625 0.4828125 0.4515625
38 0.5015625 0.4625 0.471875 0.4625 0.471875 0.5109375 0.5015625 0.5109375