55 0.609375 0.021875000000000068 0.546875 0.021875000000000068 0.546875 0.09531250000000006 0.609375 0.09531250000000006
38 0.765625 0.4625000000000001 0.7078125 0.4625 0.7078125 0.51875 0.765625 0.5187500000000002
9 0.8484375 0.3531250000000001 0.7890625 0.3531250000000001 0.7890625 0.4078125000000002 0.8484375 0.4078125000000002
5 0.8453125 0.0640625000000001 0.784375 0.06406250000000009 0.784375 0.12343750000000009 0.8453125 0.12343750000000009
35 0.6078125 0.18437500000000007 0.54375 0.18437500000000004 0.54375 0.2531250000000001 0.6078125 0.2531250000000001
0 0.846875 0.4281250000000002 0.7875 0.4281250000000002 0.7875 0.4812500000000002 0.846875 0.4812500000000002
47 0.51875 0.001562500000000059 0.4421875 0.001562500000000054 0.4421875 0.39531250000000007 0.51875 0.39531250000000007
23 0.6890625 0.00625000000000008 0.628125 0.0062500000000000775 0.628125 0.07187500000000008 0.6890625 0.07187500000000009
42 0.7671875 0.00937500000000009 0.7109375 0.009375000000000086 0.7109375 0.07343750000000009 0.7671875 0.07343750000000009
25 0.6890625 0.1593750000000001 0.6296875 0.1593750000000001 0.6296875 0.2218750000000001 0.6890625 0.2218750000000001
54 0.765625 0.5375000000000001 0.70625 0.5375 0.70625 0.596875 0.765625 0.5968750000000002
48 0.8453125 0.4984375000000002 0.7859375 0.4984375000000002 0.7859375 0.5531250000000002 0.8453125 0.5531250000000002
8 0.846875 0.2796875000000001 0.7875 0.2796875000000001 0.7875 0.3343750000000001 0.846875 0.3343750000000001
36 0.765625 0.38750000000000007 0.709375 0.38750000000000007 0.709375 0.4437500000000001 0.765625 0.4437500000000002
29 0.6890625 0.3203125000000001 0.6265625 0.3203125000000001 0.6265625 0.37968750000000007 0.6890625 0.37968750000000007
14 0.5140625 0.4109375 0.4421875 0.4109375 0.4421875 0.5015625 0.5140625 0.5015625
6 0.8484375 0.1359375000000001 0.7859375 0.1359375000000001 0.7859375 0.1937500000000001 0.8484375 0.1937500000000001
53 0.7671875 0.2328125000000001 0.709375 0.2328125000000001 0.709375 0.2921875000000001 0.7671875 0.2921875000000001
4 0.846875 9.998093008663938e-17 0.7859375 9.62495843704873e-17 0.7859375 0.0531250000000001 0.846875 0.05312500000000011
50 0.5093750000000001 0.7375 0.44062500000000016 0.7375 0.44062500000000016 0.83125 0.5093750000000001 0.83125
31 0.6890625 0.4 0.6265625 0.4 0.6265625 0.459375 0.6890625 0.459375
15 0.609375 0.10156250000000008 0.5453125 0.10156250000000008 0.5453125 0.17343750000000008 0.609375 0.17343750000000008
30 0.946875 8.055879725641182e-17 0.36875 4.5158850718558645e-17 0.36875 1 0.946875 1
59 0.7671875 0.15781250000000008 0.7078125 0.15781250000000008 0.7078125 0.2171875000000001 0.7671875 0.2171875000000001
26 0.684375 0.6375 0.621875 0.6375 0.621875 0.7 0.684375 0.7
33 0.6078125 0.2687500000000001 0.5453125 0.2687500000000001 0.5453125 0.3343750000000001 0.6078125 0.3343750000000001
20 0.8421875 0.6468750000000002 0.7859375 0.6468750000000002 0.7859375000000001 0.7703125000000002 0.8421875 0.7703125000000002
27 0.7671875 0.3109375000000001 0.7109375 0.3109375000000001 0.7109375 0.3671875000000001 0.7671875 0.3671875000000001
40 0.603125 0.4390625 0.540625 0.4390625 0.540625 0.5015625 0.603125 0.5015625
39 0.765625 0.6125 0.703125 0.6125 0.703125 0.6718750000000001 0.765625 0.6718750000000002
12 0.6859375 0.559375 0.6234375 0.559375 0.6234375 0.61875 0.6859375 0.61875
28 0.690625 0.2390625000000001 0.628125 0.2390625000000001 0.628125 0.3000000000000001 0.690625 0.3000000000000001
51 0.7671875 0.08437500000000009 0.7078125 0.08437500000000009 0.7078125 0.1437500000000001 0.7671875 0.1437500000000001
22 0.7671875000000001 0.6890625000000001 0.6171875 0.6890625 0.6171875000000001 0.8015625 0.7671875000000001 0.8015625
18 0.60625 0.3531250000000001 0.540625 0.3531250000000001 0.540625 0.4171875 0.60625 0.4171875
46 0.6046875 0.6015625 0.5421875 0.6015625 0.5421875 0.8140625 0.6046875000000002 0.8140625
34 0.603125 0.5234375 0.5390625 0.5234375 0.5390625 0.5859375 0.603125 0.5859375
7 0.846875 0.2078125000000001 0.7875 0.2078125000000001 0.7875 0.2640625000000001 0.846875 0.2640625000000001
11 0.8453125 0.5718750000000001 0.784375 0.5718750000000001 0.784375 0.6296875000000002 0.8453125 0.6296875000000002
24 0.6890625 0.08281250000000008 0.6265625 0.08281250000000007 0.6265625 0.1468750000000001 0.6890625 0.1468750000000001
37 0.6859375 0.4796875 0.6265625 0.4796875 0.6265625 0.5390625 0.6859375 0.5390625