48 0.23125 0.04843750000000003 0.203125 0.04843750000000002 0.203125 0.08593750000000003 0.23125 0.08593750000000003
41 0.1390625 1.5403760520525304e-17 0.1125 1.3777276490407724e-17 0.1125 0.031250000000000014 0.1390625 0.03125000000000002
47 0.16875000000000004 0.2578125 3.15729252905177e-17 0.2578125 3.463454228838608e-17 0.3078125 0.16875000000000004 0.3078125
34 0.2625 0.2015625 0.2265625 0.2015625 0.2265625 0.2453125 0.2625 0.2453125
38 0.21875 0.09687500000000002 0.1890625 0.09687500000000002 0.1890625 0.13593750000000004 0.21875 0.13593750000000004
23 0.01562500000000002 0.146875 1.798699986247675e-17 0.146875 2.0474563673244812e-17 0.1875 0.01562500000000002 0.1875
19 0.01562500000000002 0.146875 1.798699986247675e-17 0.146875 2.0474563673244812e-17 0.1875 0.01562500000000002 0.1875
15 0.051562500000000025 0.2 0.017187500000000022 0.2 0.017187500000000026 0.24375 0.051562500000000025 0.24375
27 0.1421875 0.09687500000000002 0.1140625 0.09687500000000002 0.1140625 0.134375 0.1421875 0.134375
0 0.196875 0.04843750000000002 0.16875 0.04843750000000002 0.16875 0.08593750000000003 0.196875 0.08593750000000003
37 0.2328125 0.14687500000000003 0.2015625 0.14687500000000003 0.2015625 0.18750000000000006 0.2328125 0.18750000000000006
16 0.017187500000000026 0.196875 2.4110233858213517e-17 0.196875 2.6789148731348354e-17 0.240625 0.01718750000000003 0.240625
42 0.059375 0.0546875 0.0515625 0.0546875 0.0515625 0.065625 0.059375 0.065625
36 0.1796875 0.09687500000000002 0.1515625 0.09687500000000002 0.1515625 0.1359375 0.1796875 0.1359375
5 0.014062500000000009 0.05 6.123233995736766e-18 0.05 8.419446744138053e-18 0.0875 0.01406250000000001 0.0875
41 0.1046875 1.1194037148456274e-17 0.078125 9.567553118338697e-18 0.078125 0.031250000000000014 0.1046875 0.031250000000000014
11 0.2703125 0.048437500000000036 0.240625 0.048437500000000036 0.240625 0.08593750000000003 0.2703125 0.08593750000000003
14 0.2234375 0.2609375 0.17812500000000003 0.2609375 0.17812500000000003 0.3109375 0.2234375 0.3109375
8 0.121875 0.04843750000000001 0.0953125 0.04843750000000001 0.0953125 0.08593750000000003 0.121875 0.08593750000000003
31 0.19375000000000003 0.14687500000000003 0.1625 0.146875 0.16250000000000003 0.18906250000000002 0.19375000000000003 0.18906250000000005
42 0.014062500000000014 0.096875 1.1863765866739984e-17 0.096875 1.4159978615141272e-17 0.134375 0.014062500000000016 0.134375
53 0.103125 0.09687500000000002 0.07343750000000002 0.096875 0.07343750000000002 0.1359375 0.103125 0.1359375
35 0.09062500000000002 0.2 0.059375000000000025 0.2 0.059375000000000025 0.2453125 0.09062500000000002 0.2453125
12 0.2734375 0.14687500000000003 0.240625 0.14687500000000003 0.240625 0.18906250000000005 0.2734375 0.18906250000000005
24 0.03281250000000002 0.146875 0.003125000000000018 0.146875 0.003125000000000021 0.1875 0.03281250000000002 0.1875
9 0.159375 0.048437500000000015 0.13125 0.04843750000000001 0.13125 0.08593750000000003 0.159375 0.08593750000000003
40 0.21875 0.2015625 0.18437500000000004 0.2015625 0.18437500000000004 0.2453125 0.21875 0.2453125
51 0.02656250000000001 0.096875 1.1863765866739984e-17 0.096875 1.4255654146324658e-17 0.1359375 0.02656250000000001 0.1359375
6 0.05 0.04843750000000001 0.021875000000000006 0.0484375 0.02187500000000001 0.0859375 0.05 0.0859375
7 0.0859375 0.04843750000000001 0.059375 0.04843750000000001 0.059375 0.0859375 0.0859375 0.0859375
25 0.07187500000000002 0.146875 0.04062500000000002 0.146875 0.04062500000000002 0.1875 0.07187500000000002 0.1875
54 0.25625 0.09687500000000002 0.2265625 0.09687500000000002 0.2265625 0.13593750000000004 0.25625 0.13593750000000004
3 0.010937500000000008 0.05 6.123233995736766e-18 0.05 8.419446744138053e-18 0.0875 0.010937500000000011 0.0875
4 0.014062500000000009 0.05 6.123233995736766e-18 0.05 8.419446744138053e-18 0.0875 0.01406250000000001 0.0875
18 0.17500000000000004 0.2015625 0.14375000000000004 0.2015625 0.14375000000000004 0.2453125 0.17500000000000004 0.2453125
41 0.1734375 1.961348389259433e-17 0.146875 1.798699986247675e-17 0.146875 0.03125000000000002 0.1734375 0.03125000000000002
55 0.017187500000000026 0.1984375 2.430158492058029e-17 0.1984375 2.6980499793715128e-17 0.2421875 0.01718750000000003 0.2421875
21 0.015625000000000014 0.0984375 1.2055116929106758e-17 0.0984375 1.4351329677508044e-17 0.1359375 0.015625000000000017 0.1359375
59 0.06406250000000002 0.096875 0.03593750000000001 0.096875 0.03593750000000001 0.1359375 0.06406250000000002 0.1359375
29 0.15156250000000002 0.146875 0.121875 0.146875 0.12187500000000002 0.1890625 0.15156250000000004 0.1890625
39 0.290625 0.09687500000000003 0.2625 0.09687500000000002 0.2625 0.13593750000000004 0.290625 0.13593750000000004
33 0.13437500000000005 0.2015625 0.10156250000000004 0.2015625 0.10156250000000004 0.2453125 0.13437500000000005 0.2453125
28 0.11093750000000002 0.146875 0.08125000000000002 0.146875 0.08125000000000002 0.1890625 0.11093750000000005 0.1890625