4 0.9234375 0.04687500000000011 0.9140625 0.04687500000000011 0.9140625 0.06562500000000011 0.9234375 0.06562500000000011
29 0.859375 0.0875000000000001 0.846875 0.0875000000000001 0.846875 0.1062500000000001 0.859375 0.1062500000000001
17 0.9765625 0.04843750000000012 0.9671875 0.04843750000000012 0.9671875 0.06562500000000011 0.9765625 0.06562500000000011
46 0.8109375 0.1062500000000001 0.7765625 0.1062500000000001 0.7765625 0.12500000000000008 0.8109375 0.12500000000000008
56 0.9421875 0.06875000000000012 0.9328125 0.06875000000000012 0.9328125 0.0875000000000001 0.9421875 0.0875000000000001
24 0.9 0.0875000000000001 0.8890625 0.0875000000000001 0.8890625 0.1062500000000001 0.9 0.1062500000000001
36 0.85 0.06562500000000011 0.8375 0.06562500000000011 0.8375 0.08437500000000012 0.85 0.08437500000000012
54 0.821875 0.0656250000000001 0.809375 0.06562500000000009 0.809375 0.0843750000000001 0.821875 0.08437500000000012
16 0.9203125 0.10781250000000013 0.909375 0.10781250000000013 0.909375 0.12500000000000014 0.9203125 0.12500000000000014
8 0.86875 0.0453125000000001 0.8578125 0.0453125000000001 0.8578125 0.0640625000000001 0.86875 0.0640625000000001
57 0.9328125 0.10937500000000014 0.921875 0.10937500000000014 0.921875 0.12656250000000013 0.9328125 0.12656250000000013
2 0.95 0.04843750000000011 0.940625 0.04843750000000011 0.940625 0.06718750000000011 0.95 0.06718750000000011
20 0.8015625 0.0421875000000001 0.7765625 0.0421875000000001 0.7765625 0.06250000000000008 0.8015625 0.06250000000000008
33 0.865625 0.10781250000000009 0.853125 0.10781250000000009 0.853125 0.12656250000000008 0.865625 0.12656250000000008
37 0.8328125 0.08593750000000011 0.8203125 0.08593750000000011 0.8203125 0.10468750000000009 0.8328125 0.10468750000000009
35 0.8796875 0.10781250000000009 0.8671875 0.10781250000000009 0.8671875 0.12656250000000008 0.8796875 0.12656250000000008
26 0.8046875 0.08593750000000008 0.7921875 0.08593750000000008 0.7921875 0.10468750000000009 0.8046875 0.10468750000000009
12 0.81875 0.0859375000000001 0.80625 0.08593750000000008 0.80625 0.10468750000000009 0.81875 0.10468750000000009
0 0.8421875 0.0453125000000001 0.83125 0.0453125000000001 0.83125 0.0640625000000001 0.8421875 0.0640625000000001
39 0.809375 0.06562500000000009 0.796875 0.06562500000000009 0.796875 0.08437500000000009 0.809375 0.08437500000000009
27 0.8625 0.06718750000000011 0.8515625 0.06718750000000011 0.8515625 0.08437500000000012 0.8625 0.08437500000000012
48 0.8296875 0.0453125000000001 0.8171875 0.0453125000000001 0.8171875 0.0640625000000001 0.8296875 0.0640625000000001
41 0.95625 0.06875000000000012 0.9453125 0.06875000000000012 0.9453125 0.0875000000000001 0.95625 0.0875000000000001
53 0.8765625 0.06718750000000011 0.8640625 0.06718750000000011 0.8640625 0.08593750000000011 0.8765625 0.08593750000000011
10 0.953125 0.08906250000000011 0.94375 0.08906250000000011 0.94375 0.10625000000000014 0.953125 0.10625000000000014
7 0.8828125 0.04687500000000011 0.871875 0.04687500000000011 0.871875 0.0640625000000001 0.8828125 0.0640625000000001
22 0.7953125 0.06562500000000009 0.7765625 0.06562500000000009 0.7765625 0.10468750000000009 0.7953125 0.10468750000000009
31 0.846875 0.08593750000000011 0.834375 0.08593750000000011 0.834375 0.10468750000000009 0.846875 0.10468750000000009
25 0.8859375 0.0875000000000001 0.875 0.0875000000000001 0.875 0.1062500000000001 0.8859375 0.1062500000000001
23 0.9140625 0.0875000000000001 0.903125 0.0875000000000001 0.903125 0.10625000000000011 0.9140625 0.10625000000000014
58 0.946875 0.10937500000000014 0.9359375 0.10937500000000014 0.9359375 0.12656250000000013 0.946875 0.12656250000000013
55 0.90625 0.10781250000000009 0.8953125 0.10781250000000009 0.8953125 0.12500000000000008 0.90625 0.12500000000000008
30 0.984375 0.012500000000000103 0.6703125 0.012500000000000084 0.6703125 0.1562500000000001 0.984375 0.15625000000000014
11 0.815625 0.0437500000000001 0.803125 0.0437500000000001 0.803125 0.06250000000000008 0.815625 0.06250000000000008
13 0.9453125 0.12968750000000012 0.9296875 0.12968750000000012 0.9296875 0.14843750000000014 0.9453125 0.14843750000000014
5 0.909375 0.04687500000000011 0.9 0.04687500000000011 0.9 0.06562500000000011 0.909375 0.06562500000000011
18 0.853125 0.1062500000000001 0.840625 0.1062500000000001 0.840625 0.12500000000000008 0.853125 0.12500000000000008
40 0.8390625 0.1062500000000001 0.8265625 0.1062500000000001 0.8265625 0.12500000000000008 0.8390625 0.12500000000000008
34 0.825 0.1062500000000001 0.8125 0.1062500000000001 0.8125 0.12500000000000008 0.825 0.12500000000000008
44 0.978125 0.11093750000000013 0.9625 0.11093750000000013 0.9625 0.12812500000000013 0.978125 0.12812500000000013
43 0.9390625 0.08906250000000011 0.9296875 0.08906250000000011 0.9296875 0.10781250000000013 0.9390625 0.10781250000000013
42 0.9171875 0.06718750000000011 0.90625 0.06718750000000011 0.90625 0.08593750000000011 0.9171875 0.08593750000000011
38 0.8359375 0.06562500000000011 0.8234375 0.06562500000000011 0.8234375 0.08437500000000012 0.8359375 0.08437500000000012
14 0.8421875 0.1281250000000001 0.8265625 0.1281250000000001 0.8265625 0.1468750000000001 0.8421875 0.1468750000000001
15 0.89375 0.10781250000000009 0.88125 0.10781250000000009 0.88125 0.12656250000000008 0.89375 0.12656250000000008
1 0.9640625 0.04843750000000012 0.953125 0.04843750000000012 0.953125 0.06718750000000011 0.9640625 0.06718750000000011
45 0.978125 0.08906250000000011 0.95625 0.08906250000000011 0.95625 0.10781250000000013 0.978125 0.10781250000000013
51 0.903125 0.06718750000000011 0.8921875 0.06718750000000011 0.8921875 0.08593750000000011 0.903125 0.08593750000000011
59 0.8890625 0.06718750000000011 0.878125 0.06718750000000011 0.878125 0.08593750000000011 0.8890625 0.08593750000000011
3 0.9375 0.04687500000000011 0.928125 0.04687500000000011 0.928125 0.06562500000000011 0.9375 0.06562500000000011
49 0.978125 0.12968750000000012 0.9625 0.12968750000000012 0.9625 0.14843750000000014 0.978125 0.14843750000000014
6 0.896875 0.04687500000000011 0.8859375 0.04687500000000011 0.8859375 0.06562500000000011 0.896875 0.06562500000000011
50 0.790625 0.12656250000000008 0.775 0.12656250000000008 0.775 0.1468750000000001 0.790625 0.1468750000000001
19 0.9265625 0.0875000000000001 0.915625 0.0875000000000001 0.915625 0.10625000000000014 0.9265625 0.10625000000000014
9 0.85625 0.0453125000000001 0.8453125 0.0453125000000001 0.8453125 0.0640625000000001 0.85625 0.0640625000000001
52 0.978125 0.06875000000000012 0.9609375 0.06875000000000012 0.9609375 0.08593750000000011 0.978125 0.08593750000000011
21 0.93125 0.06875000000000012 0.91875 0.06875000000000012 0.91875 0.0875000000000001 0.93125 0.0875000000000001
47 0.928125 0.1281250000000001 0.84375 0.1281250000000001 0.84375 0.14687500000000012 0.928125 0.14687500000000014
32 0.959375 0.10937500000000014 0.9484375 0.10937500000000014 0.9484375 0.12812500000000013 0.959375 0.12812500000000013
28 0.8734375 0.0875000000000001 0.8625 0.0875000000000001 0.8625 0.1062500000000001 0.8734375 0.1062500000000001