23 0.7875 0.4546875000000001 0.71875 0.4546875 0.71875 0.5640625000000001 0.7875 0.5640625000000001
47 0.825 0.7031250000000001 0.3687500000000001 0.703125 0.3687500000000001 0.8203125 0.825 0.8203125
21 0.890625 0.3312500000000001 0.821875 0.3312500000000001 0.821875 0.44062500000000016 0.890625 0.44062500000000016
42 0.8125 0.33281250000000007 0.74375 0.33281250000000007 0.74375 0.4390625000000002 0.8125 0.4390625000000002
10 1 0.4546875000000002 0.953125 0.4546875000000002 0.953125 0.5640625000000001 1 0.5640625000000001
56 0.9703125 0.3296875000000001 0.9015625 0.3296875000000001 0.9015625 0.4390625000000002 0.9703125 0.4390625000000002
24 0.7109375 0.4546875 0.6421875 0.4546875 0.6421875 0.5640625 0.7109375 0.5640625
6 0.684375 0.2156250000000001 0.615625 0.2156250000000001 0.615625 0.3218750000000001 0.684375 0.3218750000000001
7 0.609375 0.2156250000000001 0.54375 0.2156250000000001 0.54375 0.3218750000000001 0.609375 0.3218750000000001
34 0.3140625 0.2171875 0.2484375 0.2171875 0.2484375 0.3234375 0.3140625 0.3234375
30 1 0.10156250000000007 1.2437819053840305e-17 0.1015625 5.836207402186604e-17 0.8515625 1 0.8515625
20 0.16406250000000006 0.221875 0.04843750000000002 0.221875 0.048437500000000036 0.328125 0.16406250000000006 0.328125
48 0.3890625 0.21875000000000006 0.3234375 0.21875 0.3234375 0.32343750000000004 0.3890625 0.3234375000000001
53 0.5859375 0.3343750000000001 0.5203125 0.3343750000000001 0.5203125 0.44375 0.5859375 0.44375
35 0.5875 0.578125 0.5203125 0.578125 0.5203125 0.690625 0.5875 0.690625
36 0.4375 0.3390625000000001 0.371875 0.3390625000000001 0.37187500000000007 0.4453125 0.4375 0.4453125
3 0.915625 0.2078125000000001 0.846875 0.2078125000000001 0.846875 0.3140625000000001 0.915625 0.3140625000000001
51 0.734375 0.3343750000000001 0.66875 0.3343750000000001 0.66875 0.4406250000000001 0.734375 0.44062500000000016
13 0.9 0.7093750000000002 0.828125 0.7093750000000002 0.828125 0.821875 0.9 0.821875
25 0.6359375 0.45625 0.56875 0.45625 0.56875 0.5625 0.6359375 0.5625
2 0.9921875 0.20468750000000008 0.9234375 0.20468750000000008 0.9234375 0.3140625000000001 0.9921875 0.3140625000000001
27 0.5125 0.3375000000000001 0.446875 0.3375000000000001 0.446875 0.440625 0.5125 0.440625
5 0.7609375 0.21250000000000008 0.6921875 0.21250000000000008 0.6921875 0.3187500000000001 0.7609375 0.3187500000000001
46 0.2078125000000001 0.584375 0.11562500000000009 0.584375 0.11562500000000009 0.69375 0.2078125000000001 0.69375
40 0.3578125000000001 0.5875 0.2890625000000001 0.5875 0.2890625000000001 0.69375 0.3578125000000001 0.69375
44 1 0.5750000000000002 0.971875 0.5750000000000002 0.971875 0.6890625000000001 1 0.6890625000000001
55 0.7390625 0.5781250000000001 0.6703125 0.578125 0.6703125 0.690625 0.7390625 0.6906250000000002
57 0.8953125 0.5796875000000001 0.8265625 0.5796875000000001 0.8265625 0.6921875000000002 0.8953125 0.6921875000000002
59 0.659375 0.3343750000000001 0.59375 0.3343750000000001 0.59375 0.440625 0.659375 0.440625
8 0.5375 0.2171875000000001 0.471875 0.2171875000000001 0.471875 0.3234375000000001 0.5375 0.3234375000000001
15 0.6625 0.5765625 0.59375 0.5765625 0.59375 0.6890625 0.6625 0.6890625
33 0.5125 0.578125 0.44375 0.578125 0.44375 0.690625 0.5125 0.690625
39 0.2390625 0.21875 0.17343750000000005 0.21875 0.17343750000000005 0.325 0.2390625 0.325
22 0.18593750000000006 0.4625 0.045312500000000054 0.4625 0.04531250000000006 0.571875 0.1859375000000001 0.571875
58 0.971875 0.5796875000000001 0.903125 0.5796875000000001 0.903125 0.6890625000000001 0.971875 0.6890625000000001
9 0.4640625 0.22031250000000008 0.3984375 0.22031250000000008 0.3984375 0.3234375000000001 0.4640625 0.3234375000000001
43 0.94375 0.45625000000000016 0.875 0.45625000000000016 0.875 0.5656250000000002 0.94375 0.5656250000000002
29 0.4859375 0.45625 0.4203125 0.45625 0.4203125 0.565625 0.4859375 0.565625
31 0.4109375 0.459375 0.3437500000000001 0.459375 0.3437500000000001 0.565625 0.4109375 0.565625
16 0.81875 0.5796875000000001 0.7484375 0.5796875000000001 0.7484375 0.6921875000000002 0.81875 0.6921875000000002
18 0.4359375 0.5796875 0.3687500000000001 0.5796875 0.3687500000000001 0.6921875 0.4359375 0.6921875
4 0.8375 0.2078125000000001 0.76875 0.2078125000000001 0.76875 0.31718750000000007 0.8375 0.31718750000000007
28 0.559375 0.4546875 0.49375 0.4546875 0.49375 0.5640625 0.559375 0.5640625
41 1 0.3281250000000001 0.978125 0.3281250000000001 0.978125 0.43750000000000017 1 0.43750000000000017
19 0.865625 0.45625000000000016 0.796875 0.45625000000000016 0.796875 0.5656250000000002 0.865625 0.5656250000000002
50 0.2828125000000001 0.709375 0.1859375000000001 0.709375 0.1859375000000001 0.821875 0.2828125000000001 0.821875
14 0.3593750000000001 0.7109375 0.2906250000000001 0.7109375 0.2906250000000001 0.8203125 0.3593750000000001 0.8203125
38 0.36406250000000007 0.33906250000000004 0.2953125 0.3390625 0.29531250000000003 0.4453125 0.36406250000000007 0.4453125