12 0.490625 0.16562500000000005 0.4203125 0.16562500000000005 0.4203125 0.2218750000000001 0.490625 0.2218750000000001
41 0.5625000000000002 0.8203125 0.4906250000000002 0.8203125 0.4906250000000002 0.8765625 0.5625000000000002 0.8765625
0 0.65 0.2765625000000001 0.5796875 0.2765625000000001 0.5796875 0.33281250000000007 0.65 0.33281250000000007
53 0.565625 0.4421875 0.496875 0.4421875 0.496875 0.4953125 0.565625 0.4953125
42 0.5640625 0.628125 0.4953125 0.628125 0.4953125 0.6828125 0.5640625 0.6828125
44 0.4000000000000002 0.821875 0.32500000000000007 0.821875 0.32500000000000007 0.9625 0.4000000000000002 0.9625
37 0.4890625 0.2296875000000001 0.41875 0.2296875000000001 0.41875 0.28593750000000007 0.4890625 0.28593750000000007
48 0.65 0.2156250000000001 0.58125 0.2156250000000001 0.58125 0.27031250000000007 0.65 0.27031250000000007
18 0.409375 0.31562500000000004 0.3375 0.315625 0.3375 0.36875 0.409375 0.3687500000000001
8 0.6453125 0.4015625 0.5765625 0.4015625 0.5765625 0.45625 0.6453125 0.45625
9 0.646875 0.3390625000000001 0.578125 0.3390625000000001 0.578125 0.39531250000000007 0.646875 0.39531250000000007
34 0.4078125 0.18750000000000006 0.3390625 0.18750000000000006 0.3390625 0.24375000000000005 0.4078125 0.24375000000000008
55 0.4046875 0.565625 0.33281250000000007 0.565625 0.33281250000000007 0.6203125 0.4046875 0.6203125
47 0.32500000000000007 0.3140625 0.25 0.3140625 0.25000000000000006 0.6890625 0.32500000000000007 0.6890625
22 0.4921875 0.045312500000000054 0.4234375 0.045312500000000054 0.4234375 0.16093750000000004 0.4921875 0.16093750000000004
24 0.4859375 0.5421875 0.4171875 0.5421875 0.4171875 0.5953125 0.4859375 0.5953125
27 0.5671875 0.3812500000000001 0.4984375 0.3812500000000001 0.4984375 0.434375 0.5671875 0.434375
4 0.64375 0.6484375 0.575 0.6484375 0.575 0.703125 0.64375 0.703125
52 0.5609375000000002 0.8859375 0.4906250000000002 0.8859375 0.4906250000000002 0.9609375 0.5609375000000002 0.9609375
49 0.3125000000000001 0.8859375 0.2406250000000001 0.8859375 0.2406250000000001 0.9671875 0.3125000000000001 0.9671875
31 0.4890625 0.29375000000000007 0.41875 0.29375000000000007 0.41875 0.3500000000000001 0.4890625 0.3500000000000001
1 0.6421875000000001 0.840625 0.5734375000000002 0.840625 0.5734375000000002 0.896875 0.6421875000000001 0.896875
28 0.4875 0.41875 0.41875 0.41875 0.41875 0.471875 0.4875 0.471875
59 0.565625 0.503125 0.496875 0.503125 0.496875 0.55625 0.565625 0.55625
13 0.31718750000000007 0.69375 0.2453125000000001 0.69375 0.2453125000000001 0.75 0.31718750000000007 0.75
26 0.5734375 0.04687500000000007 0.5046875 0.04687500000000007 0.5046875 0.12187500000000007 0.5734375 0.1218750000000001
5 0.64375 0.5859375 0.575 0.5859375 0.575 0.6421875 0.64375 0.6421875
11 0.653125 0.1531250000000001 0.584375 0.1531250000000001 0.584375 0.2078125000000001 0.653125 0.2078125000000001
54 0.5703125 0.19218750000000007 0.5015625 0.19218750000000004 0.5015625 0.2484375000000001 0.5703125 0.2484375000000001
35 0.40625 0.4390625 0.3359375000000001 0.4390625 0.3359375000000001 0.4953125 0.40625 0.4953125
45 0.4812500000000002 0.8625 0.4078125000000002 0.8625 0.4078125000000002 0.9609375 0.4812500000000002 0.9609375
10 0.4812500000000002 0.7984375 0.40937500000000016 0.7984375 0.40937500000000016 0.853125 0.4812500000000002 0.853125
3 0.64375 0.7125 0.575 0.7125 0.5750000000000001 0.76875 0.6437500000000002 0.76875
19 0.484375 0.66875 0.4125 0.66875 0.4125 0.725 0.484375 0.725
36 0.56875 0.3187500000000001 0.5 0.3187500000000001 0.5 0.37187500000000007 0.56875 0.37187500000000007
25 0.4859375 0.48125 0.4171875 0.48125 0.4171875 0.534375 0.4859375 0.534375
40 0.409375 0.2515625 0.3390625 0.2515625 0.3390625 0.30625 0.409375 0.3062500000000001
21 0.5640625000000001 0.690625 0.49375 0.690625 0.4937500000000001 0.746875 0.5640625000000001 0.746875
39 0.571875 0.12968750000000007 0.503125 0.12968750000000004 0.503125 0.18437500000000007 0.571875 0.1843750000000001
51 0.565625 0.565625 0.496875 0.565625 0.496875 0.61875 0.565625 0.61875
46 0.4109375 0.10312500000000005 0.3390625 0.10312500000000005 0.3390625 0.17812500000000003 0.4109375 0.17812500000000003
33 0.4078125 0.3765625 0.3359375000000001 0.3765625 0.3359375000000001 0.4328125 0.4078125 0.4328125
15 0.4078125 0.5015625 0.3359375000000001 0.5015625 0.3359375000000001 0.5578125 0.4078125 0.5578125
38 0.56875 0.25468750000000007 0.5 0.25468750000000007 0.5 0.30937500000000007 0.56875 0.30937500000000007
30 0.7265625000000001 5.836207402186606e-17 0.2265625 2.7745904043182222e-17 0.22656250000000006 0.9875 0.7265625000000002 0.9875
16 0.403125 0.628125 0.3312500000000001 0.628125 0.3312500000000001 0.684375 0.403125 0.684375
7 0.64375 0.4640625 0.575 0.4640625 0.575 0.5171875 0.64375 0.5171875
6 0.64375 0.5234375 0.575 0.5234375 0.575 0.578125 0.64375 0.578125
20 0.653125 0.04843750000000007 0.58125 0.048437500000000064 0.58125 0.1453125000000001 0.653125 0.1453125000000001
14 0.325 0.2484375 0.2546875 0.2484375 0.2546875 0.3046875 0.325 0.3046875
58 0.4000000000000002 0.75625 0.3281250000000001 0.75625 0.3281250000000001 0.8125 0.4000000000000002 0.8125
23 0.484375 0.6046875 0.4140625 0.6046875 0.4140625 0.6578125 0.484375 0.6578125
56 0.5640625000000001 0.7546875 0.49218750000000017 0.7546875 0.49218750000000017 0.8125 0.5640625000000001 0.8125
50 0.325 0.16250000000000003 0.2546875 0.16250000000000003 0.2546875 0.240625 0.325 0.240625
29 0.4890625 0.3578125000000001 0.41875 0.3578125000000001 0.41875 0.4109375 0.4890625 0.4109375
2 0.6437500000000002 0.7765625 0.5718750000000001 0.7765625 0.5718750000000001 0.8328125 0.6437500000000002 0.8328125
43 0.4812500000000002 0.7328125 0.4109375000000002 0.7328125 0.4109375000000002 0.7890625 0.4812500000000002 0.7890625
57 0.4015625000000001 0.6921875 0.3296875000000001 0.6921875 0.3296875000000001 0.7484375 0.40156250000000016 0.7484375