9 0.5328125 0.4953125 0.4875 0.4953125 0.4875 0.5296875 0.5328125 0.5296875
59 0.5765625 0.5953125 0.5359375 0.5953125 0.5359375 0.6296875 0.5765625 0.6296875
27 0.5765625 0.5140625 0.5359375 0.5140625 0.5359375 0.5484375 0.5765625 0.5484375
19 0.6218750000000001 0.709375 0.578125 0.709375 0.5781250000000001 0.7453125 0.6218750000000002 0.7453125
16 0.6687500000000001 0.6890625 0.625 0.6890625 0.6250000000000001 0.7265625 0.6687500000000002 0.7265625
6 0.5328125 0.6140625 0.4890625 0.6140625 0.4890625 0.6484375 0.5328125 0.6484375
39 0.5765625 0.3515625000000001 0.5328125 0.3515625000000001 0.5328125 0.38750000000000007 0.5765625 0.38750000000000007
34 0.66875 0.3984375000000001 0.625 0.3984375000000001 0.625 0.4359375 0.66875 0.4359375
2 0.5343750000000002 0.7765625 0.4890625000000002 0.7765625 0.4890625000000002 0.8109375 0.5343750000000002 0.8109375
54 0.578125 0.3921875000000001 0.534375 0.3921875000000001 0.534375 0.4296875 0.578125 0.4296875
58 0.6687500000000002 0.7734375 0.6250000000000002 0.7734375 0.6250000000000002 0.8109375 0.6687500000000002 0.8109375
42 0.5765625 0.6765625 0.5359375 0.6765625 0.5359375 0.7125 0.5765625 0.7125
51 0.575 0.6359375 0.534375 0.6359375 0.534375 0.6703125 0.575 0.6703125
17 0.5312500000000002 0.85625 0.48750000000000016 0.85625 0.48750000000000016 0.890625 0.5312500000000002 0.890625
30 0.7421875000000001 0.09062500000000007 0.4140625 0.09062500000000004 0.4140625000000001 0.928125 0.7421875000000002 0.928125
26 0.621875 0.3375000000000001 0.578125 0.3375000000000001 0.578125 0.3750000000000001 0.621875 0.3750000000000001
1 0.5343750000000002 0.815625 0.4890625000000002 0.815625 0.4890625000000002 0.85 0.5343750000000002 0.85
35 0.66875 0.565625 0.625 0.565625 0.625 0.603125 0.66875 0.603125
13 0.7187500000000002 0.734375 0.6687500000000002 0.734375 0.6687500000000002 0.7703125 0.7187500000000002 0.7703125
57 0.6671875000000002 0.73125 0.6265625000000001 0.73125 0.6265625000000001 0.7671875 0.6671875000000002 0.7671875
7 0.5328125 0.575 0.4890625 0.575 0.4890625 0.609375 0.5328125 0.609375
18 0.66875 0.48125 0.625 0.48125 0.625 0.51875 0.66875 0.51875
20 0.53125 0.2953125000000001 0.490625 0.2953125000000001 0.490625 0.3703125000000001 0.53125 0.3703125000000001
12 0.6234375 0.3781250000000001 0.5796875 0.3781250000000001 0.5796875 0.415625 0.6234375 0.415625
38 0.5765625 0.4328125 0.5359375 0.4328125 0.5359375 0.46875 0.5765625 0.46875
43 0.6218750000000002 0.75 0.5781250000000002 0.75 0.5781250000000002 0.7859375 0.6218750000000002 0.7859375
56 0.5781250000000002 0.7578125 0.5343750000000002 0.7578125 0.5343750000000002 0.79375 0.5781250000000002 0.79375
14 0.71875 0.48125 0.66875 0.48125 0.66875 0.5171875 0.71875 0.5171875
31 0.621875 0.4609375 0.578125 0.4609375 0.578125 0.4984375 0.621875 0.4984375
25 0.621875 0.5859375 0.578125 0.5859375 0.578125 0.621875 0.621875 0.621875
4 0.5328125000000001 0.6953125 0.4875 0.6953125 0.4875000000000001 0.7296875 0.5328125000000001 0.7296875
8 0.534375 0.534375 0.4875 0.534375 0.4875 0.56875 0.534375 0.56875
15 0.66875 0.60625 0.625 0.60625 0.625 0.64375 0.66875 0.64375
29 0.621875 0.503125 0.578125 0.503125 0.578125 0.540625 0.621875 0.540625
44 0.6703125000000002 0.85625 0.6234375000000002 0.85625 0.6234375000000002 0.90625 0.6703125000000002 0.90625
46 0.66875 0.3265625000000001 0.625 0.3265625000000001 0.625 0.3937500000000001 0.66875 0.3937500000000001
41 0.5765625000000002 0.7984375 0.5359375000000002 0.7984375 0.5359375000000002 0.834375 0.5765625000000002 0.834375
53 0.5765625 0.5546875 0.5359375 0.5546875 0.5359375 0.590625 0.5765625 0.590625
45 0.6218750000000002 0.8328125 0.5781250000000002 0.8328125 0.5781250000000002 0.9015625 0.6218750000000002 0.9015625
10 0.6218750000000002 0.7921875 0.5781250000000002 0.7921875 0.5781250000000002 0.828125 0.6218750000000002 0.828125
52 0.5750000000000002 0.8390625 0.5312500000000002 0.8390625 0.5312500000000002 0.8953125 0.5750000000000002 0.8953125
5 0.5328125 0.6546875 0.4875 0.6546875 0.4875 0.6890625 0.5328125 0.6890625
21 0.5765625000000001 0.7171875 0.5359375 0.7171875 0.5359375000000001 0.7515625 0.5765625000000002 0.7515625
48 0.534375 0.415625 0.4875 0.415625 0.4875 0.45 0.534375 0.45
37 0.6234375 0.4203125 0.5796875 0.4203125 0.5796875 0.4578125 0.6234375 0.4578125
11 0.5359375 0.3750000000000001 0.4875 0.3750000000000001 0.4875 0.409375 0.5359375 0.409375
33 0.6703125 0.5234375 0.6234375 0.5234375 0.6234375 0.5609375 0.6703125 0.5609375
28 0.6234375 0.54375 0.5796875 0.54375 0.5796875 0.58125 0.6234375 0.58125
3 0.5343750000000002 0.7359375 0.48750000000000016 0.7359375 0.48750000000000016 0.7703125 0.5343750000000002 0.7703125
49 0.7218750000000002 0.859375 0.6687500000000002 0.859375 0.6687500000000002 0.9140625 0.7218750000000002 0.9140625
40 0.66875 0.440625 0.625 0.440625 0.625 0.4765625 0.66875 0.4765625
24 0.6234375 0.6265625 0.5796875 0.6265625 0.5796875 0.6625 0.6234375 0.6625
47 0.7203125000000001 0.5234375 0.6734375 0.5234375 0.6734375000000001 0.73125 0.7203125000000001 0.73125
23 0.625 0.6671875 0.58125 0.6671875 0.58125 0.7046875 0.625 0.7046875
32 0.6687500000000002 0.81875 0.6250000000000002 0.81875 0.6250000000000002 0.853125 0.6687500000000002 0.853125
36 0.5765625 0.4734375 0.5359375 0.4734375 0.5359375 0.509375 0.5765625 0.509375
22 0.6234375 0.2890625000000001 0.5328125 0.2890625000000001 0.5328125 0.34843750000000007 0.6234375 0.34843750000000007
55 0.66875 0.6484375 0.625 0.6484375 0.625 0.6859375 0.66875 0.6859375
50 0.7203125 0.36406250000000007 0.671875 0.36406250000000007 0.671875 0.4328125 0.7203125 0.4328125
0 0.53125 0.4546875 0.4875 0.4546875 0.4875 0.4890625 0.53125 0.4890625