35 0.465625 0.4984375 0.434375 0.4984375 0.434375 0.5390625 0.465625 0.5390625
45 0.2406250000000001 0.453125 0.18437500000000004 0.453125 0.18437500000000004 0.4921875 0.2406250000000001 0.4921875
53 0.46875 0.4046875 0.440625 0.4046875 0.440625 0.4453125 0.46875 0.4453125
26 0.6515625 0.4515625 0.621875 0.4515625 0.621875 0.4921875 0.6515625 0.4921875
47 0.4984375 0.546875 0.33281250000000007 0.546875 0.33281250000000007 0.5875 0.4984375 0.5875
31 0.55 0.453125 0.5203125 0.453125 0.5203125 0.49375 0.55 0.49375
11 0.6234375 0.3578125000000001 0.5921875 0.3578125000000001 0.5921875 0.3984375000000001 0.6234375 0.3984375000000001
4 0.35156250000000006 0.3546875 0.3203125 0.3546875 0.32031250000000006 0.3953125 0.3515625000000001 0.3953125
12 0.6171875 0.453125 0.5859375 0.453125 0.5859375 0.49375 0.6171875 0.49375
21 0.3343750000000001 0.4015625 0.3046875000000001 0.4015625 0.3046875000000001 0.4453125 0.3343750000000001 0.4453125
19 0.3437500000000001 0.4515625 0.3140625000000001 0.4515625 0.3140625000000001 0.4921875 0.3437500000000001 0.4921875
10 0.2750000000000001 0.453125 0.2453125000000001 0.453125 0.2453125000000001 0.49375 0.2750000000000001 0.49375
34 0.6015625 0.4984375 0.5703125 0.4984375 0.5703125 0.5390625 0.6015625 0.5390625
28 0.4796875 0.45 0.45 0.45 0.45 0.49375 0.4796875 0.49375
9 0.5171875 0.3531250000000001 0.4859375 0.3531250000000001 0.4859375 0.3968750000000001 0.5171875 0.3968750000000001
51 0.403125 0.4015625 0.3734375000000001 0.4015625 0.3734375000000001 0.4453125 0.403125 0.4453125
39 0.6421875 0.4046875 0.6109375 0.4046875 0.6109375 0.4484375 0.6421875 0.4484375
1 0.24843750000000003 0.3578125 0.21875 0.3578125 0.21875000000000006 0.396875 0.2484375000000001 0.396875
58 0.2953125000000001 0.496875 0.2640625000000001 0.496875 0.2640625000000001 0.540625 0.2953125000000001 0.540625
6 0.415625 0.3531250000000001 0.384375 0.3531250000000001 0.384375 0.3937500000000001 0.415625 0.3937500000000001
25 0.4484375 0.4515625 0.4171875 0.4515625 0.4171875 0.4921875 0.4484375 0.4921875
22 0.6953125 0.4046875 0.6453125 0.4046875 0.6453125 0.49375 0.6953125 0.49375
42 0.3703125000000001 0.40625 0.3390625000000001 0.40625 0.3390625000000001 0.446875 0.3703125000000001 0.446875
3 0.31562500000000004 0.35625 0.284375 0.35625 0.28437500000000004 0.396875 0.3156250000000001 0.396875
59 0.4359375 0.4046875 0.4078125 0.4046875 0.4078125 0.4453125 0.4359375 0.4453125
29 0.5140625 0.4515625 0.4828125 0.4515625 0.4828125 0.4921875 0.5140625 0.4921875
32 0.2609375000000001 0.4984375 0.2296875000000001 0.4984375 0.2296875000000001 0.5390625 0.2609375000000001 0.5390625
38 0.571875 0.4 0.5421875 0.4 0.5421875 0.44375 0.571875 0.44375
7 0.45 0.3531250000000001 0.41875 0.3531250000000001 0.41875 0.3968750000000001 0.45 0.3968750000000001
16 0.3625000000000001 0.496875 0.3312500000000001 0.496875 0.3312500000000001 0.540625 0.3625000000000001 0.540625
48 0.5875 0.35625000000000007 0.55625 0.35625000000000007 0.55625 0.3968750000000001 0.5875 0.3968750000000001
41 0.2656250000000001 0.4015625 0.23437500000000008 0.4015625 0.23437500000000008 0.4453125 0.2656250000000001 0.4453125
5 0.38281250000000006 0.35781250000000003 0.353125 0.3578125 0.353125 0.39843750000000006 0.3828125000000001 0.3984375000000001
36 0.5375 0.4046875 0.5078125 0.4046875 0.5078125 0.4453125 0.5375 0.4453125
52 0.2312500000000001 0.4046875 0.18437500000000004 0.4046875 0.18437500000000004 0.44375 0.2312500000000001 0.44375
17 0.21406250000000004 0.35625 0.18281250000000004 0.35625 0.18281250000000004 0.396875 0.2140625000000001 0.396875
56 0.30156250000000007 0.4015625 0.27031250000000007 0.4015625 0.27031250000000007 0.4453125 0.30156250000000007 0.4453125
50 0.628125 0.546875 0.571875 0.546875 0.571875 0.5875 0.628125 0.5875
14 0.534375 0.5484375 0.503125 0.5484375 0.503125 0.5890625 0.534375 0.5890625
20 0.69375 0.3593750000000001 0.628125 0.3593750000000001 0.628125 0.3984375000000001 0.69375 0.3984375000000001
18 0.5328125 0.4984375 0.503125 0.4984375 0.503125 0.5390625 0.5328125 0.5390625
57 0.3296875000000001 0.496875 0.3000000000000001 0.496875 0.3000000000000001 0.540625 0.3296875000000001 0.540625
2 0.2828125 0.35625 0.2515625 0.35625 0.2515625 0.396875 0.2828125000000001 0.396875
40 0.5671875 0.496875 0.5359375 0.496875 0.5359375 0.540625 0.5671875 0.540625
46 0.6609375 0.4984375 0.6046875 0.4984375 0.6046875 0.5421875 0.6609375 0.5421875
44 0.22812500000000008 0.496875 0.18281250000000004 0.496875 0.18281250000000004 0.5375 0.22812500000000008 0.5375
27 0.503125 0.4046875 0.475 0.4046875 0.475 0.4453125 0.503125 0.4453125
30 0.8390625 0.29687500000000006 0.16718750000000004 0.296875 0.16718750000000007 0.6015625000000001 0.8390625 0.6015625000000002
23 0.3781250000000001 0.4515625 0.34843750000000007 0.4515625 0.34843750000000007 0.4921875 0.3781250000000001 0.4921875
55 0.3968750000000001 0.496875 0.3671875000000001 0.496875 0.3671875000000001 0.5375 0.3968750000000001 0.5375
37 0.584375 0.45 0.553125 0.45 0.553125 0.49375 0.584375 0.49375
49 0.22656250000000008 0.546875 0.17968750000000008 0.546875 0.17968750000000008 0.5875 0.22656250000000008 0.5875
0 0.5515625 0.3531250000000001 0.5203125 0.3531250000000001 0.5203125 0.3937500000000001 0.5515625 0.3937500000000001
54 0.60625 0.4046875 0.575 0.4046875 0.575 0.4484375 0.60625 0.4484375
33 0.5 0.4953125 0.46875 0.4953125 0.46875 0.5390625 0.5 0.5390625
13 0.3296875000000001 0.546875 0.3000000000000001 0.546875 0.3000000000000001 0.5875 0.3296875000000001 0.5875
43 0.3109375000000001 0.4515625 0.2796875000000001 0.4515625 0.2796875000000001 0.4921875 0.3109375000000001 0.4921875
8 0.4875 0.35625000000000007 0.45625 0.35625000000000007 0.45625 0.4 0.4875 0.4
15 0.43125 0.496875 0.4 0.496875 0.4 0.540625 0.43125 0.540625
24 0.4109375 0.453125 0.3812500000000001 0.453125 0.3812500000000001 0.49375 0.4109375 0.49375